CODIGO,DISTRITO,DEPARTAMENTO,MUNICIPIO,ESTABLECIMIENTO,DIRECCION,TELEFONO,SUPERVISOR,DIRECTOR,NIVEL,SECTOR,AREA,STATUS,MODALIDAD,JORNADA,PLAN,DEPARTAMENTAL
00-01-0001-42,01-01-0030,CIUDAD CAPITAL,ZONA 1,EODP NO.20 'ANTONIO JOSE DE IRISARRI',19 CALLE 12-71,22324443,NORMA ARACELY PALOMO FRANCO DE DÍAZ,,PARVULOS,OFICIAL,URBANA,ABIERTA,MONOLINGUE,MATUTINA,DIARIO(REGULAR),GUATEMALA NORTE
00-01-0002-42,01-01-0030,CIUDAD CAPITAL,ZONA 1,EODP NO.21  GABRIELA MISTRAL,19 CALLE 12-71,22324443,NORMA ARACELY PALOMO FRANCO DE DÍAZ,LUISA IRENE SERRANO ESCOBAR,PARVULOS,OFICIAL,URBANA,ABIERTA,MONOLINGUE,MATUTINA,DIARIO(REGULAR),GUATEMALA NORTE
00-01-0003-42,01-01-0030,CIUDAD CAPITAL,ZONA 1,EODP NO. 36 LA PRESIDENTA,2A AVE. Y 22 CALLE TERCER NIVEL MERCADO LA PRESIDENTA,55161115,NORMA ARACELY PALOMO FRANCO DE DÍAZ,MANDY YENEDITH HERNÁNDEZ BOBADILLA,PARVULOS,OFICIAL,URBANA,ABIERTA,MONOLINGUE,MATUTINA,DIARIO(REGULAR),GUATEMALA NORTE
00-01-0004-42,01-01-0035,CIUDAD CAPITAL,ZONA 1,EODP NO.30  OTILIA NUÑEZ ARIZA,12 CALLE 15-30,22539326,NORMA ARACELY PALOMO FRANCO DE DÍAZ,ANA ESTELA ORTEGA CIFUENTES,PARVULOS,OFICIAL,URBANA,ABIERTA,MONOLINGUE,MATUTINA,DIARIO(REGULAR),GUATEMALA NORTE
00-01-0005-42,01-01-0035,CIUDAD CAPITAL,ZONA 1,"ESCUELA OFICIAL PARA PARVULOS NO.8 ""OVIDIO DECROLY""",3A CALLE 16-73,22203623,NORMA ARACELY PALOMO FRANCO DE DÍAZ,MARÍA MERCEDES VIÑALS PÉREZ,PARVULOS,OFICIAL,URBANA,ABIERTA,MONOLINGUE,MATUTINA,DIARIO(REGULAR),GUATEMALA NORTE
00-01-0006-42,01-01-0031,CIUDAD CAPITAL,ZONA 1,EODP NO.1 'RAMONA GIL',2A. CALLE 4-28,41106707,LUDIBEL AMARILIS GALICIA DE FLORES,ANA GABRIELA CASTRO PINEDA,PARVULOS,OFICIAL,URBANA,ABIERTA,MONOLINGUE,MATUTINA,DIARIO(REGULAR),GUATEMALA NORTE
00-01-0007-42,01-01-0035,CIUDAD CAPITAL,ZONA 1,EODP NO.38 DEL CENTRO DE BIENESTAR SOCIAL  COLON,7A CALLE 12-67,22518854,NORMA ARACELY PALOMO FRANCO DE DÍAZ,DAMARIS MARISOL IBARRA IBARRA,PARVULOS,OFICIAL,URBANA,ABIERTA,MONOLINGUE,MATUTINA,DIARIO(REGULAR),GUATEMALA NORTE
00-01-0008-42,01-01-0026,CIUDAD CAPITAL,ZONA 1,EODP NO.12 LEONOR CIENFUEGOS,3A CALLE 0-72,22381458,LUDIBEL AMARILIS GALICIA DE FLORES,CLAUDIA PAOLA MORALES MARROQUIN,PARVULOS,OFICIAL,URBANA,ABIERTA,MONOLINGUE,MATUTINA,DIARIO(REGULAR),GUATEMALA NORTE
00-01-0009-42,01-305,CIUDAD CAPITAL,ZONA 1,EODP NO.61 DEL CENTRO DE BIENESTAR SOCIAL NO.1,AVENIDA BOLIVAR 25-00,22323833,CELESTINA  ARLETTY HERNÁNDEZ AGUILAR,,PARVULOS,OFICIAL,URBANA,CERRADA TEMPORALMENTE,MONOLINGUE,MATUTINA,DIARIO(REGULAR),GUATEMALA NORTE
00-01-0010-42,,CIUDAD CAPITAL,ZONA 1,EODP ANEXA A EOUM NO.38 'JOSE MARIA CASTILLA',14 CALLE 12-71,,,,PARVULOS,OFICIAL,URBANA,CERRADA DEFINITIVAMENTE,MONOLINGUE,VESPERTINA,DIARIO(REGULAR),GUATEMALA NORTE
00-01-0011-42,01-01-0048,CIUDAD CAPITAL,ZONA 1,SOCIEDAD PROTECTORA DEL NIÑO 'CASA DEL NIÑO' NO.1,2A AVE. 8-74,22511054,AMADO SALOMON FLORES PEREZ,KIMBERLY ALEJANDRA BARRIENTOS GONZÁLEZ,PARVULOS,PRIVADO,URBANA,ABIERTA,MONOLINGUE,MATUTINA,DIARIO(REGULAR),GUATEMALA NORTE
00-01-0012-42,01-01-0032,CIUDAD CAPITAL,ZONA 1,COLEGIO BILINGUE  MI MELODIA,18 AVE.  A  1-88,23685832,LUDIBEL AMARILIS GALICIA DE FLORES,YUMA DAYLY DIAZ HERRERA,PARVULOS,PRIVADO,URBANA,ABIERTA,MONOLINGUE,MATUTINA,DIARIO(REGULAR),GUATEMALA NORTE
00-01-0013-42,01-318,CIUDAD CAPITAL,ZONA 1,COLEGIO  MI CASITA ENCANTADA,1A CALLE  A  22-59,22607503,SANDRA CAROLINA PÉREZ DONDIEGO DE CHOC,MARÍA ALEJANDRA FUENTES ZELEDÓN,PARVULOS,PRIVADO,URBANA,CERRADA TEMPORALMENTE,MONOLINGUE,MATUTINA,DIARIO(REGULAR),GUATEMALA NORTE
00-01-0014-42,01-01-0044,CIUDAD CAPITAL,ZONA 1,COLEGIO  PARVULITOS GUATEMALA,12 AVENIDA 13-78,22539559,MARIANO DOMINGO ESTRADA TELETOR,MINITA  SAMAYOA DE BARQUIN,PARVULOS,PRIVADO,URBANA,ABIERTA,MONOLINGUE,MATUTINA,DIARIO(REGULAR),GUATEMALA NORTE
00-01-0015-42,,CIUDAD CAPITAL,ZONA 1,JARDIN DE INFANTES BILINGUE 'LOS PICCOLINOS',9A CALLE 0-19,22539195,,,PARVULOS,PRIVADO,URBANA,CERRADA TEMPORALMENTE,MONOLINGUE,MATUTINA,DIARIO(REGULAR),GUATEMALA NORTE
00-01-0016-42,01-312,CIUDAD CAPITAL,ZONA 1,COLEGIO GUATEMALTECO 'MENTES SANAS',11 CALLE 1-56,22326732,AMADO  SALOMON FLORES PEREZ,,PARVULOS,PRIVADO,URBANA,CERRADA DEFINITIVAMENTE,MONOLINGUE,MATUTINA,DIARIO(REGULAR),GUATEMALA NORTE
00-01-0017-42,01-01-0030,CIUDAD CAPITAL,ZONA 1,SOCIEDAD PROTECTORA DEL NIÑO 'CASA DEL NIÑO' NO.3,AVENIDA ELENA 18-23,22327417,NORMA ARACELY PALOMO FRANCO DE DÍAZ,MARÍA GABRIELA SICAJÁ SAPÓN,PARVULOS,PRIVADO,URBANA,ABIERTA,MONOLINGUE,MATUTINA,DIARIO(REGULAR),GUATEMALA NORTE
00-01-0018-42,,CIUDAD CAPITAL,ZONA 1,COLEGIO 'FROEBEL',2A CALLE 7-11,,,,PARVULOS,PRIVADO,URBANA,CERRADA TEMPORALMENTE,MONOLINGUE,MATUTINA,DIARIO(REGULAR),GUATEMALA NORTE
00-01-0019-42,,CIUDAD CAPITAL,ZONA 1,CPUM 'EVEREST',2A AVE. 14-60,22329642,,,PARVULOS,PRIVADO,URBANA,CERRADA TEMPORALMENTE,MONOLINGUE,MATUTINA,DIARIO(REGULAR),GUATEMALA NORTE
00-01-0020-42,01-01-0028,CIUDAD CAPITAL,ZONA 1,"COLEGIO CATÓLICO MIXTO ""EUGENIO PACELLI""",13 CALLE 0-61,32636330,AMADO SALOMON FLORES PEREZ,LIDIA NINNETTE ALVAREZ VILLATORO,PARVULOS,PRIVADO,URBANA,ABIERTA,MONOLINGUE,MATUTINA,DIARIO(REGULAR),GUATEMALA NORTE
00-01-0021-42,01-01-0028,CIUDAD CAPITAL,ZONA 1,COLEGIO CATOLICO  SAN PABLO,14 CALLE 3-34,22323212,AMADO SALOMON FLORES PEREZ,ANA MARÍA PALACIOS APARICIO,PARVULOS,PRIVADO,URBANA,ABIERTA,MONOLINGUE,MATUTINA,DIARIO(REGULAR),GUATEMALA NORTE
00-01-0022-42,,CIUDAD CAPITAL,ZONA 1,'UNIVERSIDAD INFANTIL',8A CALLE 0-62,22541340,,,PARVULOS,PRIVADO,URBANA,CERRADA DEFINITIVAMENTE,MONOLINGUE,MATUTINA,DIARIO(REGULAR),GUATEMALA NORTE
00-01-0023-42,,CIUDAD CAPITAL,ZONA 1,'SNOOPY'S SCHOOL',1A AVE. 'A' 1-70,23349314,,,PARVULOS,PRIVADO,URBANA,CERRADA DEFINITIVAMENTE,MONOLINGUE,MATUTINA,DIARIO(REGULAR),GUATEMALA NORTE
00-01-0024-42,,CIUDAD CAPITAL,ZONA 1,COLEGIO 'AMANECER',6A. AVENIDA 1-63,22201332,,,PARVULOS,PRIVADO,URBANA,CERRADA DEFINITIVAMENTE,MONOLINGUE,MATUTINA,DIARIO(REGULAR),GUATEMALA NORTE
00-01-0025-42,01-312,CIUDAD CAPITAL,ZONA 1,COLEGIO Y JARDIN  HUERTO DE JESUS,18 AVENIDA  C  1-40,22531789,AMADO  SALOMON FLORES PEREZ,VICTORIA ELIZABETH VÁSQUEZ REYES,PARVULOS,PRIVADO,URBANA,CERRADA TEMPORALMENTE,MONOLINGUE,MATUTINA,DIARIO(REGULAR),GUATEMALA NORTE
00-01-0026-42,01-318,CIUDAD CAPITAL,ZONA 1,COLEGIO EVANGELICO DEL PRINCIPE DE PAZ,AVENIDA CENTRO AMERICA 21-13,23826923,SANDRA CAROLINA PÉREZ DONDIEGO DE CHOC,LAURA REBECA DUBÓN CIFUENTES,PARVULOS,PRIVADO,URBANA,CERRADA TEMPORALMENTE,MONOLINGUE,MATUTINA,DIARIO(REGULAR),GUATEMALA NORTE
00-01-0027-42,01-305,CIUDAD CAPITAL,ZONA 1,COLEGIO MIXTO PRIVADO EL DEBER,3A. AVENIDA 'A' 3-42,22328473,CELESTINA  ARLETTY HERNÁNDEZ AGUILAR,,PARVULOS,PRIVADO,URBANA,CERRADA DEFINITIVAMENTE,MONOLINGUE,MATUTINA,DIARIO(REGULAR),GUATEMALA NORTE
00-01-0028-42,01-303,CIUDAD CAPITAL,ZONA 1,COLEGIO MIXTO 'LEONARDO DE VINCI',1A. AV. 4-18,22213612,GLORIA GABRIELA LARIOS GARCÍA,,PARVULOS,PRIVADO,URBANA,CERRADA TEMPORALMENTE,MONOLINGUE,MATUTINA,DIARIO(REGULAR),GUATEMALA NORTE
00-01-0029-42,,CIUDAD CAPITAL,ZONA 1,EPDP ANEXA A 'LICEO MARIANO GALVEZ',2A AVE. 9-82,,,,PARVULOS,PRIVADO,URBANA,CERRADA DEFINITIVAMENTE,MONOLINGUE,MATUTINA,DIARIO(REGULAR),GUATEMALA NORTE
00-01-0030-42,01-318,CIUDAD CAPITAL,ZONA 1,ANEXA A COLEGIO  PARAISO INFANTIL SANTA ALICIA,5A AVE. 2-54,22325804,SANDRA CAROLINA PÉREZ DONDIEGO DE CHOC,OLGA LETICIA OCHOA ALVAREZ,PARVULOS,PRIVADO,URBANA,CERRADA TEMPORALMENTE,MONOLINGUE,MATUTINA,DIARIO(REGULAR),GUATEMALA NORTE
00-01-0031-42,01-01-0035,CIUDAD CAPITAL,ZONA 1,COLEGIO MIXTO  SANTA SOFIA,13 CALLE 10-38,41477208,NORMA ARACELY PALOMO FRANCO DE DÍAZ,ROSA MARÍA GUEVARA DE PAZ,PARVULOS,PRIVADO,URBANA,CERRADA TEMPORALMENTE,MONOLINGUE,MATUTINA,DIARIO(REGULAR),GUATEMALA NORTE
00-01-0032-42,,CIUDAD CAPITAL,ZONA 1,EPDP ANEXA A 'LICEO CANADIENSE',8A CALLE 3-51,22329507,,,PARVULOS,PRIVADO,URBANA,CERRADA TEMPORALMENTE,MONOLINGUE,MATUTINA,DIARIO(REGULAR),GUATEMALA NORTE
00-01-0033-42,,CIUDAD CAPITAL,ZONA 1,EPDP ANEXA A LICEO MIXTO 'MONTREAL',12 AVE. 13-25,22322306,,,PARVULOS,PRIVADO,URBANA,CERRADA DEFINITIVAMENTE,MONOLINGUE,MATUTINA,DIARIO(REGULAR),GUATEMALA NORTE
00-01-0034-42,01-01-0035,CIUDAD CAPITAL,ZONA 1,COLEGIO MIXTO 'JUAN PABLO II',16 AVE. 10-75,22384934,NORMA ARACELY PALOMO FRANCO DE DÍAZ,EVELYN CELESTE VÁSQUEZ GARCÍA,PARVULOS,PRIVADO,URBANA,ABIERTA,MONOLINGUE,MATUTINA,DIARIO(REGULAR),GUATEMALA NORTE
00-01-0035-42,,CIUDAD CAPITAL,ZONA 1,EPDP ANEXA A COLEGIO 'SAN JOSE DE LOS INFANTES',7A AVE. 6-73,22382935,,,PARVULOS,PRIVADO,URBANA,CERRADA DEFINITIVAMENTE,MONOLINGUE,MATUTINA,DIARIO(REGULAR),GUATEMALA NORTE
00-01-0036-42,01-01-0040,CIUDAD CAPITAL,ZONA 1,ANEXA A 'LICEO FRANCES',5A AVE. 9-80,22325538,AMADO SALOMON FLORES PEREZ,BEATRIZ ALEJANDRINA TOLEDO ROCH,PARVULOS,PRIVADO,URBANA,ABIERTA,MONOLINGUE,MATUTINA,DIARIO(REGULAR),GUATEMALA NORTE
00-01-0037-42,01-01-0032,CIUDAD CAPITAL,ZONA 1,ANEXA A COLEGIO  JUAN XXIII,1A CALLE 9-71,22542016,LUDIBEL AMARILIS GALICIA DE FLORES,MARÍA AMELIA PERÉN BOC,PARVULOS,PRIVADO,URBANA,ABIERTA,MONOLINGUE,MATUTINA,DIARIO(REGULAR),GUATEMALA NORTE
00-01-0038-42,01-316,CIUDAD CAPITAL,ZONA 1,EPDP ANEXA A COLEGIO 'SANTA MARGARITA',8A CALLE 0-22,22539944,LILIAN YOLANDA RODRIGUEZ PINTO DE CASTRO,,PARVULOS,PRIVADO,URBANA,CERRADA TEMPORALMENTE,MONOLINGUE,MATUTINA,DIARIO(REGULAR),GUATEMALA NORTE
00-01-0039-42,,CIUDAD CAPITAL,ZONA 1,EPDP ANEXA A COLEGIO 'ERMITA',18 AVE. 'A' 1-41,22536479,,,PARVULOS,PRIVADO,URBANA,CERRADA TEMPORALMENTE,MONOLINGUE,MATUTINA,DIARIO(REGULAR),GUATEMALA NORTE
00-01-0040-42,,CIUDAD CAPITAL,ZONA 1,EPDP ANEXA A 'LICEO CHAPERO',2A CALLE 3-09,22380888,,,PARVULOS,PRIVADO,URBANA,CERRADA DEFINITIVAMENTE,MONOLINGUE,MATUTINA,DIARIO(REGULAR),GUATEMALA NORTE
00-01-0041-42,01-01-0044,CIUDAD CAPITAL,ZONA 1,COLEGIO BELGA GUATEMALTECO,9A CALLE 10-38,23148300,MARIANO DOMINGO ESTRADA TELETOR,MARÍA ESTHER SALAZAR HURTARTE,PARVULOS,PRIVADO,URBANA,ABIERTA,MONOLINGUE,MATUTINA,DIARIO(REGULAR),GUATEMALA NORTE
00-01-0042-42,,CIUDAD CAPITAL,ZONA 1,EPDP ANEXA A COLEGIO EVANGELICO 'EL MAESTRO',17 AVE. 1-58,22531661,,,PARVULOS,PRIVADO,URBANA,CERRADA TEMPORALMENTE,MONOLINGUE,MATUTINA,DIARIO(REGULAR),GUATEMALA NORTE
00-01-0043-42,01-01-0035,CIUDAD CAPITAL,ZONA 1,CENTRO EDUCACIONAL MIXTO PRIVADO  KINGSTON,8A CALLE 12-46,22320683,NORMA ARACELY PALOMO FRANCO DE DÍAZ,PATRICIA LORENA LIDIA GIDI DAVID,PARVULOS,PRIVADO,URBANA,ABIERTA,MONOLINGUE,MATUTINA,DIARIO(REGULAR),GUATEMALA NORTE
00-01-0044-42,01-01-0032,CIUDAD CAPITAL,ZONA 1,LICEO CRISTIANO  CANTARES,12 AVENIDA  C  3-03,22211142,LUDIBEL AMARILIS GALICIA DE FLORES,BLANCA ROSA MÉNDEZ ROSALES,PARVULOS,PRIVADO,URBANA,ABIERTA,MONOLINGUE,MATUTINA,DIARIO(REGULAR),GUATEMALA NORTE
00-01-0045-42,,CIUDAD CAPITAL,ZONA 1,EPDP ANEXA A COLEGIO 'STELLA MATUTINA',9A CALLE 2-55,22329816,,,PARVULOS,PRIVADO,URBANA,CERRADA TEMPORALMENTE,MONOLINGUE,MATUTINA,DIARIO(REGULAR),GUATEMALA NORTE
00-01-0046-42,,CIUDAD CAPITAL,ZONA 1,EPDP ANEXA A COLEGIO PARROQUIAL DEL CALVARIO MONSEÑOR 'MATEO PERRONE',6A AVE. 18-23,22322912,,,PARVULOS,PRIVADO,URBANA,CERRADA DEFINITIVAMENTE,MONOLINGUE,MATUTINA,DIARIO(REGULAR),GUATEMALA NORTE
00-01-0047-42,01-01-0032,CIUDAD CAPITAL,ZONA 1,ANEXA A COLEGIO 'SAN JERONIMO EMILIANI',14 AVE. 1-72,22301968,LUDIBEL AMARILIS GALICIA DE FLORES,MIRIAM MAGDALENA MENDOZA GUZMÁN,PARVULOS,PRIVADO,URBANA,ABIERTA,MONOLINGUE,MATUTINA,DIARIO(REGULAR),GUATEMALA NORTE
00-01-0048-42,01-317,CIUDAD CAPITAL,ZONA 1,"COLEGIO DE SEÑORITAS  ""EL SAGRADO CORAZON """,13 CALLE 9-60,24237900,MARIANO DOMINGO ESTRADA TELETOR,NINOSHKA VINET SÁNCHEZ ORTÍZ,PARVULOS,PRIVADO,URBANA,CERRADA TEMPORALMENTE,MONOLINGUE,MATUTINA,DIARIO(REGULAR),GUATEMALA NORTE
00-01-0049-42,01-01-0035,CIUDAD CAPITAL,ZONA 1,ANEXA A COLEGIO  EL CAMINO,10A CALLE 11-46,22511273,NORMA ARACELY PALOMO FRANCO DE DÍAZ,STEFANY DEL ROSARIO BRENNER CORZO,PARVULOS,PRIVADO,URBANA,ABIERTA,MONOLINGUE,MATUTINA,DIARIO(REGULAR),GUATEMALA NORTE
00-01-0050-42,,CIUDAD CAPITAL,ZONA 1,EPDP ANEXA A COLEGIO INFANTIL 'TOM SAWYER',1A AVE. 6-26,22519331,,,PARVULOS,PRIVADO,URBANA,CERRADA DEFINITIVAMENTE,MONOLINGUE,MATUTINA,DIARIO(REGULAR),GUATEMALA NORTE
00-01-0051-42,,CIUDAD CAPITAL,ZONA 1,EPDP ANEXA A COLEGIO SUIZO 'YOLANDA VON KAENEL DE ARGUETA',12 AVE. 14-29,22514679,,,PARVULOS,PRIVADO,URBANA,CERRADA DEFINITIVAMENTE,MONOLINGUE,MATUTINA,DIARIO(REGULAR),GUATEMALA NORTE
00-01-0052-42,01-310,CIUDAD CAPITAL,ZONA 1,COLEGIO MIXTO NAZARETH,11 AVENIDA 5-67,22302514,EDDY FRANCISCO RAMÍREZ MORALES,ANA CAROLINA MATA LOPEZ,PARVULOS,PRIVADO,URBANA,CERRADA TEMPORALMENTE,MONOLINGUE,MATUTINA,DIARIO(REGULAR),GUATEMALA NORTE
00-01-0053-42,01-01-0030,CIUDAD CAPITAL,ZONA 1,CENTRO EDUCATIVO FE Y ALEGRIA NO. 1,14 AVE. 19-57,22534697,NORMA ARACELY PALOMO FRANCO DE DÍAZ,NORA ELIZABETH GONZÁLEZ GARCÍA,PARVULOS,PRIVADO,URBANA,ABIERTA,MONOLINGUE,MATUTINA,DIARIO(REGULAR),GUATEMALA NORTE
00-01-0054-42,01-01-0032,CIUDAD CAPITAL,ZONA 1,EPDP ANEXA A COLEGIO  LOYOLA,12 AVENIDA 3-69,22044800,LUDIBEL AMARILIS GALICIA DE FLORES,EMMA NELY CARBONELL MARTÍNEZ,PARVULOS,PRIVADO,URBANA,ABIERTA,MONOLINGUE,MATUTINA,DIARIO(REGULAR),GUATEMALA NORTE
00-01-0055-42,01-303,CIUDAD CAPITAL,ZONA 1,EPDP ANEXA A COLEGIO MIXTO  PADRE BETANZOS,10A CALLE 12-90,22384283,GLORIA GABRIELA LARIOS GARCÍA,EMILCEN LISSETTE NICOLAS OLIVA,PARVULOS,PRIVADO,URBANA,CERRADA TEMPORALMENTE,MONOLINGUE,MATUTINA,DIARIO(REGULAR),GUATEMALA NORTE
00-01-0056-42,01-316,CIUDAD CAPITAL,ZONA 1,COLEGIO MIXTO 'LA ALEGRIA',2A. AV. 25-10,22539155,LILIAN YOLANDA RODRIGUEZ PINTO DE CASTRO,,PARVULOS,PRIVADO,URBANA,CERRADA TEMPORALMENTE,MONOLINGUE,MATUTINA,DIARIO(REGULAR),GUATEMALA NORTE
00-01-0057-43,,CIUDAD CAPITAL,ZONA 1,EOUV 'SIMON BOLIVAR',13 CALLE A 3-45,22206956,,,PRIMARIA,OFICIAL,URBANA,CERRADA DEFINITIVAMENTE,MONOLINGUE,NOCTURNA,DIARIO(REGULAR),GUATEMALA NORTE
00-01-0058-43,01-01-0044,CIUDAD CAPITAL,ZONA 1,ESCUELA DE NIÑOS NO.3 CAYETANO FRANCOS Y MONROY,15 CALLE 11-12,22514261,MARIANO DOMINGO ESTRADA TELETOR,KARIN ALEJANDRINA RODRIGUEZ CHILEL,PRIMARIA,OFICIAL,URBANA,ABIERTA,MONOLINGUE,MATUTINA,DIARIO(REGULAR),GUATEMALA NORTE
00-01-0059-43,01-01-0030,CIUDAD CAPITAL,ZONA 1,"EOUV NO.27 ""REPUBLICA DE BRASIL""","3A . AVENIDA ""C""  24-01,",22519812,NORMA ARACELY PALOMO FRANCO DE DÍAZ,WERNER MAURICIO SALAZAR DAVILA,PRIMARIA,OFICIAL,URBANA,ABIERTA,MONOLINGUE,VESPERTINA,DIARIO(REGULAR),GUATEMALA NORTE
00-01-0060-43,,CIUDAD CAPITAL,ZONA 1,EOUV 'RAFAEL AYAU',3 AV. 1-46,22320963,,,PRIMARIA,OFICIAL,URBANA,CERRADA DEFINITIVAMENTE,MONOLINGUE,VESPERTINA,DIARIO(REGULAR),GUATEMALA NORTE
00-01-0061-43,01-101,CIUDAD CAPITAL,ZONA 1,EOUV NO.17 REPUBLICA DE PANAMA,9A CALLE 3-19,,YENI XIOMARA CRÚZ SARCEÑO,,PRIMARIA,OFICIAL,URBANA,CERRADA TEMPORALMENTE,MONOLINGUE,MATUTINA,DIARIO(REGULAR),GUATEMALA NORTE
00-01-0062-43,,CIUDAD CAPITAL,ZONA 1,EOUV NO.12 'SERAPIO CRUZ',5A CALLE 10-23,22320295,,,PRIMARIA,OFICIAL,URBANA,CERRADA DEFINITIVAMENTE,MONOLINGUE,MATUTINA,DIARIO(REGULAR),GUATEMALA NORTE
00-01-0063-43,01-01-0030,CIUDAD CAPITAL,ZONA 1,"EOUV NO.2 ""REPUBLICA DE COSTA RICA""",14 CALLE 14-70,22203459,NORMA ARACELY PALOMO FRANCO DE DÍAZ,INGRID NOHEMI AGUILAR MARTÍNEZ,PRIMARIA,OFICIAL,URBANA,ABIERTA,MONOLINGUE,MATUTINA,DIARIO(REGULAR),GUATEMALA NORTE
00-01-0064-43,01-01-0035,CIUDAD CAPITAL,ZONA 1,"EOUV NO.9  ""LUCAS TOMAS COJULUN""",13 AVENIDA 4-78,22511678,NORMA ARACELY PALOMO FRANCO DE DÍAZ,CLAUDÍA MÓNICA GAITÁN RODRÍGUEZ,PRIMARIA,OFICIAL,URBANA,ABIERTA,MONOLINGUE,VESPERTINA,DIARIO(REGULAR),GUATEMALA NORTE
00-01-0065-43,01-01-0044,CIUDAD CAPITAL,ZONA 1,ESCUELA OFICIAL NO. 35 'JOSE CECILIO DEL VALLE',15 CALLE 11-12,41135667,MARIANO DOMINGO ESTRADA TELETOR,ANA ESPERANZA DE LEÓN SEM,PRIMARIA,OFICIAL,URBANA,ABIERTA,MONOLINGUE,VESPERTINA,DIARIO(REGULAR),GUATEMALA NORTE
00-01-0066-43,01-01-0035,CIUDAD CAPITAL,ZONA 1,"ESCUELA OFICIAL PARA NIÑAS NO .45 ""RAFAEL AYAU""",14 AVENIDA 3-37,22532454,NORMA ARACELY PALOMO FRANCO DE DÍAZ,MAYRA GUISELA AGUILAR DÁVILA,PRIMARIA,OFICIAL,URBANA,ABIERTA,MONOLINGUE,MATUTINA,DIARIO(REGULAR),GUATEMALA NORTE
00-01-0067-43,01-01-0035,CIUDAD CAPITAL,ZONA 1,EOUN NO.5 MIGUEL GARCIA GRANADOS,13 AVENIDA 4-78,22538664,NORMA ARACELY PALOMO FRANCO DE DÍAZ,ALMA LIZETH RODRIGUEZ ARRIOLA,PRIMARIA,OFICIAL,URBANA,ABIERTA,MONOLINGUE,MATUTINA,DIARIO(REGULAR),GUATEMALA NORTE
00-01-0068-43,,CIUDAD CAPITAL,ZONA 1,EOUN NO.27 'REPUBLICA DE VENEZUELA',12 CALLE 18-09 ZONA 21 NIMAJUYU,,,,PRIMARIA,OFICIAL,URBANA,CERRADA DEFINITIVAMENTE,MONOLINGUE,MATUTINA,DIARIO(REGULAR),GUATEMALA NORTE
00-01-0069-43,,CIUDAD CAPITAL,ZONA 1,EOUN NO.19 'VICENTE RIVAS',23 CALLE 1-42,22533566,,,PRIMARIA,OFICIAL,URBANA,CERRADA DEFINITIVAMENTE,MONOLINGUE,MATUTINA,DIARIO(REGULAR),GUATEMALA NORTE
00-01-0070-43,01-01-0044,CIUDAD CAPITAL,ZONA 1,ESCUELA DE NIÑAS NO. 10 'MANUEL CABRAL',14 CALLE 12-71,22214890,MARIANO DOMINGO ESTRADA TELETOR,OLGA MARINA QUEVEDO,PRIMARIA,OFICIAL,URBANA,ABIERTA,MONOLINGUE,MATUTINA,DIARIO(REGULAR),GUATEMALA NORTE
00-01-0071-43,01-01-0044,CIUDAD CAPITAL,ZONA 1,"EOUN NO.67  ""APLICACION DE BELEN""",13 CALLE 10-59,52725065,MARIANO DOMINGO ESTRADA TELETOR,DORA ANDREA RODRÍGUEZ RODAS,PRIMARIA,OFICIAL,URBANA,ABIERTA,MONOLINGUE,MATUTINA,DIARIO(REGULAR),GUATEMALA NORTE
00-01-0072-43,01-01-0044,CIUDAD CAPITAL,ZONA 1,EOUN NO.3 DOLORES BEDOYA DE MOLINA,7A. AVENIDA 13-73,22329943,MARIANO DOMINGO ESTRADA TELETOR,FLORIDALMA NINETH AGUIRRE AGUIRRE,PRIMARIA,OFICIAL,URBANA,ABIERTA,MONOLINGUE,MATUTINA,DIARIO(REGULAR),GUATEMALA NORTE
00-01-0073-43,,CIUDAD CAPITAL,ZONA 1,EOUN NO.15 'REPUBLICA DE CUBA',14 CALLE 'B' 5-36 ZONA 1,22382059,,,PRIMARIA,OFICIAL,URBANA,CERRADA DEFINITIVAMENTE,MONOLINGUE,MATUTINA,DIARIO(REGULAR),GUATEMALA NORTE
00-01-0074-43,01-01-0028,CIUDAD CAPITAL,ZONA 1,EOUM NO.82 'DR. CARLOS MONZON MALICE',"AVE. ELENA Y 12 CALLE, DEPTO. DE PEDIATRIA HOSPITAL GENERAL",22539989,AMADO SALOMON FLORES PEREZ,FLOR DE MARÍA GAITÁN CONTRERAS,PRIMARIA,OFICIAL,URBANA,ABIERTA,MONOLINGUE,MATUTINA,DIARIO(REGULAR),GUATEMALA NORTE
00-01-0075-43,01-01-0030,CIUDAD CAPITAL,ZONA 1,"EOUM NO.72 ""GUATEMALTECOS SOMOS""",3A. AV. C 24-24,22511471,NORMA ARACELY PALOMO FRANCO DE DÍAZ,CLAUDIA LORENA JIMÉNEZ LÓPEZ,PRIMARIA,OFICIAL,URBANA,ABIERTA,MONOLINGUE,MATUTINA,DIARIO(REGULAR),GUATEMALA NORTE
00-01-0076-43,01-312,CIUDAD CAPITAL,ZONA 1,EOUN NO.11 JOSE MARIANO GONZALEZ,14 CALLE 14-70,,AMADO  SALOMON FLORES PEREZ,,PRIMARIA,OFICIAL,URBANA,CERRADA TEMPORALMENTE,MONOLINGUE,MATUTINA,DIARIO(REGULAR),GUATEMALA NORTE
00-01-0077-43,,CIUDAD CAPITAL,ZONA 1,EOUM NO.42 'AGUSTIN MENCOS FRANCO',9A CALLE 3-19,,,,PRIMARIA,OFICIAL,URBANA,CERRADA DEFINITIVAMENTE,MONOLINGUE,VESPERTINA,DIARIO(REGULAR),GUATEMALA NORTE
00-01-0078-43,01-01-0030,CIUDAD CAPITAL,ZONA 1,EOUM NO.136 'MERCADO SUR' NO.2,6A AVE. 19-14,42171495,NORMA ARACELY PALOMO FRANCO DE DÍAZ,MYRA ARACELY BAUTISTA GARCÍA,PRIMARIA,OFICIAL,URBANA,ABIERTA,MONOLINGUE,MATUTINA,DIARIO(REGULAR),GUATEMALA NORTE
00-01-0079-43,01-01-0040,CIUDAD CAPITAL,ZONA 1,"EOUM LABORATORIO NO. 2 ""GRUPO ESCOLAR CENTROAMERICANO NIÑOS DE LA ESPERANZA""",10A CALLE 2-37,22323589,AMADO SALOMON FLORES PEREZ,CLAUDIA EUGENIA GARCÍA MANCHAMÉ,PRIMARIA,OFICIAL,URBANA,ABIERTA,MONOLINGUE,MATUTINA,DIARIO(REGULAR),GUATEMALA NORTE
00-01-0080-43,01-01-0028,CIUDAD CAPITAL,ZONA 1,EOUM CENTRO DE RECUPERACION DE LISIADOS FISICOS,13 CALLE 0-18,42126964,AMADO SALOMON FLORES PEREZ,VIRGINIA LILY VELASQUEZ RODRIGUEZ DE PARADA,PRIMARIA,OFICIAL,URBANA,ABIERTA,MONOLINGUE,MATUTINA,DIARIO(REGULAR),GUATEMALA NORTE
00-01-0081-43,,CIUDAD CAPITAL,ZONA 1,EOUM NO.34 '20 DE OCTUBRE',11 CALLE 11-37,,,,PRIMARIA,OFICIAL,URBANA,CERRADA DEFINITIVAMENTE,MONOLINGUE,VESPERTINA,DIARIO(REGULAR),GUATEMALA NORTE
00-01-0082-43,01-01-0030,CIUDAD CAPITAL,ZONA 1,EOUM NO.18 'JOSE VENANCIO LOPEZ',6AV. 19-14,55263058,NORMA ARACELY PALOMO FRANCO DE DÍAZ,JUAN CARLOS RAMÍREZ CRUZ,PRIMARIA,OFICIAL,URBANA,ABIERTA,MONOLINGUE,VESPERTINA,DIARIO(REGULAR),GUATEMALA NORTE
00-01-0083-43,,CIUDAD CAPITAL,ZONA 1,EOUM 'REPUBLICA DE HONDURAS',"3A CALLE 1-33 (SE TRASLADO A COMPLEJO PARA LA PAZ, INCA)",,,,PRIMARIA,OFICIAL,URBANA,CERRADA DEFINITIVAMENTE,MONOLINGUE,VESPERTINA,DIARIO(REGULAR),GUATEMALA NORTE
00-01-0084-43,,CIUDAD CAPITAL,ZONA 1,EOUM HOGAR TEMPORAL 'RAFAEL AYAU',4A AVE. 15-64,22321741,,,PRIMARIA,OFICIAL,URBANA,CERRADA DEFINITIVAMENTE,MONOLINGUE,MATUTINA,DIARIO(REGULAR),GUATEMALA NORTE
00-01-0085-43,01-01-0044,CIUDAD CAPITAL,ZONA 1,EOUM NO.6 JORGE WASHINGTON,7A AVE. 13-73,22531531,MARIANO DOMINGO ESTRADA TELETOR,ROSA ELUVIA GARCÍA MELÉNDEZ,PRIMARIA,OFICIAL,URBANA,ABIERTA,MONOLINGUE,VESPERTINA,DIARIO(REGULAR),GUATEMALA NORTE
00-01-0086-43,,CIUDAD CAPITAL,ZONA 1,EOUM 'JOSE FARFAN',3A CALLE 1-33,,,,PRIMARIA,OFICIAL,URBANA,CERRADA DEFINITIVAMENTE,MONOLINGUE,MATUTINA,DIARIO(REGULAR),GUATEMALA NORTE
00-01-0087-43,01-01-0026,CIUDAD CAPITAL,ZONA 1,EOUM COMPLEJO ESCOLAR PARA LA PAZ,3A. AVE 1-46,22201194,LUDIBEL AMARILIS GALICIA DE FLORES,MARÍA MAGDALENA COYOY Y COYOY,PRIMARIA,OFICIAL,URBANA,ABIERTA,MONOLINGUE,VESPERTINA,DIARIO(REGULAR),GUATEMALA NORTE
00-01-0088-43,,CIUDAD CAPITAL,ZONA 1,EOUM NO.80 'ANGELINA ACUÑA',5A CALLE 10-23,22320095,,,PRIMARIA,OFICIAL,URBANA,CERRADA DEFINITIVAMENTE,MONOLINGUE,VESPERTINA,DIARIO(REGULAR),GUATEMALA NORTE
00-01-0089-43,01-01-0044,CIUDAD CAPITAL,ZONA 1,EOUM NO.38 'JOSE MARIA CASTILLA',14 CALLE 12-71,22214890,MARIANO DOMINGO ESTRADA TELETOR,ROSA MARÍA GUEVARA DE PAZ,PRIMARIA,OFICIAL,URBANA,ABIERTA,MONOLINGUE,VESPERTINA,DIARIO(REGULAR),GUATEMALA NORTE
00-01-0090-43,01-01-0040,CIUDAD CAPITAL,ZONA 1,ESCUELA OFICIAL URBANA MIXTA GRUPO ESCOLAR CENTROAMERICANO,10A CALLE 2-37,58760767,AMADO SALOMON FLORES PEREZ,DORA RUTILIA SOTO TORRES,PRIMARIA,OFICIAL,URBANA,ABIERTA,MONOLINGUE,VESPERTINA,DIARIO(REGULAR),GUATEMALA NORTE
00-01-0091-43,01-01-0044,CIUDAD CAPITAL,ZONA 1,EOUM NO.51  NACIONES UNIDAS,13 CALLE 10-59,55299495,MARIANO DOMINGO ESTRADA TELETOR,JUANA VICTORIA RODRÍGUEZ ZEA,PRIMARIA,OFICIAL,URBANA,ABIERTA,MONOLINGUE,VESPERTINA,DIARIO(REGULAR),GUATEMALA NORTE
00-01-0092-43,01-01-0030,CIUDAD CAPITAL,ZONA 1,"COLEGIO  SALESIANO ""DON BOSCO""",26 CALLE 2-46 GUATEMALA,22465117,NORMA ARACELY PALOMO FRANCO DE DÍAZ,JÉSSICA BHETZABÉ URETA DE LEÓN,PRIMARIA,PRIVADO,URBANA,ABIERTA,MONOLINGUE,MATUTINA,DIARIO(REGULAR),GUATEMALA NORTE
00-01-0093-43,,CIUDAD CAPITAL,ZONA 1,COLEGIO 'SAN JOSE DE LOS INFANTES',7A AVE. 6-73,22382935,,,PRIMARIA,PRIVADO,URBANA,CERRADA DEFINITIVAMENTE,MONOLINGUE,MATUTINA,DIARIO(REGULAR),GUATEMALA NORTE
00-01-0094-43,01-01-0031,CIUDAD CAPITAL,ZONA 1,COLEGIO PARA VARONES SAN SEBASTIAN,2A CALLE 6-56,22100000,LUDIBEL AMARILIS GALICIA DE FLORES,CARMEN FABIOLA FLORES CAHUEQUE,PRIMARIA,PRIVADO,URBANA,ABIERTA,MONOLINGUE,MATUTINA,DIARIO(REGULAR),GUATEMALA NORTE
00-01-0095-43,,CIUDAD CAPITAL,ZONA 1,EPUV COLEGIO PARROQUIAL DEL CALVARIO 'MATEO PERRONE',6A AVE. 18-23,22322912,,,PRIMARIA,PRIVADO,URBANA,CERRADA TEMPORALMENTE,MONOLINGUE,MATUTINA,DIARIO(REGULAR),GUATEMALA NORTE
00-01-0096-43,01-317,CIUDAD CAPITAL,ZONA 1,"COLEGIO DE SEÑORITAS "" EL SAGRADO CORAZON""",9A AVE. 13-57,24237900,MARIANO DOMINGO ESTRADA TELETOR,ANA KARINA DEL ROSARIO ROBLES PINTO,PRIMARIA,PRIVADO,URBANA,CERRADA TEMPORALMENTE,MONOLINGUE,MATUTINA,DIARIO(REGULAR),GUATEMALA NORTE
00-01-0097-43,01-01-0028,CIUDAD CAPITAL,ZONA 1,"COLEGIO CATÓLICO MIXTO ""EUGENIO PACELLI""",13 CALLE 0-61,32636330,AMADO SALOMON FLORES PEREZ,FREDY AMILCAR CRUZ,PRIMARIA,PRIVADO,URBANA,ABIERTA,MONOLINGUE,MATUTINA,DIARIO(REGULAR),GUATEMALA NORTE
00-01-0098-43,01-01-0032,CIUDAD CAPITAL,ZONA 1,EPUN COLEGIO  JUAN XXIII,1A CALLE 9-71,22542016,LUDIBEL AMARILIS GALICIA DE FLORES,MARÍA AMELIA PERÉN BOC,PRIMARIA,PRIVADO,URBANA,ABIERTA,MONOLINGUE,MATUTINA,DIARIO(REGULAR),GUATEMALA NORTE
00-01-0099-43,,CIUDAD CAPITAL,ZONA 1,EPUN INSTITUTO INDIGENA 'NUESTRA SEÑORA DEL SOCORRO',5A CALLE 3-61,22320849,,,PRIMARIA,PRIVADO,URBANA,CERRADA DEFINITIVAMENTE,MONOLINGUE,MATUTINA,DIARIO(REGULAR),GUATEMALA NORTE
00-01-0100-43,01-01-0040,CIUDAD CAPITAL,ZONA 1,EPUN 'LICEO FRANCES',5A AVE. 9-80,22325538,AMADO SALOMON FLORES PEREZ,ANA MARIA ESTRADA RAMIREZ,PRIMARIA,PRIVADO,URBANA,ABIERTA,MONOLINGUE,MATUTINA,DIARIO(REGULAR),GUATEMALA NORTE
00-01-0101-43,01-01-0044,CIUDAD CAPITAL,ZONA 1,COLEGIO  BELGA GUATEMALTECO,9A CALLE 10-38,23148300,MARIANO DOMINGO ESTRADA TELETOR,ANNELISSE  DE LA TORRE GARCÍA,PRIMARIA,PRIVADO,URBANA,ABIERTA,MONOLINGUE,MATUTINA,DIARIO(REGULAR),GUATEMALA NORTE
00-01-0102-43,01-316,CIUDAD CAPITAL,ZONA 1,COLEGIO 'SANTA MARGARITA',8A CALLE 0-41,22539944,LILIAN YOLANDA RODRIGUEZ PINTO DE CASTRO,,PRIMARIA,PRIVADO,URBANA,CERRADA TEMPORALMENTE,MONOLINGUE,MATUTINA,DIARIO(REGULAR),GUATEMALA NORTE
00-01-0103-43,01-310,CIUDAD CAPITAL,ZONA 1,COLEGIO MIXTO NAZARETH,11 AVENIDA 5-67,22302514,EDDY FRANCISCO RAMÍREZ MORALES,LEYLA MARIELA CABRERA GONZALEZ,PRIMARIA,PRIVADO,URBANA,CERRADA TEMPORALMENTE,MONOLINGUE,MATUTINA,DIARIO(REGULAR),GUATEMALA NORTE
00-01-0104-43,,CIUDAD CAPITAL,ZONA 1,COLEGIO 'ERMITA',18 AVE. 'A' 1-41,22536479,,,PRIMARIA,PRIVADO,URBANA,CERRADA TEMPORALMENTE,MONOLINGUE,MATUTINA,DIARIO(REGULAR),GUATEMALA NORTE
00-01-0105-43,01-01-0030,CIUDAD CAPITAL,ZONA 1,CENTRO EDUCATIVO FE Y ALEGRIA NO.1,14 AVE. 19-57,22534697,NORMA ARACELY PALOMO FRANCO DE DÍAZ,NORA ELIZABETH GONZÁLEZ GARCÍA,PRIMARIA,PRIVADO,URBANA,ABIERTA,MONOLINGUE,MATUTINA,DIARIO(REGULAR),GUATEMALA NORTE
00-01-0106-43,01-305,CIUDAD CAPITAL,ZONA 1,COLEGIO MIXTO PRIVADO EL DEBER,3A AVENIDA 'A' 3-42,22328473,CELESTINA  ARLETTY HERNÁNDEZ AGUILAR,,PRIMARIA,PRIVADO,URBANA,CERRADA DEFINITIVAMENTE,MONOLINGUE,MATUTINA,DIARIO(REGULAR),GUATEMALA NORTE
00-01-0107-43,,CIUDAD CAPITAL,ZONA 1,'LICEO CHAPERO',2A CALLE 3-09,22537837,,,PRIMARIA,PRIVADO,URBANA,CERRADA DEFINITIVAMENTE,MONOLINGUE,MATUTINA,DIARIO(REGULAR),GUATEMALA NORTE
00-01-0108-43,01-316,CIUDAD CAPITAL,ZONA 1,COLEGIO 'SANTA ALICIA',5A. AVENIDA 2-54,22325804 22329748,LILIAN YOLANDA RODRIGUEZ PINTO DE CASTRO,,PRIMARIA,PRIVADO,URBANA,CERRADA TEMPORALMENTE,MONOLINGUE,MATUTINA,DIARIO(REGULAR),GUATEMALA NORTE
00-01-0109-43,01-01-0035,CIUDAD CAPITAL,ZONA 1,CENTRO EDUCACIONAL MIXTO PRIVADO  KINGSTON,8A CALLE. 12-46,22320683,NORMA ARACELY PALOMO FRANCO DE DÍAZ,PATRICIA LORENA LIDIA GIDI DAVID,PRIMARIA,PRIVADO,URBANA,ABIERTA,MONOLINGUE,MATUTINA,DIARIO(REGULAR),GUATEMALA NORTE
00-01-0110-43,01-317,CIUDAD CAPITAL,ZONA 1,"INSTITUTO PARTICULAR MIXTO ""JOSÉ MARTÍ""",8A CALLE 12-41,22539053,MARIANO DOMINGO ESTRADA TELETOR,REGINA CORALIA GARCÍA CONTRERAS,PRIMARIA,PRIVADO,URBANA,CERRADA TEMPORALMENTE,MONOLINGUE,MATUTINA,DIARIO(REGULAR),GUATEMALA NORTE
00-01-0111-43,,CIUDAD CAPITAL,ZONA 1,COLEGIO 'JEFFERSON',8A AVE. 4-46,22534802,,,PRIMARIA,PRIVADO,URBANA,CERRADA TEMPORALMENTE,MONOLINGUE,MATUTINA,DIARIO(REGULAR),GUATEMALA NORTE
00-01-0112-43,01-303,CIUDAD CAPITAL,ZONA 1,COLEGIO 'LEONARDO DE VINCI',1A. AV. 4-18,22213612,GLORIA GABRIELA LARIOS GARCÍA,,PRIMARIA,PRIVADO,URBANA,CERRADA TEMPORALMENTE,MONOLINGUE,MATUTINA,DIARIO(REGULAR),GUATEMALA NORTE
00-01-0113-43,01-319,CIUDAD CAPITAL,ZONA 1,COLEGIO ADVENTISTA GUATEMALTECO,15 AVENIDA 4-12,22329228,ROSSY AMARILIS GARCIA TORRES,ALBA MARINA SANTISTEBAN LOPEZ,PRIMARIA,PRIVADO,URBANA,CERRADA DEFINITIVAMENTE,MONOLINGUE,MATUTINA,DIARIO(REGULAR),GUATEMALA NORTE
00-01-0114-43,01-01-0032,CIUDAD CAPITAL,ZONA 1,COLEGIO 'SAN JERONIMO EMILIANI',14 AVE. 1-72,22301968,LUDIBEL AMARILIS GALICIA DE FLORES,MIRIAM MAGDALENA MENDOZA GUZMÁN,PRIMARIA,PRIVADO,URBANA,ABIERTA,MONOLINGUE,MATUTINA,DIARIO(REGULAR),GUATEMALA NORTE
00-01-0115-43,01-01-0028,CIUDAD CAPITAL,ZONA 1,COLEGIO 'CENTRO ESTUDIANTIL MONTE ALBAN',12 CALLE 0-24,22534227,AMADO SALOMON FLORES PEREZ,DINA ANELISE SANTA CRUZ GÁLVEZ,PRIMARIA,PRIVADO,URBANA,ABIERTA,MONOLINGUE,MATUTINA,DIARIO(REGULAR),GUATEMALA NORTE
00-01-0116-43,01-01-0035,CIUDAD CAPITAL,ZONA 1,LICEO MONTESSORI,7A CALLE 12-51,22305869,NORMA ARACELY PALOMO FRANCO DE DÍAZ,HECTOR GERARDO MUÑIZ BONILLA,PRIMARIA,PRIVADO,URBANA,ABIERTA,MONOLINGUE,MATUTINA,DIARIO(REGULAR),GUATEMALA NORTE
00-01-0117-43,,CIUDAD CAPITAL,ZONA 1,'LICEO CANADIENSE',8A CALLE 3-51,22280307,,,PRIMARIA,PRIVADO,URBANA,CERRADA TEMPORALMENTE,MONOLINGUE,MATUTINA,DIARIO(REGULAR),GUATEMALA NORTE
00-01-0118-43,,CIUDAD CAPITAL,ZONA 1,COLEGIO 'SANTO DOMINGO',9A AVE. 12-73,22510252,,,PRIMARIA,PRIVADO,URBANA,CERRADA DEFINITIVAMENTE,MONOLINGUE,MATUTINA,DIARIO(REGULAR),GUATEMALA NORTE
00-01-0119-43,,CIUDAD CAPITAL,ZONA 1,'LICEO MONTREAL',12 AVE. 13-25,22322306,,,PRIMARIA,PRIVADO,URBANA,CERRADA TEMPORALMENTE,MONOLINGUE,MATUTINA,DIARIO(REGULAR),GUATEMALA NORTE
00-01-0120-43,01-312,CIUDAD CAPITAL,ZONA 1,COLEGIO GUATEMALTECO 'MENTES SANAS',13 CALLE 2-52,22320559,AMADO  SALOMON FLORES PEREZ,,PRIMARIA,PRIVADO,URBANA,CERRADA DEFINITIVAMENTE,MONOLINGUE,MATUTINA,DIARIO(REGULAR),GUATEMALA NORTE
00-01-0121-43,01-318,CIUDAD CAPITAL,ZONA 1,COLEGIO  PADRE BETANZOS,10 CALLE 12-90,22384283,SANDRA CAROLINA PÉREZ DONDIEGO DE CHOC,EMILCEN LISSETTE NICOLAS OLIVA,PRIMARIA,PRIVADO,URBANA,CERRADA DEFINITIVAMENTE,MONOLINGUE,MATUTINA,DIARIO(REGULAR),GUATEMALA NORTE
00-01-0122-43,01-318,CIUDAD CAPITAL,ZONA 1,EPUV JOSEFINA ALONZO  ANEXA A COLEGIO SAN SEBASTIAN,2A CALLE 6-83,22323353,SANDRA CAROLINA PÉREZ DONDIEGO DE CHOC,OLGA PATRICIA MATA LÓPEZ,PRIMARIA,PRIVADO,URBANA,CERRADA DEFINITIVAMENTE,MONOLINGUE,MATUTINA,DIARIO(REGULAR),GUATEMALA NORTE
00-01-0123-43,01-01-0040,CIUDAD CAPITAL,ZONA 1,"COLEGIO  MIXTO ""INDO LATINO""",4A AVE. 13-35,22380338,AMADO SALOMON FLORES PEREZ,BORIS ROLANDO SILVA SÁNCHEZ,PRIMARIA,PRIVADO,URBANA,ABIERTA,MONOLINGUE,MATUTINA,DIARIO(REGULAR),GUATEMALA NORTE
00-01-0124-43,,CIUDAD CAPITAL,ZONA 1,'LICEO MONTREAL',12 AVE. 13-25,22322306,,,PRIMARIA,PRIVADO,URBANA,CERRADA DEFINITIVAMENTE,MONOLINGUE,VESPERTINA,DIARIO(REGULAR),GUATEMALA NORTE
00-01-0125-43,,CIUDAD CAPITAL,ZONA 1,EPUM 'SOR CECILIA CHARRIN',14 CALLE 1-41,,,,PRIMARIA,PRIVADO,URBANA,CERRADA TEMPORALMENTE,MONOLINGUE,MATUTINA,DIARIO(REGULAR),GUATEMALA NORTE
00-01-0126-43,01-01-0028,CIUDAD CAPITAL,ZONA 1,COLEGIO CATOLICO  SAN PABLO,14 CALLE 3-34,22323812,AMADO SALOMON FLORES PEREZ,ANA MARÍA PALACIOS APARICIO,PRIMARIA,PRIVADO,URBANA,ABIERTA,MONOLINGUE,MATUTINA,DIARIO(REGULAR),GUATEMALA NORTE
00-01-0127-43,01-01-0044,CIUDAD CAPITAL,ZONA 1,COLEGIO  SANTA SOFIA,13 CALLE 10-38,41477208,MARIANO DOMINGO ESTRADA TELETOR,ROSA MARÍA GUEVARA DE PAZ,PRIMARIA,PRIVADO,URBANA,CERRADA TEMPORALMENTE,MONOLINGUE,MATUTINA,DIARIO(REGULAR),GUATEMALA NORTE
00-01-0128-43,,CIUDAD CAPITAL,ZONA 1,COLEGIO 'MONTSERRAT',15 AVE. 2-63,22530372,,,PRIMARIA,PRIVADO,URBANA,CERRADA TEMPORALMENTE,MONOLINGUE,MATUTINA,DIARIO(REGULAR),GUATEMALA NORTE
00-01-0129-43,,CIUDAD CAPITAL,ZONA 1,COLEGIO INFANTIL 'TOM SAWYER',1A AVE. 6-26,22519331,,,PRIMARIA,PRIVADO,URBANA,CERRADA DEFINITIVAMENTE,MONOLINGUE,MATUTINA,DIARIO(REGULAR),GUATEMALA NORTE
00-01-0130-43,,CIUDAD CAPITAL,ZONA 1,COLEGIO 'EVEREST',2A AVE. 14-60,22329642,,,PRIMARIA,PRIVADO,URBANA,CERRADA DEFINITIVAMENTE,MONOLINGUE,MATUTINA,DIARIO(REGULAR),GUATEMALA NORTE
00-01-0131-43,01-01-0028,CIUDAD CAPITAL,ZONA 1,"EPUM ESCUELA PRIMARIA MIXTA ""CASA CENTRAL""",2A AVE. 13-60,22514107,AMADO SALOMON FLORES PEREZ,ESTELA  GONZÁLEZ CONTRERAS,PRIMARIA,PRIVADO,URBANA,ABIERTA,MONOLINGUE,MATUTINA,DIARIO(REGULAR),GUATEMALA NORTE
00-01-0132-43,,CIUDAD CAPITAL,ZONA 1,COLEGIO 'STELLA MATUTINA',9A CALLE 2-55,22329816,,,PRIMARIA,PRIVADO,URBANA,CERRADA TEMPORALMENTE,MONOLINGUE,MATUTINA,DIARIO(REGULAR),GUATEMALA NORTE
00-01-0133-43,,CIUDAD CAPITAL,ZONA 1,COLEGIO EVANGELICO 'EL MAESTRO',17 AVE. 1-58,22531661,,,PRIMARIA,PRIVADO,URBANA,CERRADA TEMPORALMENTE,MONOLINGUE,MATUTINA,DIARIO(REGULAR),GUATEMALA NORTE
00-01-0134-43,01-315,CIUDAD CAPITAL,ZONA 1,ESCUELA 'SANTA MARIA',15 AVE. 1-95,22518474,LILIAN YOLANDA RODRÍGUEZ PINTO DE CASTRO,,PRIMARIA,PRIVADO,URBANA,CERRADA DEFINITIVAMENTE,MONOLINGUE,MATUTINA,DIARIO(REGULAR),GUATEMALA NORTE
00-01-0135-43,01-01-0032,CIUDAD CAPITAL,ZONA 1,COLEGIO  LOYOLA,12 AVE. 4-30,22044800,LUDIBEL AMARILIS GALICIA DE FLORES,EMMA NELY CARBONELL MARTÍNEZ,PRIMARIA,PRIVADO,URBANA,ABIERTA,MONOLINGUE,MATUTINA,DIARIO(REGULAR),GUATEMALA NORTE
00-01-0136-43,01-307,CIUDAD CAPITAL,ZONA 1,EPUM LICEO SAN VICENTE DE PAUL,3A CALLE 17-45,22517405,NORMA ARACELY PALOMO FRANCO DE DIAZ,ELIZABETH DEL CARMEN FLORES PINEDA DE TEJEDA,PRIMARIA,PRIVADO,URBANA,CERRADA DEFINITIVAMENTE,MONOLINGUE,MATUTINA,DIARIO(REGULAR),GUATEMALA NORTE
00-01-0137-43,01-01-0035,CIUDAD CAPITAL,ZONA 1,"COLEGIO MIXTO  ""JUAN PABLO II""",16 AVE. 10-75,22384934,NORMA ARACELY PALOMO FRANCO DE DÍAZ,EVELYN CELESTE VÁSQUEZ GARCÍA,PRIMARIA,PRIVADO,URBANA,ABIERTA,MONOLINGUE,MATUTINA,DIARIO(REGULAR),GUATEMALA NORTE
00-01-0138-43,01-318,CIUDAD CAPITAL,ZONA 1,LICEO SAN ANTONIO,2A AVE. 2-13,22201483,SANDRA CAROLINA PÉREZ DONDIEGO DE CHOC,MARÍA GUADALUPE BAY VÁSQUEZ,PRIMARIA,PRIVADO,URBANA,CERRADA DEFINITIVAMENTE,MONOLINGUE,MATUTINA,DIARIO(REGULAR),GUATEMALA NORTE
00-01-0139-43,01-01-0035,CIUDAD CAPITAL,ZONA 1,COLEGIO  EL CAMINO,10A CALLE 11-46,22511273,NORMA ARACELY PALOMO FRANCO DE DÍAZ,RAFAELA AMANDA VERONICA GODOY GONZALEZ,PRIMARIA,PRIVADO,URBANA,ABIERTA,MONOLINGUE,MATUTINA,DIARIO(REGULAR),GUATEMALA NORTE
00-01-0140-43,01-318,CIUDAD CAPITAL,ZONA 1,COLEGIO EVANGELICO DEL PRINCIPE DE PAZ,AVENIDA CENTRO AMERICA 21-13,23826923,SANDRA CAROLINA PÉREZ DONDIEGO DE CHOC,LAURA REBECA DUBÓN CIFUENTES,PRIMARIA,PRIVADO,URBANA,CERRADA TEMPORALMENTE,MONOLINGUE,MATUTINA,DIARIO(REGULAR),GUATEMALA NORTE
00-01-0141-43,,CIUDAD CAPITAL,ZONA 1,"EOUM NO.68 'ELENA MEANY DE TORIELLO',",3A AVENIDA 1-46,,,,PRIMARIA,OFICIAL,URBANA,CERRADA DEFINITIVAMENTE,MONOLINGUE,MATUTINA,DIARIO(REGULAR),GUATEMALA NORTE
00-01-0142-43,01-312,CIUDAD CAPITAL,ZONA 1,COLEGIO Y JARDIN  HUERTO DE JESUS,18 AVENIDA  C  1-40,22531789,AMADO  SALOMON FLORES PEREZ,VICTORIA ELIZABETH VÁSQUEZ REYES,PRIMARIA,PRIVADO,URBANA,CERRADA TEMPORALMENTE,MONOLINGUE,MATUTINA,DIARIO(REGULAR),GUATEMALA NORTE
00-01-0143-43,,CIUDAD CAPITAL,ZONA 1,'LICEO MARIANO GALVEZ',2A AVE. 9-82,,,,PRIMARIA,PRIVADO,URBANA,CERRADA TEMPORALMENTE,MONOLINGUE,MATUTINA,DIARIO(REGULAR),GUATEMALA NORTE
00-01-0144-43,01-317,CIUDAD CAPITAL,ZONA 1,"INSTITUTO PARTICULAR PARA SEÑORITAS ""NUESTRA SEÑORA DEL CARMEN""",11A. AVENIDA 3-17,22326869,MARIANO DOMINGO ESTRADA TELETOR,MARÍA DEL CARMEN TURCIOS DEL POZO,PRIMARIA,PRIVADO,URBANA,CERRADA TEMPORALMENTE,MONOLINGUE,MATUTINA,DIARIO(REGULAR),GUATEMALA NORTE
00-01-0145-43,01-316,CIUDAD CAPITAL,ZONA 1,COLEGIO MIXTO LA ALEGRIA,25 CALLE 1-74,22539155,LILIAN YOLANDA RODRIGUEZ PINTO DE CASTRO,,PRIMARIA,PRIVADO,URBANA,CERRADA TEMPORALMENTE,MONOLINGUE,MATUTINA,DIARIO(REGULAR),GUATEMALA NORTE
00-01-0146-43,,CIUDAD CAPITAL,ZONA 1,COLEGIO 'SUIZA YOLANDA VON KAENEL DE ARGUETA',12 AVE. 14-29,22514679,,,PRIMARIA,PRIVADO,URBANA,CERRADA DEFINITIVAMENTE,MONOLINGUE,DOBLE,DIARIO(REGULAR),GUATEMALA NORTE
00-01-0147-44,01-402,CIUDAD CAPITAL,ZONA 1,EOPA 'CENTRO DE RECUPERACION DE LISIADOS FISICOS',13 CALLE 0-18,22325742,CARLOS HUMBERTO GONZALEZ DE LEON,,PRIMARIA DE ADULTOS,OFICIAL,URBANA,CERRADA TEMPORALMENTE,MONOLINGUE,MATUTINA,DIARIO(REGULAR),GUATEMALA NORTE
00-01-0148-44,01-402,CIUDAD CAPITAL,ZONA 1,EOPA NO.16 'LISANDRO SANDOVAL',7A AVE. 13-73,22537856,CARLOS HUMBERTO GONZALEZ DE LEON,,PRIMARIA DE ADULTOS,OFICIAL,URBANA,CERRADA TEMPORALMENTE,MONOLINGUE,NOCTURNA,DIARIO(REGULAR),GUATEMALA NORTE
00-01-0149-44,01-01-0037,CIUDAD CAPITAL,ZONA 1,EOPA NO.26  JOSE JOAQUIN PARDO,3 AV.  C  24-24 AV.  EL FERROCARRIL,57123025,CARLOS HUMBERTO GONZALEZ DE LEON,JESSICA LIZETH PENELEU LÓPEZ,PRIMARIA DE ADULTOS,OFICIAL,URBANA,ABIERTA,MONOLINGUE,NOCTURNA,DIARIO(REGULAR),GUATEMALA NORTE
00-01-0150-44,01-01-0041,CIUDAD CAPITAL,ZONA 1,EOPA NO.14 RAFAEL MOREIRA,10 CALLE 2-37,58712031,CARLOS HUMBERTO GONZALEZ DE LEON,HAROLDO GIOVANI MORENO GÓMEZ,PRIMARIA DE ADULTOS,OFICIAL,URBANA,ABIERTA,MONOLINGUE,NOCTURNA,DIARIO(REGULAR),GUATEMALA NORTE
00-01-0151-44,01-01-0038,CIUDAD CAPITAL,ZONA 1,EOPA NO.1  TOMAS CACELLA,15 CALLE 11-12,53932119,CARLOS HUMBERTO GONZALEZ DE LEON,MILAGRO  CHALI SIMON,PRIMARIA DE ADULTOS,OFICIAL,URBANA,ABIERTA,MONOLINGUE,NOCTURNA,DIARIO(REGULAR),GUATEMALA NORTE
00-01-0152-44,01-01-0039,CIUDAD CAPITAL,ZONA 1,EOPA NO.10 H. ABRAHAM CABRERA,AVE. SAN JOSE 4-78,22518096,CARLOS HUMBERTO GONZALEZ DE LEON,MIRNA NINNETH ELIZONDO ORELLANA,PRIMARIA DE ADULTOS,OFICIAL,URBANA,ABIERTA,MONOLINGUE,NOCTURNA,DIARIO(REGULAR),GUATEMALA NORTE
00-01-0153-44,,CIUDAD CAPITAL,ZONA 1,EPPA CENTRO EDUCATIVO 'EL SEMBRADOR',12 CALLE 3-60,22325044,,,PRIMARIA DE ADULTOS,PRIVADO,URBANA,CERRADA TEMPORALMENTE,MONOLINGUE,MATUTINA,FIN DE SEMANA,GUATEMALA NORTE
00-01-0154-45,01-01-0044,CIUDAD CAPITAL,ZONA 1,INSTITUTO NACIONAL DE EDUCACION BASICA O DE CULTURA GENERAL MARIA LUISA SAMAYOA LANUZA,10A AVE. 9-42,22518808,MARIANO DOMINGO ESTRADA TELETOR,ZOILA MARINA PALALA GUDIEL,BASICO,OFICIAL,URBANA,ABIERTA,MONOLINGUE,MATUTINA,DIARIO(REGULAR),GUATEMALA NORTE
00-01-0155-45,01-01-0032,CIUDAD CAPITAL,ZONA 1,INSTITUTO NACIONAL EXPERIMENTAL DE EDUCACION BASICA CON ORIENTACION OCUPACIONAL PEMEM II,3A CALLE 15-45,51304523,LUDIBEL AMARILIS GALICIA DE FLORES,ROSENDO VALERIANO HERNANDEZ MORALES,BASICO,OFICIAL,URBANA,ABIERTA,MONOLINGUE,MATUTINA,DIARIO(REGULAR),GUATEMALA NORTE
00-01-0156-45,01-01-0038,CIUDAD CAPITAL,ZONA 1,"INEB JN, ""PEDRO ARRIAZA MATA""",10A AVE. 12-01,22383239,CARLOS HUMBERTO GONZALEZ DE LEON,BRUNO LUIS VIAU GARCÍA,BASICO,OFICIAL,URBANA,ABIERTA,MONOLINGUE,NOCTURNA,DIARIO(REGULAR),GUATEMALA NORTE
00-01-0157-45,01-01-0028,CIUDAD CAPITAL,ZONA 1,IPSB VIRGEN PODEROSA CASA CENTRAL,2A AVE. 13-12,22214137,AMADO SALOMON FLORES PEREZ,SOR LIDIA MARÍA HERNÁNDEZ PÉREZ,BASICO,PRIVADO,URBANA,ABIERTA,MONOLINGUE,MATUTINA,DIARIO(REGULAR),GUATEMALA NORTE
00-01-0158-46,01-01-0026,CIUDAD CAPITAL,ZONA 1,COLEGIO TECNICO PROGRESISTA CETECPRO,2A. AVENIDA 3-59,22512759,LUDIBEL AMARILIS GALICIA DE FLORES,IRMA AMPARO TOLEDO HERNANDEZ,DIVERSIFICADO,PRIVADO,URBANA,ABIERTA,MONOLINGUE,DOBLE,DIARIO(REGULAR),GUATEMALA NORTE
00-01-0159-45,01-01-0044,CIUDAD CAPITAL,ZONA 1,IPMB COLEGIO  SANTA SOFIA,13 CALLE 3-44,41477208,MARIANO DOMINGO ESTRADA TELETOR,MIGUEL ANGEL LÁZARO,BASICO,PRIVADO,URBANA,CERRADA TEMPORALMENTE,MONOLINGUE,MATUTINA,DIARIO(REGULAR),GUATEMALA NORTE
00-01-0160-45,,CIUDAD CAPITAL,ZONA 1,IPMB 'CENTRO DE ESTUDIOS MERCADOLOGICOS Y PUBLICITARIOS',8A AVE. 3-50,,,,BASICO,PRIVADO,URBANA,CERRADA DEFINITIVAMENTE,MONOLINGUE,MATUTINA,DIARIO(REGULAR),GUATEMALA NORTE
00-01-0160-46,,CIUDAD CAPITAL,ZONA 1,INSTITUTO DE EDUCACION DIVERSIFICADA 'CENTRO DE ESTUDIOS MERCADOLOGICOS Y PUBLICITARIOS',8A AVE. 3-50,22329819,,,DIVERSIFICADO,PRIVADO,URBANA,CERRADA DEFINITIVAMENTE,MONOLINGUE,MATUTINA,DIARIO(REGULAR),GUATEMALA NORTE
00-01-0161-45,01-01-0032,CIUDAD CAPITAL,ZONA 1,IPMB COLEGIO  LOYOLA,12 AVE. 4-30,22044800,LUDIBEL AMARILIS GALICIA DE FLORES,CLAUDIA JANNETH HERNÁNDEZ LÓPEZ,BASICO,PRIVADO,URBANA,ABIERTA,MONOLINGUE,MATUTINA,DIARIO(REGULAR),GUATEMALA NORTE
00-01-0162-45,,CIUDAD CAPITAL,ZONA 1,IPMB 'CENTRO EDUCACIONAL GUATEMALTECO',11 CALLE 9-33,22381718,,,BASICO,PRIVADO,URBANA,CERRADA DEFINITIVAMENTE,MONOLINGUE,MATUTINA,DIARIO(REGULAR),GUATEMALA NORTE
00-01-0162-46,01-102,CIUDAD CAPITAL,ZONA 1,INSTITUTO PRIVADO MIXTO DE EDUCACION DIVERSIFICADA CENTRO EDUCACIONAL GUATEMALTECO,11 CALLE 9-33,22381718,ZIZI ARELY LOPEZ CHINCHILLA,----,DIVERSIFICADO,PRIVADO,URBANA,CERRADA DEFINITIVAMENTE,MONOLINGUE,MATUTINA,DIARIO(REGULAR),GUATEMALA NORTE
00-01-0163-45,01-210,CIUDAD CAPITAL,ZONA 1,IPMB COLEGIO GUATEMALTECO 'MENTES SANAS',13 CALLE 2-52,22320559,DINIZ ORALIA MORALES MUÑOZ,,BASICO,PRIVADO,URBANA,CERRADA DEFINITIVAMENTE,MONOLINGUE,MATUTINA,DIARIO(REGULAR),GUATEMALA NORTE
00-01-0164-45,01-01-0028,CIUDAD CAPITAL,ZONA 1,LICEO CANADIENSE,11 CALLE 1-53,23750055,AMADO SALOMON FLORES PEREZ,ADA LUCRECIA MIJANGOS TEO,BASICO,PRIVADO,URBANA,ABIERTA,MONOLINGUE,MATUTINA,DIARIO(REGULAR),GUATEMALA NORTE
00-01-0165-45,,CIUDAD CAPITAL,ZONA 1,IPMB 'EVEREST',2A AVE. 14-60,22329642,,,BASICO,PRIVADO,URBANA,CERRADA TEMPORALMENTE,MONOLINGUE,MATUTINA,DIARIO(REGULAR),GUATEMALA NORTE
00-01-0166-45,01-01-0031,CIUDAD CAPITAL,ZONA 1,LICEO TECNOLOGICO GUATEMALA DE LA ASUNCIÓN,"3A, CALLE 7-64",22326173,LUDIBEL AMARILIS GALICIA DE FLORES,ELUBIA ANAYTE SIGUENZA MONTERROSO,BASICO,PRIVADO,URBANA,ABIERTA,MONOLINGUE,MATUTINA,DIARIO(REGULAR),GUATEMALA NORTE
00-01-0167-45,,CIUDAD CAPITAL,ZONA 1,IPMB COLEGIO 'JOSEFINA GONZALEZ',12 AVE. 13-25,22322306,,,BASICO,PRIVADO,URBANA,CERRADA TEMPORALMENTE,MONOLINGUE,VESPERTINA,DIARIO(REGULAR),GUATEMALA NORTE
00-01-0168-45,,CIUDAD CAPITAL,ZONA 1,IPMB 'LICEO MARIANO GALVEZ',2A AVE. 9-82,,,,BASICO,PRIVADO,URBANA,CERRADA DEFINITIVAMENTE,MONOLINGUE,VESPERTINA,DIARIO(REGULAR),GUATEMALA NORTE
00-01-0168-46,,CIUDAD CAPITAL,ZONA 1,INSTITUTO DE EDUCACION DIVERSIFICADA 'LICEO MARIANO GALVEZ',2A AVE. 9-82,,,,DIVERSIFICADO,PRIVADO,URBANA,CERRADA DEFINITIVAMENTE,MONOLINGUE,VESPERTINA,DIARIO(REGULAR),GUATEMALA NORTE
00-01-0169-45,01-403,CIUDAD CAPITAL,ZONA 1,IPMB 'ENRIQUE MUÑOZ MEANY',12 AVE. 13-25,22322306,CARLOS HUMBERTO GONZÁLEZ DE LEÓN,,BASICO,PRIVADO,URBANA,CERRADA TEMPORALMENTE,MONOLINGUE,NOCTURNA,DIARIO(REGULAR),GUATEMALA NORTE
00-01-0170-45,,CIUDAD CAPITAL,ZONA 1,IPMB COLEGIO 'MONTSERRAT',15 AVE. 2-63,22530372,,,BASICO,PRIVADO,URBANA,CERRADA TEMPORALMENTE,MONOLINGUE,NOCTURNA,DIARIO(REGULAR),GUATEMALA NORTE
00-01-0171-45,01-401,CIUDAD CAPITAL,ZONA 1,IPMB COLEGIO  LA ENSEÑANZA,5A CALLE 9-28,22511762,IXMUCANE ALDANA VILLAVICENCIO,,BASICO,PRIVADO,URBANA,CERRADA TEMPORALMENTE,MONOLINGUE,NOCTURNA,DIARIO(REGULAR),GUATEMALA NORTE
00-01-0172-45,,CIUDAD CAPITAL,ZONA 1,IPMB COLEGIO 'GUATEMALA' (ENSEÑANZA POR CORRESPONDENCIA),5A CALLE 5-33,22329021,,,BASICO,PRIVADO,URBANA,CERRADA DEFINITIVAMENTE,MONOLINGUE,NOCTURNA,DIARIO(REGULAR),GUATEMALA NORTE
00-01-0173-46,01-01-0026,CIUDAD CAPITAL,ZONA 1,INSTITUTO NORMAL PARA SEÑORITAS CENTRO AMERICA,1A CALLE 2-64,22323424,LUDIBEL AMARILIS GALICIA DE FLORES,INGRID MARIELA ESPINA ORELLANA,DIVERSIFICADO,OFICIAL,URBANA,ABIERTA,MONOLINGUE,MATUTINA,DIARIO(REGULAR),GUATEMALA NORTE
00-01-0174-46,01-01-0035,CIUDAD CAPITAL,ZONA 1,ESCUELA NACIONAL CENTRAL DE FORMACION SECRETARIAL,12 AVENIDA 9-27,22322985,NORMA ARACELY PALOMO FRANCO DE DÍAZ,FRANCISCO RENÉ CONTRERAS AQUINO,DIVERSIFICADO,OFICIAL,URBANA,ABIERTA,MONOLINGUE,MATUTINA,DIARIO(REGULAR),GUATEMALA NORTE
00-01-0175-46,01-317,CIUDAD CAPITAL,ZONA 1,ESCUELA NORMAL PARA MAESTROS DE EDUCACION MUSICAL  JESUS MARIA ALVARADO,2A. CALLE 4-04,22516651,MARIANO DOMINGO ESTRADA TELETOR,ALEIDA EMPERATRIZ PIÑON BONILLA,DIVERSIFICADO,OFICIAL,URBANA,CERRADA TEMPORALMENTE,MONOLINGUE,MATUTINA,DIARIO(REGULAR),GUATEMALA NORTE
00-01-0176-46,01-01-0032,CIUDAD CAPITAL,ZONA 1,INSTITUTO NACIONAL DE BACHILLERATO EN COMPUTACION,3A CALLE 15-45,22202223,LUDIBEL AMARILIS GALICIA DE FLORES,FREDY HUMBERTO GONZÁLEZ SANTISTEBAN,DIVERSIFICADO,OFICIAL,URBANA,ABIERTA,MONOLINGUE,VESPERTINA,DIARIO(REGULAR),GUATEMALA NORTE
00-01-0177-46,01-318,CIUDAD CAPITAL,ZONA 1,ESCUELA NORMAL DE MAESTROS DE EDUCACION FISICA,22 CALLE 11-50 ZONA 1,24360852,SANDRA CAROLINA PÉREZ DONDIEGO DE CHOC,------------,DIVERSIFICADO,OFICIAL,URBANA,CERRADA DEFINITIVAMENTE,MONOLINGUE,DOBLE,DIARIO(REGULAR),GUATEMALA NORTE
00-01-0178-46,01-01-0033,CIUDAD CAPITAL,ZONA 1,ESCUELA NACIONAL CENTRAL DE CIENCIAS COMERCIALES,10A. AVENIDA 9-42,22320914,CARLOS HUMBERTO GONZALEZ DE LEON,ESWIN NOE ROSALES LÓPEZ,DIVERSIFICADO,OFICIAL,URBANA,ABIERTA,MONOLINGUE,NOCTURNA,DIARIO(REGULAR),GUATEMALA NORTE
00-01-0179-46,01-01-0038,CIUDAD CAPITAL,ZONA 1,ESCUELA NORMAL PARA MAESTROS DE EDUCACION MUSICAL JESUS MARIA ALVARADO,"10A. AVENIDA 2-24,",58068368,CARLOS HUMBERTO GONZALEZ DE LEON,JULIO CESAR SANTOS CAMPOS,DIVERSIFICADO,OFICIAL,URBANA,ABIERTA,MONOLINGUE,INTERMEDIA,DIARIO(REGULAR),GUATEMALA NORTE
00-01-0180-46,01-01-0041,CIUDAD CAPITAL,ZONA 1,ESCUELA NACIONAL DE ADMINISTRACION PUBLICA LIC. MANUEL GREGORIO LOPEZ SANTIAGO,9A CALLE 2-36,42201837,CARLOS HUMBERTO GONZALEZ DE LEON,JULIO ERNESTO GONZÁLEZ HERNÁNDEZ,DIVERSIFICADO,OFICIAL,URBANA,ABIERTA,MONOLINGUE,NOCTURNA,DIARIO(REGULAR),GUATEMALA NORTE
00-01-0181-46,01-315,CIUDAD CAPITAL,ZONA 1,INSTITUTO DE EDUCACION DIVERSIFICADA  CENTRO DE ENSEÑANZA DE INGLES SISTEMATIZADA  CEIS,3A CALLE 7-64,22329406,LILIAN YOLANDA RODRÍGUEZ PINTO DE CASTRO,---,DIVERSIFICADO,PRIVADO,URBANA,CERRADA TEMPORALMENTE,MONOLINGUE,MATUTINA,DIARIO(REGULAR),GUATEMALA NORTE
00-01-0182-46,01-403,CIUDAD CAPITAL,ZONA 1,LICEO MIXTO CIENCIAS SECRETARIALES,4A AVE. 4-12,22380855,CARLOS HUMBERTO GONZÁLEZ DE LEÓN,ANGELA VERONICA SALAZAR MARROQUIN,DIVERSIFICADO,PRIVADO,URBANA,CERRADA DEFINITIVAMENTE,MONOLINGUE,MATUTINA,DIARIO(REGULAR),GUATEMALA NORTE
00-01-0183-46,01-01-0028,CIUDAD CAPITAL,ZONA 1,INSTITUTO NORMAL 'CASA CENTRAL',1A AVE. 13-63,22384684,AMADO SALOMON FLORES PEREZ,SILVIA LETICIA PERÉN POYÓN,DIVERSIFICADO,PRIVADO,URBANA,ABIERTA,MONOLINGUE,MATUTINA,DIARIO(REGULAR),GUATEMALA NORTE
00-01-0184-46,,CIUDAD CAPITAL,ZONA 1,INSTITUTO PRIVADO PARA SEÑORITAS DE EDUCACION DIVERSIFICADA 'SPEEDWRITING' (ESCRITURA VELOZ),8A AVE. 14-34,23621087,,,DIVERSIFICADO,PRIVADO,URBANA,CERRADA DEFINITIVAMENTE,MONOLINGUE,MATUTINA,DIARIO(REGULAR),GUATEMALA NORTE
00-01-0185-46,,CIUDAD CAPITAL,ZONA 1,INSTITUTO PRIVADO PARA SEÑORITAS DE EDUCACION DIVERSIFICADA 'ACADEMIA PRACTICA COMERCIAL',6A. CALLE 0-25,22202870-73,,,DIVERSIFICADO,PRIVADO,URBANA,CERRADA DEFINITIVAMENTE,MONOLINGUE,VESPERTINA,DIARIO(REGULAR),GUATEMALA NORTE
00-01-0186-46,01-01-0031,CIUDAD CAPITAL,ZONA 1,LICEO TECNOLÓGICO GUATEMALA DE LA  ASUNCIÓN,3A. CALLE 7-64,22329406,LUDIBEL AMARILIS GALICIA DE FLORES,ELUBIA ANAYTE SIGUENZA MONTERROSO,DIVERSIFICADO,PRIVADO,URBANA,ABIERTA,MONOLINGUE,MATUTINA,DIARIO(REGULAR),GUATEMALA NORTE
00-01-0187-46,01-303,CIUDAD CAPITAL,ZONA 1,ESCUELA TECNICA SUPERIOR ALINARI,5A CALLE 5-61,22204274,GLORIA GABRIELA LARIOS GARCÍA,ANA MARIA CANEL MEDRANO,DIVERSIFICADO,PRIVADO,URBANA,CERRADA DEFINITIVAMENTE,MONOLINGUE,MATUTINA,DIARIO(REGULAR),GUATEMALA NORTE
00-01-0188-46,01-210,CIUDAD CAPITAL,ZONA 1,COLEGIO VOCACIONAL GUATEMALTECO  MENTES SANAS,13 CALLE 3-35,22320559-22320560,DINIZ ORALIA MORALES MUÑOZ,---------------------,DIVERSIFICADO,PRIVADO,URBANA,CERRADA DEFINITIVAMENTE,MONOLINGUE,MATUTINA,DIARIO(REGULAR),GUATEMALA NORTE
00-01-0189-45,01-01-0037,CIUDAD CAPITAL,ZONA 1,INSTITUTO  FEDERICO CROWE  POR MADUREZ,4A. AVENIDA 9-66,22517748,CARLOS HUMBERTO GONZALEZ DE LEON,MANUEL ALEJANDRO AGUILAR ROMERO,BASICO,PRIVADO,URBANA,ABIERTA,MONOLINGUE,MATUTINA,FIN DE SEMANA,GUATEMALA NORTE
00-01-0189-46,,CIUDAD CAPITAL,ZONA 1,INSTITUTO 'FEDERICO CROWE',4A. AVENIDA 9-66,2517748 2384159,,,DIVERSIFICADO,PRIVADO,URBANA,CERRADA TEMPORALMENTE,MONOLINGUE,MATUTINA,DIARIO(REGULAR),GUATEMALA NORTE
00-01-0190-46,,CIUDAD CAPITAL,ZONA 1,INSTITUTO PRIVADO MIXTO DE EDUCACION DIVERSIFICADA 'BROW'S CENTRO DE LENGUAS',11 CALLE 10-50,22325157,,,DIVERSIFICADO,PRIVADO,URBANA,CERRADA DEFINITIVAMENTE,MONOLINGUE,MATUTINA,DIARIO(REGULAR),GUATEMALA NORTE
00-01-0191-46,01-01-0035,CIUDAD CAPITAL,ZONA 1,INSTITUTO MIXTO COACTEMALAN,11 CALLE 10-43,22325522,NORMA ARACELY PALOMO FRANCO DE DÍAZ,NANCY ALEIDA BANCES ARÉVALO,DIVERSIFICADO,PRIVADO,URBANA,ABIERTA,MONOLINGUE,MATUTINA,DIARIO(REGULAR),GUATEMALA NORTE
00-01-0192-46,01-01-0031,CIUDAD CAPITAL,ZONA 1,INSTITUTO PROFESIONAL DE TÉCNICAS COMERCIALES ESPECIALIZADAS IPTCE,7A AVE. 3-48,22320733,LUDIBEL AMARILIS GALICIA DE FLORES,MARTA JOSEFINA LARA PANIAGUA,DIVERSIFICADO,PRIVADO,URBANA,ABIERTA,MONOLINGUE,MATUTINA,DIARIO(REGULAR),GUATEMALA NORTE
00-01-0193-45,01-403,CIUDAD CAPITAL,ZONA 1,LICEO TECNOLOGICO GUATEMALA DE LA ASUNCIÓN,3A. CALLE 7-64,22329406,CARLOS HUMBERTO GONZÁLEZ DE LEÓN,ELUBIA ANAYTE SIGUENZA MONTERROSO,BASICO,PRIVADO,URBANA,CERRADA DEFINITIVAMENTE,MONOLINGUE,DOBLE,DIARIO(REGULAR),GUATEMALA NORTE
00-01-0194-46,01-308,CIUDAD CAPITAL,ZONA 1,CENTRO DE ESTUDIOS EN CIENCIAS DE LA COMUNICACIÓN (CESCO),4TA.CALLE 7-53,22320432,JORGE MYNOR SOL HERNÁNDEZ,-----,DIVERSIFICADO,PRIVADO,URBANA,CERRADA TEMPORALMENTE,MONOLINGUE,MATUTINA,DIARIO(REGULAR),GUATEMALA NORTE
00-01-0195-46,01-305,CIUDAD CAPITAL,ZONA 1,INSTITUTO PRIVADO MIXTO DE EDUCACION DIVERSIFICADA  LA ENSEÑANZA,5A CALLE 9-28,53904905,CELESTINA  ARLETTY HERNÁNDEZ AGUILAR,----------,DIVERSIFICADO,PRIVADO,URBANA,CERRADA TEMPORALMENTE,MONOLINGUE,VESPERTINA,DIARIO(REGULAR),GUATEMALA NORTE
00-01-0196-46,01-317,CIUDAD CAPITAL,ZONA 1,LICEO DE COMPUTACION C.S.S.,10 AVENIDA 11-46,22329844,MARIANO DOMINGO ESTRADA TELETOR,-------,DIVERSIFICADO,PRIVADO,URBANA,CERRADA DEFINITIVAMENTE,MONOLINGUE,VESPERTINA,DIARIO(REGULAR),GUATEMALA NORTE
00-01-0197-46,01-01-0038,CIUDAD CAPITAL,ZONA 1,LICEO TECNOLÓGICO GUATEMALA DE LA  ASUNCION,3A. CALLE 7-64,54452951,CARLOS HUMBERTO GONZALEZ DE LEON,ELUBIA ANAYTE SIGUENZA MONTERROSO,DIVERSIFICADO,PRIVADO,URBANA,ABIERTA,MONOLINGUE,DOBLE,FIN DE SEMANA,GUATEMALA NORTE
00-01-0198-46,01-,CIUDAD CAPITAL,ZONA 1,INSTITUTO PRIVADO MIXTO DE EDUCACION DIVERSIFICADA 'TECNICO CENTROAMERICANO DE OPTOMETRIA',11 CALLE 2-54,22324367,MARIA FELICITA ROQUE CARRERA,---,DIVERSIFICADO,PRIVADO,URBANA,CERRADA DEFINITIVAMENTE,MONOLINGUE,VESPERTINA,DIARIO(REGULAR),GUATEMALA NORTE
00-01-0199-46,01-402,CIUDAD CAPITAL,ZONA 1,INSTITUTO PRIVADO MIXTO DE EDUCACION DIVERSIFICADA  CENTRO DE ESTUDIOS MERCADOLOGICOS Y PUBLICITARIOS,8A AVE. 3-50,22329819,CARLOS HUMBERTO GONZALEZ DE LEON,----,DIVERSIFICADO,PRIVADO,URBANA,CERRADA TEMPORALMENTE,MONOLINGUE,NOCTURNA,DIARIO(REGULAR),GUATEMALA NORTE
00-01-0200-46,01-403,CIUDAD CAPITAL,ZONA 1,INSTITUTO DE EDUCACION DIVERSIFICADA COLEGIO  LA ENSEÑANZA,5A CALLE 9-28,22511752,CARLOS HUMBERTO GONZÁLEZ DE LEÓN,----,DIVERSIFICADO,PRIVADO,URBANA,CERRADA TEMPORALMENTE,MONOLINGUE,INTERMEDIA,DIARIO(REGULAR),GUATEMALA NORTE
00-01-0201-46,01-403,CIUDAD CAPITAL,ZONA 1,CENTRO EDUCACIONAL GUATEMALTECO,7A. CALLE 1-19,22533558,CARLOS HUMBERTO GONZÁLEZ DE LEÓN,----,DIVERSIFICADO,PRIVADO,URBANA,CERRADA TEMPORALMENTE,MONOLINGUE,INTERMEDIA,DIARIO(REGULAR),GUATEMALA NORTE
00-01-0202-45,01-01-0040,CIUDAD CAPITAL,ZONA 1,"INSTITUTO MIXTO  ""MIGUEL DE CERVANTES""",10ª.  CALLE 1-47,42168421,AMADO SALOMON FLORES PEREZ,CARLOS RENE ESCOBAR MONTENEGRO,BASICO,PRIVADO,URBANA,ABIERTA,MONOLINGUE,MATUTINA,DIARIO(REGULAR),GUATEMALA NORTE
00-01-0202-46,01-01-0040,CIUDAD CAPITAL,ZONA 1,"INSTITUTO MIXTO "" MIGUEL DE CERVANTES """,10ª.  CALLE 1-47,42168421,AMADO SALOMON FLORES PEREZ,CARLOS RENE ESCOBAR MONTENEGRO,DIVERSIFICADO,PRIVADO,URBANA,ABIERTA,MONOLINGUE,MATUTINA,DIARIO(REGULAR),GUATEMALA NORTE
00-01-0203-45,01-301,CIUDAD CAPITAL,ZONA 1,INEB ADSCRITO AL INSTITUTO NACIONAL CENTRAL PARA VARONES,9A AVE. 9-27,22328285,LUCRECIA MARISOL CERMEÑO GONZÁLEZ,CARLOS ALFREDO VALDEZ PAZ,BASICO,OFICIAL,URBANA,CERRADA TEMPORALMENTE,MONOLINGUE,MATUTINA,DIARIO(REGULAR),GUATEMALA NORTE
00-01-0203-46,01-301,CIUDAD CAPITAL,ZONA 1,INSTITUTO NACIONAL CENTRAL PARA VARONES,9A AVE. 9-27,22328285,LUCRECIA MARISOL CERMEÑO GONZÁLEZ,CARLOS ALFREDO VALDEZ PAZ,DIVERSIFICADO,OFICIAL,URBANA,CERRADA TEMPORALMENTE,MONOLINGUE,MATUTINA,DIARIO(REGULAR),GUATEMALA NORTE
00-01-0204-45,01-01-0026,CIUDAD CAPITAL,ZONA 1,INSTITUTO NACIONAL DE EDUCACIÓN BÁSICA  ADSCRITO AL INSTITUTO NORMAL PARA SEÑORITAS CENTRO AMERICA (I.N.C.A),1A. CALLE 2-64 1,22323414,LUDIBEL AMARILIS GALICIA DE FLORES,INGRID MARIELA ESPINA ORELLANA,BASICO,OFICIAL,URBANA,ABIERTA,MONOLINGUE,MATUTINA,DIARIO(REGULAR),GUATEMALA NORTE
00-01-0204-46,01-01-0026,CIUDAD CAPITAL,ZONA 1,INSTITUTO NACIONAL DE BACHILLERATO ADSC. AL INCA,1A CALLE 2-64,22323114,LUDIBEL AMARILIS GALICIA DE FLORES,INGRID MARIELA ESPINA ORELLANA,DIVERSIFICADO,OFICIAL,URBANA,ABIERTA,MONOLINGUE,MATUTINA,DIARIO(REGULAR),GUATEMALA NORTE
00-01-0205-45,01-01-0044,CIUDAD CAPITAL,ZONA 1,"INSTITUTO NACIONAL DE EDUCACIÓN BÁSICA ADSCRITO AL INSTITUTO NORMAL CENTRAL PARA SEÑORITAS ""BELEN""",11 AVENIDA 12-20,22321609,MARIANO DOMINGO ESTRADA TELETOR,ELSA CORALIA LEÓN BARRIOS,BASICO,OFICIAL,URBANA,ABIERTA,MONOLINGUE,MATUTINA,DIARIO(REGULAR),GUATEMALA NORTE
00-01-0205-46,01-01-0044,CIUDAD CAPITAL,ZONA 1,"INSTITUTO NORMAL CENTRAL PARA SEÑORITAS ""BELEN""",11 AVE. 12-20,22329609,MARIANO DOMINGO ESTRADA TELETOR,ELSA CORALIA LEÓN BARRIOS,DIVERSIFICADO,OFICIAL,URBANA,ABIERTA,MONOLINGUE,MATUTINA,DIARIO(REGULAR),GUATEMALA NORTE
00-01-0206-45,01-01-0048,CIUDAD CAPITAL,ZONA 1,INEB ADSCRITO INSTITUTO RAFAEL AQUECHE,"9A CALLE 2-36,",22326422,AMADO SALOMON FLORES PEREZ,EVA ANGELINA RAMIREZ IXCAMPARIJ DE RAMÍREZ,BASICO,OFICIAL,URBANA,ABIERTA,MONOLINGUE,MATUTINA,DIARIO(REGULAR),GUATEMALA NORTE
00-01-0206-46,01-01-0048,CIUDAD CAPITAL,ZONA 1,INSTITUTO NORMAL MIXTO RAFAEL AQUECHE,"9A CALLE 2-36,",22326422,AMADO SALOMON FLORES PEREZ,EVA ANGELINA RAMIREZ IXCAMPARIJ DE RAMÍREZ,DIVERSIFICADO,OFICIAL,URBANA,ABIERTA,MONOLINGUE,MATUTINA,DIARIO(REGULAR),GUATEMALA NORTE
00-01-0207-45,01-01-0048,CIUDAD CAPITAL,ZONA 1,INEB ADSCRITO INSTITUTO NORMAL MIXTO ¨RAFAEL AQUECHE¨,9A CALLE 2-36,22533274,AMADO SALOMON FLORES PEREZ,FREDY AMILCAR CRUZ,BASICO,OFICIAL,URBANA,ABIERTA,MONOLINGUE,VESPERTINA,DIARIO(REGULAR),GUATEMALA NORTE
00-01-0207-46,01-01-0048,CIUDAD CAPITAL,ZONA 1,INSTITUTO NORMAL MIXTO RAFAEL AQUECHE,9A CALLE 2-36,22533274,AMADO SALOMON FLORES PEREZ,FREDY AMILCAR CRUZ,DIVERSIFICADO,OFICIAL,URBANA,ABIERTA,MONOLINGUE,VESPERTINA,DIARIO(REGULAR),GUATEMALA NORTE
00-01-0208-45,01-01-0033,CIUDAD CAPITAL,ZONA 1,INSTITUTO NACIONAL DE EDUCACIÓN BÁSICA ADSCRITO AL INSTITUTO NORMAL MIXTO NOCTURNO,9A AVE. 9-27,41302287,CARLOS HUMBERTO GONZALEZ DE LEON,GLADYS MAGALI BAQUIAX LÓPEZ,BASICO,OFICIAL,URBANA,ABIERTA,MONOLINGUE,NOCTURNA,DIARIO(REGULAR),GUATEMALA NORTE
00-01-0208-46,01-01-0033,CIUDAD CAPITAL,ZONA 1,INSTITUTO NORMAL MIXTO NOCTURNO,9A AVE. 9-27,40153966,CARLOS HUMBERTO GONZALEZ DE LEON,GLADYS MAGALI BAQUIAX LÓPEZ,DIVERSIFICADO,OFICIAL,URBANA,ABIERTA,MONOLINGUE,NOCTURNA,DIARIO(REGULAR),GUATEMALA NORTE
00-01-0209-45,01-01-0030,CIUDAD CAPITAL,ZONA 1,IPVB COLEGIO PARROQUIAL DEL CALVARIO  MATEO PERRONE,6A. AVENIDA 18-23,23120655,NORMA ARACELY PALOMO FRANCO DE DÍAZ,CARLOS  MUÑOZ CASTILLO,BASICO,PRIVADO,URBANA,ABIERTA,MONOLINGUE,MATUTINA,DIARIO(REGULAR),GUATEMALA NORTE
00-01-0209-46,01-304,CIUDAD CAPITAL,ZONA 1,COLEGIO PARROQUIAL DEL CALVARIO MATEO PERRONE,6A AVE. 18-23,22322912,AMADO SALOMON FLORES PEREZ,---,DIVERSIFICADO,PRIVADO,URBANA,CERRADA TEMPORALMENTE,MONOLINGUE,MATUTINA,DIARIO(REGULAR),GUATEMALA NORTE
00-01-0210-45,01-01-0028,CIUDAD CAPITAL,ZONA 1,COLEGIO CATOLICO  SAN PABLO,14 CALLE  A  2-41,22383007,AMADO SALOMON FLORES PEREZ,EDGAR VINICIO PALENCIA PACHECO,BASICO,PRIVADO,URBANA,ABIERTA,MONOLINGUE,MATUTINA,DIARIO(REGULAR),GUATEMALA NORTE
00-01-0210-46,01-01-0028,CIUDAD CAPITAL,ZONA 1,COLEGIO CATOLICO  SAN PABLO,14 CALLE  A  2-41,22383007,AMADO SALOMON FLORES PEREZ,EDGAR VINICIO PALENCIA PACHECO,DIVERSIFICADO,PRIVADO,URBANA,ABIERTA,MONOLINGUE,MATUTINA,DIARIO(REGULAR),GUATEMALA NORTE
00-01-0211-45,01-01-0031,CIUDAD CAPITAL,ZONA 1,COLEGIO PARA VARONES  SAN SEBASTIAN,2A CALLE 6-56,22100000,LUDIBEL AMARILIS GALICIA DE FLORES,EDGAR ROLANDO MARROQUÍN AMADO,BASICO,PRIVADO,URBANA,ABIERTA,MONOLINGUE,MATUTINA,DIARIO(REGULAR),GUATEMALA NORTE
00-01-0211-46,01-303,CIUDAD CAPITAL,ZONA 1,COLEGIO PARA VARONES  SAN SEBASTIAN,2A CALLE 6-56,22536602,GLORIA GABRIELA LARIOS GARCÍA,ROLANDO MARROQUIN TANCHEZ,DIVERSIFICADO,PRIVADO,URBANA,CERRADA TEMPORALMENTE,MONOLINGUE,DOBLE,DIARIO(REGULAR),GUATEMALA NORTE
00-01-0212-45,01-01-0030,CIUDAD CAPITAL,ZONA 1,"COLEGIO  SALESIANO ""DON BOSCO""",26 CALLE 2-46 GUATEMALA,22465117,NORMA ARACELY PALOMO FRANCO DE DÍAZ,JÉSSICA BHETZABÉ URETA DE LEÓN,BASICO,PRIVADO,URBANA,ABIERTA,MONOLINGUE,MATUTINA,DIARIO(REGULAR),GUATEMALA NORTE
00-01-0212-46,01-01-0030,CIUDAD CAPITAL,ZONA 1,"COLEGIO  SALESIANO ""DON BOSCO""",26 CALLE 2-46 GUATEMALA,22465117,NORMA ARACELY PALOMO FRANCO DE DÍAZ,JÉSSICA BHETZABÉ URETA DE LEÓN,DIVERSIFICADO,PRIVADO,URBANA,ABIERTA,MONOLINGUE,MATUTINA,DIARIO(REGULAR),GUATEMALA NORTE
00-01-0213-45,01-318,CIUDAD CAPITAL,ZONA 1,LICEO  SAN ANTONIO,2A. AVENIDA 2-13,22201482,SANDRA CAROLINA PÉREZ DONDIEGO DE CHOC,IRMA LETICIA BOLAÑOS SAMAYOA,BASICO,PRIVADO,URBANA,CERRADA DEFINITIVAMENTE,MONOLINGUE,MATUTINA,DIARIO(REGULAR),GUATEMALA NORTE
00-01-0214-45,,CIUDAD CAPITAL,ZONA 1,IPVB 'SAN JOSE DE LOS INFANTES',7A AVE. 6-73,22382935,,,BASICO,PRIVADO,URBANA,CERRADA DEFINITIVAMENTE,MONOLINGUE,VESPERTINA,DIARIO(REGULAR),GUATEMALA NORTE
00-01-0214-46,,CIUDAD CAPITAL,ZONA 1,INSTITUTO DE EDUCACION DIVERSIFICADA COLEGIO 'SAN JOSE DE LOS INFANTES',7A AVE. 6-73,22382935,,,DIVERSIFICADO,PRIVADO,URBANA,CERRADA DEFINITIVAMENTE,MONOLINGUE,VESPERTINA,DIARIO(REGULAR),GUATEMALA NORTE
00-01-0215-45,,CIUDAD CAPITAL,ZONA 1,IPSB COLEGIO 'SUPERIOR GUATEMALTECO',13 CALLE 10-38,22322931,,,BASICO,PRIVADO,URBANA,CERRADA DEFINITIVAMENTE,MONOLINGUE,MATUTINA,DIARIO(REGULAR),GUATEMALA NORTE
00-01-0215-46,01-,CIUDAD CAPITAL,ZONA 1,INSTITUTO PRIVADO PARA SEÑORTIAS DE EDUCACION DIVERSIFICADA COLEGIO  SUPERIOR GUATEMALTECO,13 CALLE 10-38,22322931,MARIA FELICITA ROQUE CARRERA,,DIVERSIFICADO,PRIVADO,URBANA,CERRADA DEFINITIVAMENTE,MONOLINGUE,MATUTINA,DIARIO(REGULAR),GUATEMALA NORTE
00-01-0216-45,01-01-0038,CIUDAD CAPITAL,ZONA 1,LICEO TECNOLÓGICO GUATEMALA DE LA ASUNCIÓN,3A. CALLE 7-64,54452951,CARLOS HUMBERTO GONZALEZ DE LEON,ELUBIA ANAYTE SIGUENZA MONTERROSO,BASICO,PRIVADO,URBANA,ABIERTA,MONOLINGUE,DOBLE,FIN DE SEMANA,GUATEMALA NORTE
00-01-0217-45,,CIUDAD CAPITAL,ZONA 1,INSTITUTO 'BILINGUE GUATEMALTECO',6A AVE. 2-34,22516977,,,BASICO,PRIVADO,URBANA,CERRADA TEMPORALMENTE,MONOLINGUE,VESPERTINA,DIARIO(REGULAR),GUATEMALA NORTE
00-01-0217-46,,CIUDAD CAPITAL,ZONA 1,INSTITUTO PRIVADO PARA SEÑORITAS DE EDUCACION DIVERSIFICADA 'BILINGUE GUATEMALTECO',6A AVE. 2-34,22534855,,,DIVERSIFICADO,PRIVADO,URBANA,CERRADA DEFINITIVAMENTE,MONOLINGUE,MATUTINA,DIARIO(REGULAR),GUATEMALA NORTE
00-01-0218-46,01-01-0038,CIUDAD CAPITAL,ZONA 1,LICEO TECNOLOGICO GUATEMALA DE LA ASUNCION,3A. CALLE 7-64,54452951,CARLOS HUMBERTO GONZALEZ DE LEON,ELUBIA ANAYTE SIGUENZA MONTERROSO,DIVERSIFICADO,PRIVADO,URBANA,ABIERTA,MONOLINGUE,DOBLE,FIN DE SEMANA,GUATEMALA NORTE
00-01-0219-45,01-312,CIUDAD CAPITAL,ZONA 1,CENTRO DE ESTUDIOS SECRETARIALES 'WILBRIGDE',8A CALLE 2-40,22324201,AMADO  SALOMON FLORES PEREZ,,BASICO,PRIVADO,URBANA,CERRADA TEMPORALMENTE,MONOLINGUE,MATUTINA,DIARIO(REGULAR),GUATEMALA NORTE
00-01-0219-46,01-01-0048,CIUDAD CAPITAL,ZONA 1,CENTRO DE ESTUDIOS WINBRIDGE,8A CALLE 2-40,22146400,AMADO SALOMON FLORES PEREZ,GILDA NOEMÍ SOSA HURTADO,DIVERSIFICADO,PRIVADO,URBANA,ABIERTA,MONOLINGUE,MATUTINA,DIARIO(REGULAR),GUATEMALA NORTE
00-01-0220-45,01-01-0040,CIUDAD CAPITAL,ZONA 1,IPSB 'LICEO FRANCES',5A AVE. 9-80,22325538,AMADO SALOMON FLORES PEREZ,ANA MARIA ESTRADA RAMIREZ,BASICO,PRIVADO,URBANA,ABIERTA,MONOLINGUE,MATUTINA,DIARIO(REGULAR),GUATEMALA NORTE
00-01-0220-46,01-01-0040,CIUDAD CAPITAL,ZONA 1,"LICEO "" FRANCES """,5A AVE. 9-80,22325538,AMADO SALOMON FLORES PEREZ,ANA MARIA ESTRADA RAMIREZ,DIVERSIFICADO,PRIVADO,URBANA,ABIERTA,MONOLINGUE,MATUTINA,DIARIO(REGULAR),GUATEMALA NORTE
00-01-0221-45,01-317,CIUDAD CAPITAL,ZONA 1,"IPSB ""NUESTRA SEÑORA DEL CARMEN""",11 AV. 3-17,22325399,MARIANO DOMINGO ESTRADA TELETOR,MARLEN ROSSANA MORALES PÉREZ,BASICO,PRIVADO,URBANA,CERRADA TEMPORALMENTE,MONOLINGUE,MATUTINA,DIARIO(REGULAR),GUATEMALA NORTE
00-01-0222-45,01-01-0035,CIUDAD CAPITAL,ZONA 1,"COLEGIO ""SANTA MONICA""",10A CALLE 11-41,22329121,NORMA ARACELY PALOMO FRANCO DE DÍAZ,MARTHA MIRIELA LEMUS AROCHE,BASICO,PRIVADO,URBANA,ABIERTA,MONOLINGUE,MATUTINA,DIARIO(REGULAR),GUATEMALA NORTE
00-01-0222-46,01-01-0035,CIUDAD CAPITAL,ZONA 1,"COLEGIO ""SANTA MONICA""",10A CALLE 11-41,22329121,NORMA ARACELY PALOMO FRANCO DE DÍAZ,MARTHA MIRIELA LEMUS AROCHE,DIVERSIFICADO,PRIVADO,URBANA,ABIERTA,MONOLINGUE,MATUTINA,DIARIO(REGULAR),GUATEMALA NORTE
00-01-0223-45,01-01-0028,CIUDAD CAPITAL,ZONA 1,COLEGIO EL ROSARIO,15 CALLE  A  2-74,22320361,AMADO SALOMON FLORES PEREZ,TERESITA BEATRIZ HARANZEN QUINTEROS,BASICO,PRIVADO,URBANA,ABIERTA,MONOLINGUE,MATUTINA,DIARIO(REGULAR),GUATEMALA NORTE
00-01-0223-46,01-01-0028,CIUDAD CAPITAL,ZONA 1,COLEGIO 'EL ROSARIO',15 CALLE 'A' 2-74,22320361,AMADO SALOMON FLORES PEREZ,TERESITA BEATRIZ HARANZEN QUINTEROS,DIVERSIFICADO,PRIVADO,URBANA,ABIERTA,MONOLINGUE,MATUTINA,DIARIO(REGULAR),GUATEMALA NORTE
00-01-0224-45,01-312,CIUDAD CAPITAL,ZONA 1,COLEGIO 'EUROPEO',11 CALLE 3-38,22325512,AMADO  SALOMON FLORES PEREZ,---,BASICO,PRIVADO,URBANA,CERRADA TEMPORALMENTE,MONOLINGUE,MATUTINA,DIARIO(REGULAR),GUATEMALA NORTE
00-01-0224-46,01-312,CIUDAD CAPITAL,ZONA 1,INSTITUTO DE EDUCACION DIVERSIFICADA COLEGIO 'EUROPEO',11 CALLE 3-38,22325512,AMADO  SALOMON FLORES PEREZ,---,DIVERSIFICADO,PRIVADO,URBANA,CERRADA TEMPORALMENTE,MONOLINGUE,MATUTINA,DIARIO(REGULAR),GUATEMALA NORTE
00-01-0225-45,01-01-0035,CIUDAD CAPITAL,ZONA 1,COLEGIO 'COMERCIAL GUATEMALTECO',10A CALLE 11-44,22534824,NORMA ARACELY PALOMO FRANCO DE DÍAZ,CHARLOTTE ANN AFRE PYATT,BASICO,PRIVADO,URBANA,ABIERTA,MONOLINGUE,MATUTINA,DIARIO(REGULAR),GUATEMALA NORTE
00-01-0225-46,01-01-0035,CIUDAD CAPITAL,ZONA 1,COLEGIO COMERCIAL GUATEMALTECO,10A CALLE 11-44,22534824,NORMA ARACELY PALOMO FRANCO DE DÍAZ,CHARLOTTE ANN AFRE PYATT,DIVERSIFICADO,PRIVADO,URBANA,ABIERTA,MONOLINGUE,MATUTINA,DIARIO(REGULAR),GUATEMALA NORTE
00-01-0226-45,01-01-0044,CIUDAD CAPITAL,ZONA 1,COLEGIO BELGA GUATEMALTECO,9A CALLE 10-38,23148300,MARIANO DOMINGO ESTRADA TELETOR,DULCE MARÍA CHÁVEZ MELCHOR,BASICO,PRIVADO,URBANA,ABIERTA,MONOLINGUE,MATUTINA,DIARIO(REGULAR),GUATEMALA NORTE
00-01-0226-46,01-01-0044,CIUDAD CAPITAL,ZONA 1,COLEGIO  BELGA  GUATEMALTECO,9A CALLE 10-38,23148300,MARIANO DOMINGO ESTRADA TELETOR,MARÍA TERESA RIVERA CASTILLO,DIVERSIFICADO,PRIVADO,URBANA,ABIERTA,MONOLINGUE,MATUTINA,DIARIO(REGULAR),GUATEMALA NORTE
00-01-0227-45,01-317,CIUDAD CAPITAL,ZONA 1,"COLEGIO DE SEÑORITAS  ""EL SAGRADO CORAZON""",9A AVE. 13-57,24237900,MARIANO DOMINGO ESTRADA TELETOR,FLOR DE MARÍA MEDINA ESTRADA,BASICO,PRIVADO,URBANA,CERRADA TEMPORALMENTE,MONOLINGUE,MATUTINA,DIARIO(REGULAR),GUATEMALA NORTE
00-01-0227-46,01-317,CIUDAD CAPITAL,ZONA 1,"COLEGIO DE SEÑORITAS ""EL SAGRADO CORAZÓN""",9A. AVENIDA 13-57,24237900,MARIANO DOMINGO ESTRADA TELETOR,FLOR DE MARÍA MEDINA ESTRADA,DIVERSIFICADO,PRIVADO,URBANA,CERRADA TEMPORALMENTE,MONOLINGUE,MATUTINA,DIARIO(REGULAR),GUATEMALA NORTE
00-01-0228-45,01-312,CIUDAD CAPITAL,ZONA 1,'LICEO MODERNO',13 CALLE 2-74,22327624,AMADO  SALOMON FLORES PEREZ,,BASICO,PRIVADO,URBANA,CERRADA TEMPORALMENTE,MONOLINGUE,MATUTINA,DIARIO(REGULAR),GUATEMALA NORTE
00-01-0228-46,01-312,CIUDAD CAPITAL,ZONA 1,LICEO MODERNO,13 CALLE 2-74,22327624,AMADO  SALOMON FLORES PEREZ,-----------,DIVERSIFICADO,PRIVADO,URBANA,CERRADA TEMPORALMENTE,MONOLINGUE,MATUTINA,DIARIO(REGULAR),GUATEMALA NORTE
00-01-0229-45,01-316,CIUDAD CAPITAL,ZONA 1,COLEGIO MIXTO NOCTURNO 'MAESTRO AMIGO',8A CALLE 0-41,22516034,LILIAN YOLANDA RODRIGUEZ PINTO DE CASTRO,,BASICO,PRIVADO,URBANA,CERRADA DEFINITIVAMENTE,MONOLINGUE,NOCTURNA,DIARIO(REGULAR),GUATEMALA NORTE
00-01-0229-46,01-316,CIUDAD CAPITAL,ZONA 1,INSTITUTO PRIVADO PARA SEÑORITAS DE EDUCACION DIVERSIFICADA COLEGIO  SANTA MARGARITA,8A CALLE 0-41,22516034,LILIAN YOLANDA RODRIGUEZ PINTO DE CASTRO,---,DIVERSIFICADO,PRIVADO,URBANA,CERRADA TEMPORALMENTE,MONOLINGUE,MATUTINA,DIARIO(REGULAR),GUATEMALA NORTE
00-01-0230-45,01-305,CIUDAD CAPITAL,ZONA 1,INSTITUTO 'BILINGUE GUATEMALTECO',6A AVE. 2-34,22381144,CELESTINA  ARLETTY HERNÁNDEZ AGUILAR,,BASICO,PRIVADO,URBANA,CERRADA DEFINITIVAMENTE,MONOLINGUE,MATUTINA,DIARIO(REGULAR),GUATEMALA NORTE
00-01-0230-46,01-305,CIUDAD CAPITAL,ZONA 1,INSTITUTO PRIVADO PARA SEÑORITAS DE EDUCACION DIVERSIFICADA BILINGUE GUATEMALTECO,6A AVE. 2-34,22381144,CELESTINA  ARLETTY HERNÁNDEZ AGUILAR,--------,DIVERSIFICADO,PRIVADO,URBANA,CERRADA TEMPORALMENTE,MONOLINGUE,MATUTINA,DIARIO(REGULAR),GUATEMALA NORTE
00-01-0231-45,01-305,CIUDAD CAPITAL,ZONA 1,COLEGIO TECNICO COMERCIAL NAHUALA,3A. AVENIDA 13-23,22329664,CELESTINA  ARLETTY HERNÁNDEZ AGUILAR,OVIDIO LISANDRO OROZCO LOPEZ,BASICO,PRIVADO,URBANA,CERRADA TEMPORALMENTE,MONOLINGUE,MATUTINA,DIARIO(REGULAR),GUATEMALA NORTE
00-01-0232-45,01-307,CIUDAD CAPITAL,ZONA 1,IPMB COLEGIO 'EL PATRIARCA SAN JOSE',12 CALLE A 11-26,22327921,NORMA ARACELY PALOMO FRANCO DE DIAZ,,BASICO,PRIVADO,URBANA,CERRADA TEMPORALMENTE,MONOLINGUE,MATUTINA,DIARIO(REGULAR),GUATEMALA NORTE
00-01-0233-45,,CIUDAD CAPITAL,ZONA 1,CENTRO EDUCATIVO PARA ADULTOS 'EL SEMBRADOR' (DOMINICAL),12 CALLE 3-60,22325044,,,BASICO,PRIVADO,URBANA,CERRADA TEMPORALMENTE,MONOLINGUE,MATUTINA,DOMINICAL,GUATEMALA NORTE
00-01-0234-45,,CIUDAD CAPITAL,ZONA 1,IPMB DE COSMETOLOGIA 'LUIS FERMAN',4A CALLE 5-32,22380606,,,BASICO,PRIVADO,URBANA,CERRADA TEMPORALMENTE,MONOLINGUE,MATUTINA,DIARIO(REGULAR),GUATEMALA NORTE
00-01-0234-46,,CIUDAD CAPITAL,ZONA 1,INSTITUTO PRIVADO MIXTO DE EDUCACION DIVERSIFICADA DE COSMETOLOGIA 'LUIS FERMAN',4A CALLE 5-32,22380606,,,DIVERSIFICADO,PRIVADO,URBANA,CERRADA TEMPORALMENTE,MONOLINGUE,MATUTINA,DIARIO(REGULAR),GUATEMALA NORTE
00-01-0235-45,,CIUDAD CAPITAL,ZONA 1,IPMB PSICOPEDAGOGICO DE GUATEMALA 'JOSE MARIA VALERO',15 CALLE 1-19,22322811,,,BASICO,PRIVADO,URBANA,CERRADA DEFINITIVAMENTE,MONOLINGUE,MATUTINA,DIARIO(REGULAR),GUATEMALA NORTE
00-01-0235-46,01-102,CIUDAD CAPITAL,ZONA 1,INSTITUTO DE EDUCACION DIVERSIFICADA PSICOPEDAGOGICO DE GUATEMALA JOSE MARIA VALERO,15 CALLE 1-19,22322811,ZIZI ARELY LOPEZ CHINCHILLA,,DIVERSIFICADO,PRIVADO,URBANA,TEMPORAL TITULOS,MONOLINGUE,MATUTINA,DIARIO(REGULAR),GUATEMALA NORTE
00-01-0236-45,01-312,CIUDAD CAPITAL,ZONA 1,IPMB LICEO IBERO GUATEMALTECO,7A AVE.3-75,22519212,AMADO  SALOMON FLORES PEREZ,EDNA ALICIA MONTIEL CUSTODIO,BASICO,PRIVADO,URBANA,CERRADA TEMPORALMENTE,MONOLINGUE,MATUTINA,DIARIO(REGULAR),GUATEMALA NORTE
00-01-0236-46,01-312,CIUDAD CAPITAL,ZONA 1,INSTITUTO DE EDUCACION DIVERSIFICADA  LICEO IBERO GUATEMALTECO,7A AVE. 3-75,22519212,AMADO  SALOMON FLORES PEREZ,EDNA ALICIA MONTIEL CUSTODIO,DIVERSIFICADO,PRIVADO,URBANA,CERRADA TEMPORALMENTE,MONOLINGUE,MATUTINA,DIARIO(REGULAR),GUATEMALA NORTE
00-01-0237-45,,CIUDAD CAPITAL,ZONA 1,IPMB 'LEONARDO DE PISA',15 CALLE 1-05,22329970,,,BASICO,PRIVADO,URBANA,CERRADA TEMPORALMENTE,MONOLINGUE,MATUTINA,DIARIO(REGULAR),GUATEMALA NORTE
00-01-0237-46,,CIUDAD CAPITAL,ZONA 1,INSTITUTO DE EDUCACION DIVERSIFICADA 'LEONARDO DE PISA',15 CALLE 1-05,22327965,,,DIVERSIFICADO,PRIVADO,URBANA,CERRADA TEMPORALMENTE,MONOLINGUE,MATUTINA,DIARIO(REGULAR),GUATEMALA NORTE
00-01-0238-45,01-01-0032,CIUDAD CAPITAL,ZONA 1,INSTITUTO TECNOLÓGICO DE COMPUTACION  I.T.C.,2A CALLE 11-65,22200060,LUDIBEL AMARILIS GALICIA DE FLORES,DULCE MARÍA CHINCHILLA GODOY,BASICO,PRIVADO,URBANA,ABIERTA,MONOLINGUE,MATUTINA,DIARIO(REGULAR),GUATEMALA NORTE
00-01-0238-46,01-01-0032,CIUDAD CAPITAL,ZONA 1,INSTITUTO  TECNOLÓGICO DE COMPUTACION  I.T.C.,2A CALLE 11-65,22200060,LUDIBEL AMARILIS GALICIA DE FLORES,DULCE MARÍA CHINCHILLA GODOY,DIVERSIFICADO,PRIVADO,URBANA,ABIERTA,MONOLINGUE,MATUTINA,DIARIO(REGULAR),GUATEMALA NORTE
00-01-0239-45,01-317,CIUDAD CAPITAL,ZONA 1,IPMB LICEO DE COMPUTACION  (C.S.S.),11 CALLE 9-62,22517771,MARIANO DOMINGO ESTRADA TELETOR,NORMA LUCRECIA CÓRDOVA HEREDIA,BASICO,PRIVADO,URBANA,CERRADA TEMPORALMENTE,MONOLINGUE,MATUTINA,DIARIO(REGULAR),GUATEMALA NORTE
00-01-0240-45,01-01-0048,CIUDAD CAPITAL,ZONA 1,IPMB RAFAEL LANDIVAR,8A CALLE 2-46,22500132,AMADO SALOMON FLORES PEREZ,DORA BEATRIZ CASTILLO DE LA CRUZ,BASICO,PRIVADO,URBANA,ABIERTA,MONOLINGUE,MATUTINA,DIARIO(REGULAR),GUATEMALA NORTE
00-01-0240-46,01-01-0048,CIUDAD CAPITAL,ZONA 1,INSTITUTO DE EDUCACION DIVERSIFICADA  RAFAEL LANDIVAR,8A CALLE 2-46,22500132,AMADO SALOMON FLORES PEREZ,DORA BEATRIZ CASTILLO DE LA CRUZ,DIVERSIFICADO,PRIVADO,URBANA,ABIERTA,MONOLINGUE,MATUTINA,DIARIO(REGULAR),GUATEMALA NORTE
00-01-0241-45,01-305,CIUDAD CAPITAL,ZONA 1,IPMB COLEGIO 'LA ENSEÑANZA',5A CALLE 9-28,53904905,CELESTINA  ARLETTY HERNÁNDEZ AGUILAR,,BASICO,PRIVADO,URBANA,CERRADA TEMPORALMENTE,MONOLINGUE,MATUTINA,DIARIO(REGULAR),GUATEMALA NORTE
00-01-0241-46,01-305,CIUDAD CAPITAL,ZONA 1,INSTITUTO PRIVADO MIXTO DE EDUCACION DIVERSIFICADA COLEGIO  LA ENSEÑANZA,5A CALLE 9-28,53904905,CELESTINA  ARLETTY HERNÁNDEZ AGUILAR,--------------,DIVERSIFICADO,PRIVADO,URBANA,CERRADA TEMPORALMENTE,MONOLINGUE,MATUTINA,DIARIO(REGULAR),GUATEMALA NORTE
00-01-0242-45,,CIUDAD CAPITAL,ZONA 1,IPMB COLEGIO 'HISPANO AMERICANO',9A AVE. 11-35,22517807,,,BASICO,PRIVADO,URBANA,CERRADA DEFINITIVAMENTE,MONOLINGUE,MATUTINA,DIARIO(REGULAR),GUATEMALA NORTE
00-01-0242-46,99-001,CIUDAD CAPITAL,ZONA 1,INSTITUTO PRIVADO MIXTO DE EDUCACION DIVERSIFICADA COLEGIO HISPANO AMERICANO,9A AVE. 11-35,22517807,SILVIA EUGENIA VALDEZ MONTERROSO DE CARBALLO,,DIVERSIFICADO,PRIVADO,URBANA,CERRADA DEFINITIVAMENTE,MONOLINGUE,MATUTINA,DIARIO(REGULAR),GUATEMALA NORTE
00-01-0243-45,01-01-0035,CIUDAD CAPITAL,ZONA 1,CENTRO EDUCACIONAL MIXTO PRIVADO  KINGSTON,8A CALLE 12-46,22320683,NORMA ARACELY PALOMO FRANCO DE DÍAZ,PATRICIA LORENA LIDIA GIDI DAVID,BASICO,PRIVADO,URBANA,ABIERTA,MONOLINGUE,MATUTINA,DIARIO(REGULAR),GUATEMALA NORTE
00-01-0243-46,01-01-0035,CIUDAD CAPITAL,ZONA 1,CENTRO EDUCACIONAL MIXTO PRIVADO  KINGSTON,8A CALLE 12-46,22320683,NORMA ARACELY PALOMO FRANCO DE DÍAZ,PATRICIA LORENA LIDIA GIDI DAVID,DIVERSIFICADO,PRIVADO,URBANA,ABIERTA,MONOLINGUE,MATUTINA,DIARIO(REGULAR),GUATEMALA NORTE
00-01-0244-45,99-001,CIUDAD CAPITAL,ZONA 1,INSTITUTO PARTICULAR MIXTO 'DIEGUEZ OLAVERRI',12 CALLE 2-31,22535170,SILVIA EUGENIA VALDEZ MONTERROSO DE CARBALLO,,BASICO,PRIVADO,URBANA,CERRADA DEFINITIVAMENTE,MONOLINGUE,MATUTINA,DIARIO(REGULAR),GUATEMALA NORTE
00-01-0244-46,01-102,CIUDAD CAPITAL,ZONA 1,INSTITUTO PARTICULAR MIXTO DIEGUEZ OLAVERRI,12 CALLE 2-31,22535170,ZIZI ARELY LOPEZ CHINCHILLA,----,DIVERSIFICADO,PRIVADO,URBANA,CERRADA TEMPORALMENTE,MONOLINGUE,MATUTINA,DIARIO(REGULAR),GUATEMALA NORTE
00-01-0245-45,,CIUDAD CAPITAL,ZONA 1,IPMB DE EDUCACION INTEGRAL 'PAIDOS',11 CALLE 11-28,22322937,,,BASICO,PRIVADO,URBANA,CERRADA DEFINITIVAMENTE,MONOLINGUE,MATUTINA,DIARIO(REGULAR),GUATEMALA NORTE
00-01-0245-46,99-001,CIUDAD CAPITAL,ZONA 1,INSTITUTO DE EDUCACION DIVERSIFICADA DE EDUCACION INTEGRAL  PAIDOS,11 CALLE 11-28,22322937,SILVIA EUGENIA VALDEZ MONTERROSO DE CARBALLO,--------------,DIVERSIFICADO,PRIVADO,URBANA,CERRADA TEMPORALMENTE,MONOLINGUE,MATUTINA,DIARIO(REGULAR),GUATEMALA NORTE
00-01-0246-45,,CIUDAD CAPITAL,ZONA 1,IPMB COLEGIO BILINGUE 'COLONIAL DE GUATEMALA',6A AVE. 1-73,22322807,,,BASICO,PRIVADO,URBANA,CERRADA DEFINITIVAMENTE,MONOLINGUE,MATUTINA,DIARIO(REGULAR),GUATEMALA NORTE
00-01-0246-46,01-101,CIUDAD CAPITAL,ZONA 1,INSTITUTO PRIVADO MIXTO DE EDUCACION DIVERSIFICADA COLEGIO BILINGUE COLONIAL DE GUATEMALA,6A AVE. 1-73,22322807,YENI XIOMARA CRÚZ SARCEÑO,-----,DIVERSIFICADO,PRIVADO,URBANA,CERRADA DEFINITIVAMENTE,MONOLINGUE,MATUTINA,DIARIO(REGULAR),GUATEMALA NORTE
00-01-0247-45,01-317,CIUDAD CAPITAL,ZONA 1,"INSTITUTO PARTICULAR MIXTO ""JOSÉ MARTÍ""",8A CALLE 12-41,22539053,MARIANO DOMINGO ESTRADA TELETOR,REGINA CORALIA GARCÍA CONTRERAS,BASICO,PRIVADO,URBANA,CERRADA TEMPORALMENTE,MONOLINGUE,MATUTINA,DIARIO(REGULAR),GUATEMALA NORTE
00-01-0247-46,01-317,CIUDAD CAPITAL,ZONA 1,INSTITUTO PARTICULAR MIXTO JOSE MARTI,8A CALLE 12-41,22539053,MARIANO DOMINGO ESTRADA TELETOR,REGINA CORALIA GARCÍA CONTRERAS,DIVERSIFICADO,PRIVADO,URBANA,CERRADA TEMPORALMENTE,MONOLINGUE,MATUTINA,DIARIO(REGULAR),GUATEMALA NORTE
00-01-0248-45,01-01-0035,CIUDAD CAPITAL,ZONA 1,COLEGIO EL CAMINO,10A CALLE 11-46,22511273,NORMA ARACELY PALOMO FRANCO DE DÍAZ,RAFAELA AMANDA VERONICA GODOY GONZALEZ,BASICO,PRIVADO,URBANA,ABIERTA,MONOLINGUE,MATUTINA,DIARIO(REGULAR),GUATEMALA NORTE
00-01-0248-46,01-312,CIUDAD CAPITAL,ZONA 1,COLEGIO  EL CAMINO,10A CALLE 11-46,22511273,AMADO  SALOMON FLORES PEREZ,ALAN JEFFREY BRENNER SANTIZO,DIVERSIFICADO,PRIVADO,URBANA,CERRADA TEMPORALMENTE,MONOLINGUE,MATUTINA,DIARIO(REGULAR),GUATEMALA NORTE
00-01-0249-45,01-01-0035,CIUDAD CAPITAL,ZONA 1,LICEO MONTESSORI,7A CALLE 12-51,22305869,NORMA ARACELY PALOMO FRANCO DE DÍAZ,KAREN DIANNÉ SIERRA PAREDES,BASICO,PRIVADO,URBANA,ABIERTA,MONOLINGUE,MATUTINA,DIARIO(REGULAR),GUATEMALA NORTE
00-01-0249-46,01-01-0035,CIUDAD CAPITAL,ZONA 1,LICEO MONTESSORI,7A CALLE 12-51,22536087,NORMA ARACELY PALOMO FRANCO DE DÍAZ,KAREN DIANNÉ SIERRA PAREDES,DIVERSIFICADO,PRIVADO,URBANA,ABIERTA,MONOLINGUE,MATUTINA,DIARIO(REGULAR),GUATEMALA NORTE
00-01-0250-45,,CIUDAD CAPITAL,ZONA 1,IPMB 'MONTSERRAT',15 AVE. 2-63,22530372,,,BASICO,PRIVADO,URBANA,CERRADA TEMPORALMENTE,MONOLINGUE,MATUTINA,DIARIO(REGULAR),GUATEMALA NORTE
00-01-0250-46,99-001,CIUDAD CAPITAL,ZONA 1,COLEGIO MIXTO MONTSERRAT,15 AVE. 2-63,22530372,SILVIA EUGENIA VALDEZ MONTERROSO DE CARBALLO,,DIVERSIFICADO,PRIVADO,URBANA,CERRADA TEMPORALMENTE,MONOLINGUE,MATUTINA,DIARIO(REGULAR),GUATEMALA NORTE
00-01-0251-45,01-01-0044,CIUDAD CAPITAL,ZONA 1,LICEO MERCANTIL,12 AVE. 12-31,22384330,MARIANO DOMINGO ESTRADA TELETOR,BRENDA SOFIA SOTO MIRANDA,BASICO,PRIVADO,URBANA,ABIERTA,MONOLINGUE,MATUTINA,DIARIO(REGULAR),GUATEMALA NORTE
00-01-0251-46,01-01-0044,CIUDAD CAPITAL,ZONA 1,LICEO MERCANTIL,12 AVE. 12-31,22384330,MARIANO DOMINGO ESTRADA TELETOR,BRENDA SOFIA SOTO MIRANDA,DIVERSIFICADO,PRIVADO,URBANA,ABIERTA,MONOLINGUE,MATUTINA,DIARIO(REGULAR),GUATEMALA NORTE
00-01-0252-45,01-307,CIUDAD CAPITAL,ZONA 1,IPMB LICEO SAN VICENTE DE PAUL,3A CALLE 17-45,22517405,NORMA ARACELY PALOMO FRANCO DE DIAZ,,BASICO,PRIVADO,URBANA,CERRADA DEFINITIVAMENTE,MONOLINGUE,MATUTINA,DIARIO(REGULAR),GUATEMALA NORTE
00-01-0252-46,01-307,CIUDAD CAPITAL,ZONA 1,INSTITUTO DE EDUCACION DIVERSIFICADA  LICEO SAN VICENTE DE PAUL,3A CALLE 17-45,22517405,NORMA ARACELY PALOMO FRANCO DE DIAZ,VICTOR MANUEL PORTILLO LEON,DIVERSIFICADO,PRIVADO,URBANA,CERRADA DEFINITIVAMENTE,MONOLINGUE,MATUTINA,DIARIO(REGULAR),GUATEMALA NORTE
00-01-0253-45,01-301,CIUDAD CAPITAL,ZONA 1,INSTITUTO Y ACADEMIA PRACTICA COMERCIAL,6A. CALLE 0-25,22202869,LUCRECIA MARISOL CERMEÑO GONZÁLEZ,CLAUDIA PATRICIA MANSILLA CABRERA,BASICO,PRIVADO,URBANA,CERRADA TEMPORALMENTE,MONOLINGUE,MATUTINA,DIARIO(REGULAR),GUATEMALA NORTE
00-01-0253-46,01-301,CIUDAD CAPITAL,ZONA 1,INSTITUTO Y ACADEMIA PRACTICA COMERCIAL,6A. CALLE 0-25,22202869,LUCRECIA MARISOL CERMEÑO GONZÁLEZ,CLAUDIA PATRICIA MANSILLA CABRERA,DIVERSIFICADO,PRIVADO,URBANA,CERRADA TEMPORALMENTE,MONOLINGUE,MATUTINA,DIARIO(REGULAR),GUATEMALA NORTE
00-01-0254-45,01-01-0040,CIUDAD CAPITAL,ZONA 1,"IPMB COLEGIO MIXTO ""INDO LATINO""",4A AVE. 13-35,22380338,AMADO SALOMON FLORES PEREZ,UBENCE MARCELINO DE LEÓN LÓPEZ,BASICO,PRIVADO,URBANA,ABIERTA,MONOLINGUE,MATUTINA,DIARIO(REGULAR),GUATEMALA NORTE
00-01-0254-46,01-01-0040,CIUDAD CAPITAL,ZONA 1,"COLEGIO MIXTO ""INDO LATINO""",4A AVE. 13-35,22380338,AMADO SALOMON FLORES PEREZ,UBENCE MARCELINO DE LEÓN LÓPEZ,DIVERSIFICADO,PRIVADO,URBANA,ABIERTA,MONOLINGUE,MATUTINA,DIARIO(REGULAR),GUATEMALA NORTE
00-01-0255-45,,CIUDAD CAPITAL,ZONA 1,IPMB COLEGIO 'SANTO DOMINGO',9A AVE. 12-73,22510252,,,BASICO,PRIVADO,URBANA,CERRADA DEFINITIVAMENTE,MONOLINGUE,MATUTINA,DIARIO(REGULAR),GUATEMALA NORTE
00-01-0255-46,01-102,CIUDAD CAPITAL,ZONA 1,INSTITUTO PRIVADO MIXTO DE EDUCACION DIVERSIFICADA COLEGIO SANTO DOMINGO,9A AVE. 12-73,22510252,ZIZI ARELY LOPEZ CHINCHILLA,,DIVERSIFICADO,PRIVADO,URBANA,CERRADA DEFINITIVAMENTE,MONOLINGUE,MATUTINA,DIARIO(REGULAR),GUATEMALA NORTE
00-01-0256-45,01-316,CIUDAD CAPITAL,ZONA 1,IPMB 'FRANCISCO MARROQUIN',8A CALLE 0-30,22321894,LILIAN YOLANDA RODRIGUEZ PINTO DE CASTRO,,BASICO,PRIVADO,URBANA,CERRADA TEMPORALMENTE,MONOLINGUE,MATUTINA,DIARIO(REGULAR),GUATEMALA NORTE
00-01-0257-45,,CIUDAD CAPITAL,ZONA 1,IPMB 'LICEO MONTREAL',12 AVE. 13-25,22322306,,,BASICO,PRIVADO,URBANA,CERRADA TEMPORALMENTE,MONOLINGUE,MATUTINA,DIARIO(REGULAR),GUATEMALA NORTE
00-01-0257-46,01-105,CIUDAD CAPITAL,ZONA 1,INSTITUTO PRIVADO MIXTO DE EDUCACION DIVERSIFICADA  LICEO MONTREAL,12 AVE. 13-25,22322306,YAMILET VERSALÍ AGUÍLAR PÉREZ,,DIVERSIFICADO,PRIVADO,URBANA,CERRADA TEMPORALMENTE,MONOLINGUE,MATUTINA,DIARIO(REGULAR),GUATEMALA NORTE
00-01-0258-45,,CIUDAD CAPITAL,ZONA 1,IPMB COLEGIO 'JEFFERSON',8A AVE. 4-46,22534802,,,BASICO,PRIVADO,URBANA,CERRADA DEFINITIVAMENTE,MONOLINGUE,MATUTINA,DIARIO(REGULAR),GUATEMALA NORTE
00-01-0258-46,01-,CIUDAD CAPITAL,ZONA 1,INSTITUTO PRIVADO MIXTO DE EDUCACION DIVERSIFICADA COLEGIO  JEFFERSON,8A AVE. 4-46,22534802,MARIA FELICITA ROQUE CARRERA,,DIVERSIFICADO,PRIVADO,URBANA,CERRADA DEFINITIVAMENTE,MONOLINGUE,MATUTINA,DIARIO(REGULAR),GUATEMALA NORTE
00-01-0259-45,,CIUDAD CAPITAL,ZONA 1,IPMB 'LICEO CHAPERO',9A CALLE 3-25,22328164,,,BASICO,PRIVADO,URBANA,CERRADA DEFINITIVAMENTE,MONOLINGUE,MATUTINA,DIARIO(REGULAR),GUATEMALA NORTE
00-01-0259-46,,CIUDAD CAPITAL,ZONA 1,INSTITUTO DE EDUCACION DIVERSIFICADA 'LICEO CHAPERO',9A CALLE 3-25,22328164,,,DIVERSIFICADO,PRIVADO,URBANA,CERRADA DEFINITIVAMENTE,MONOLINGUE,MATUTINA,DIARIO(REGULAR),GUATEMALA NORTE
00-01-0260-45,,CIUDAD CAPITAL,ZONA 1,IPMB 'PRE-UNIVERSITARIO CATOLICO DE GUATEMALA',10A AVE. 'A' 4-22,,,,BASICO,PRIVADO,URBANA,CERRADA DEFINITIVAMENTE,MONOLINGUE,MATUTINA,DIARIO(REGULAR),GUATEMALA NORTE
00-01-0260-46,,CIUDAD CAPITAL,ZONA 1,INSTITUTO PRIVADO MIXTO DE EDUCACION DIVERSIFICADA COLEGIO 'PRE-UNIVERSITARIO CATOLICO DE GUATEMALA',10 AV.'A'4-22,,,,DIVERSIFICADO,PRIVADO,URBANA,CERRADA DEFINITIVAMENTE,MONOLINGUE,MATUTINA,DIARIO(REGULAR),GUATEMALA NORTE
00-01-0261-45,,CIUDAD CAPITAL,ZONA 1,IPMB 'RAFAEL LANDIVAR',8A CALLE 2-46,22514714,,,BASICO,PRIVADO,URBANA,CERRADA TEMPORALMENTE,MONOLINGUE,VESPERTINA,DIARIO(REGULAR),GUATEMALA NORTE
00-01-0261-46,01-01-0048,CIUDAD CAPITAL,ZONA 1,INSTITUTO DE EDUCACION DIVERSIFICADA 'RAFAEL LANDIVAR',8A CALLE 2-46,22500132,AMADO SALOMON FLORES PEREZ,DORA BEATRIZ CASTILLO DE LA CRUZ,DIVERSIFICADO,PRIVADO,URBANA,ABIERTA,MONOLINGUE,VESPERTINA,DIARIO(REGULAR),GUATEMALA NORTE
00-01-0262-45,01-318,CIUDAD CAPITAL,ZONA 1,LICEO CANADIENSE,11 CALLE 1-53,23750055,SANDRA CAROLINA PÉREZ DONDIEGO DE CHOC,ADA LUCRECIA MIJANGOS TEO,BASICO,PRIVADO,URBANA,CERRADA TEMPORALMENTE,MONOLINGUE,VESPERTINA,DIARIO(REGULAR),GUATEMALA NORTE
00-01-0262-46,01-318,CIUDAD CAPITAL,ZONA 1,LICEO CANADIENSE,11 CALLE 1-53,23750055,SANDRA CAROLINA PÉREZ DONDIEGO DE CHOC,ADA LUCRECIA MIJANGOS TEO,DIVERSIFICADO,PRIVADO,URBANA,CERRADA TEMPORALMENTE,MONOLINGUE,VESPERTINA,DIARIO(REGULAR),GUATEMALA NORTE
00-01-0263-45,01-403,CIUDAD CAPITAL,ZONA 1,IPMB POR MADUREZ 'PRACTICA COMERCIAL' J. DOMINICAL,6A. CALLE 0-25,22202870-73,CARLOS HUMBERTO GONZÁLEZ DE LEÓN,,BASICO,PRIVADO,URBANA,CERRADA TEMPORALMENTE,MONOLINGUE,MATUTINA,DOMINICAL,GUATEMALA NORTE
00-01-0263-46,01-403,CIUDAD CAPITAL,ZONA 1,INSTITUTO PRIVADO MIXTO DE BACHILLERATO POR MADUREZ 'PRACTICA COMERCIAL',6A. CALLE 0-25,22202870-73,CARLOS HUMBERTO GONZÁLEZ DE LEÓN,,DIVERSIFICADO,PRIVADO,URBANA,CERRADA TEMPORALMENTE,MONOLINGUE,MATUTINA,DOMINICAL,GUATEMALA NORTE
00-01-0264-45,,CIUDAD CAPITAL,ZONA 1,IPMB 'CENTRO EDUCACIONAL GUATEMALTECO',11 CALLE 9-33,22324701,,,BASICO,PRIVADO,URBANA,CERRADA DEFINITIVAMENTE,MONOLINGUE,VESPERTINA,DIARIO(REGULAR),GUATEMALA NORTE
00-01-0264-46,,CIUDAD CAPITAL,ZONA 1,INSTITUTO PRIVADO MIXTO DE EDUCACION DIVERSIFICADA 'CENTRO EDUCACIONAL GUATEMALTECO',11 CALLE 9-33,22324701,,,DIVERSIFICADO,PRIVADO,URBANA,CERRADA DEFINITIVAMENTE,MONOLINGUE,VESPERTINA,DIARIO(REGULAR),GUATEMALA NORTE
00-01-0265-45,01-308,CIUDAD CAPITAL,ZONA 1,IPMB 'PRACTICO MODERNO',11 CALLE 2-52 ZONA 1,22519270,JORGE MYNOR SOL HERNÁNDEZ,,BASICO,PRIVADO,URBANA,CERRADA TEMPORALMENTE,MONOLINGUE,VESPERTINA,DIARIO(REGULAR),GUATEMALA NORTE
00-01-0265-46,01-402,CIUDAD CAPITAL,ZONA 1,INSTITUTO PRIVADO MIXTO DE EDUCACION DIVERSIFICADA  PRACTICO MODERNO,6A AVE.  A  14-37,22324584,CARLOS HUMBERTO GONZALEZ DE LEON,----------,DIVERSIFICADO,PRIVADO,URBANA,CERRADA TEMPORALMENTE,MONOLINGUE,NOCTURNA,DIARIO(REGULAR),GUATEMALA NORTE
00-01-0266-45,01-403,CIUDAD CAPITAL,ZONA 1,IPMB 'LICEO DE COMPUTACION' (C.S.S.),10AV. 11-46 Z.1,22513059,CARLOS HUMBERTO GONZÁLEZ DE LEÓN,,BASICO,PRIVADO,URBANA,CERRADA TEMPORALMENTE,MONOLINGUE,NOCTURNA,DIARIO(REGULAR),GUATEMALA NORTE
00-01-0266-46,01-403,CIUDAD CAPITAL,ZONA 1,LICEO DE COMPUTACION C.S.S.,10 AVENIDA 11-46,22513059,CARLOS HUMBERTO GONZÁLEZ DE LEÓN,-------------,DIVERSIFICADO,PRIVADO,URBANA,CERRADA TEMPORALMENTE,MONOLINGUE,INTERMEDIA,DIARIO(REGULAR),GUATEMALA NORTE
00-01-0267-45,,CIUDAD CAPITAL,ZONA 1,IPMB 'JOSE MARTI',8A CALLE 12-41,22531246,,,BASICO,PRIVADO,URBANA,CERRADA TEMPORALMENTE,MONOLINGUE,INTERMEDIA,DIARIO(REGULAR),GUATEMALA NORTE
00-01-0267-46,01-,CIUDAD CAPITAL,ZONA 1,INSTITUTO DE EDUCACION DIVERSIFICADA  JOSE MARTI,8A CALLE 12-41,22531246,MARIA FELICITA ROQUE CARRERA,,DIVERSIFICADO,PRIVADO,URBANA,CERRADA TEMPORALMENTE,MONOLINGUE,INTERMEDIA,DIARIO(REGULAR),GUATEMALA NORTE
00-01-0268-45,,CIUDAD CAPITAL,ZONA 1,IPMB GUATEMALTECO DE EDUCACION INTEGRAL 'PAIDOS',11 CALLE 11-28,22322937,,,BASICO,PRIVADO,URBANA,CERRADA DEFINITIVAMENTE,MONOLINGUE,NOCTURNA,DIARIO(REGULAR),GUATEMALA NORTE
00-01-0268-46,01-403,CIUDAD CAPITAL,ZONA 1,INSTITUTO DE EDUCACION DIVERSIFICADA GUATEMALTECO DE EDUCACION INTEGRAL PAIDOS,11 CALLE 11-28,22322937,CARLOS HUMBERTO GONZÁLEZ DE LEÓN,,DIVERSIFICADO,PRIVADO,URBANA,CERRADA TEMPORALMENTE,MONOLINGUE,INTERMEDIA,DIARIO(REGULAR),GUATEMALA NORTE
00-01-0269-45,01-402,CIUDAD CAPITAL,ZONA 1,IPMB 'INDO LATINO',4A AVE. 13-35,,CARLOS HUMBERTO GONZALEZ DE LEON,,BASICO,PRIVADO,URBANA,CERRADA TEMPORALMENTE,MONOLINGUE,NOCTURNA,DIARIO(REGULAR),GUATEMALA NORTE
00-01-0269-46,01-402,CIUDAD CAPITAL,ZONA 1,INSTITUTO DE EDUCACION DIVERSIFICADA  INDO LATINO,4A AVE. 13-35,22323038,CARLOS HUMBERTO GONZALEZ DE LEON,,DIVERSIFICADO,PRIVADO,URBANA,CERRADA TEMPORALMENTE,MONOLINGUE,NOCTURNA,DIARIO(REGULAR),GUATEMALA NORTE
00-01-0270-45,01-402,CIUDAD CAPITAL,ZONA 1,IPMB 'RAFAEL LANDIVAR Y CABALLERO',8A CALLE 0-30,22205515,CARLOS HUMBERTO GONZALEZ DE LEON,,BASICO,PRIVADO,URBANA,CERRADA TEMPORALMENTE,MONOLINGUE,NOCTURNA,DIARIO(REGULAR),GUATEMALA NORTE
00-01-0271-45,,CIUDAD CAPITAL,ZONA 1,IPMB PRIMERA ESCUELA NOCTURNA JORGE VICTOR JUAREZ GARCIA,1A CALLE 'C' 2-29,,,,BASICO,PRIVADO,URBANA,CERRADA DEFINITIVAMENTE,MONOLINGUE,NOCTURNA,DIARIO(REGULAR),GUATEMALA NORTE
00-01-0271-46,01-,CIUDAD CAPITAL,ZONA 1,INSTITUTO PRIVADO MIXTO DE EDUCACION DIVERSIFICADA  PRIMERA ESCUELA NOCTURNA JORGE VICTOR JUAREZ GARCIA,1A CALLE  C  2-29,,MARIA FELICITA ROQUE CARRERA,,DIVERSIFICADO,PRIVADO,URBANA,CERRADA DEFINITIVAMENTE,MONOLINGUE,NOCTURNA,DIARIO(REGULAR),GUATEMALA NORTE
00-01-0272-45,,CIUDAD CAPITAL,ZONA 1,IPMB POR MADUREZ CENTRAL ANEXO AL COLEGIO GUATEMALTECO 'MENTES SANAS',3 AVE. 13-49,22324723,,,BASICO,PRIVADO,URBANA,CERRADA DEFINITIVAMENTE,MONOLINGUE,NOCTURNA,DIARIO(REGULAR),GUATEMALA NORTE
00-01-0272-46,99-001,CIUDAD CAPITAL,ZONA 1,INSTITUTO DE EDUCACION DIVERSIFICADA POR MADUREZ CENTRAL ANEXO AL COLEGIO GUATEMALTECO  MENTES SANAS,3AV. 13-49,22324723,SILVIA EUGENIA VALDEZ MONTERROSO DE CARBALLO,---,DIVERSIFICADO,PRIVADO,URBANA,CERRADA DEFINITIVAMENTE,MONOLINGUE,NOCTURNA,DIARIO(REGULAR),GUATEMALA NORTE
00-01-0273-45,01-401,CIUDAD CAPITAL,ZONA 1,IPMB 'HUMANIDADES',10A CALLE 2-37,22383960,IXMUCANE ALDANA VILLAVICENCIO,,BASICO,PRIVADO,URBANA,CERRADA TEMPORALMENTE,MONOLINGUE,NOCTURNA,DIARIO(REGULAR),GUATEMALA NORTE
00-01-0273-46,01-401,CIUDAD CAPITAL,ZONA 1,INSTITUTO PRIVADO MIXTO DE EDUCACION DIVERSIFICADA HUMANIDADES,10A CALLE 2-37,22383960,IXMUCANE ALDANA VILLAVICENCIO,,DIVERSIFICADO,PRIVADO,URBANA,CERRADA TEMPORALMENTE,MONOLINGUE,NOCTURNA,DIARIO(REGULAR),GUATEMALA NORTE
00-01-0274-45,,CIUDAD CAPITAL,ZONA 1,IPMB 'LICEO SAN VICENTE DE PAUL',18 AVE. 2-70,22517405,,,BASICO,PRIVADO,URBANA,CERRADA TEMPORALMENTE,MONOLINGUE,NOCTURNA,DIARIO(REGULAR),GUATEMALA NORTE
00-01-0274-46,01-101,CIUDAD CAPITAL,ZONA 1,INSTITUTO PRIVADO MIXTO DE EDUCACION DIVERSIFICADA  LICEO SAN VICENTE DE PAUL,18 AVE. 2-70,22517405,YENI XIOMARA CRÚZ SARCEÑO,-----------,DIVERSIFICADO,PRIVADO,URBANA,CERRADA TEMPORALMENTE,MONOLINGUE,NOCTURNA,DIARIO(REGULAR),GUATEMALA NORTE
00-01-0275-45,,CIUDAD CAPITAL,ZONA 1,IPMB 'MIGUEL DE CERVANTES',5A CALLE 10-22,22325857,,,BASICO,PRIVADO,URBANA,CERRADA TEMPORALMENTE,MONOLINGUE,NOCTURNA,DIARIO(REGULAR),GUATEMALA NORTE
00-01-0275-46,01-308,CIUDAD CAPITAL,ZONA 1,INSTITUTO PRIVADO MIXTO DE EDUCACION DIVERSIFICADA 'MIGUEL DE CERVANTES',5A CALLE 10-22,22325857,JORGE MYNOR SOL HERNÁNDEZ,,DIVERSIFICADO,PRIVADO,URBANA,CERRADA TEMPORALMENTE,MONOLINGUE,NOCTURNA,DIARIO(REGULAR),GUATEMALA NORTE
00-01-0276-45,,CIUDAD CAPITAL,ZONA 1,IPMB 'DIEGUEZ OLAVERRI',12 CALLE 2-31,22535170,,,BASICO,PRIVADO,URBANA,CERRADA DEFINITIVAMENTE,MONOLINGUE,NOCTURNA,DIARIO(REGULAR),GUATEMALA NORTE
00-01-0277-44,01-403,CIUDAD CAPITAL,ZONA 1,INSTITUTO Y ACADEMIA PRACTICA COMERCIAL,6A. CALLE 0-25,22202870,CARLOS HUMBERTO GONZÁLEZ DE LEÓN,,PRIMARIA DE ADULTOS,PRIVADO,URBANA,CERRADA TEMPORALMENTE,MONOLINGUE,MATUTINA,DOMINICAL,GUATEMALA NORTE
00-01-0277-45,,CIUDAD CAPITAL,ZONA 1,IPMB 'ACADEMIA PRACTICA COMERCIAL' (BACHILLERATO POR MADUREZ),7A AVE. 10-50,22537246,,,BASICO,PRIVADO,URBANA,CERRADA TEMPORALMENTE,MONOLINGUE,NOCTURNA,DIARIO(REGULAR),GUATEMALA NORTE
00-01-0277-46,01-403,CIUDAD CAPITAL,ZONA 1,INSTITUTO PRIVADO MIXTO DE EDUCACION DIVERSIFICADA 'ACADEMIA PRACTICA COMERCIAL' (BACHILLERATO POR MADUREZ),6TA. CALLE 0-25 ZONA 1,2202869-2202873,CARLOS HUMBERTO GONZÁLEZ DE LEÓN,,DIVERSIFICADO,PRIVADO,URBANA,CERRADA TEMPORALMENTE,MONOLINGUE,NOCTURNA,DIARIO(REGULAR),GUATEMALA NORTE
00-01-0278-45,,CIUDAD CAPITAL,ZONA 1,IPMB ACADEMIA 'PRACTICA COMERCIAL',5A CALLE 5-18,22325696,,,BASICO,PRIVADO,URBANA,CERRADA TEMPORALMENTE,MONOLINGUE,NOCTURNA,DIARIO(REGULAR),GUATEMALA NORTE
00-01-0278-46,,CIUDAD CAPITAL,ZONA 1,INSTITUTO PRIVADO MIXTO DE EDUCACION DIVERSIFICADA ACADEMIA 'PRACTICA COMERCIAL',5A CALLE 5-18,22325696,,,DIVERSIFICADO,PRIVADO,URBANA,CERRADA TEMPORALMENTE,MONOLINGUE,NOCTURNA,DIARIO(REGULAR),GUATEMALA NORTE
00-01-0279-45,01-617,CIUDAD CAPITAL,ZONA 1,LICEO FLORENTINO-GUATEMALTECO,8A CALLE 2-46,22325435,MARIA DEL ROSARIO VARGAS SANDOVAL,JOSE LUIS ALVAREZ CRUZ,BASICO,PRIVADO,URBANA,CERRADA DEFINITIVAMENTE,MONOLINGUE,MATUTINA,DIARIO(REGULAR),GUATEMALA NORTE
00-01-0280-46,01-305,CIUDAD CAPITAL,ZONA 1,COLEGIO TECNICO COMERCIAL NAHUALA,3A. AVENIDA 13-23,22329664,CELESTINA  ARLETTY HERNÁNDEZ AGUILAR,OVIDIO LISANDRA OROZCO LOPEZ,DIVERSIFICADO,PRIVADO,URBANA,CERRADA TEMPORALMENTE,MONOLINGUE,MATUTINA,DIARIO(REGULAR),GUATEMALA NORTE
00-01-0281-46,01-01-0028,CIUDAD CAPITAL,ZONA 1,CENTRO CULTURAL DE LAS AMERICAS NO. 3,2A. AVENIDA 12-23,22321894,AMADO SALOMON FLORES PEREZ,BRENDA PAOLA GONZÁLEZ RECINOS,DIVERSIFICADO,PRIVADO,URBANA,ABIERTA,MONOLINGUE,VESPERTINA,DIARIO(REGULAR),GUATEMALA NORTE
00-01-0282-46,01-317,CIUDAD CAPITAL,ZONA 1,"COLEGIO ""SANTA MONICA""",10A. CALLE 11-41,22329121,MARIANO DOMINGO ESTRADA TELETOR,THELMA MIRIAM CACACHO GARCIA DE GARCIA,DIVERSIFICADO,PRIVADO,URBANA,CERRADA DEFINITIVAMENTE,MONOLINGUE,DOBLE,DIARIO(REGULAR),GUATEMALA NORTE
00-01-0283-42,01-01-0044,CIUDAD CAPITAL,ZONA 1,COLEGIO MIXTO SAN ALBERTO MAGNO,14 CALLE 10-47,22322623,MARIANO DOMINGO ESTRADA TELETOR,VICENTA ALBERTINA AZURDIA,PARVULOS,PRIVADO,URBANA,ABIERTA,MONOLINGUE,MATUTINA,DIARIO(REGULAR),GUATEMALA NORTE
00-01-0284-43,01-01-0044,CIUDAD CAPITAL,ZONA 1,COLEGIO MIXTO SAN ALBERTO MAGNO,14 CALLE 10-47,22322623,MARIANO DOMINGO ESTRADA TELETOR,RUTH ELIZABETH CASTILLO ESCOBAR,PRIMARIA,PRIVADO,URBANA,ABIERTA,MONOLINGUE,MATUTINA,DIARIO(REGULAR),GUATEMALA NORTE
00-01-0285-45,01-305,CIUDAD CAPITAL,ZONA 1,CENTRO EDUCATIVO MARCONI,"2A. AVENIDA ""A"" 13-52",22328811,CELESTINA  ARLETTY HERNÁNDEZ AGUILAR,ANA MARIA VICTORIA MONZON PONCE DE PACHECO,BASICO,PRIVADO,URBANA,CERRADA TEMPORALMENTE,MONOLINGUE,MATUTINA,DIARIO(REGULAR),GUATEMALA NORTE
00-01-0286-46,01-305,CIUDAD CAPITAL,ZONA 1,CENTRO EDUCATIVO MARCONI,"2A. AVENIDA ""A"" 13-52",22328811,CELESTINA  ARLETTY HERNÁNDEZ AGUILAR,ANA MARIA VICTORIA MONZON PONCE DE PACHECO,DIVERSIFICADO,PRIVADO,URBANA,CERRADA TEMPORALMENTE,MONOLINGUE,MATUTINA,DIARIO(REGULAR),GUATEMALA NORTE
00-01-0287-45,01-317,CIUDAD CAPITAL,ZONA 1,COLEGIO EN COMPUTACION SAN JOSE NO. 1,4A. AVENIDA 3-39,22325435,MARIANO DOMINGO ESTRADA TELETOR,ANA MARIA NORIEGA RODAS,BASICO,PRIVADO,URBANA,CERRADA DEFINITIVAMENTE,MONOLINGUE,MATUTINA,DIARIO(REGULAR),GUATEMALA NORTE
00-01-0288-46,01-317,CIUDAD CAPITAL,ZONA 1,COLEGIO EN COMPUTACION SAN JOSE NO. 1,4A. AVENIDA 3-39,22325435,MARIANO DOMINGO ESTRADA TELETOR,ANA MARIA NORIEGA RODAS,DIVERSIFICADO,PRIVADO,URBANA,CERRADA DEFINITIVAMENTE,MONOLINGUE,MATUTINA,DIARIO(REGULAR),GUATEMALA NORTE
00-01-0289-46,01-317,CIUDAD CAPITAL,ZONA 1,COLEGIO EN COMPUTACION SAN JOSE NO. 1,4A. AVENIDA 3-39,22325435,MARIANO DOMINGO ESTRADA TELETOR,ANA MARIA NORIEGA RODAS,DIVERSIFICADO,PRIVADO,URBANA,CERRADA DEFINITIVAMENTE,MONOLINGUE,DOBLE,DIARIO(REGULAR),GUATEMALA NORTE
00-01-0290-45,01-627,CIUDAD CAPITAL,ZONA 1,COLEGIO EN COMPUTACION SAN JOSE NO. 1,4A. AVENIDA 3-39,22325435,ISAURA AMPARO RECINOS CARRILLO,ANA MARIA NORIEGA RODAS,BASICO,PRIVADO,URBANA,CERRADA DEFINITIVAMENTE,MONOLINGUE,DOBLE,FIN DE SEMANA,GUATEMALA NORTE
00-01-0291-45,01-627,CIUDAD CAPITAL,ZONA 1,COLEGIO EN COMPUTACION SAN JOSE NO.1,4A. AVENIDA 3-39,22325435,ISAURA AMPARO RECINOS CARRILLO,ANA MARIA NORIEGA RODAS,BASICO,PRIVADO,URBANA,CERRADA DEFINITIVAMENTE,MONOLINGUE,DOBLE,FIN DE SEMANA,GUATEMALA NORTE
00-01-0292-46,01-402,CIUDAD CAPITAL,ZONA 1,COLEGIO EN COMPUTACION SAN JOSE NO. 1,4A. AVENDA 3-39,22325435,CARLOS HUMBERTO GONZALEZ DE LEON,ANA MARIA NORIEGA RODAS,DIVERSIFICADO,PRIVADO,URBANA,CERRADA DEFINITIVAMENTE,MONOLINGUE,DOBLE,FIN DE SEMANA,GUATEMALA NORTE
00-01-0293-46,01-402,CIUDAD CAPITAL,ZONA 1,COLEGIO EN COMPUTACION SAN JOSE NO. 1,4A. AVENIDA 3-39,22325435,CARLOS HUMBERTO GONZALEZ DE LEON,ANA MARIA NORIEGA RODAS,DIVERSIFICADO,PRIVADO,URBANA,CERRADA DEFINITIVAMENTE,MONOLINGUE,DOBLE,FIN DE SEMANA,GUATEMALA NORTE
00-01-0294-44,01-627,CIUDAD CAPITAL,ZONA 1,COLEGIO EN COMPUTACION SAN JOSE NO. 1,4A. AVENIDA 3-39,,ISAURA AMPARO RECINOS CARRILLO,ANA MARIA NORIEGA RODAS,PRIMARIA DE ADULTOS,PRIVADO,URBANA,CERRADA DEFINITIVAMENTE,MONOLINGUE,DOBLE,FIN DE SEMANA,GUATEMALA NORTE
00-01-0295-46,01-102,CIUDAD CAPITAL,ZONA 1,INSTITUTO MIXTO PRIVADO JOHN F. KENNEDY,ZONA 1,,ZIZI ARELY LOPEZ CHINCHILLA,-------,DIVERSIFICADO,PRIVADO,URBANA,TEMPORAL TITULOS,MONOLINGUE,MATUTINA,DIARIO(REGULAR),GUATEMALA NORTE
00-01-0296-45,01-01-0038,CIUDAD CAPITAL,ZONA 1,LICEO TECNOLOGICO GUATEMALA DE LA ASUNCION,"3A. CALLE 7-64,",51098489,CARLOS HUMBERTO GONZALEZ DE LEON,ELUBIA ANAYTE SIGUENZA MONTERROSO,BASICO,PRIVADO,URBANA,ABIERTA,MONOLINGUE,DOBLE,FIN DE SEMANA,GUATEMALA NORTE
00-01-0297-46,01-101,CIUDAD CAPITAL,ZONA 1,"COLEGIO MIXTO BILINGUE ""ANGLO HISPANO""",ZONA 1,,YENI XIOMARA CRÚZ SARCEÑO,----,DIVERSIFICADO,PRIVADO,URBANA,TEMPORAL TITULOS,MONOLINGUE,VESPERTINA,DIARIO(REGULAR),GUATEMALA NORTE
00-01-0298-46,01-101,CIUDAD CAPITAL,ZONA 1,"INSTITUTO MIXTO DE COMPUTACION ""LEONARDO DE PISA""",ZONA 1,,YENI XIOMARA CRÚZ SARCEÑO,---,DIVERSIFICADO,PRIVADO,URBANA,CERRADA DEFINITIVAMENTE,MONOLINGUE,MATUTINA,DIARIO(REGULAR),GUATEMALA NORTE
00-01-0299-46,01-101,CIUDAD CAPITAL,ZONA 1,"INSTITUTO MIXTO DE COMPUTACION ""LEONARDO DE PISA""",ZONA 1,,YENI XIOMARA CRÚZ SARCEÑO,---,DIVERSIFICADO,PRIVADO,URBANA,TEMPORAL TITULOS,MONOLINGUE,MATUTINA,DIARIO(REGULAR),GUATEMALA NORTE
00-01-0300-46,01-101,CIUDAD CAPITAL,ZONA 1,"INSTITUTO DE SEÑORITAS ""EL ROSARIO""","15 CALLE ""A"" 2-74",,YENI XIOMARA CRÚZ SARCEÑO,---,DIVERSIFICADO,PRIVADO,URBANA,TEMPORAL TITULOS,MONOLINGUE,MATUTINA,DIARIO(REGULAR),GUATEMALA NORTE
00-01-0301-46,01-101,CIUDAD CAPITAL,ZONA 1,INSTITUTO MIXTO VESPERTINO RAFAEL LANDIVAR,8A. CALLE 0-23 ZONA 1,,YENI XIOMARA CRÚZ SARCEÑO,-------,DIVERSIFICADO,PRIVADO,URBANA,TEMPORAL TITULOS,MONOLINGUE,VESPERTINA,DIARIO(REGULAR),GUATEMALA NORTE
00-01-0302-46,01-101,CIUDAD CAPITAL,ZONA 1,,8A. CALLE 0-23 ZONA 1,,YENI XIOMARA CRÚZ SARCEÑO,------,DIVERSIFICADO,PRIVADO,URBANA,CERRADA DEFINITIVAMENTE,MONOLINGUE,INTERMEDIA,DIARIO(REGULAR),GUATEMALA NORTE
00-01-0303-46,01-101,CIUDAD CAPITAL,ZONA 1,INSTITUTO MIXTO VESPERTINO RAFAEL LANDIVAR,8A. CALLE 0-23 ZONA 1,,YENI XIOMARA CRÚZ SARCEÑO,------,DIVERSIFICADO,PRIVADO,URBANA,TEMPORAL TITULOS,MONOLINGUE,INTERMEDIA,DIARIO(REGULAR),GUATEMALA NORTE
00-01-0304-46,01-312,CIUDAD CAPITAL,ZONA 1,COLEGIO ACTIVO BILINGUE STERLING,3A. AVENIDA 13-61,22302880,AMADO  SALOMON FLORES PEREZ,CARLA EUGENIA HARO VENTURA,DIVERSIFICADO,PRIVADO,URBANA,CERRADA TEMPORALMENTE,MONOLINGUE,MATUTINA,DIARIO(REGULAR),GUATEMALA NORTE
00-01-0305-43,,CIUDAD CAPITAL,ZONA 1,COLEGIO 'AMANECER',6A AVE. 2-62,22539373,,,PRIMARIA,PRIVADO,URBANA,CERRADA DEFINITIVAMENTE,MONOLINGUE,MATUTINA,DIARIO(REGULAR),GUATEMALA NORTE
00-01-0306-42,01-01-0031,CIUDAD CAPITAL,ZONA 1,LICEO MONTECARLO,4A. AVENIDA 2-28,58229935,LUDIBEL AMARILIS GALICIA DE FLORES,ARLEN IVONNE CÁCERES RUIZ,PARVULOS,PRIVADO,URBANA,ABIERTA,MONOLINGUE,MATUTINA,DIARIO(REGULAR),GUATEMALA NORTE
00-01-0307-43,01-01-0031,CIUDAD CAPITAL,ZONA 1,LICEO MONTECARLO,4A. AVENIDA 2-28,58229935,LUDIBEL AMARILIS GALICIA DE FLORES,ARLEN IVONNE CÁCERES RUIZ,PRIMARIA,PRIVADO,URBANA,ABIERTA,MONOLINGUE,MATUTINA,DIARIO(REGULAR),GUATEMALA NORTE
00-01-0308-45,01-01-0028,CIUDAD CAPITAL,ZONA 1,COLEGIO DE INNOVACIÓN TECNOLÓGICA EDUCATIVA (C.I.T.E.),13 CALLE 3-23,22510248,AMADO SALOMON FLORES PEREZ,MYRNA GUDELIA BANTES GARCÍA,BASICO,PRIVADO,URBANA,ABIERTA,MONOLINGUE,MATUTINA,DIARIO(REGULAR),GUATEMALA NORTE
00-01-0309-46,01-01-0028,CIUDAD CAPITAL,ZONA 1,COLEGIO DE INNOVACIÓN TECNOLÓGICA EDUCATIVA (C.I.T.E.),13 CALLE 3-23,22510248,AMADO SALOMON FLORES PEREZ,MYRNA GUDELIA BANTES GARCÍA,DIVERSIFICADO,PRIVADO,URBANA,ABIERTA,MONOLINGUE,MATUTINA,DIARIO(REGULAR),GUATEMALA NORTE
00-01-0310-46,01-305,CIUDAD CAPITAL,ZONA 1,INSTITUTO CENTROAMERICANO DE MERCADOTECNIA Y PUBLICIDAD,8A. AVENIDA 14-73,22323455,CELESTINA  ARLETTY HERNÁNDEZ AGUILAR,FELIPE REGINALDO ALVAREZ,DIVERSIFICADO,PRIVADO,URBANA,TEMPORAL TITULOS,MONOLINGUE,NOCTURNA,DIARIO(REGULAR),GUATEMALA NORTE
00-01-0311-46,01-101,CIUDAD CAPITAL,ZONA 1,COLEGIO SAN JOSE DEL VALLE DE GUATEMALA,ZONA 1,,YENI XIOMARA CRÚZ SARCEÑO,---,DIVERSIFICADO,PRIVADO,URBANA,TEMPORAL TITULOS,MONOLINGUE,MATUTINA,DIARIO(REGULAR),GUATEMALA NORTE
00-01-0312-46,01-101,CIUDAD CAPITAL,ZONA 1,COLEGIO NACIONAL AMERICANO,,,YENI XIOMARA CRÚZ SARCEÑO,---,DIVERSIFICADO,PRIVADO,URBANA,TEMPORAL TITULOS,MONOLINGUE,MATUTINA,DIARIO(REGULAR),GUATEMALA NORTE
00-01-0313-46,01-101,CIUDAD CAPITAL,ZONA 1,INSTITUTO DE EDUCACION MEDIA A.E.U CENTRAL,2AV.,,YENI XIOMARA CRÚZ SARCEÑO,---,DIVERSIFICADO,PRIVADO,URBANA,TEMPORAL TITULOS,MONOLINGUE,NOCTURNA,DIARIO(REGULAR),GUATEMALA NORTE
00-01-0314-46,01-101,CIUDAD CAPITAL,ZONA 1,"INSTITUTO PRIVADO ""TECNICO AMERICANO""",,,YENI XIOMARA CRÚZ SARCEÑO,---,DIVERSIFICADO,PRIVADO,URBANA,TEMPORAL TITULOS,MONOLINGUE,VESPERTINA,DIARIO(REGULAR),GUATEMALA NORTE
00-01-0315-46,01-101,CIUDAD CAPITAL,ZONA 1,COLEGIO KEPLER,,,YENI XIOMARA CRÚZ SARCEÑO,---,DIVERSIFICADO,PRIVADO,URBANA,TEMPORAL TITULOS,MONOLINGUE,DOBLE,FIN DE SEMANA,GUATEMALA NORTE
00-01-0316-43,01-01-0031,CIUDAD CAPITAL,ZONA 1,LICEO HISPANOAMERICANO NO. 2,2A. CALLE 7-11,22205687,LUDIBEL AMARILIS GALICIA DE FLORES,ROSA ANGÉLICA SIGUENZA CORADO,PRIMARIA,PRIVADO,URBANA,ABIERTA,MONOLINGUE,MATUTINA,DIARIO(REGULAR),GUATEMALA NORTE
00-01-0317-45,01-01-0031,CIUDAD CAPITAL,ZONA 1,LICEO HISPANOAMERICANO NO. 2,2A. CALLE 7-11,22205687,LUDIBEL AMARILIS GALICIA DE FLORES,MARÍA ISABEL POLANCO PAZ,BASICO,PRIVADO,URBANA,ABIERTA,MONOLINGUE,MATUTINA,DIARIO(REGULAR),GUATEMALA NORTE
00-01-0318-46,01-01-0031,CIUDAD CAPITAL,ZONA 1,LICEO HISPANOAMERICANO NO. 2,2A. CALLE 7-11,22205687,LUDIBEL AMARILIS GALICIA DE FLORES,MARÍA ISABEL POLANCO PAZ,DIVERSIFICADO,PRIVADO,URBANA,ABIERTA,MONOLINGUE,MATUTINA,DIARIO(REGULAR),GUATEMALA NORTE
00-01-0319-44,01-01-0038,CIUDAD CAPITAL,ZONA 1,LICEO HISPANOAMERICANO NO. 2,2A. CALLE 7-11,22205687,CARLOS HUMBERTO GONZALEZ DE LEON,MARÍA ISABEL POLANCO PAZ,PRIMARIA DE ADULTOS,PRIVADO,URBANA,ABIERTA,MONOLINGUE,DOBLE,FIN DE SEMANA,GUATEMALA NORTE
00-01-0320-45,01-403,CIUDAD CAPITAL,ZONA 1,LICEO HISPANOAMERICANO NO. 2,2A. CALLE 7-11,22205687,CARLOS HUMBERTO GONZÁLEZ DE LEÓN,MARIA ISABEL POLANCO PAZ,BASICO,PRIVADO,URBANA,CERRADA DEFINITIVAMENTE,MONOLINGUE,DOBLE,DIARIO(REGULAR),GUATEMALA NORTE
00-01-0321-45,01-403,CIUDAD CAPITAL,ZONA 1,LICEO HISPANOAMERICANO NO. 2,2A. CALLE 7-11,22205687,CARLOS HUMBERTO GONZÁLEZ DE LEÓN,MARÍA ISABEL POLANCO PAZ,BASICO,PRIVADO,URBANA,CERRADA TEMPORALMENTE,MONOLINGUE,DOBLE,FIN DE SEMANA,GUATEMALA NORTE
00-01-0322-46,01-403,CIUDAD CAPITAL,ZONA 1,LICEO HISPANOAMERICANO NO. 2,2A. CALLE 7-11,22205687,CARLOS HUMBERTO GONZÁLEZ DE LEÓN,MARÍA ISABEL POLANCO PAZ,DIVERSIFICADO,PRIVADO,URBANA,CERRADA TEMPORALMENTE,MONOLINGUE,DOBLE,FIN DE SEMANA,GUATEMALA NORTE
00-01-0323-46,01-01-0038,CIUDAD CAPITAL,ZONA 1,LICEO HISPANOAMERICANO NO. 2,2A. CALLE 7-11,22205687,CARLOS HUMBERTO GONZALEZ DE LEON,MARÍA ISABEL POLANCO PAZ,DIVERSIFICADO,PRIVADO,URBANA,ABIERTA,MONOLINGUE,DOBLE,FIN DE SEMANA,GUATEMALA NORTE
00-01-0324-45,01-01-0038,CIUDAD CAPITAL,ZONA 1,LICEO HISPANOAMERICANO NO. 2,2A. CALLE 7-11,22205687,CARLOS HUMBERTO GONZALEZ DE LEON,MARÍA ISABEL POLANCO PAZ,BASICO,PRIVADO,URBANA,ABIERTA,MONOLINGUE,DOBLE,FIN DE SEMANA,GUATEMALA NORTE
00-01-0325-43,01-301,CIUDAD CAPITAL,ZONA 1,EOUV LOS CEDROS,11 CALLE 11-28 ZONA 1,22701906,LUCRECIA MARISOL CERMEÑO GONZÁLEZ,LINDA OMERY GÓMEZ DE PAZ,PRIMARIA,OFICIAL,URBANA,CERRADA DEFINITIVAMENTE,MONOLINGUE,DOBLE,DIARIO(REGULAR),GUATEMALA NORTE
00-01-0326-43,01-301,CIUDAD CAPITAL,ZONA 1,EOUN LAS ROSAS,8 AVENIDA. 16-12 ZONA 1,56234012,LUCRECIA MARISOL CERMEÑO GONZÁLEZ,EVELYN AMARILIS BENAVENTE MEZA,PRIMARIA,OFICIAL,URBANA,CERRADA DEFINITIVAMENTE,MONOLINGUE,MATUTINA,DIARIO(REGULAR),GUATEMALA NORTE
00-01-0327-42,01-301,CIUDAD CAPITAL,ZONA 1,EODP LOS PATITOS,5TA CALLE 5-61 ZONA 1,22886080,LUCRECIA MARISOL CERMEÑO GONZÁLEZ,MAYRA CAROLINA TOLEDO RIOS,PARVULOS,OFICIAL,URBANA,CERRADA DEFINITIVAMENTE,MONOLINGUE,MATUTINA,DIARIO(REGULAR),GUATEMALA NORTE
00-01-0328-46,01-105,CIUDAD CAPITAL,ZONA 1,COLEGIO TECNICO EN COMPUTACION,ZONA 1,,YAMILET VERSALÍ AGUÍLAR PÉREZ,---,DIVERSIFICADO,PRIVADO,URBANA,CERRADA DEFINITIVAMENTE,MONOLINGUE,MATUTINA,DIARIO(REGULAR),GUATEMALA NORTE
00-01-0329-46,01-105,CIUDAD CAPITAL,ZONA 1,"COLEGIO MIXTO DIURNO NOCTURNO ""LA ENSEÑANZA""",ZONA 1,,YAMILET VERSALÍ AGUÍLAR PÉREZ,-----------------,DIVERSIFICADO,PRIVADO,URBANA,CERRADA DEFINITIVAMENTE,MONOLINGUE,VESPERTINA,DIARIO(REGULAR),GUATEMALA NORTE
00-01-0330-46,01-105,CIUDAD CAPITAL,ZONA 1,COLEGIO SUPERIOR GUATEMALTECO,ZONA 1,,YAMILET VERSALÍ AGUÍLAR PÉREZ,---,DIVERSIFICADO,PRIVADO,URBANA,CERRADA DEFINITIVAMENTE,MONOLINGUE,MATUTINA,DIARIO(REGULAR),GUATEMALA NORTE
00-01-0331-46,01-101,CIUDAD CAPITAL,ZONA 1,ESCUELA SISTEMATIZADA EN COMPUTACION,ZONA 1,,YENI XIOMARA CRÚZ SARCEÑO,---,DIVERSIFICADO,PRIVADO,URBANA,CERRADA DEFINITIVAMENTE,MONOLINGUE,MATUTINA,FIN DE SEMANA,GUATEMALA NORTE
00-01-0332-42,01-01-0031,CIUDAD CAPITAL,ZONA 1,"EODP NO. 1 ""RAMONA GIL""",2A. CALLE 4-28,58795885,LUDIBEL AMARILIS GALICIA DE FLORES,GLENDA PAOLA LEAL ALVAREZ,PARVULOS,OFICIAL,URBANA,ABIERTA,MONOLINGUE,VESPERTINA,DIARIO(REGULAR),GUATEMALA NORTE
00-01-0333-46,01-101,CIUDAD CAPITAL,ZONA 1,"INSTITUTO INDIGENA ""NUESTRA SEÑORA DEL SOCORRO""",ZONA 1,,YENI XIOMARA CRÚZ SARCEÑO,---,DIVERSIFICADO,PRIVADO,URBANA,CERRADA DEFINITIVAMENTE,MONOLINGUE,DOBLE,DIARIO(REGULAR),GUATEMALA NORTE
00-01-0334-46,01-101,CIUDAD CAPITAL,ZONA 1,COLEGIO INGLES AMERICANO,ZONA 1,,YENI XIOMARA CRÚZ SARCEÑO,---,DIVERSIFICADO,PRIVADO,URBANA,CERRADA DEFINITIVAMENTE,MONOLINGUE,MATUTINA,DIARIO(REGULAR),GUATEMALA NORTE
00-01-0335-43,01-301,CIUDAD CAPITAL,ZONA 1,"INSTITUTO ""GUILLERMO PUTZEYS ALVAREZ""",11 CALLE 3-59,24637777,LUCRECIA MARISOL CERMEÑO GONZÁLEZ,ANA ISABEL TELLO SÁENZ,PRIMARIA,PRIVADO,URBANA,CERRADA TEMPORALMENTE,MONOLINGUE,MATUTINA,DIARIO(REGULAR),GUATEMALA NORTE
00-01-0336-46,01-301,CIUDAD CAPITAL,ZONA 1,LICEO JUVENTUD XXI,"4A. CALLE ""A"" 01-37",22539944,LUCRECIA MARISOL CERMEÑO GONZÁLEZ,GERARDO LEON HERNANDEZ HERNANDEZ,DIVERSIFICADO,PRIVADO,URBANA,CERRADA TEMPORALMENTE,MONOLINGUE,MATUTINA,DIARIO(REGULAR),GUATEMALA NORTE
00-01-0337-46,01-101,CIUDAD CAPITAL,ZONA 1,"COLEGIO PARA ADULTOS ""AHALCAB""","9A. CALLE ""A"" 3-27",,YENI XIOMARA CRÚZ SARCEÑO,---,DIVERSIFICADO,PRIVADO,URBANA,CERRADA DEFINITIVAMENTE,MONOLINGUE,DOBLE,FIN DE SEMANA,GUATEMALA NORTE
00-01-0338-46,01-001,CIUDAD CAPITAL,ZONA 1,COLEGIO JEFFERSON,7A. AVENIDA,,SANDRA LIZZETH CRUZ IZAGUIRRE,---,DIVERSIFICADO,PRIVADO,URBANA,CERRADA DEFINITIVAMENTE,MONOLINGUE,MATUTINA,DIARIO(REGULAR),GUATEMALA NORTE
00-01-0339-46,01-01-0026,CIUDAD CAPITAL,ZONA 1,COLEGIO INTERNACIONAL CAMBRIDGE (CIS),"3A. AVENIDA ""A"" 3-28",57529460,LUDIBEL AMARILIS GALICIA DE FLORES,MARÍA CRISTINA GEREDA ARÉVALO,DIVERSIFICADO,PRIVADO,URBANA,ABIERTA,MONOLINGUE,MATUTINA,DIARIO(REGULAR),GUATEMALA NORTE
00-01-0340-46,01-318,CIUDAD CAPITAL,ZONA 1,COLEGIO INTERNACIONAL CAMBRIDGE (CIS),"3A. AVENIDA ""A"" 3-28",57529460,SANDRA CAROLINA PÉREZ DONDIEGO DE CHOC,MARÍA CRISTINA GEREDA ARÉVALO,DIVERSIFICADO,PRIVADO,URBANA,CERRADA TEMPORALMENTE,MONOLINGUE,DOBLE,DIARIO(REGULAR),GUATEMALA NORTE
00-01-0341-45,01-01-0026,CIUDAD CAPITAL,ZONA 1,COLEGIO INTERNACIONAL CAMBRIDGE (CIS),"3A. AVENIDA ""A"" 3-28",57529460,LUDIBEL AMARILIS GALICIA DE FLORES,MARÍA CRISTINA GEREDA ARÉVALO,BASICO,PRIVADO,URBANA,ABIERTA,MONOLINGUE,MATUTINA,DIARIO(REGULAR),GUATEMALA NORTE
00-01-0342-45,01-01-0041,CIUDAD CAPITAL,ZONA 1,CENTRO CULTURAL DE LAS AMERICAS NO. 3,2A. AVENIDA 12-23,22325526,CARLOS HUMBERTO GONZALEZ DE LEON,HUGO VALDEMAR RIVAS MORALES,BASICO,PRIVADO,URBANA,ABIERTA,MONOLINGUE,DOBLE,FIN DE SEMANA,GUATEMALA NORTE
00-01-0343-46,01-01-0041,CIUDAD CAPITAL,ZONA 1,CENTRO CULTURAL DE LAS AMERICAS NO. 3,2A. AVENIDA 12-23,22325526,CARLOS HUMBERTO GONZALEZ DE LEON,HUGO VALDEMAR RIVAS MORALES,DIVERSIFICADO,PRIVADO,URBANA,ABIERTA,MONOLINGUE,DOBLE,FIN DE SEMANA,GUATEMALA NORTE
00-01-0344-42,01-318,CIUDAD CAPITAL,ZONA 1,"COLEGIO MIXTO ""BRADLEY""","2A. AVENIDA ""A"" 3-53",30232780,SANDRA CAROLINA PÉREZ DONDIEGO DE CHOC,YESICA ELIZABETH CIFUENTES TOBAR,PARVULOS,PRIVADO,URBANA,CERRADA TEMPORALMENTE,MONOLINGUE,MATUTINA,DIARIO(REGULAR),GUATEMALA NORTE
00-01-0345-46,01-627,CIUDAD CAPITAL,ZONA 1,COLEGIO SALVA TERRA,2A. AVENIDA 14-60,22534347,ISAURA AMPARO RECINOS CARRILLO,MAGDA RAQUEL RECINOS BARAHONA,DIVERSIFICADO,PRIVADO,URBANA,CERRADA TEMPORALMENTE,MONOLINGUE,DOBLE,FIN DE SEMANA,GUATEMALA NORTE
00-01-0346-46,01-303,CIUDAD CAPITAL,ZONA 1,CENTRO EDUCATIVO LICEO EVANGÉLICO CAMINO Y VERDAD,9A. CALLE 3-53,22329759,GLORIA GABRIELA LARIOS GARCÍA,SERGIO ALEJANDRO  VILLATORO VILLAGRÁN,DIVERSIFICADO,PRIVADO,URBANA,CERRADA DEFINITIVAMENTE,MONOLINGUE,MATUTINA,DIARIO(REGULAR),GUATEMALA NORTE
00-01-0347-46,01-403,CIUDAD CAPITAL,ZONA 1,CENTRO EDUCATIVO LICEO EVANGÉLICO CAMINO Y VERDAD,9A. CALLE 3-53,22329759,CARLOS HUMBERTO GONZÁLEZ DE LEÓN,SERGIO ALEJANDRO VILLATORO VILLAGRÁN,DIVERSIFICADO,PRIVADO,URBANA,CERRADA DEFINITIVAMENTE,MONOLINGUE,DOBLE,FIN DE SEMANA,GUATEMALA NORTE
00-01-0348-46,01-403,CIUDAD CAPITAL,ZONA 1,CENTRO EDUCATIVO LICEO EVANGÉLICO CAMINO Y VERDAD,9A. CALLE 3-53,22329759,CARLOS HUMBERTO GONZÁLEZ DE LEÓN,FELIPE PATZAN PUR,DIVERSIFICADO,PRIVADO,URBANA,CERRADA DEFINITIVAMENTE,MONOLINGUE,DOBLE,FIN DE SEMANA,GUATEMALA NORTE
00-01-0349-45,01-403,CIUDAD CAPITAL,ZONA 1,CENTRO EDUCATIVO LICEO EVANGÉLICO CAMINO Y VERDAD,9A. CALLE 3-53,22329759,CARLOS HUMBERTO GONZÁLEZ DE LEÓN,SERGIO ALEJANDRO VILLATORO VILLAGRÁN,BASICO,PRIVADO,URBANA,CERRADA DEFINITIVAMENTE,MONOLINGUE,DOBLE,FIN DE SEMANA,GUATEMALA NORTE
00-01-0350-45,01-403,CIUDAD CAPITAL,ZONA 1,CENTRO EDUCATIVO LICEO EVANGÉLICO CAMINO Y VERDAD,9A. CALLE 3-53,22329759,CARLOS HUMBERTO GONZÁLEZ DE LEÓN,FELIPE PATZAN PUR,BASICO,PRIVADO,URBANA,CERRADA DEFINITIVAMENTE,MONOLINGUE,DOBLE,FIN DE SEMANA,GUATEMALA NORTE
00-01-0351-46,01-307,CIUDAD CAPITAL,ZONA 1,LICEO MIXTO BECKET,10A. AVENIDA 04-36,22302737,NORMA ARACELY PALOMO FRANCO DE DIAZ,ALBA CAROLINA PINEDA PONCE,DIVERSIFICADO,PRIVADO,URBANA,CERRADA DEFINITIVAMENTE,MONOLINGUE,VESPERTINA,DIARIO(REGULAR),GUATEMALA NORTE
00-01-0352-46,01-101,CIUDAD CAPITAL,ZONA 1,COLEGIO RAMA ADULTA GUATEMALTECA DE DESEO ESTUDIANTIL R.A.G.D.E.,1A. CALLE 18-34,,YENI XIOMARA CRÚZ SARCEÑO,---,DIVERSIFICADO,PRIVADO,URBANA,CERRADA DEFINITIVAMENTE,MONOLINGUE,MATUTINA,DIARIO(REGULAR),GUATEMALA NORTE
00-01-0353-46,01-01-0035,CIUDAD CAPITAL,ZONA 1,LICEO TECNICO INTEGRAL SANTA TERESA DE JESUS,12 CALLE 10-37,22201454,NORMA ARACELY PALOMO FRANCO DE DÍAZ,RITA CAROLINA TEJEDA MARTINEZ,DIVERSIFICADO,PRIVADO,URBANA,ABIERTA,MONOLINGUE,MATUTINA,DIARIO(REGULAR),GUATEMALA NORTE
00-01-0354-46,01-01-0035,CIUDAD CAPITAL,ZONA 1,LICEO TECNICO INTEGRAL SANTA TERESA DE JESUS,12 CALLE 10-37,22201454,NORMA ARACELY PALOMO FRANCO DE DÍAZ,RITA CAROLINA TEJEDA MARTINEZ,DIVERSIFICADO,PRIVADO,URBANA,ABIERTA,MONOLINGUE,DOBLE,DIARIO(REGULAR),GUATEMALA NORTE
00-01-0355-43,01-307,CIUDAD CAPITAL,ZONA 1,LICEO TECNICO INTEGRAL SANTA TERESA DE JESUS,12 CALLE 10-37,22201454,NORMA ARACELY PALOMO FRANCO DE DIAZ,ELIZABETH DEL CARMEN FLORES PINEDA,PRIMARIA,PRIVADO,URBANA,CERRADA TEMPORALMENTE,MONOLINGUE,MATUTINA,DIARIO(REGULAR),GUATEMALA NORTE
00-01-0356-45,01-01-0035,CIUDAD CAPITAL,ZONA 1,LICEO TECNICO INTEGRAL SANTA TERESA DE JESUS,12 CALLE 10-37,22201454,NORMA ARACELY PALOMO FRANCO DE DÍAZ,RITA CAROLINA TEJEDA MARTINEZ,BASICO,PRIVADO,URBANA,ABIERTA,MONOLINGUE,MATUTINA,DIARIO(REGULAR),GUATEMALA NORTE
00-01-0357-45,01-403,CIUDAD CAPITAL,ZONA 1,IPMB LICEO TECNICO INTEGRAL SANTA TERESA DE JESUS,12 CALLE 10-37,2201454,CARLOS HUMBERTO GONZÁLEZ DE LEÓN,SILVIA SUSANA SALAZAR SOTO DE MENDOZA,BASICO,PRIVADO,URBANA,CERRADA TEMPORALMENTE,MONOLINGUE,INTERMEDIA,DIARIO(REGULAR),GUATEMALA NORTE
00-01-0358-46,01-403,CIUDAD CAPITAL,ZONA 1,LICEO TECNICO INTEGRAL SANTA TERESA DE JESUS,12 CALLE 10-37,,CARLOS HUMBERTO GONZÁLEZ DE LEÓN,SILVIA SUSANA SALAZAR SOTO DE MENDOZA,DIVERSIFICADO,PRIVADO,URBANA,CERRADA TEMPORALMENTE,MONOLINGUE,INTERMEDIA,DIARIO(REGULAR),GUATEMALA NORTE
00-01-0359-45,01-403,CIUDAD CAPITAL,ZONA 1,"CENTRO EDUCACIONAL MIXTO PRIVADO ""KINGSTON""",8A. CALLE 12-46,22320683,CARLOS HUMBERTO GONZÁLEZ DE LEÓN,LUISA LILIANA AMALIA ALINE DAVID HASBUN DE GIDI,BASICO,PRIVADO,URBANA,CERRADA DEFINITIVAMENTE,MONOLINGUE,DOBLE,FIN DE SEMANA,GUATEMALA NORTE
00-01-0360-46,01-403,CIUDAD CAPITAL,ZONA 1,CENTRO EDUCATIVO RENUEVO,6A. AVENIDA 2-34,59497339,CARLOS HUMBERTO GONZÁLEZ DE LEÓN,ISABEL EUNICE ROJAS CASTILLO,DIVERSIFICADO,PRIVADO,URBANA,CERRADA TEMPORALMENTE,MONOLINGUE,INTERMEDIA,A DISTANCIA,GUATEMALA NORTE
00-01-0361-45,01-403,CIUDAD CAPITAL,ZONA 1,CENTRO EDUCATIVO RENUEVO,6A. AVENIDA 2-34,59497339,CARLOS HUMBERTO GONZÁLEZ DE LEÓN,ISABEL EUNICE ROJAS CASTILLO,BASICO,PRIVADO,URBANA,CERRADA TEMPORALMENTE,MONOLINGUE,INTERMEDIA,A DISTANCIA,GUATEMALA NORTE
00-01-0362-45,01-01-0012,CIUDAD CAPITAL,ZONA 1,CENTRO EDUCATIVO RENUEVO,6A. AVENIDA 2-34,59497339,CARLOS HUMBERTO GONZALEZ DE LEON,ISABEL EUNICE ROJAS CASTILLO,BASICO,PRIVADO,URBANA,ABIERTA,MONOLINGUE,INTERMEDIA,A DISTANCIA,GUATEMALA NORTE
00-01-0363-46,01-106,CIUDAD CAPITAL,ZONA 1,CENTRO EDUCACIONAL MIXTO PRIVADO KINGSTON,8A. CALLE 12-46,22320683,CESAR ARNOLDO MARTINEZ GARCIA,PATRICIA LORENA LIDIA GIDI DAVID,DIVERSIFICADO,PRIVADO,URBANA,CERRADA TEMPORALMENTE,MONOLINGUE,DOBLE,FIN DE SEMANA,GUATEMALA NORTE
00-01-0364-46,01-01-0039,CIUDAD CAPITAL,ZONA 1,CENTRO EDUCACIONAL MIXTO PRIVADO KINGSTON,8A. CALLE 12-46,22320683,CARLOS HUMBERTO GONZALEZ DE LEON,PATRICIA LORENA LIDIA GIDI DAVID,DIVERSIFICADO,PRIVADO,URBANA,ABIERTA,MONOLINGUE,DOBLE,FIN DE SEMANA,GUATEMALA NORTE
00-01-0365-45,01-106,CIUDAD CAPITAL,ZONA 1,CENTRO EDUCACIONAL MIXTO PRIVADO KINGSTON,8A. CALLE 12-46,22320683,CESAR ARNOLDO MARTINEZ GARCIA,PATRICIA LORENA LIDIA GIDI DAVID,BASICO,PRIVADO,URBANA,CERRADA TEMPORALMENTE,MONOLINGUE,DOBLE,FIN DE SEMANA,GUATEMALA NORTE
00-01-0366-46,01-403,CIUDAD CAPITAL,ZONA 1,"INSTITUTO PARTICULAR MIXTO ""CIENCIA Y DESARROLLO""",10  CALLE 3-15,36117881,CARLOS HUMBERTO GONZÁLEZ DE LEÓN,MYRIAM JEANNETTE CIFUENTES ORTIZ,DIVERSIFICADO,PRIVADO,URBANA,CERRADA TEMPORALMENTE,MONOLINGUE,DOBLE,FIN DE SEMANA,GUATEMALA NORTE
00-01-0367-42,01-01-0035,CIUDAD CAPITAL,ZONA 1,EODP NO. 30 OTILIA NUÑEZ ARIZA,12 CALLE 15-30,22539326,NORMA ARACELY PALOMO FRANCO DE DÍAZ,CÁNDIDA VIRGINIA LÓPEZ LÓPEZ,PARVULOS,OFICIAL,URBANA,ABIERTA,MONOLINGUE,VESPERTINA,DIARIO(REGULAR),GUATEMALA NORTE
00-01-0368-46,01-01-0037,CIUDAD CAPITAL,ZONA 1,LICEO TECNOLÓGICO MAYA DE GUATEMALA,8 CALLE 2-68,22425238,CARLOS HUMBERTO GONZALEZ DE LEON,EDGAR AROLDO ELÍAS GARCÍA,DIVERSIFICADO,PRIVADO,URBANA,ABIERTA,MONOLINGUE,DOBLE,FIN DE SEMANA,GUATEMALA NORTE
00-01-0369-46,01-627,CIUDAD CAPITAL,ZONA 1,LICEO TECNOLÓGICO MAYA DE GUATEMALA,9A. CALLE 3-72,22322025,ISAURA AMPARO RECINOS CARRILLO,EDGAR AROLDO ELÍAS GARCÍA,DIVERSIFICADO,PRIVADO,URBANA,CERRADA TEMPORALMENTE,MONOLINGUE,DOBLE,FIN DE SEMANA,GUATEMALA NORTE
00-01-0370-46,01-101,CIUDAD CAPITAL,ZONA 1,INSTITUTO MIXTO RAFAEL LANDIVAR Y CABALLERO,8A CALLE 0-30,,YENI XIOMARA CRÚZ SARCEÑO,---,DIVERSIFICADO,PRIVADO,URBANA,CERRADA DEFINITIVAMENTE,MONOLINGUE,INTERMEDIA,DIARIO(REGULAR),GUATEMALA NORTE
00-01-0371-46,01-101,CIUDAD CAPITAL,ZONA 1,COLEGIO INTERNACIONAL AMERICANO,,,YENI XIOMARA CRÚZ SARCEÑO,---,DIVERSIFICADO,PRIVADO,URBANA,CERRADA DEFINITIVAMENTE,MONOLINGUE,DOBLE,SABATINO,GUATEMALA NORTE
00-01-0372-46,01-101,CIUDAD CAPITAL,ZONA 1,INSTITUTO PRIVADO MIXTO NOCTURNO RAFAEL LANDIVAR,8 CALLE ENTRE 2A. Y 3A. AVENIDA,,YENI XIOMARA CRÚZ SARCEÑO,---,DIVERSIFICADO,PRIVADO,URBANA,CERRADA DEFINITIVAMENTE,MONOLINGUE,INTERMEDIA,DIARIO(REGULAR),GUATEMALA NORTE
00-01-0373-43,01-01-0031,CIUDAD CAPITAL,ZONA 1,"COLEGIO CORAZON Y SEÑAS ""JEMNY DIAZ""",6A. AVENIDA 2-62,22380738,LUDIBEL AMARILIS GALICIA DE FLORES,EVELYN EUGENIA MENDEZ SANCHEZ,PRIMARIA,PRIVADO,URBANA,ABIERTA,MONOLINGUE,MATUTINA,DIARIO(REGULAR),GUATEMALA NORTE
00-01-0374-45,01-01-0038,CIUDAD CAPITAL,ZONA 1,LICEO TECNICO INTEGRAL SANTA TERESA DE JESUS,12 CALLE 10-37,22201454,CARLOS HUMBERTO GONZALEZ DE LEON,SILVIA SUSANA SALAZAR SOTO,BASICO,PRIVADO,URBANA,ABIERTA,MONOLINGUE,DOBLE,FIN DE SEMANA,GUATEMALA NORTE
00-01-0375-45,01-01-0038,CIUDAD CAPITAL,ZONA 1,LICEO TECNICO INTEGRAL SANTA TERESA DE JESUS,12 CALLE 10-37,22201454,CARLOS HUMBERTO GONZALEZ DE LEON,SILVIA SUSANA SALAZAR SOTO,BASICO,PRIVADO,URBANA,ABIERTA,MONOLINGUE,DOBLE,FIN DE SEMANA,GUATEMALA NORTE
00-01-0376-46,01-01-0038,CIUDAD CAPITAL,ZONA 1,LICEO TECNICO INTEGRAL SANTA TERESA DE JESUS,12 CALLE 10-37,22201454,CARLOS HUMBERTO GONZALEZ DE LEON,SILVIA SUSANA SALAZAR SOTO,DIVERSIFICADO,PRIVADO,URBANA,ABIERTA,MONOLINGUE,DOBLE,FIN DE SEMANA,GUATEMALA NORTE
00-01-0377-46,01-01-0038,CIUDAD CAPITAL,ZONA 1,LICEO TECNICO INTEGRAL SANTA TERESA DE JESUS,12 CALLE 10-37,22201454,CARLOS HUMBERTO GONZALEZ DE LEON,SILVIA SUSANA SALAZAR SOTO,DIVERSIFICADO,PRIVADO,URBANA,ABIERTA,MONOLINGUE,DOBLE,FIN DE SEMANA,GUATEMALA NORTE
00-01-0378-46,01-101,CIUDAD CAPITAL,ZONA 1,COLEGIO MIXTO BROWNS,11 CALLE 10-50,,YENI XIOMARA CRÚZ SARCEÑO,----------,DIVERSIFICADO,PRIVADO,URBANA,CERRADA DEFINITIVAMENTE,MONOLINGUE,MATUTINA,DIARIO(REGULAR),GUATEMALA NORTE
00-01-0379-42,01-01-0026,CIUDAD CAPITAL,ZONA 1,COLEGIO JARDIN INFANTIL NIÑOS DE MARIA,3A. AVENIDA 3-54,22324147,LUDIBEL AMARILIS GALICIA DE FLORES,ANA LISBETH RUIZ DEL VALLE,PARVULOS,PRIVADO,URBANA,ABIERTA,MONOLINGUE,MATUTINA,DIARIO(REGULAR),GUATEMALA NORTE
00-01-0380-46,01-01-0028,CIUDAD CAPITAL,ZONA 1,CENTRO INTERCULTURAL DE COMPUTACION Y TURISMO C.I.C.T,11 CALLE 1-56,22326732,AMADO SALOMON FLORES PEREZ,MARIBEL ALEJANDRINA VALENZUELA GUZMAN,DIVERSIFICADO,PRIVADO,URBANA,ABIERTA,MONOLINGUE,MATUTINA,DIARIO(REGULAR),GUATEMALA NORTE
00-01-0381-45,01-01-0028,CIUDAD CAPITAL,ZONA 1,CENTRO INTERCULTURAL DE COMPUTACION Y TURISMO C.I.C.T,11 CALLE 1-56,22326732,AMADO SALOMON FLORES PEREZ,MARIBEL ALEJANDRINA VALENZUELA GUZMAN,BASICO,PRIVADO,URBANA,ABIERTA,MONOLINGUE,MATUTINA,DIARIO(REGULAR),GUATEMALA NORTE
00-01-0382-45,01-304,CIUDAD CAPITAL,ZONA 1,CENTRO INTERCULTURAL DE COMPUTACION Y TURISMO C.I.C.T,11 CALLE 1-56,22326732,AMADO SALOMON FLORES PEREZ,MARIBEL ALEJANDRINA VALENZUELA GUZMAN,BASICO,PRIVADO,URBANA,CERRADA TEMPORALMENTE,MONOLINGUE,VESPERTINA,DIARIO(REGULAR),GUATEMALA NORTE
00-01-0383-46,01-304,CIUDAD CAPITAL,ZONA 1,CENTRO INTERCULTURAL DE COMPUTACION Y TURISMO C.I.C.T,11 CALLE 1-56,22326732,AMADO SALOMON FLORES PEREZ,MARIBEL ALEJANDRINA VALENZUELA GUZMAN,DIVERSIFICADO,PRIVADO,URBANA,CERRADA TEMPORALMENTE,MONOLINGUE,VESPERTINA,DIARIO(REGULAR),GUATEMALA NORTE
00-01-0384-46,01-317,CIUDAD CAPITAL,ZONA 1,COLEGIO EN COMPUACION SAN JOSE NO. 1,4A. AVENIDA 3-39,22325435,MARIANO DOMINGO ESTRADA TELETOR,ANA MARIA NORIEGA RODAS,DIVERSIFICADO,PRIVADO,URBANA,CERRADA TEMPORALMENTE,MONOLINGUE,VESPERTINA,DIARIO(REGULAR),GUATEMALA NORTE
00-01-0385-46,01-315,CIUDAD CAPITAL,ZONA 1,COLEGIO DE INNOVACION TECNOLOGICA EDUCATIVA (C.I.T.E),13 CALLE 3-23,,LILIAN YOLANDA RODRÍGUEZ PINTO DE CASTRO,MYRNA GUDELIA BANTES GARCIA,DIVERSIFICADO,PRIVADO,URBANA,CERRADA TEMPORALMENTE,MONOLINGUE,VESPERTINA,DIARIO(REGULAR),GUATEMALA NORTE
00-01-0386-45,01-315,CIUDAD CAPITAL,ZONA 1,COLEGIO DE INNOVACION TECNOLOGICA,13 CALLE 3-23 ZONA 1,,LILIAN YOLANDA RODRÍGUEZ PINTO DE CASTRO,MYRNA GUDELIA BANTES GARCIA,BASICO,PRIVADO,URBANA,CERRADA TEMPORALMENTE,MONOLINGUE,VESPERTINA,DIARIO(REGULAR),GUATEMALA NORTE
00-01-0387-45,01-403,CIUDAD CAPITAL,ZONA 1,COLEGIO DE INNOVACION TECNOLOGICA EDUCATIVA (C.I.T.E),13 CALLE 3-23,53661818,CARLOS HUMBERTO GONZÁLEZ DE LEÓN,MYRNA GUDELIA BANTES GARCIA,BASICO,PRIVADO,URBANA,CERRADA DEFINITIVAMENTE,MONOLINGUE,DOBLE,FIN DE SEMANA,GUATEMALA NORTE
00-01-0388-46,01-01-0037,CIUDAD CAPITAL,ZONA 1,COLEGIO DE INNOVACIÓN TECNOLÓGICA EDUCATIVA (C.I.T.E.),13 CALLE 3-23,22510248,CARLOS HUMBERTO GONZALEZ DE LEON,MYRNA GUDELIA BANTES GARCÍA,DIVERSIFICADO,PRIVADO,URBANA,ABIERTA,MONOLINGUE,DOBLE,FIN DE SEMANA,GUATEMALA NORTE
00-01-0389-45,01-403,CIUDAD CAPITAL,ZONA 1,COLEGIO DE INNOVACIÓN TECNOLÓGICA EDUCATIVA (C.I.T.E.),13 CALLE 3-23,22510248,CARLOS HUMBERTO GONZÁLEZ DE LEÓN,MYRNA GUDELIA BANTES GARCÍA,BASICO,PRIVADO,URBANA,CERRADA TEMPORALMENTE,MONOLINGUE,DOBLE,FIN DE SEMANA,GUATEMALA NORTE
00-01-0390-46,01-403,CIUDAD CAPITAL,ZONA 1,COLEGIO DE INNOVACIÓN TECNOLÓGICA EDUCATIVA (C.I.T.E.),13 CALLE 3-23,22510248,CARLOS HUMBERTO GONZÁLEZ DE LEÓN,MYRNA GUDELIA BANTES GARCÍA,DIVERSIFICADO,PRIVADO,URBANA,CERRADA TEMPORALMENTE,MONOLINGUE,DOBLE,FIN DE SEMANA,GUATEMALA NORTE
00-01-0391-45,01-01-0037,CIUDAD CAPITAL,ZONA 1,COLEGIO DE INNOVACIÓN TECNOLÓGICA EDUCATIVA (C.I.T.E.),13 CALLE 3-23,22510248,CARLOS HUMBERTO GONZALEZ DE LEON,MYRNA GUDELIA BANTES GARCÍA,BASICO,PRIVADO,URBANA,ABIERTA,MONOLINGUE,DOBLE,FIN DE SEMANA,GUATEMALA NORTE
00-01-0392-46,01-303,CIUDAD CAPITAL,ZONA 1,COLEGIO EVANGELICO DEL PRINCIPE DE PAZ,AVENIDA CENTROAMERICA 21-13,22380661,GLORIA GABRIELA LARIOS GARCÍA,YOLANDA MARGOTH MENDEZ JEREZ,DIVERSIFICADO,PRIVADO,URBANA,CERRADA TEMPORALMENTE,MONOLINGUE,MATUTINA,DIARIO(REGULAR),GUATEMALA NORTE
00-01-0393-46,01-101,CIUDAD CAPITAL,ZONA 1,COLEGIO ABRAHAM LINCOLN,ZONA 1,,YENI XIOMARA CRÚZ SARCEÑO,---,DIVERSIFICADO,PRIVADO,URBANA,CERRADA DEFINITIVAMENTE,MONOLINGUE,MATUTINA,DIARIO(REGULAR),GUATEMALA NORTE
00-01-0394-46,01-101,CIUDAD CAPITAL,ZONA 1,COLEGIO ABRAHAM LINCOLN,ZONA 1,,YENI XIOMARA CRÚZ SARCEÑO,---,DIVERSIFICADO,PRIVADO,URBANA,CERRADA DEFINITIVAMENTE,MONOLINGUE,DOBLE,FIN DE SEMANA,GUATEMALA NORTE
00-01-0395-45,01-312,CIUDAD CAPITAL,ZONA 1,COLEGIO TECNOLOGICO LA MISION,4A. AVENIDA 9-65,22533722,AMADO  SALOMON FLORES PEREZ,ERI LAMAR ESPINOZA,BASICO,PRIVADO,URBANA,CERRADA TEMPORALMENTE,MONOLINGUE,MATUTINA,DIARIO(REGULAR),GUATEMALA NORTE
00-01-0396-46,01-312,CIUDAD CAPITAL,ZONA 1,COLEGIO TECNOLOGICO LA MISION,4A. AVENIDA 9-65,22323407,AMADO  SALOMON FLORES PEREZ,ERI LAMAR ESPINOZA,DIVERSIFICADO,PRIVADO,URBANA,CERRADA TEMPORALMENTE,MONOLINGUE,MATUTINA,DIARIO(REGULAR),GUATEMALA NORTE
00-01-0397-46,01-312,CIUDAD CAPITAL,ZONA 1,COLEGIO TECNOLOGICO LA MISION,4A. AVENIDA 9-65,22534814,AMADO  SALOMON FLORES PEREZ,ERI LAMAR ESPINOZA,DIVERSIFICADO,PRIVADO,URBANA,CERRADA TEMPORALMENTE,MONOLINGUE,VESPERTINA,DIARIO(REGULAR),GUATEMALA NORTE
00-01-0398-46,01-01-0037,CIUDAD CAPITAL,ZONA 1,COLEGIO TECNOLOGICO LA MISION,4A. AVENIDA 9-65,55336447,CARLOS HUMBERTO GONZALEZ DE LEON,MARIO ADOLFO ROMERO REYES,DIVERSIFICADO,PRIVADO,URBANA,ABIERTA,MONOLINGUE,DOBLE,FIN DE SEMANA,GUATEMALA NORTE
00-01-0399-46,01-627,CIUDAD CAPITAL,ZONA 1,COLEGIO TECNOLOGICO LA MISION,4A. AVENIDA 9-65,22323407,ISAURA AMPARO RECINOS CARRILLO,MARIO ADOLFO ROMERO REYES,DIVERSIFICADO,PRIVADO,URBANA,CERRADA TEMPORALMENTE,MONOLINGUE,DOBLE,FIN DE SEMANA,GUATEMALA NORTE
00-01-0400-45,01-627,CIUDAD CAPITAL,ZONA 1,COLEGIO TECNOLOGICO LA MISION,4A. AVENIDA 9-65,22323407,ISAURA AMPARO RECINOS CARRILLO,MARIO ADOLFO ROMERO REYES,BASICO,PRIVADO,URBANA,CERRADA TEMPORALMENTE,MONOLINGUE,DOBLE,FIN DE SEMANA,GUATEMALA NORTE
00-01-0401-45,01-01-0037,CIUDAD CAPITAL,ZONA 1,COLEGIO TECNOLOGICO LA MISION,4A. AVENIDA 9-65,22323407,CARLOS HUMBERTO GONZALEZ DE LEON,MARIO ADOLFO ROMERO REYES,BASICO,PRIVADO,URBANA,ABIERTA,MONOLINGUE,DOBLE,FIN DE SEMANA,GUATEMALA NORTE
00-01-0402-46,01-315,CIUDAD CAPITAL,ZONA 1,INSTITUTO GUILLERMO PUTZEYS ALVAREZ,11 CALLE 3-59,24637777,LILIAN YOLANDA RODRÍGUEZ PINTO DE CASTRO,ANA ISABEL TELLO SÁENZ,DIVERSIFICADO,PRIVADO,URBANA,CERRADA DEFINITIVAMENTE,MONOLINGUE,DOBLE,DIARIO(REGULAR),GUATEMALA NORTE
00-01-0403-45,01-01-0041,CIUDAD CAPITAL,ZONA 1,LICEO REGIOMONTANO,9A. CALLE 2-64,22536762,CARLOS HUMBERTO GONZALEZ DE LEON,NERY EDUARDO MALDONADO RUIZ,BASICO,PRIVADO,URBANA,ABIERTA,MONOLINGUE,DOBLE,FIN DE SEMANA,GUATEMALA NORTE
00-01-0404-46,01-102,CIUDAD CAPITAL,ZONA 1,COLEGIO SECRETARIAL GUATEMALTECO,5A. CALLE 0-26,,ZIZI ARELY LOPEZ CHINCHILLA,--------,DIVERSIFICADO,PRIVADO,URBANA,CERRADA DEFINITIVAMENTE,MONOLINGUE,MATUTINA,DIARIO(REGULAR),GUATEMALA NORTE
00-01-0405-46,01-102,CIUDAD CAPITAL,ZONA 1,COLEGIO BROWNS,11CALLE 10-50,,ZIZI ARELY LOPEZ CHINCHILLA,----,DIVERSIFICADO,PRIVADO,URBANA,CERRADA DEFINITIVAMENTE,MONOLINGUE,DOBLE,FIN DE SEMANA,GUATEMALA NORTE
00-01-0406-46,01-307,CIUDAD CAPITAL,ZONA 1,LICEO METROPOLITANO EN COMPUTACION III,15 CALLE 3-29,22510780,NORMA ARACELY PALOMO FRANCO DE DIAZ,MARGARITA DE JESUS BARRIOS CASTILLO,DIVERSIFICADO,PRIVADO,URBANA,CERRADA TEMPORALMENTE,MONOLINGUE,DOBLE,DIARIO(REGULAR),GUATEMALA NORTE
00-01-0407-46,01-627,CIUDAD CAPITAL,ZONA 1,LICEO METROPOLITANO EN COMPUTACION III,15 CALLE 3-29,22510780,ISAURA AMPARO RECINOS CARRILLO,MARGARITA DE JESUS BARRIOS CASTILLO,DIVERSIFICADO,PRIVADO,URBANA,CERRADA TEMPORALMENTE,MONOLINGUE,DOBLE,FIN DE SEMANA,GUATEMALA NORTE
00-01-0408-45,01-627,CIUDAD CAPITAL,ZONA 1,LICEO TECNOLOGICO MAYA DE GUATEMALA III,15 CALLE 3-29,22510780,ISAURA AMPARO RECINOS CARRILLO,ORALIA ABIGAIL BARRIOS TOVAR,BASICO,PRIVADO,URBANA,CERRADA TEMPORALMENTE,MONOLINGUE,DOBLE,FIN DE SEMANA,GUATEMALA NORTE
00-01-0409-46,01-627,CIUDAD CAPITAL,ZONA 1,LICEO METROPOLITANO EN COMPUTACION III,15 CALLE 3-29,22510780,ISAURA AMPARO RECINOS CARRILLO,MARGARITA DE JESUS BARRIOS CASTILLO,DIVERSIFICADO,PRIVADO,URBANA,CERRADA TEMPORALMENTE,MONOLINGUE,DOBLE,FIN DE SEMANA,GUATEMALA NORTE
00-01-0410-42,01-01-0032,CIUDAD CAPITAL,ZONA 1,COLEGIO DE FORMACION PROFESIONAL EN COMPUTACION -C.F.P.C.- NO. 2,15 AVENIDA 2-63,22501016,LUDIBEL AMARILIS GALICIA DE FLORES,DALIA ROXANA CASTRO JUÁREZ,PARVULOS,PRIVADO,URBANA,ABIERTA,MONOLINGUE,MATUTINA,DIARIO(REGULAR),GUATEMALA NORTE
00-01-0411-43,01-01-0032,CIUDAD CAPITAL,ZONA 1,COLEGIO DE FORMACION PROFESIONAL EN COMPUTACION -C.F.P.C.- NO. 2,15 AVENIDA 2-63,22603936,LUDIBEL AMARILIS GALICIA DE FLORES,DALIA ROXANA CASTRO JUÁREZ,PRIMARIA,PRIVADO,URBANA,ABIERTA,MONOLINGUE,MATUTINA,DIARIO(REGULAR),GUATEMALA NORTE
00-01-0412-46,01-305,CIUDAD CAPITAL,ZONA 1,COLEGIO CATOLICO SAN PABLO NO. 2,14 CALLE A 02-41,22325635,CELESTINA  ARLETTY HERNÁNDEZ AGUILAR,HUGO RENE PEREZ CAAL,DIVERSIFICADO,PRIVADO,URBANA,CERRADA DEFINITIVAMENTE,MONOLINGUE,MATUTINA,DIARIO(REGULAR),GUATEMALA NORTE
00-01-0413-45,01-305,CIUDAD CAPITAL,ZONA 1,COLEGIO CATOLICO SAN PABLO NO. 2,14 CALLE A 02-41,22325635,CELESTINA  ARLETTY HERNÁNDEZ AGUILAR,HUGO RENE PEREZ CAAL,BASICO,PRIVADO,URBANA,CERRADA DEFINITIVAMENTE,MONOLINGUE,MATUTINA,DIARIO(REGULAR),GUATEMALA NORTE
00-01-0414-45,01-627,CIUDAD CAPITAL,ZONA 1,LICEO TECNOLÓGICO MAYA DE GUATEMALA III,15 CALLE 3-29,41469698,ISAURA AMPARO RECINOS CARRILLO,ORALIA ABIGAIL BARRIOS TOVAR,BASICO,PRIVADO,URBANA,CERRADA TEMPORALMENTE,MONOLINGUE,DOBLE,FIN DE SEMANA,GUATEMALA NORTE
00-01-0415-45,01-307,CIUDAD CAPITAL,ZONA 1,LICEO TECNOLÓGICO MAYA DE GUATEMALA III,15 CALLE 3-29 A,22510780,NORMA ARACELY PALOMO FRANCO DE DIAZ,ORALIA ABIGAIL BARRIOS TOVAR,BASICO,PRIVADO,URBANA,CERRADA TEMPORALMENTE,MONOLINGUE,MATUTINA,DIARIO(REGULAR),GUATEMALA NORTE
00-01-0416-43,01-317,CIUDAD CAPITAL,ZONA 1,COLEGIO SANTA MONICA,10A. CALLE 11-41,22329121,MARIANO DOMINGO ESTRADA TELETOR,THELMA MIRIAM CACACHO GARCIA DE GARCIA,PRIMARIA,PRIVADO,URBANA,CERRADA DEFINITIVAMENTE,MONOLINGUE,MATUTINA,DIARIO(REGULAR),GUATEMALA NORTE
00-01-0417-42,01-317,CIUDAD CAPITAL,ZONA 1,COLEGIO SANTA MONICA,10A. CALLE 11-41 ZONA 1,22329121,MARIANO DOMINGO ESTRADA TELETOR,THELMA MIRIAM CACACHO GARCIA,PARVULOS,PRIVADO,URBANA,CERRADA DEFINITIVAMENTE,MONOLINGUE,MATUTINA,DIARIO(REGULAR),GUATEMALA NORTE
00-01-0418-44,01-01-0039,CIUDAD CAPITAL,ZONA 1,CENTRO EDUCACIONAL MIXTO PRIVADO KINGSTON,8 CALLE 12-46,22320683,CARLOS HUMBERTO GONZALEZ DE LEON,PATRICIA LORENA LIDIA GIDI DAVID,PRIMARIA DE ADULTOS,PRIVADO,URBANA,ABIERTA,MONOLINGUE,DOBLE,FIN DE SEMANA,GUATEMALA NORTE
00-01-0419-46,01-403,CIUDAD CAPITAL,ZONA 1,"INSTITUTO MIXTO NOCTURNO DE EDUCACION DIVERSIFICADO ""PEDRO ARRIAZA MATA""",10A AVENIDA 12-01 ZONA 1,22383239,CARLOS HUMBERTO GONZÁLEZ DE LEÓN,BRUNO LUIS EMILIO VIAU GARCIA,DIVERSIFICADO,OFICIAL,URBANA,CERRADA TEMPORALMENTE,MONOLINGUE,NOCTURNA,DIARIO(REGULAR),GUATEMALA NORTE
00-01-0420-46,01-001,CIUDAD CAPITAL,ZONA 1,LICEO APLICADO EN COMPUTACION,ZONA 1,,SANDRA LIZZETH CRUZ IZAGUIRRE,--,DIVERSIFICADO,PRIVADO,URBANA,CERRADA DEFINITIVAMENTE,MONOLINGUE,MATUTINA,DIARIO(REGULAR),GUATEMALA NORTE
00-01-0421-46,01-202,CIUDAD CAPITAL,ZONA 1,INSTITUTO CULTURAL AMERICANO,ZONA 1,,ELSA PATRICIA DE LEON MEJIA,--,DIVERSIFICADO,PRIVADO,URBANA,CERRADA DEFINITIVAMENTE,MONOLINGUE,MATUTINA,DIARIO(REGULAR),GUATEMALA NORTE
00-01-0422-46,01-110,CIUDAD CAPITAL,ZONA 1,COLEGIO SANTO DOMINGO,ZONA 1,,ZUHILEM YESENIA ESTRADA ORTIZ,---,DIVERSIFICADO,PRIVADO,URBANA,CERRADA DEFINITIVAMENTE,MONOLINGUE,MATUTINA,DIARIO(REGULAR),GUATEMALA NORTE
00-01-0423-46,01-209,CIUDAD CAPITAL,ZONA 1,INSTITUTO CENTROAMERICANO DE MERCADOTECNIA Y PUBLICIDAD,ZONA 1,,MIRIAM DEL CARMEN OROZCO HERNANDEZ,---,DIVERSIFICADO,OFICIAL,URBANA,CERRADA DEFINITIVAMENTE,MONOLINGUE,VESPERTINA,DIARIO(REGULAR),GUATEMALA NORTE
00-01-0424-42,01-01-0032,CIUDAD CAPITAL,ZONA 1,CENTRO DE ESTIMULACION PRE-ESCOLAR C.E.P,15 AVENIDA 2-68 ZONA 1,22202305,LUDIBEL AMARILIS GALICIA DE FLORES,SAYDA THAMARA YAXON SOYOS,PARVULOS,PRIVADO,URBANA,ABIERTA,MONOLINGUE,MATUTINA,DIARIO(REGULAR),GUATEMALA NORTE
00-01-0425-46,01-307,CIUDAD CAPITAL,ZONA 1,LICEO METROPOLITANO EN COMPUTACION III,15 CALLE 3-29,22510780,NORMA ARACELY PALOMO FRANCO DE DIAZ,MARGARITA DE JESUS BARRIOS CASTILLO,DIVERSIFICADO,PRIVADO,URBANA,CERRADA TEMPORALMENTE,MONOLINGUE,MATUTINA,DIARIO(REGULAR),GUATEMALA NORTE
00-01-0426-45,01-01-0040,CIUDAD CAPITAL,ZONA 1,COLEGIO CATOLICO SAN LUCAS,14 CALLE 6-82,22302011,AMADO SALOMON FLORES PEREZ,BRENDA ROCSANA CRUZ NÁJERA,BASICO,PRIVADO,URBANA,ABIERTA,MONOLINGUE,MATUTINA,DIARIO(REGULAR),GUATEMALA NORTE
00-01-0427-46,01-101,CIUDAD CAPITAL,ZONA 1,INSTITUTO CIENTIFICO COMERCIAL EN COMPUTACION,ZONA 1,,YENI XIOMARA CRÚZ SARCEÑO,---,DIVERSIFICADO,PRIVADO,URBANA,CERRADA DEFINITIVAMENTE,MONOLINGUE,VESPERTINA,DIARIO(REGULAR),GUATEMALA NORTE
00-01-0428-42,01-403,CIUDAD CAPITAL,ZONA 1,CENTRO DE ESTUDIOS INTEGRALES HUGO ROBLES,9A. CALLE 3-40 ZONA 1,22383733,CARLOS HUMBERTO GONZÁLEZ DE LEÓN,RUDY RODULFO MEJIA MENDEZ,PARVULOS,PRIVADO,URBANA,CERRADA DEFINITIVAMENTE,MONOLINGUE,MATUTINA,DIARIO(REGULAR),GUATEMALA NORTE
00-01-0429-43,01-403,CIUDAD CAPITAL,ZONA 1,CENTRO DE ESTUDIOS INTEGRALES HUGO ROBLES,9A. CALLE 3-40 ZONA 1,22383733,CARLOS HUMBERTO GONZÁLEZ DE LEÓN,RUDY  RODULFO MEJIA MENDEZ,PRIMARIA,PRIVADO,URBANA,CERRADA DEFINITIVAMENTE,MONOLINGUE,MATUTINA,DIARIO(REGULAR),GUATEMALA NORTE
00-01-0430-45,01-403,CIUDAD CAPITAL,ZONA 1,CENTRO DE ESTUDIOS INTEGRALES HUGO ROBLES,9A. CALLE 3-40 ZONA 1,22383733,CARLOS HUMBERTO GONZÁLEZ DE LEÓN,RUDY RODULFO MEJIA MENDEZ,BASICO,PRIVADO,URBANA,CERRADA DEFINITIVAMENTE,MONOLINGUE,MATUTINA,DIARIO(REGULAR),GUATEMALA NORTE
00-01-0431-44,01-403,CIUDAD CAPITAL,ZONA 1,CENTRO DE ESTUDIOS INTEGRALES HUGO ROBLES,9A. CALLE 3-40 ZONA 1,22383733,CARLOS HUMBERTO GONZÁLEZ DE LEÓN,RUDY RODULFO MEJIA MENDEZ,PRIMARIA DE ADULTOS,PRIVADO,URBANA,CERRADA DEFINITIVAMENTE,MONOLINGUE,MATUTINA,FIN DE SEMANA,GUATEMALA NORTE
00-01-0432-45,01-403,CIUDAD CAPITAL,ZONA 1,CENTRO DE ESTUDIOS INTEGRALES HUGO ROBLES,9A. CALLE 3-40,22383733,CARLOS HUMBERTO GONZÁLEZ DE LEÓN,RUDY RODULFO MEJIA MENDEZ,BASICO,PRIVADO,URBANA,CERRADA DEFINITIVAMENTE,MONOLINGUE,MATUTINA,FIN DE SEMANA,GUATEMALA NORTE
00-01-0433-46,01-403,CIUDAD CAPITAL,ZONA 1,CENTRO DE ESUTIOS INTEGRALES HUGO ROBLES,9A. CALLE 3-40 ZONA 1,22383733,CARLOS HUMBERTO GONZÁLEZ DE LEÓN,RUDY RODULFO MEJIA MENDEZ,DIVERSIFICADO,PRIVADO,URBANA,CERRADA TEMPORALMENTE,MONOLINGUE,MATUTINA,FIN DE SEMANA,GUATEMALA NORTE
00-01-0434-46,01-403,CIUDAD CAPITAL,ZONA 1,CENTRO DE ESTUDIOS INTEGRALES HUGO ROBLES,9A. CALLE 3-40 ZONA 1,22383733,CARLOS HUMBERTO GONZÁLEZ DE LEÓN,RUDY RODULFO MEJIA MENDEZ,DIVERSIFICADO,PRIVADO,URBANA,CERRADA TEMPORALMENTE,MONOLINGUE,MATUTINA,FIN DE SEMANA,GUATEMALA NORTE
00-01-0435-46,01-403,CIUDAD CAPITAL,ZONA 1,CENTRO DE ESTUDIOS INTEGRALES HUGO ROBLES,9A. CALLE 3-40 ZONA 1,22383733,CARLOS HUMBERTO GONZÁLEZ DE LEÓN,RUDY RODULFO MEJIA MENDEZ,DIVERSIFICADO,PRIVADO,URBANA,CERRADA DEFINITIVAMENTE,MONOLINGUE,MATUTINA,DIARIO(REGULAR),GUATEMALA NORTE
00-01-0436-45,01-01-0044,CIUDAD CAPITAL,ZONA 1,LICEO MULTICULTURAL GUATEMALTECO,9A. CALLE 3-40,22383733,MARIANO DOMINGO ESTRADA TELETOR,JOSE RICARDO REYES MORA,BASICO,PRIVADO,URBANA,CERRADA TEMPORALMENTE,MONOLINGUE,MATUTINA,DIARIO(REGULAR),GUATEMALA NORTE
00-01-0437-46,01-01-0044,CIUDAD CAPITAL,ZONA 1,LICEO MULTICULTURAL GUATEMALTECO,9A. CALLE 3-40,22383733,MARIANO DOMINGO ESTRADA TELETOR,JOSE RICARDO REYES MORA,DIVERSIFICADO,PRIVADO,URBANA,ABIERTA,MONOLINGUE,MATUTINA,DIARIO(REGULAR),GUATEMALA NORTE
00-01-0438-45,01-316,CIUDAD CAPITAL,ZONA 1,LICEO MULTICULTURAL GUATEMALTECO,9A. CALLE 3-40,22530315,LILIAN YOLANDA RODRIGUEZ PINTO DE CASTRO,JOSE RICARDO REYES MORA,BASICO,PRIVADO,URBANA,CERRADA TEMPORALMENTE,MONOLINGUE,DOBLE,FIN DE SEMANA,GUATEMALA NORTE
00-01-0439-45,01-316,CIUDAD CAPITAL,ZONA 1,LICEO MULTICULTURAL GUATEMALTECO,9A. CALLE 3-40,22530315,LILIAN YOLANDA RODRIGUEZ PINTO DE CASTRO,JOSE RICARDO REYES MORA,BASICO,PRIVADO,URBANA,CERRADA TEMPORALMENTE,MONOLINGUE,DOBLE,FIN DE SEMANA,GUATEMALA NORTE
00-01-0440-46,01-316,CIUDAD CAPITAL,ZONA 1,LICEO MULTICULTURAL GUATEMALTECO,9A. CALLE 3-40,22383733,LILIAN YOLANDA RODRIGUEZ PINTO DE CASTRO,JOSE RICARDO REYES MORA,DIVERSIFICADO,PRIVADO,URBANA,CERRADA TEMPORALMENTE,MONOLINGUE,DOBLE,FIN DE SEMANA,GUATEMALA NORTE
00-01-0441-46,01-316,CIUDAD CAPITAL,ZONA 1,LICEO MULTICULTURAL GUATEMALTECO,9A. CALLE 3-40,22530315,LILIAN YOLANDA RODRIGUEZ PINTO DE CASTRO,JOSE RICARDO REYES MORA,DIVERSIFICADO,PRIVADO,URBANA,CERRADA TEMPORALMENTE,MONOLINGUE,DOBLE,FIN DE SEMANA,GUATEMALA NORTE
00-01-0442-46,01-307,CIUDAD CAPITAL,ZONA 1,COLEGIO PRIVADO MIXTO SANTA INFANCIA,9A. AVENIDA 4-29,22380392,NORMA ARACELY PALOMO FRANCO DE DIAZ,ESTELA JOSEFINA ZEBADUA GARCIA DE PRTDESABA,DIVERSIFICADO,PRIVADO,URBANA,CERRADA TEMPORALMENTE,MONOLINGUE,DOBLE,DIARIO(REGULAR),GUATEMALA NORTE
00-01-0443-46,01-211,CIUDAD CAPITAL,ZONA 1,INSTITUTO MIXTO NOCTURNO JOSE MARTI,ZONA 1,,ADRIANA FABIOLA BOLAÑOS ESTRADA,---,DIVERSIFICADO,PRIVADO,URBANA,CERRADA DEFINITIVAMENTE,MONOLINGUE,NOCTURNA,DIARIO(REGULAR),GUATEMALA NORTE
00-01-0444-46,01-210,CIUDAD CAPITAL,ZONA 1,INSTITUTO AMERICA,CENTRO,,DINIZ ORALIA MORALES MUÑOZ,--,DIVERSIFICADO,PRIVADO,URBANA,CERRADA DEFINITIVAMENTE,MONOLINGUE,MATUTINA,DIARIO(REGULAR),GUATEMALA NORTE
00-01-0445-46,01-210,CIUDAD CAPITAL,ZONA 1,COLEGIO LICEO PEDRO PABLO VALDEZ,CENTRO,,DINIZ ORALIA MORALES MUÑOZ,--,DIVERSIFICADO,PRIVADO,URBANA,CERRADA DEFINITIVAMENTE,MONOLINGUE,DOBLE,DIARIO(REGULAR),GUATEMALA NORTE
00-01-0446-46,01-001,CIUDAD CAPITAL,ZONA 1,INSTITUTO BILINGUE ANGLOAMERICANO,CENTRO,,SANDRA LIZZETH CRUZ IZAGUIRRE,---,DIVERSIFICADO,PRIVADO,URBANA,CERRADA DEFINITIVAMENTE,MONOLINGUE,MATUTINA,DIARIO(REGULAR),GUATEMALA NORTE
00-01-0447-46,01-001,CIUDAD CAPITAL,ZONA 1,CENTRO DE ESTUDIOS MERCADOLOGICOS Y PUBLICITARIOS,CENTRO,,SANDRA LIZZETH CRUZ IZAGUIRRE,--,DIVERSIFICADO,PRIVADO,URBANA,CERRADA DEFINITIVAMENTE,MONOLINGUE,MATUTINA,DIARIO(REGULAR),GUATEMALA NORTE
00-01-0448-46,01-312,CIUDAD CAPITAL,ZONA 1,INSTITUTO TECNOLOGICO MIXTO VOCACIONAL CENTROAMERICANO BILINGUE,12A CALLE A 2-18,22381338,AMADO  SALOMON FLORES PEREZ,JULIO CASTELLANOS BOBADILLA,DIVERSIFICADO,PRIVADO,URBANA,CERRADA TEMPORALMENTE,MONOLINGUE,DOBLE,DIARIO(REGULAR),GUATEMALA NORTE
00-01-0449-42,01-01-0030,CIUDAD CAPITAL,ZONA 1,"COLEGIO SALESIANO ""DON BOSCO""",26 CALLE 2-46,22465117,NORMA ARACELY PALOMO FRANCO DE DÍAZ,DENIS YOMARA GARCIA PUENTE,PARVULOS,PRIVADO,URBANA,ABIERTA,MONOLINGUE,MATUTINA,DIARIO(REGULAR),GUATEMALA NORTE
00-01-0450-46,01-627,CIUDAD CAPITAL,ZONA 1,LICEO PROFESIONAL SANTANDER,6A. AVENIDA 1-34,58166416,ISAURA AMPARO RECINOS CARRILLO,JORGE ABRAHAM CAMEY PRETZANCIN,DIVERSIFICADO,PRIVADO,URBANA,CERRADA TEMPORALMENTE,MONOLINGUE,DOBLE,FIN DE SEMANA,GUATEMALA NORTE
00-01-0451-46,01-01-0041,CIUDAD CAPITAL,ZONA 1,LICEO PROFESIONAL SANTANDER,2DA. AVENIDA 8-27,58166416,CARLOS HUMBERTO GONZALEZ DE LEON,JORGE ABRAHAM CAMEY PRETZANCIN,DIVERSIFICADO,PRIVADO,URBANA,ABIERTA,MONOLINGUE,DOBLE,FIN DE SEMANA,GUATEMALA NORTE
00-01-0452-45,01-627,CIUDAD CAPITAL,ZONA 1,LICEO PROFESIONAL SANTANDER,6A. AVENIDA 1-34,58166416,ISAURA AMPARO RECINOS CARRILLO,JORGE ABRAHAM CAMEY PRETZANCIN,BASICO,PRIVADO,URBANA,CERRADA TEMPORALMENTE,MONOLINGUE,DOBLE,FIN DE SEMANA,GUATEMALA NORTE
00-01-0453-45,01-01-0041,CIUDAD CAPITAL,ZONA 1,LICEO PROFESIONAL SANTANDER,2DA. AVENIDA 8-27,58166416,CARLOS HUMBERTO GONZALEZ DE LEON,JORGE ABRAHAM CAMEY PRETZANCIN,BASICO,PRIVADO,URBANA,ABIERTA,MONOLINGUE,DOBLE,FIN DE SEMANA,GUATEMALA NORTE
00-01-0454-44,01-01-0041,CIUDAD CAPITAL,ZONA 1,LICEO PROFESIONAL SANTANDER,2DA. AVENIDA 8-27,22212688,CARLOS HUMBERTO GONZALEZ DE LEON,JORGE ABRAHAM CAMEY PRETZANCIN,PRIMARIA DE ADULTOS,PRIVADO,URBANA,ABIERTA,MONOLINGUE,DOBLE,FIN DE SEMANA,GUATEMALA NORTE
00-01-0455-45,01-01-0031,CIUDAD CAPITAL,ZONA 1,LICEO CULTURAL ESPAÑOL,4A. AVENIDA 3-56,30258550,LUDIBEL AMARILIS GALICIA DE FLORES,ELDER ALCIDES REGALADO LEMUS,BASICO,PRIVADO,URBANA,ABIERTA,MONOLINGUE,MATUTINA,DIARIO(REGULAR),GUATEMALA NORTE
00-01-0456-46,01-01-0031,CIUDAD CAPITAL,ZONA 1,LICEO CULTURAL ESPAÑOL,4A. AVENIDA 3-56,30258550,LUDIBEL AMARILIS GALICIA DE FLORES,ELDER ALCIDES REGALADO LEMUS,DIVERSIFICADO,PRIVADO,URBANA,ABIERTA,MONOLINGUE,MATUTINA,DIARIO(REGULAR),GUATEMALA NORTE
00-01-0457-45,01-01-0037,CIUDAD CAPITAL,ZONA 1,LICEO CULTURAL ESPAÑOL,4A. AVENIDA 3-56,30258550,CARLOS HUMBERTO GONZALEZ DE LEON,ELDER ALCIDES REGALADO LEMUS,BASICO,PRIVADO,URBANA,ABIERTA,MONOLINGUE,DOBLE,FIN DE SEMANA,GUATEMALA NORTE
00-01-0458-46,01-01-0037,CIUDAD CAPITAL,ZONA 1,LICEO CULTURAL ESPAÑOL,4A. AVENIDA 3-56,22382723,CARLOS HUMBERTO GONZALEZ DE LEON,ELDER ALCIDES REGALADO LEMUS,DIVERSIFICADO,PRIVADO,URBANA,ABIERTA,MONOLINGUE,DOBLE,FIN DE SEMANA,GUATEMALA NORTE
00-01-0459-45,01-01-0037,CIUDAD CAPITAL,ZONA 1,LICEO CULTURAL ESPAÑOL,4A. AVENIDA 3-56,30258550,CARLOS HUMBERTO GONZALEZ DE LEON,ELDER ALCIDES REGALADO LEMUS,BASICO,PRIVADO,URBANA,ABIERTA,MONOLINGUE,DOBLE,FIN DE SEMANA,GUATEMALA NORTE
00-01-0460-46,01-01-0037,CIUDAD CAPITAL,ZONA 1,LICEO CULTURAL ESPAÑOL,4A. AVENIDA 3-56,22382723,CARLOS HUMBERTO GONZALEZ DE LEON,ELDER ALCIDES REGALADO LEMUS,DIVERSIFICADO,PRIVADO,URBANA,ABIERTA,MONOLINGUE,DOBLE,FIN DE SEMANA,GUATEMALA NORTE
00-01-0461-45,01-312,CIUDAD CAPITAL,ZONA 1,"CENTRO TECNOLÓGICO ""DA VINCI""",10A. CALLE 9-52,22382038,AMADO  SALOMON FLORES PEREZ,MARIA TERESA YON DE RENDON,BASICO,PRIVADO,URBANA,CERRADA TEMPORALMENTE,MONOLINGUE,MATUTINA,DIARIO(REGULAR),GUATEMALA NORTE
00-01-0462-46,01-312,CIUDAD CAPITAL,ZONA 1,CENTRO TECNOLÓGICO ¨DA VINCI¨,10A. CALLE 9-52,22382038,AMADO  SALOMON FLORES PEREZ,MARIA TERESA YON DE RENDON,DIVERSIFICADO,PRIVADO,URBANA,CERRADA TEMPORALMENTE,MONOLINGUE,MATUTINA,DIARIO(REGULAR),GUATEMALA NORTE
00-01-0463-45,01-01-0040,CIUDAD CAPITAL,ZONA 1,COLEGIO VALVERDE NO. 2,4A. AVENIDA 4-49,22093200,AMADO SALOMON FLORES PEREZ,SARA LIZBETH COLINDRES MILIÁN,BASICO,PRIVADO,URBANA,ABIERTA,MONOLINGUE,MATUTINA,DIARIO(REGULAR),GUATEMALA NORTE
00-01-0464-45,01-403,CIUDAD CAPITAL,ZONA 1,COLEGIO VALVERDE NO. 2,4A. AVENIDA 4-49,22093200,CARLOS HUMBERTO GONZÁLEZ DE LEÓN,SARA LIZBETH COLINDRES MILIÁN,BASICO,PRIVADO,URBANA,CERRADA TEMPORALMENTE,MONOLINGUE,DOBLE,FIN DE SEMANA,GUATEMALA NORTE
00-01-0465-46,01-403,CIUDAD CAPITAL,ZONA 1,COLEGIO VALVERDE NO. 2,4A. AVENIDA 4-49,22093200,CARLOS HUMBERTO GONZÁLEZ DE LEÓN,SARA LIZBETH COLINDRES MILIÁN,DIVERSIFICADO,PRIVADO,URBANA,CERRADA TEMPORALMENTE,MONOLINGUE,DOBLE,FIN DE SEMANA,GUATEMALA NORTE
00-01-0466-45,01-410,CIUDAD CAPITAL,ZONA 1,LICEO INTEGRAL BILINGUE LAN-DER,5A AVENIDA 2-24 ZONA 1,59235429,CEDWIN EUGENIO CRUZ BUCARO,ROSSANA VERONICA TELON OTZOY,BASICO,PRIVADO,URBANA,CERRADA DEFINITIVAMENTE,MONOLINGUE,DOBLE,FIN DE SEMANA,GUATEMALA NORTE
00-01-0467-46,01-410,CIUDAD CAPITAL,ZONA 1,LICEO INTEGRAL BILINGUE LAN-DER,5A AVENIDA 2-24 ZONA 1,59235429,CEDWIN EUGENIO CRUZ BUCARO,ROSSANA VERONICA TELON OTZOY,DIVERSIFICADO,PRIVADO,URBANA,CERRADA DEFINITIVAMENTE,MONOLINGUE,DOBLE,FIN DE SEMANA,GUATEMALA NORTE
00-01-0468-46,01-410,CIUDAD CAPITAL,ZONA 1,LICEO INTEGRAL BILINGUE LAN-DER,5A AVENIDA 2-24 ZONA 1,59235429,CEDWIN EUGENIO CRUZ BUCARO,ROSSANA VERONICA TELON OTZOY,DIVERSIFICADO,PRIVADO,URBANA,CERRADA DEFINITIVAMENTE,MONOLINGUE,DOBLE,FIN DE SEMANA,GUATEMALA NORTE
00-01-0469-45,01-627,CIUDAD CAPITAL,ZONA 1,"CENTRO TECNOLÓGICO ""DA VINCI""",10A. CALLE 9-52,22382038,ISAURA AMPARO RECINOS CARRILLO,MARIA TERESA YON DE RENDON,BASICO,PRIVADO,URBANA,CERRADA DEFINITIVAMENTE,MONOLINGUE,MATUTINA,FIN DE SEMANA,GUATEMALA NORTE
00-01-0470-46,01-627,CIUDAD CAPITAL,ZONA 1,CENTRO TECNOLÓGICO ¨DA VINCI¨,10A. CALLE 9-52,22382038,ISAURA AMPARO RECINOS CARRILLO,MARIA TERESA YON DE RENDON,DIVERSIFICADO,PRIVADO,URBANA,CERRADA DEFINITIVAMENTE,MONOLINGUE,MATUTINA,FIN DE SEMANA,GUATEMALA NORTE
00-01-0471-45,01-410,CIUDAD CAPITAL,ZONA 1,LICEO INTEGRAL BILINGUE LAN-DER,5A AVENIDA 2-24 ZONA 1,59235429,CEDWIN EUGENIO CRUZ BUCARO,ROSSANA VERONICA TELON OTZOY,BASICO,PRIVADO,URBANA,CERRADA DEFINITIVAMENTE,MONOLINGUE,DOBLE,FIN DE SEMANA,GUATEMALA NORTE
00-01-0472-43,01-621,CIUDAD CAPITAL,ZONA 1,LICEO INTEGRAL BILINGUE LAN-DER,5A AVENIDA 2-24 ZONA 1,59235429,MARTA LUZ BETETA ORTIZ DE JORDAN,LEYLA MARIELA CABRERA GONZALEZ,PRIMARIA,PRIVADO,URBANA,CERRADA DEFINITIVAMENTE,MONOLINGUE,MATUTINA,DIARIO(REGULAR),GUATEMALA NORTE
00-01-0473-45,01-621,CIUDAD CAPITAL,ZONA 1,LICEO INTEGRAL BILINGUE LAN-DER,5A AVENIDA 2-24 ZONA 1,59235429,MARTA LUZ BETETA ORTIZ DE JORDAN,ROSSANA OTZOY,BASICO,PRIVADO,URBANA,CERRADA DEFINITIVAMENTE,MONOLINGUE,MATUTINA,DIARIO(REGULAR),GUATEMALA NORTE
00-01-0474-44,01-410,CIUDAD CAPITAL,ZONA 1,LICEO INTEGRAL BILINGUE LAN-DER,5A AVENIDA 2-24 ZONA 1,59235429,CEDWIN EUGENIO CRUZ BUCARO,ROSSANA VERONICA TELON OTZOY,PRIMARIA DE ADULTOS,PRIVADO,URBANA,CERRADA DEFINITIVAMENTE,MONOLINGUE,DOBLE,FIN DE SEMANA,GUATEMALA NORTE
00-01-0475-46,01-410,CIUDAD CAPITAL,ZONA 1,LICEO INTEGRAL BILINGUE LAN-DER,5A AVENIDA 2-24 ZONA 1,59235429,CEDWIN EUGENIO CRUZ BUCARO,ROSSANA VERONICA TELON OTZOY,DIVERSIFICADO,PRIVADO,URBANA,CERRADA DEFINITIVAMENTE,MONOLINGUE,DOBLE,FIN DE SEMANA,GUATEMALA NORTE
00-01-0476-42,01-307,CIUDAD CAPITAL,ZONA 1,LICEO TECNICO INTEGRAL SANTA TERESA DE JESUS,12A CALLE 10-37,22201454,NORMA ARACELY PALOMO FRANCO DE DIAZ,GLENDA MARLENE HERNANDEZ GRAMAJO,PARVULOS,PRIVADO,URBANA,CERRADA TEMPORALMENTE,MONOLINGUE,MATUTINA,DIARIO(REGULAR),GUATEMALA NORTE
00-01-0477-45,01-403,CIUDAD CAPITAL,ZONA 1,COLEGIO TECNICO INDUSTRIAL LUIS CARDOZA Y ARAGON,"5A CALLE 1-20, 1-34 Y 1-36",22304437,CARLOS HUMBERTO GONZÁLEZ DE LEÓN,AURA ELICIA CARTAGENA MONROY,BASICO,PRIVADO,URBANA,CERRADA TEMPORALMENTE,MONOLINGUE,DOBLE,FIN DE SEMANA,GUATEMALA NORTE
00-01-0478-46,01-403,CIUDAD CAPITAL,ZONA 1,COLEGIO TECNICO INDUSTRIAL LUIS CARDOZA Y ARAGON,"5A CALLE 1-20, 1-34 Y 1-36",22304437,CARLOS HUMBERTO GONZÁLEZ DE LEÓN,AURA ELICIA CARTAGENA MONROY,DIVERSIFICADO,PRIVADO,URBANA,CERRADA TEMPORALMENTE,MONOLINGUE,DOBLE,FIN DE SEMANA,GUATEMALA NORTE
00-01-0479-46,01-01-0026,CIUDAD CAPITAL,ZONA 1,COLEGIO TECNICO PROGRESISTA -CETECPRO-,2A. AVENIDA 3-59,22512759,LUDIBEL AMARILIS GALICIA DE FLORES,IRMA AMPARO TOLEDO HERNANDEZ,DIVERSIFICADO,PRIVADO,URBANA,ABIERTA,MONOLINGUE,MATUTINA,DIARIO(REGULAR),GUATEMALA NORTE
00-01-0480-43,01-01-0040,CIUDAD CAPITAL,ZONA 1,CENTRO EDUCATIVO MIXTO MONTENEVADO,3A. AVENIDA 10-29,34652607,AMADO SALOMON FLORES PEREZ,BEISSY LISSETTE GUARDADO ORELLANA,PRIMARIA,PRIVADO,URBANA,ABIERTA,MONOLINGUE,MATUTINA,DIARIO(REGULAR),GUATEMALA NORTE
00-01-0481-46,01-210,CIUDAD CAPITAL,ZONA 1,COLEGIO CERVANTES,CIUDAD CAPITAL,,DINIZ ORALIA MORALES MUÑOZ,--,DIVERSIFICADO,PRIVADO,URBANA,CERRADA DEFINITIVAMENTE,MONOLINGUE,MATUTINA,DIARIO(REGULAR),GUATEMALA NORTE
00-01-0482-46,01-01-0037,CIUDAD CAPITAL,ZONA 1,CENTRO EDUCATIVO MIXTO MONTENEVADO,3A AVENIDA 10-29,22381293,CARLOS HUMBERTO GONZALEZ DE LEON,SILVIA MARLENI ALVARADO GUARDADO,DIVERSIFICADO,PRIVADO,URBANA,ABIERTA,MONOLINGUE,DOBLE,FIN DE SEMANA,GUATEMALA NORTE
00-01-0483-46,01-101,CIUDAD CAPITAL,ZONA 1,LICEO METROPOLITANO SAN GREGORIO,8A. AVENIDA 9-60,,YENI XIOMARA CRÚZ SARCEÑO,---,DIVERSIFICADO,PRIVADO,URBANA,CERRADA DEFINITIVAMENTE,MONOLINGUE,MATUTINA,DIARIO(REGULAR),GUATEMALA NORTE
00-01-0484-44,01-627,CIUDAD CAPITAL,ZONA 1,"CENTRO TECNOLÓGICO ""DA VINCI""",10A. CALLE 9-52,22382038,ISAURA AMPARO RECINOS CARRILLO,MARIA TERESA YON DE RENDON,PRIMARIA DE ADULTOS,PRIVADO,URBANA,CERRADA DEFINITIVAMENTE,MONOLINGUE,MATUTINA,FIN DE SEMANA,GUATEMALA NORTE
00-01-0485-43,01-315,CIUDAD CAPITAL,ZONA 1,COLEGIO MARTA NOVELLA,7A. AVENIDA 11-67,58771766,LILIAN YOLANDA RODRÍGUEZ PINTO DE CASTRO,ANA MARIA BOLAÑOS DE MUÑOZ,PRIMARIA,PRIVADO,URBANA,CERRADA DEFINITIVAMENTE,MONOLINGUE,MATUTINA,DIARIO(REGULAR),GUATEMALA NORTE
00-01-0486-45,01-315,CIUDAD CAPITAL,ZONA 1,COLEGIO MARTA NOVELLA,7A. AVENIDA 11-67,58771766,LILIAN YOLANDA RODRÍGUEZ PINTO DE CASTRO,HERBERT ANGEL ALVAREZ CONTRERAS,BASICO,PRIVADO,URBANA,CERRADA DEFINITIVAMENTE,MONOLINGUE,MATUTINA,DIARIO(REGULAR),GUATEMALA NORTE
00-01-0487-46,01-01-0035,CIUDAD CAPITAL,ZONA 1,COLEGIO MARTA NOVELLA,7A. AVENIDA 11-67,58771766,NORMA ARACELY PALOMO FRANCO DE DÍAZ,HERBERT ANGEL ALVAREZ CONTRERAS,DIVERSIFICADO,PRIVADO,URBANA,ABIERTA,MONOLINGUE,MATUTINA,DIARIO(REGULAR),GUATEMALA NORTE
00-01-0488-44,01-403,CIUDAD CAPITAL,ZONA 1,COLEGIO ISTMO-AMERICANO,11 CALLE 4-22,53184646,CARLOS HUMBERTO GONZÁLEZ DE LEÓN,SHIRLEY MARISOL LARRIEU DARDON,PRIMARIA DE ADULTOS,PRIVADO,URBANA,CERRADA TEMPORALMENTE,MONOLINGUE,DOBLE,FIN DE SEMANA,GUATEMALA NORTE
00-01-0489-45,01-403,CIUDAD CAPITAL,ZONA 1,COLEGIO ISTMO-AMERICANO,11 CALLE 4-22,53184646,CARLOS HUMBERTO GONZÁLEZ DE LEÓN,SHIRLEY MARISOL LARRIEU DARDON,BASICO,PRIVADO,URBANA,CERRADA TEMPORALMENTE,MONOLINGUE,DOBLE,FIN DE SEMANA,GUATEMALA NORTE
00-01-0490-46,01-403,CIUDAD CAPITAL,ZONA 1,COLEGIO ISTMO-AMERICANO,11 CALLE 4-22,53184646,CARLOS HUMBERTO GONZÁLEZ DE LEÓN,SHIRLEY MARISOL LARRIEU DARDON,DIVERSIFICADO,PRIVADO,URBANA,CERRADA TEMPORALMENTE,MONOLINGUE,DOBLE,FIN DE SEMANA,GUATEMALA NORTE
00-01-0491-46,01-210,CIUDAD CAPITAL,ZONA 1,CENTRO DE ENSEÑANZA INTEGRAL SISTEMATIZADA -CEIS-,---,,DINIZ ORALIA MORALES MUÑOZ,----,DIVERSIFICADO,PRIVADO,URBANA,CERRADA DEFINITIVAMENTE,MONOLINGUE,MATUTINA,DIARIO(REGULAR),GUATEMALA NORTE
00-01-0492-46,01-101,CIUDAD CAPITAL,ZONA 1,INSTITUTO AMERICANO DE COMPUTACION,9 AV. DE LA ZONA 1,,YENI XIOMARA CRÚZ SARCEÑO,----,DIVERSIFICADO,PRIVADO,URBANA,CERRADA DEFINITIVAMENTE,MONOLINGUE,INTERMEDIA,DIARIO(REGULAR),GUATEMALA NORTE
00-01-0493-46,01-101,CIUDAD CAPITAL,ZONA 1,INSTITUTO DIVERSIFICADO BILINGUE CIAV,3AV. Y 13 CALLE,,YENI XIOMARA CRÚZ SARCEÑO,-----------------,DIVERSIFICADO,PRIVADO,URBANA,CERRADA DEFINITIVAMENTE,MONOLINGUE,MATUTINA,DIARIO(REGULAR),GUATEMALA NORTE
00-01-0494-45,01-01-0033,CIUDAD CAPITAL,ZONA 1,INSTITUTO DE EDUCACION BASICA Y BACHILLERATO EN CIENCAS Y LETRAS POR MADUREZ DOCTOR JUAN JOSE AREVALO BERMEJO,8A. AVENIDA 9-60,22536894,CARLOS HUMBERTO GONZALEZ DE LEON,EDNA MARIETA DE LA CRUZ PONCE,BASICO,PRIVADO,URBANA,ABIERTA,MONOLINGUE,MATUTINA,FIN DE SEMANA,GUATEMALA NORTE
00-01-0495-46,01-001,CIUDAD CAPITAL,ZONA 1,INSTITUTO MODELO,CIUDAD GUATEMALA,,SANDRA LIZZETH CRUZ IZAGUIRRE,---,DIVERSIFICADO,PRIVADO,URBANA,CERRADA DEFINITIVAMENTE,MONOLINGUE,DOBLE,DIARIO(REGULAR),GUATEMALA NORTE
00-01-0496-43,01-01-0035,CIUDAD CAPITAL,ZONA 1,CENTRO EDUCATIVO LUZ,13 AVENIDA 3-47 ZONA 1,59741474,NORMA ARACELY PALOMO FRANCO DE DÍAZ,LUIS FRANCISCO MUÑOZ HIDALGO,PRIMARIA,PRIVADO,URBANA,ABIERTA,MONOLINGUE,MATUTINA,DIARIO(REGULAR),GUATEMALA NORTE
00-01-0497-42,01-01-0035,CIUDAD CAPITAL,ZONA 1,CENTRO EDUCATIVO LUZ,13 AVENIDA 3-47,59741474,NORMA ARACELY PALOMO FRANCO DE DÍAZ,LUIS FRANCISCO MUÑOZ HIDALGO,PARVULOS,PRIVADO,URBANA,ABIERTA,MONOLINGUE,MATUTINA,DIARIO(REGULAR),GUATEMALA NORTE
00-01-0498-45,01-304,CIUDAD CAPITAL,ZONA 1,"COLEGIO ""EL EMILIO""",2A. CALLE 6-77,22532080,AMADO SALOMON FLORES PEREZ,ANTONIO ROMAN LOPEZ ESCOBAR,BASICO,PRIVADO,URBANA,CERRADA TEMPORALMENTE,MONOLINGUE,MATUTINA,DIARIO(REGULAR),GUATEMALA NORTE
00-01-0499-46,01-01-0031,CIUDAD CAPITAL,ZONA 1,"COLEGIO ""EL EMILIO""",2A. CALLE 6-77,22532080,LUDIBEL AMARILIS GALICIA DE FLORES,ANTONIO ROMAN LOPEZ ESCOBAR,DIVERSIFICADO,PRIVADO,URBANA,ABIERTA,MONOLINGUE,MATUTINA,DIARIO(REGULAR),GUATEMALA NORTE
00-01-0500-45,01-403,CIUDAD CAPITAL,ZONA 1,"COLEGIO ""EL EMILIO""",2A. CALLE 6-77,22532080,CARLOS HUMBERTO GONZÁLEZ DE LEÓN,ANTONIO ROMAN LOPEZ ESCOBAR,BASICO,PRIVADO,URBANA,CERRADA TEMPORALMENTE,MONOLINGUE,DOBLE,FIN DE SEMANA,GUATEMALA NORTE
00-01-0501-45,01-403,CIUDAD CAPITAL,ZONA 1,"COLEGIO ""EL EMILIO""",2A. CALLE 6-77,22532080,CARLOS HUMBERTO GONZÁLEZ DE LEÓN,ANTONIO ROMAN LOPEZ ESCOBAR,BASICO,PRIVADO,URBANA,CERRADA TEMPORALMENTE,MONOLINGUE,DOBLE,FIN DE SEMANA,GUATEMALA NORTE
00-01-0502-46,01-403,CIUDAD CAPITAL,ZONA 1,"COLEGIO ""EL EMILIO""",2A. CALLE 6-77,22532080,CARLOS HUMBERTO GONZÁLEZ DE LEÓN,ANTONIO ROMAN LOPEZ ESCOBAR,DIVERSIFICADO,PRIVADO,URBANA,CERRADA TEMPORALMENTE,MONOLINGUE,DOBLE,FIN DE SEMANA,GUATEMALA NORTE
00-01-0503-42,01-301,CIUDAD CAPITAL,ZONA 1,CENTRO ESCOLAR MIXTO SANTA MARIA,15 AV. 1-95,22518474,LUCRECIA MARISOL CERMEÑO GONZÁLEZ,SOR ANA JULIETA PÉREZ MORALES,PARVULOS,PRIVADO,URBANA,CERRADA TEMPORALMENTE,MONOLINGUE,MATUTINA,DIARIO(REGULAR),GUATEMALA NORTE
00-01-0504-43,01-01-0032,CIUDAD CAPITAL,ZONA 1,CENTRO ESCOLAR MIXTO SANTA MARIA,15 AV. 1-95 ZONA 1,22518474,LUDIBEL AMARILIS GALICIA DE FLORES,SOR ANA JULIETA PÉREZ MORALES,PRIMARIA,PRIVADO,URBANA,ABIERTA,MONOLINGUE,MATUTINA,DIARIO(REGULAR),GUATEMALA NORTE
00-01-0505-45,01-01-0032,CIUDAD CAPITAL,ZONA 1,CENTRO ESCOLAR MIXTO SANTA MARIA,15 AV. 1-95,22303427,LUDIBEL AMARILIS GALICIA DE FLORES,SOR MARGARITA  ORTIZ BORRAYO,BASICO,PRIVADO,URBANA,ABIERTA,MONOLINGUE,MATUTINA,DIARIO(REGULAR),GUATEMALA NORTE
00-01-0506-46,01-01-0048,CIUDAD CAPITAL,ZONA 1,CENTRO DE ESTUDIOS WINBRIDGE,8A. CALLE 2-40,22146400,AMADO SALOMON FLORES PEREZ,GILDA NOEMÍ SOSA HURTADO,DIVERSIFICADO,PRIVADO,URBANA,ABIERTA,MONOLINGUE,MATUTINA,DIARIO(REGULAR),GUATEMALA NORTE
00-01-0507-43,,CIUDAD CAPITAL,ZONA 1,COLEGIO 'NUESTRA SEÑORA DE FATIMA',14 AVE. 3-37,22532474,,,PRIMARIA,PRIVADO,URBANA,CERRADA TEMPORALMENTE,MONOLINGUE,MATUTINA,DIARIO(REGULAR),GUATEMALA NORTE
00-01-0508-46,01-01-0033,CIUDAD CAPITAL,ZONA 1,INSTITUTO AMERICANO EN CIENCIAS DE COMPUTACION,6A. AVENIDA 18-23,23120654,CARLOS HUMBERTO GONZALEZ DE LEON,MARCO ANTONIO CASTAÑEDA FLORES,DIVERSIFICADO,PRIVADO,URBANA,ABIERTA,MONOLINGUE,DOBLE,FIN DE SEMANA,GUATEMALA NORTE
00-01-0509-46,01-01-0031,CIUDAD CAPITAL,ZONA 1,COLEGIO PARA VARONES SAN SEBASTIAN,2A. CALLE 6-56,22100000,LUDIBEL AMARILIS GALICIA DE FLORES,EDGAR ROLANDO MARROQUÍN AMADO,DIVERSIFICADO,PRIVADO,URBANA,ABIERTA,MONOLINGUE,MATUTINA,DIARIO(REGULAR),GUATEMALA NORTE
00-01-0510-46,01-207,CIUDAD CAPITAL,ZONA 1,CENTRO EDUCATIVO FUTURISTA -C.E.F.-,13 AVENIDA 4-60 ZONA 1,22511845,ELOÍSA MERCEDES GÓMEZ OROZCO DE FUENTES,---,DIVERSIFICADO,PRIVADO,URBANA,CERRADA TEMPORALMENTE,MONOLINGUE,MATUTINA,DIARIO(REGULAR),GUATEMALA NORTE
00-01-0511-45,01-207,CIUDAD CAPITAL,ZONA 1,CENTRO EDUCATIVO FUTURISTA -C.E.F.-,13 AVENIDA 4-60 ZONA 1,22511845,ELOÍSA MERCEDES GÓMEZ OROZCO DE FUENTES,---,BASICO,PRIVADO,RURAL,CERRADA TEMPORALMENTE,MONOLINGUE,MATUTINA,FIN DE SEMANA,GUATEMALA NORTE
00-01-0512-46,01-207,CIUDAD CAPITAL,ZONA 1,CENTRO EDUCATIVO FUTURISTA -C.E.F.-,13 AVENIDA 4-60 ZONA 1,22511845,ELOÍSA MERCEDES GÓMEZ OROZCO DE FUENTES,-----------------,DIVERSIFICADO,PRIVADO,RURAL,CERRADA TEMPORALMENTE,MONOLINGUE,MATUTINA,FIN DE SEMANA,GUATEMALA NORTE
00-01-0513-45,01-403,CIUDAD CAPITAL,ZONA 1,"CENTRO DE ESTUDIOS INTEGRALES ""HUGO ROBLES""",9A. CALLE 3-40,22530315,CARLOS HUMBERTO GONZÁLEZ DE LEÓN,JOSE RICARDO REYES MORA,BASICO,PRIVADO,URBANA,CERRADA TEMPORALMENTE,MONOLINGUE,DOBLE,FIN DE SEMANA,GUATEMALA NORTE
00-01-0514-42,01-01-0040,CIUDAD CAPITAL,ZONA 1,ESCUELA OFICIAL DE PARVULOS ANEXA A ESCUELA OFICIAL URBANA MIXTA GRUPO ESCOLAR CENTROAMERICANO,"10A. CALLE 2-37, ZONA 1",22204531,AMADO SALOMON FLORES PEREZ,DORA RUTILIA SOTO TORRES,PARVULOS,OFICIAL,URBANA,ABIERTA,MONOLINGUE,VESPERTINA,DIARIO(REGULAR),GUATEMALA NORTE
00-01-0515-46,01-312,CIUDAD CAPITAL,ZONA 1,CENTRO DE ESTUDIOS INTEGRALES HUGO ROBLES,9A. CALLE 3-40 ZONA 1 GUATEMALA,22530315,AMADO  SALOMON FLORES PEREZ,JOSE RICARDO REYES MORA,DIVERSIFICADO,PRIVADO,URBANA,CERRADA DEFINITIVAMENTE,MONOLINGUE,DOBLE,DIARIO(REGULAR),GUATEMALA NORTE
00-01-0516-46,01-312,CIUDAD CAPITAL,ZONA 1,LICEO MULTICULTURAL GUATEMALTECO,"9A, CALLE 3-40",22530315,AMADO  SALOMON FLORES PEREZ,JOSE RICARDO REYES MORA,DIVERSIFICADO,PRIVADO,URBANA,CERRADA TEMPORALMENTE,MONOLINGUE,DOBLE,DIARIO(REGULAR),GUATEMALA NORTE
00-01-0517-44,01-01-0037,CIUDAD CAPITAL,ZONA 1,"""LICEO MONTE SINAÍ""",3A. AVE. 7-34,56289897,CARLOS HUMBERTO GONZALEZ DE LEON,ISABEL ROBEDDI VALLAR TORRES,PRIMARIA DE ADULTOS,PRIVADO,URBANA,ABIERTA,MONOLINGUE,MATUTINA,FIN DE SEMANA,GUATEMALA NORTE
00-01-0518-45,01-01-0037,CIUDAD CAPITAL,ZONA 1,"""LICEO MONTE SINAÍ",3A. AVE. 7-34,56289897,CARLOS HUMBERTO GONZALEZ DE LEON,ISABEL ROBEDDI VALLAR TORRES,BASICO,PRIVADO,URBANA,ABIERTA,MONOLINGUE,MATUTINA,FIN DE SEMANA,GUATEMALA NORTE
00-01-0519-45,01-01-0026,CIUDAD CAPITAL,ZONA 1,"""LICEO MONTE SINAÍ""",3A. AVE. 7-34,56289897,LUDIBEL AMARILIS GALICIA DE FLORES,ISABEL ROBEDDI VALLAR TORRES,BASICO,PRIVADO,URBANA,ABIERTA,MONOLINGUE,MATUTINA,DIARIO(REGULAR),GUATEMALA NORTE
00-01-0520-46,01-01-0037,CIUDAD CAPITAL,ZONA 1,"""LICEO MONTE SINAÍ""",3A. AVE. 7-34,56289897,CARLOS HUMBERTO GONZALEZ DE LEON,ISABEL ROBEDDI VALLAR TORRES,DIVERSIFICADO,PRIVADO,URBANA,ABIERTA,MONOLINGUE,MATUTINA,FIN DE SEMANA,GUATEMALA NORTE
00-01-0521-46,01-01-0037,CIUDAD CAPITAL,ZONA 1,"""LICEO MONTE SINAÍ""",3A. AVE. 7-34,56289897,CARLOS HUMBERTO GONZALEZ DE LEON,ISABEL ROBEDDI VALLAR TORRES,DIVERSIFICADO,PRIVADO,URBANA,ABIERTA,MONOLINGUE,MATUTINA,FIN DE SEMANA,GUATEMALA NORTE
00-01-0522-43,01-01-0026,CIUDAD CAPITAL,ZONA 1,"""LICEO MONTE SINAÍ""",3A. AVE. 7-34,56289897,LUDIBEL AMARILIS GALICIA DE FLORES,MAURA BEZAIDA FIGUEROA GARCÍA,PRIMARIA,PRIVADO,URBANA,ABIERTA,MONOLINGUE,MATUTINA,DIARIO(REGULAR),GUATEMALA NORTE
00-01-0523-45,01-01-0026,CIUDAD CAPITAL,ZONA 1,"""LICEO MONTE SINAÍ""",3A. AVE. 7-34,56289897,LUDIBEL AMARILIS GALICIA DE FLORES,ISABEL ROBEDDI VALLAR TORRES,BASICO,PRIVADO,URBANA,ABIERTA,MONOLINGUE,MATUTINA,DIARIO(REGULAR),GUATEMALA NORTE
00-01-0524-46,01-01-0026,CIUDAD CAPITAL,ZONA 1,"""LICEO MONTE SINAÍ""",3A. AVE. 7-34,56289897,LUDIBEL AMARILIS GALICIA DE FLORES,ISABEL ROBEDDI VALLAR TORRES,DIVERSIFICADO,PRIVADO,URBANA,ABIERTA,MONOLINGUE,MATUTINA,DIARIO(REGULAR),GUATEMALA NORTE
00-01-0525-43,01-01-0048,CIUDAD CAPITAL,ZONA 1,LICEO HISPANOAMERICANO NO. 3,8A. CALLE 0-62,22518774,AMADO SALOMON FLORES PEREZ,MELINA ELIZABETH GONZÁLEZ ROSALES,PRIMARIA,PRIVADO,URBANA,ABIERTA,MONOLINGUE,MATUTINA,DIARIO(REGULAR),GUATEMALA NORTE
00-01-0526-45,01-01-0048,CIUDAD CAPITAL,ZONA 1,LICEO HISPANOAMERICANO NO. 3,8A. CALLE 0-62,22518774,AMADO SALOMON FLORES PEREZ,MELINA ELIZABETH GONZÁLEZ ROSALES,BASICO,PRIVADO,URBANA,ABIERTA,MONOLINGUE,MATUTINA,DIARIO(REGULAR),GUATEMALA NORTE
00-01-0527-46,01-01-0048,CIUDAD CAPITAL,ZONA 1,LICEO HISPANOAMERICANO NO. 3,8A. CALLE 0-62,22518774,AMADO SALOMON FLORES PEREZ,MELINA ELIZABETH GONZÁLEZ ROSALES,DIVERSIFICADO,PRIVADO,URBANA,ABIERTA,MONOLINGUE,MATUTINA,DIARIO(REGULAR),GUATEMALA NORTE
00-01-0528-44,01-01-0042,CIUDAD CAPITAL,ZONA 1,LICEO HISPANOAMERICANO NO. 3,8A. CALLE 0-62,22518774,CARLOS HUMBERTO GONZALEZ DE LEON,MELINA ELIZABETH GONZÁLEZ ROSALES,PRIMARIA DE ADULTOS,PRIVADO,URBANA,ABIERTA,MONOLINGUE,MATUTINA,FIN DE SEMANA,GUATEMALA NORTE
00-01-0529-45,01-403,CIUDAD CAPITAL,ZONA 1,LICEO HISPANOAMERICANO NO. 3,1A. AVENIDA 8-36,22518774,CARLOS HUMBERTO GONZÁLEZ DE LEÓN,MIRIAM MARLENY DÍAZ VELÁSQUEZ,BASICO,PRIVADO,URBANA,CERRADA TEMPORALMENTE,MONOLINGUE,MATUTINA,FIN DE SEMANA,GUATEMALA NORTE
00-01-0530-45,01-01-0042,CIUDAD CAPITAL,ZONA 1,LICEO HISPANOAMERICANO NO. 3,8A. CALLE 0-62,22518774,CARLOS HUMBERTO GONZALEZ DE LEON,MELINA ELIZABETH GONZÁLEZ ROSALES,BASICO,PRIVADO,URBANA,ABIERTA,MONOLINGUE,MATUTINA,FIN DE SEMANA,GUATEMALA NORTE
00-01-0531-46,01-403,CIUDAD CAPITAL,ZONA 1,LICEO HISPANOAMERICANO NO. 3,1A. AVENIDA 8-36,22518774,CARLOS HUMBERTO GONZÁLEZ DE LEÓN,MIRIAM MARLENY DÍAZ VELÁSQUEZ,DIVERSIFICADO,PRIVADO,URBANA,CERRADA TEMPORALMENTE,MONOLINGUE,MATUTINA,FIN DE SEMANA,GUATEMALA NORTE
00-01-0532-46,01-01-0042,CIUDAD CAPITAL,ZONA 1,LICEO HISPANOAMERICANO NO. 3,8A. CALLE 0-62,22518774,CARLOS HUMBERTO GONZALEZ DE LEON,MELINA ELIZABETH GONZÁLEZ ROSALES,DIVERSIFICADO,PRIVADO,URBANA,ABIERTA,MONOLINGUE,MATUTINA,FIN DE SEMANA,GUATEMALA NORTE
00-01-0533-44,01-403,CIUDAD CAPITAL,ZONA 1,INSTITUTO GUILLERMO PUTZEYS ÁLVAREZ,11 CALLE 3-59,24637777,CARLOS HUMBERTO GONZÁLEZ DE LEÓN,JOSÉ RODERICO TELLO TELLO,PRIMARIA DE ADULTOS,PRIVADO,URBANA,CERRADA TEMPORALMENTE,MONOLINGUE,DOBLE,FIN DE SEMANA,GUATEMALA NORTE
00-01-0534-46,01-01-0037,CIUDAD CAPITAL,ZONA 1,INSTITUTO GUILLERMO PUTZEYS ÁLVAREZ,11 CALLE 3-59,24637777,CARLOS HUMBERTO GONZALEZ DE LEON,JOSÉ RODERICO TELLO TELLO,DIVERSIFICADO,PRIVADO,URBANA,ABIERTA,MONOLINGUE,DOBLE,FIN DE SEMANA,GUATEMALA NORTE
00-01-0535-42,01-01-0031,CIUDAD CAPITAL,ZONA 1,LICEO HISPANOAMERICANO NO. 2,2DA. CALLE 7-11,22205687,LUDIBEL AMARILIS GALICIA DE FLORES,ROSA ANGÉLICA SIGUENZA CORADO,PARVULOS,PRIVADO,URBANA,ABIERTA,MONOLINGUE,MATUTINA,DIARIO(REGULAR),GUATEMALA NORTE
00-01-0536-45,01-01-0037,CIUDAD CAPITAL,ZONA 1,INEB JN ADSCRITO A EOPA NO. 26 JOSÉ JOAQUÍN PARDO,3A. AVE. C  24-24,57123025,CARLOS HUMBERTO GONZALEZ DE LEON,JESSICA LIZETH PENELEU LÓPEZ,BASICO,OFICIAL,URBANA,ABIERTA,MONOLINGUE,NOCTURNA,DIARIO(REGULAR),GUATEMALA NORTE
00-01-0537-45,01-01-0038,CIUDAD CAPITAL,ZONA 1,INEB JN ADSCRITO A EOPA NO. 1 TOMAS CACELLA,15 CALLE 11-12,58578420,CARLOS HUMBERTO GONZALEZ DE LEON,MARINA FLORES MORAN DE CHAVEZ,BASICO,OFICIAL,URBANA,ABIERTA,MONOLINGUE,NOCTURNA,DIARIO(REGULAR),GUATEMALA NORTE
00-01-0538-45,01-403,CIUDAD CAPITAL,ZONA 1,INSTITUTO MIXTO NOCTURNO DE EDUCACIÓN BÁSICA PEDRO ARRIAZA MATA,10A. AVENIDA 12-01- ZONA 1,22383239,CARLOS HUMBERTO GONZÁLEZ DE LEÓN,BRUNO LUIS EMILIO VIAU GARCIA,BASICO,OFICIAL,URBANA,CERRADA TEMPORALMENTE,MONOLINGUE,NOCTURNA,DIARIO(REGULAR),GUATEMALA NORTE
00-01-0539-43,01-01-0040,CIUDAD CAPITAL,ZONA 1,COLEGIO VALVERDE INFANTIL,5A. AVENIDA 4-53,22093200,AMADO SALOMON FLORES PEREZ,JESSICA MARLENE ALPÍREZ GONZÁLEZ,PRIMARIA,PRIVADO,URBANA,ABIERTA,MONOLINGUE,MATUTINA,DIARIO(REGULAR),GUATEMALA NORTE
00-01-0540-42,01-01-0040,CIUDAD CAPITAL,ZONA 1,COLEGIO VALVERDE INFANTIL,5A. AVENIDA 4-53,22093200,AMADO SALOMON FLORES PEREZ,JESSICA MARLENE ALPÍREZ GONZÁLEZ,PARVULOS,PRIVADO,URBANA,ABIERTA,MONOLINGUE,MATUTINA,DIARIO(REGULAR),GUATEMALA NORTE
00-01-0541-46,01-01-0035,CIUDAD CAPITAL,ZONA 1,COLEGIO EL CAMINO,10A. CALLE 11-46,22511273,NORMA ARACELY PALOMO FRANCO DE DÍAZ,RAFAELA AMANDA VERONICA GODOY GONZALEZ,DIVERSIFICADO,PRIVADO,URBANA,ABIERTA,MONOLINGUE,MATUTINA,DIARIO(REGULAR),GUATEMALA NORTE
00-01-0542-46,01-627,CIUDAD CAPITAL,ZONA 1,LICEO DE COMPUTACIÓN C.S.S.,11 CALLE 9-62,22517771,ISAURA AMPARO RECINOS CARRILLO,NORMA LUCRECIA CÓRDOVA HEREDIA,DIVERSIFICADO,PRIVADO,URBANA,CERRADA TEMPORALMENTE,MONOLINGUE,DOBLE,FIN DE SEMANA,GUATEMALA NORTE
00-01-0543-45,01-627,CIUDAD CAPITAL,ZONA 1,LICEO DE COMPUTACIÓN C.S.S.,11 CALLE 9-62,22517771,ISAURA AMPARO RECINOS CARRILLO,NORMA LUCRECIA CÓRDOVA HEREDIA,BASICO,PRIVADO,URBANA,CERRADA TEMPORALMENTE,MONOLINGUE,DOBLE,FIN DE SEMANA,GUATEMALA NORTE
00-01-0544-42,01-312,CIUDAD CAPITAL,ZONA 1,COLEGIO LUISA QUINTEROS RODRÍGUEZ,2A. AVENIDA 13-29,23123675,AMADO  SALOMON FLORES PEREZ,IRMA DEL ROSARIO DÍAZ ALBORES,PARVULOS,PRIVADO,URBANA,CERRADA TEMPORALMENTE,MONOLINGUE,MATUTINA,DIARIO(REGULAR),GUATEMALA NORTE
00-01-0545-43,01-312,CIUDAD CAPITAL,ZONA 1,COLEGIO LUISA QUINTEROS RODRÍGUEZ,2A. AVENIDA 13-29,23123675,AMADO  SALOMON FLORES PEREZ,JULIA CELINNE IBÁNEZ COLL,PRIMARIA,PRIVADO,URBANA,CERRADA TEMPORALMENTE,MONOLINGUE,MATUTINA,DIARIO(REGULAR),GUATEMALA NORTE
00-01-0546-46,01-403,CIUDAD CAPITAL,ZONA 1,"INSTITUTO MIXTO NOCTURNO DE EDUCACIÓN DIVERSIFICADA POR MADUREZ ""PEDRO ARRIAZA MATA""",10A. AVENIDA 12-01,22383239,CARLOS HUMBERTO GONZÁLEZ DE LEÓN,BRUNO LUIS VIAU GARCÍA,DIVERSIFICADO,OFICIAL,URBANA,CERRADA TEMPORALMENTE,MONOLINGUE,NOCTURNA,DIARIO(REGULAR),GUATEMALA NORTE
00-01-0547-45,01-403,CIUDAD CAPITAL,ZONA 1,"INSTITUTO MIXTO NOCTURNO DE EDUCACIÓN BÁSICA POR MADUREZ ""PEDRO ARRIAZA MATA""",10A. AVENIDA 12-01,22383239,CARLOS HUMBERTO GONZÁLEZ DE LEÓN,BRUNO LUIS VIAU GARCÍA,BASICO,OFICIAL,URBANA,CERRADA TEMPORALMENTE,MONOLINGUE,NOCTURNA,DIARIO(REGULAR),GUATEMALA NORTE
00-01-0548-46,01-403,CIUDAD CAPITAL,ZONA 1,COLEGIO MIXTO BILINGÜE SANTA MARIA,ZONA 1,22067425,CARLOS HUMBERTO GONZÁLEZ DE LEÓN,THELMA ONDINA VASQUEZ,DIVERSIFICADO,PRIVADO,URBANA,CERRADA DEFINITIVAMENTE,MONOLINGUE,MATUTINA,FIN DE SEMANA,GUATEMALA NORTE
00-01-0549-46,01-403,CIUDAD CAPITAL,ZONA 1,COLEGIO MIXTO BILINGÜE SANTA MARIA,ZONA 1,22067425,CARLOS HUMBERTO GONZÁLEZ DE LEÓN,THELMA ONDINA VASQUEZ,DIVERSIFICADO,PRIVADO,URBANA,CERRADA DEFINITIVAMENTE,MONOLINGUE,MATUTINA,DIARIO(REGULAR),GUATEMALA NORTE
00-01-0550-46,01-312,CIUDAD CAPITAL,ZONA 1,"INSTITUTO MIXTO DIURNO Y NOCTURNO ""DIEGUEZ OLAVERRI""",AVENIDA SIMEON CAÑAS 3-37,22067425,AMADO  SALOMON FLORES PEREZ,THELMA ONDINA VASQUEZ,DIVERSIFICADO,PRIVADO,URBANA,CERRADA DEFINITIVAMENTE,MONOLINGUE,VESPERTINA,DIARIO(REGULAR),GUATEMALA NORTE
00-01-0551-46,01-312,CIUDAD CAPITAL,ZONA 1,ESCUELA PRIVADA PARA SEÑORITAS SILOHE,AVENIDA SIMEON CAÑAS 3-37,22740625,AMADO  SALOMON FLORES PEREZ,THELMA ONDINA VASQUEZ,DIVERSIFICADO,PRIVADO,URBANA,CERRADA DEFINITIVAMENTE,MONOLINGUE,MATUTINA,DIARIO(REGULAR),GUATEMALA NORTE
00-01-0552-46,01-312,CIUDAD CAPITAL,ZONA 1,LICEO PEDRO PABLO VALDES,AVENIDA SIMEON CAÑAS 3-37,22067425,AMADO  SALOMON FLORES PEREZ,THELMA ONDINA VASQUEZ,DIVERSIFICADO,PRIVADO,URBANA,CERRADA DEFINITIVAMENTE,MONOLINGUE,DOBLE,DIARIO(REGULAR),GUATEMALA NORTE
00-01-0553-46,01-308,CIUDAD CAPITAL,ZONA 1,INSTITUTO PRIVADO SUPERACION,"25 CALLE 1-49, ZONA 1",22067425,JORGE MYNOR SOL HERNÁNDEZ,THELMA ONDINA VASQUEZ,DIVERSIFICADO,PRIVADO,URBANA,CERRADA DEFINITIVAMENTE,MONOLINGUE,VESPERTINA,DIARIO(REGULAR),GUATEMALA NORTE
00-01-0554-45,01-01-0033,CIUDAD CAPITAL,ZONA 1,"CENTRO DE EDUC. EXTRAESCOLAR CEEX-GRUPO CEIBA, PARQUE DE SERVICIOS TECNOLÓGICOS",4A. AVENIDA 12-39,22381970,CARLOS HUMBERTO GONZALEZ DE LEON,RUTH SADIRA CHELEY DE LEÓN,BASICO,PRIVADO,URBANA,ABIERTA,MONOLINGUE,DOBLE,FIN DE SEMANA,GUATEMALA NORTE
00-01-0555-46,01-403,CIUDAD CAPITAL,ZONA 1,COLEGIO TECNOLÓGICO CENTRO CULTURAL DE LAS AMÉRICAS,8A. CALLE 0-30,22384217,CARLOS HUMBERTO GONZÁLEZ DE LEÓN,JESÚS  SAMAYOA ARAGÓN,DIVERSIFICADO,PRIVADO,URBANA,CERRADA TEMPORALMENTE,MONOLINGUE,MATUTINA,FIN DE SEMANA,GUATEMALA NORTE
00-01-0556-45,01-403,CIUDAD CAPITAL,ZONA 1,COLEGIO TECNOLÓGICO CENTRO CULTURAL DE LAS AMÉRICAS,8A. CALLE 0-30,22384217,CARLOS HUMBERTO GONZÁLEZ DE LEÓN,JESUS SAMYOA ARAGON,BASICO,PRIVADO,URBANA,CERRADA TEMPORALMENTE,MONOLINGUE,MATUTINA,FIN DE SEMANA,GUATEMALA NORTE
00-01-0557-46,01-403,CIUDAD CAPITAL,ZONA 1,COLEGIO TECNOLÓGICO CENTRO CULTURAL DE LAS AMÉRICAS,8A. CALLE 0-30,22384217,CARLOS HUMBERTO GONZÁLEZ DE LEÓN,JESUS SAMAYOA ARAGON,DIVERSIFICADO,PRIVADO,URBANA,CERRADA TEMPORALMENTE,MONOLINGUE,MATUTINA,FIN DE SEMANA,GUATEMALA NORTE
00-01-0558-45,01-403,CIUDAD CAPITAL,ZONA 1,COLEGIO TECNOLÓGICO CENTRO CULTURAL DE LAS AMÉRICAS,8A. CALLE 0-30,22384217,CARLOS HUMBERTO GONZÁLEZ DE LEÓN,JESÚS  SAMAYOA ARAGÓN,BASICO,PRIVADO,URBANA,CERRADA TEMPORALMENTE,MONOLINGUE,DOBLE,FIN DE SEMANA,GUATEMALA NORTE
00-01-0559-45,01-01-0048,CIUDAD CAPITAL,ZONA 1,COLEGIO TECNOLÒGICO CENTRO CULTURAL DE LAS AMÉRICAS,8A. CALLE 0-30,22384217,AMADO SALOMON FLORES PEREZ,JESÚS  SAMAYOA ARAGÓN,BASICO,PRIVADO,URBANA,ABIERTA,MONOLINGUE,MATUTINA,DIARIO(REGULAR),GUATEMALA NORTE
00-01-0560-46,01-316,CIUDAD CAPITAL,ZONA 1,COLEGIO TECNOLÓGICO CENTRO CULTURAL DE LAS AMÉRICAS,8A. CALLE 0-30,22384217,LILIAN YOLANDA RODRIGUEZ PINTO DE CASTRO,JESÚS  SAMAYOA ARAGÓN,DIVERSIFICADO,PRIVADO,URBANA,CERRADA TEMPORALMENTE,MONOLINGUE,MATUTINA,DIARIO(REGULAR),GUATEMALA NORTE
00-01-0561-45,01-316,CIUDAD CAPITAL,ZONA 1,COLEGIO TECNOLÓGICO CENTRO CULTURAL DE LAS AMÉRICAS,8A. CALLE 0-30,22384217,LILIAN YOLANDA RODRIGUEZ PINTO DE CASTRO,JESUS SAMAYOA ARAGON,BASICO,PRIVADO,URBANA,CERRADA TEMPORALMENTE,MONOLINGUE,VESPERTINA,DIARIO(REGULAR),GUATEMALA NORTE
00-01-0562-46,01-01-0048,CIUDAD CAPITAL,ZONA 1,COLEGIO TECNOLÓGICO CENTRO CULTURAL DE LAS AMÉRICAS,8A. CALLE 0-30,22302766,AMADO SALOMON FLORES PEREZ,JESÚS  SAMAYOA ARAGÓN,DIVERSIFICADO,PRIVADO,URBANA,ABIERTA,MONOLINGUE,VESPERTINA,DIARIO(REGULAR),GUATEMALA NORTE
00-01-0563-46,01-01-0028,CIUDAD CAPITAL,ZONA 1,LICEO CANADIENSE,11 CALLE 1-53,23750055,AMADO SALOMON FLORES PEREZ,ADA LUCRECIA MIJANGOS TEO,DIVERSIFICADO,PRIVADO,URBANA,ABIERTA,MONOLINGUE,DOBLE,DIARIO(REGULAR),GUATEMALA NORTE
00-01-0564-46,01-01-0028,CIUDAD CAPITAL,ZONA 1,INSTITUTO GUILLERMO PUTZEYS ÁLVAREZ,11 CALLE 3-59,24637777,AMADO SALOMON FLORES PEREZ,ANA ISABEL TELLO SÁENZ,DIVERSIFICADO,PRIVADO,URBANA,ABIERTA,MONOLINGUE,DOBLE,DIARIO(REGULAR),GUATEMALA NORTE
00-01-0565-46,01-318,CIUDAD CAPITAL,ZONA 1,COLEGIO INTEGRAL SAN JUAN,9A. CALLE 3-40,22533937,SANDRA CAROLINA PÉREZ DONDIEGO DE CHOC,SILVIA PATRICIA RAMOS ESTRADA,DIVERSIFICADO,PRIVADO,URBANA,CERRADA TEMPORALMENTE,MONOLINGUE,MATUTINA,DIARIO(REGULAR),GUATEMALA NORTE
00-01-0566-45,01-318,CIUDAD CAPITAL,ZONA 1,COLEGIO INTEGRAL SAN JUAN,9A. CALLE 3-40,22533937,SANDRA CAROLINA PÉREZ DONDIEGO DE CHOC,SILVIA PATRICIA RAMOS ESTRADA,BASICO,PRIVADO,URBANA,CERRADA TEMPORALMENTE,MONOLINGUE,MATUTINA,DIARIO(REGULAR),GUATEMALA NORTE
00-01-0567-46,01-317,CIUDAD CAPITAL,ZONA 1,"ESCUELA NORMAL PARA MAESTROS DE EDUCACIÒN MUSICAL ""JESÚS MARÍA ALVARADO""",2A. CALLE 4-04,22516651,MARIANO DOMINGO ESTRADA TELETOR,SONIA CONCEPCIÓN LÓPEZ MUÑOZ,DIVERSIFICADO,OFICIAL,URBANA,CERRADA TEMPORALMENTE,MONOLINGUE,DOBLE,DIARIO(REGULAR),GUATEMALA NORTE
00-01-0568-46,01-01-0042,CIUDAD CAPITAL,ZONA 1,COLEGIO INTEGRAL SAN JUAN,9A. CALLE 3-40,22533937,CARLOS HUMBERTO GONZALEZ DE LEON,SILVIA PATRICIA RAMOS ESTRADA,DIVERSIFICADO,PRIVADO,URBANA,ABIERTA,MONOLINGUE,DOBLE,FIN DE SEMANA,GUATEMALA NORTE
00-01-0569-42,01-01-0035,CIUDAD CAPITAL,ZONA 1,"COLEGIO INFANTIL BILINGÜE ""SANTA MÓNICA""",1OA. CALLE 11-41,25986489,NORMA ARACELY PALOMO FRANCO DE DÍAZ,ALBA REGINA MONTERROSO VILLAGRÁN,PARVULOS,PRIVADO,URBANA,ABIERTA,MONOLINGUE,MATUTINA,DIARIO(REGULAR),GUATEMALA NORTE
00-01-0570-43,01-01-0035,CIUDAD CAPITAL,ZONA 1,"COLEGIO INFANTIL BILINGÜE ""SANTA MÓNICA""",1OA. CALLE 11-18,22329121,NORMA ARACELY PALOMO FRANCO DE DÍAZ,ALBA REGINA MONTERROSO VILLAGRÁN,PRIMARIA,PRIVADO,URBANA,ABIERTA,MONOLINGUE,MATUTINA,DIARIO(REGULAR),GUATEMALA NORTE
00-01-0571-46,01-01-0044,CIUDAD CAPITAL,ZONA 1,COLEGIO MIXTO SANTO DOMINGO,12A. AVENIDA 12-11,22531216,MARIANO DOMINGO ESTRADA TELETOR,SERGIO ALEJANDRO VILLATORO VILLAGRAN,DIVERSIFICADO,PRIVADO,URBANA,ABIERTA,MONOLINGUE,MATUTINA,DIARIO(REGULAR),GUATEMALA NORTE
00-01-0572-45,01-01-0039,CIUDAD CAPITAL,ZONA 1,COLEGIO MIXTO SANTO DOMINGO,12A. AVENIDA 12-11,22531216,CARLOS HUMBERTO GONZALEZ DE LEON,SERGIO ALEJANDRO VILLATORO VILLAGRAN,BASICO,PRIVADO,URBANA,ABIERTA,MONOLINGUE,DOBLE,FIN DE SEMANA,GUATEMALA NORTE
00-01-0573-46,01-01-0039,CIUDAD CAPITAL,ZONA 1,COLEGIO MIXTO SANTO DOMINGO,12A. AVENIDA 12-11,22531216,CARLOS HUMBERTO GONZALEZ DE LEON,SERGIO ALEJANDRO VILLATORO VILLAGRAN,DIVERSIFICADO,PRIVADO,URBANA,ABIERTA,MONOLINGUE,DOBLE,FIN DE SEMANA,GUATEMALA NORTE
00-01-0574-46,01-403,CIUDAD CAPITAL,ZONA 1,COLEGIO MIXTO SANTO DOMINGO,12 AVENIDA 12-11 ZONA 1,22531216,CARLOS HUMBERTO GONZÁLEZ DE LEÓN,SERGIO ALEJANDRO VILLATORO VILLAGRAN,DIVERSIFICADO,PRIVADO,URBANA,CERRADA TEMPORALMENTE,MONOLINGUE,DOBLE,FIN DE SEMANA,GUATEMALA NORTE
00-01-0575-45,01-01-0044,CIUDAD CAPITAL,ZONA 1,COLEGIO MIXTO SANTO DOMINGO,12 AVENIDA 12-11,22531216,MARIANO DOMINGO ESTRADA TELETOR,SERGIO ALEJANDRO VILLATORO VILLAGRAN,BASICO,PRIVADO,URBANA,ABIERTA,MONOLINGUE,MATUTINA,DIARIO(REGULAR),GUATEMALA NORTE
00-01-0576-45,01-403,CIUDAD CAPITAL,ZONA 1,COLEGIO MIXTO SANTO DOMINGO,12 AVENIDA 12-11,22531216,CARLOS HUMBERTO GONZÁLEZ DE LEÓN,SERGIO ALEJANDRO VILLATORO VILLAGRAN,BASICO,PRIVADO,URBANA,CERRADA TEMPORALMENTE,MONOLINGUE,DOBLE,FIN DE SEMANA,GUATEMALA NORTE
00-01-0577-45,01-01-0042,CIUDAD CAPITAL,ZONA 1,COLEGIO INTEGRAL SAN JUAN,9A. CALLE 3-40,22533937,CARLOS HUMBERTO GONZALEZ DE LEON,SILVIA PATRICIA RAMOS ESTRADA,BASICO,PRIVADO,URBANA,CERRADA TEMPORALMENTE,MONOLINGUE,MATUTINA,FIN DE SEMANA,GUATEMALA NORTE
00-01-0578-43,01-01-0040,CIUDAD CAPITAL,ZONA 1,LICEO CLÁSICO EN COMPUTACIÓN,4A. CALLE 5-52,23041515,AMADO SALOMON FLORES PEREZ,ARGELIA  SAGASTUME DE PAZ,PRIMARIA,PRIVADO,URBANA,ABIERTA,MONOLINGUE,MATUTINA,DIARIO(REGULAR),GUATEMALA NORTE
00-01-0579-42,01-317,CIUDAD CAPITAL,ZONA 1,"COLEGIO INFANTIL BILINGÜE ""SANTA MÓNICA""",10A. CALLE 11-18,22329121,MARIANO DOMINGO ESTRADA TELETOR,THELMA MIRIAM CACACHO GARCIA DE GARCIA,PARVULOS,PRIVADO,URBANA,CERRADA DEFINITIVAMENTE,MONOLINGUE,MATUTINA,DIARIO(REGULAR),GUATEMALA NORTE
00-01-0580-43,01-317,CIUDAD CAPITAL,ZONA 1,"COLEGIO INFANTIL BILINGÜE ""SANTA MÓNICA""",10A. CALLE 11-18,22329121,MARIANO DOMINGO ESTRADA TELETOR,THELMA MIRIAM CACACHO GARCIA DE GARCIA,PRIMARIA,PRIVADO,URBANA,CERRADA DEFINITIVAMENTE,MONOLINGUE,MATUTINA,DIARIO(REGULAR),GUATEMALA NORTE
00-01-0581-46,01-318,CIUDAD CAPITAL,ZONA 1,LICEO SAN ANTONIO,2A. AVENIDA 2-13,22201482,SANDRA CAROLINA PÉREZ DONDIEGO DE CHOC,IRMA LETICIA BOLAÑOS SAMAYOA,DIVERSIFICADO,PRIVADO,URBANA,CERRADA DEFINITIVAMENTE,MONOLINGUE,MATUTINA,DIARIO(REGULAR),GUATEMALA NORTE
00-01-0582-46,01-01-0035,CIUDAD CAPITAL,ZONA 1,LICEO TÉCNICO INTEGRAL SANTA TERESA DE JESÚS,12 CALLE 10-37,22201454,NORMA ARACELY PALOMO FRANCO DE DÍAZ,RITA CAROLINA TEJEDA MARTINEZ,DIVERSIFICADO,PRIVADO,URBANA,ABIERTA,MONOLINGUE,MATUTINA,DIARIO(REGULAR),GUATEMALA NORTE
00-01-0583-45,01-01-0037,CIUDAD CAPITAL,ZONA 1,COLEGIO INTERNACIONAL CAMBRIDGE (CIS),"3A. AVENIDA ""A"" 3-28 ZONA 1",57529460,CARLOS HUMBERTO GONZALEZ DE LEON,MARÍA CRISTINA GEREDA ARÉVALO,BASICO,PRIVADO,URBANA,ABIERTA,MONOLINGUE,DOBLE,FIN DE SEMANA,GUATEMALA NORTE
00-01-0584-46,01-01-0037,CIUDAD CAPITAL,ZONA 1,COLEGIO INTERNACIONAL CAMBRIDGE (CIS),"3A. AVENIDA ""A"" 3-28",57529460,CARLOS HUMBERTO GONZALEZ DE LEON,MARÍA CRISTINA GEREDA ARÉVALO,DIVERSIFICADO,PRIVADO,URBANA,ABIERTA,MONOLINGUE,DOBLE,FIN DE SEMANA,GUATEMALA NORTE
00-01-0585-46,01-01-0037,CIUDAD CAPITAL,ZONA 1,COLEGIO INTERNACIONAL CAMBRIDGE (CIS),"3A. AVENIDA ""A"" 3-38",57529460,CARLOS HUMBERTO GONZALEZ DE LEON,MARÍA CRISTINA GEREDA ARÉVALO,DIVERSIFICADO,PRIVADO,URBANA,ABIERTA,MONOLINGUE,DOBLE,FIN DE SEMANA,GUATEMALA NORTE
00-01-0586-45,01-01-0037,CIUDAD CAPITAL,ZONA 1,COLEGIO INTERNACIONAL CAMBRIDGE  (CIS),"3A. AVENIDA ""A"" 3-38",57529460,CARLOS HUMBERTO GONZALEZ DE LEON,MARÍA CRISTINA GEREDA ARÉVALO,BASICO,PRIVADO,URBANA,ABIERTA,MONOLINGUE,DOBLE,FIN DE SEMANA,GUATEMALA NORTE
00-01-0587-46,01-01-0040,CIUDAD CAPITAL,ZONA 1,"CENTRO EDUCATIVO ""MONTENEVADO""",3A. AVE. 10-29,48610615,AMADO SALOMON FLORES PEREZ,SILVIA MARLENI ALVARADO GUARDADO,DIVERSIFICADO,PRIVADO,URBANA,ABIERTA,MONOLINGUE,VESPERTINA,DIARIO(REGULAR),GUATEMALA NORTE
00-01-0588-46,01-01-0037,CIUDAD CAPITAL,ZONA 1,"COLEGIO  MIXTO ""INDO LATINO¨",4A. AVENIDA 13-35,22380338,CARLOS HUMBERTO GONZALEZ DE LEON,UBENCE MARCELINO DE LEÓN LÓPEZ,DIVERSIFICADO,PRIVADO,URBANA,ABIERTA,MONOLINGUE,MATUTINA,FIN DE SEMANA,GUATEMALA NORTE
00-01-0589-45,01-403,CIUDAD CAPITAL,ZONA 1,LICEO SANTO DOMINGO DE GUZMÁN,13 AVENIDA 9-36,22518090,CARLOS HUMBERTO GONZÁLEZ DE LEÓN,MARINA  FLORES MORÁN,BASICO,PRIVADO,URBANA,CERRADA TEMPORALMENTE,MONOLINGUE,INTERMEDIA,FIN DE SEMANA,GUATEMALA NORTE
00-01-0590-46,01-403,CIUDAD CAPITAL,ZONA 1,LICEO SANTO DOMINGO DE GUZMÁN,13 AVE. 9-36,22518090,CARLOS HUMBERTO GONZÁLEZ DE LEÓN,MARINA  FLORES MORÁN,DIVERSIFICADO,PRIVADO,URBANA,CERRADA TEMPORALMENTE,MONOLINGUE,DOBLE,FIN DE SEMANA,GUATEMALA NORTE
00-01-0591-43,01-312,CIUDAD CAPITAL,ZONA 1,LICEO SANTO DOMINGO DE GUZMÁN,13 AVE. 9-36,22518090,AMADO  SALOMON FLORES PEREZ,MARINA  FLORES MORÁN,PRIMARIA,PRIVADO,URBANA,CERRADA TEMPORALMENTE,MONOLINGUE,MATUTINA,DIARIO(REGULAR),GUATEMALA NORTE
00-01-0592-45,01-312,CIUDAD CAPITAL,ZONA 1,LICEO SANTO DOMINGO DE GUZMÁN,13 AVE. 9-36,22518090,AMADO  SALOMON FLORES PEREZ,MARINA  FLORES MORÁN,BASICO,PRIVADO,URBANA,CERRADA TEMPORALMENTE,MONOLINGUE,MATUTINA,DIARIO(REGULAR),GUATEMALA NORTE
00-01-0593-46,01-301,CIUDAD CAPITAL,ZONA 1,COLEGIO BILINGÜE ESPECIALIZADO EN COMPUTACIÓN YULIMAY´PC,12 CALLE 4-17,22091400,LUCRECIA MARISOL CERMEÑO GONZÁLEZ,OBDUVER UBALDO DOMINGO CASTAÑÓN,DIVERSIFICADO,PRIVADO,URBANA,CERRADA TEMPORALMENTE,MONOLINGUE,MATUTINA,DIARIO(REGULAR),GUATEMALA NORTE
00-01-0594-46,01-01-0038,CIUDAD CAPITAL,ZONA 1,ESCUELA NORMAL PARA MAESTROS DE EDUCACIÓN MUSICAL JESÚS MARÍA ALVARADO,10 AVENIDA 2-24,58571956,CARLOS HUMBERTO GONZALEZ DE LEON,SARA GEORGINA ALVAREZ QUINTANILLA,DIVERSIFICADO,OFICIAL,URBANA,ABIERTA,MONOLINGUE,INTERMEDIA,DIARIO(REGULAR),GUATEMALA NORTE
00-01-0595-46,01-01-0031,CIUDAD CAPITAL,ZONA 1,LICEO HISPANOAMERICANO NO. 2,2A. CALLE 7-11,22205687,LUDIBEL AMARILIS GALICIA DE FLORES,MARÍA ISABEL POLANCO PAZ,DIVERSIFICADO,PRIVADO,URBANA,ABIERTA,MONOLINGUE,MATUTINA,DIARIO(REGULAR),GUATEMALA NORTE
00-01-0596-46,01-01-0026,CIUDAD CAPITAL,ZONA 1,LICEO HISPANOAMERICANO,1A. AVENIDA 7-12,22381342,LUDIBEL AMARILIS GALICIA DE FLORES,ROSA ANGÉLICA SIGUENZA CORADO,DIVERSIFICADO,PRIVADO,URBANA,ABIERTA,MONOLINGUE,MATUTINA,DIARIO(REGULAR),GUATEMALA NORTE
00-01-0597-46,01-317,CIUDAD CAPITAL,ZONA 1,LICEO TÉCNICO SUPERIOR,13 AVENIDA 4-72,22067425,MARIANO DOMINGO ESTRADA TELETOR,THELMA VASQUEZ,DIVERSIFICADO,PRIVADO,URBANA,CERRADA DEFINITIVAMENTE,MONOLINGUE,DOBLE,FIN DE SEMANA,GUATEMALA NORTE
00-01-0598-46,01-317,CIUDAD CAPITAL,ZONA 1,ESCUELA SUPERIOR DE INFORMATICA,11 CALLE 11-26,22067425,MARIANO DOMINGO ESTRADA TELETOR,THELMA VASQUEZ,DIVERSIFICADO,PRIVADO,URBANA,CERRADA DEFINITIVAMENTE,MONOLINGUE,DOBLE,FIN DE SEMANA,GUATEMALA NORTE
00-01-0599-46,01-312,CIUDAD CAPITAL,ZONA 1,INSTITUTO NORMAL PARA SEÑORITAS CENTRO AMÉRICA,"1A. CALLE ""C"" 2-29",22200329,AMADO  SALOMON FLORES PEREZ,FERNANDO MAURICIO RUANO MARROQUIN,DIVERSIFICADO,OFICIAL,URBANA,CERRADA TEMPORALMENTE,BILINGUE,VESPERTINA,DIARIO(REGULAR),GUATEMALA NORTE
00-01-0600-46,01-01-0037,CIUDAD CAPITAL,ZONA 1,LICEO TÉCNICO COMERCIAL,4TA. AVENIDA 5-26,22329118,CARLOS HUMBERTO GONZALEZ DE LEON,VICTOR HUGO OROZCO RUIZ,DIVERSIFICADO,PRIVADO,URBANA,ABIERTA,MONOLINGUE,DOBLE,FIN DE SEMANA,GUATEMALA NORTE
00-01-0601-42,01-01-0035,CIUDAD CAPITAL,ZONA 1,COLEGIO NEUROMIND,14A. AVENIDA 4-63,57281986,NORMA ARACELY PALOMO FRANCO DE DÍAZ,INGRID ZIOMARA SOTO GARCIA,PARVULOS,PRIVADO,URBANA,ABIERTA,MONOLINGUE,MATUTINA,DIARIO(REGULAR),GUATEMALA NORTE
00-01-0602-46,01-317,CIUDAD CAPITAL,ZONA 1,LICEO DE MERCADOLOGÍA Y CIENCIAS DE LA COMUNICACIÓN,GUATEMALA,22067425,MARIANO DOMINGO ESTRADA TELETOR,------------,DIVERSIFICADO,PRIVADO,URBANA,CERRADA DEFINITIVAMENTE,MONOLINGUE,VESPERTINA,DIARIO(REGULAR),GUATEMALA NORTE
00-01-0603-46,01-317,CIUDAD CAPITAL,ZONA 1,INSTITUTO TÉCNICO SUPERIOR,13A. AVE. 4-72,22067425,MARIANO DOMINGO ESTRADA TELETOR,-------------,DIVERSIFICADO,PRIVADO,URBANA,CERRADA DEFINITIVAMENTE,MONOLINGUE,NOCTURNA,DIARIO(REGULAR),GUATEMALA NORTE
00-01-0604-45,01-01-0038,CIUDAD CAPITAL,ZONA 1,"ESCUELA NORMAL PARA MAESTROS DE EDUCACIÓN MUSICAL ""JESÚS ALVARADO""",10A. AVENIDA 2-24,58571956,CARLOS HUMBERTO GONZALEZ DE LEON,SARA GEORGINA ALVAREZ QUINTANILLA,BASICO,OFICIAL,URBANA,ABIERTA,MONOLINGUE,INTERMEDIA,DIARIO(REGULAR),GUATEMALA NORTE
00-01-0605-46,01-312,CIUDAD CAPITAL,ZONA 1,LICEO TÉCNICO CIENCIA Y DESARROLLO,10 CALLE 3-15,36117881,AMADO  SALOMON FLORES PEREZ,MYRIAM JEANNETTE CIFUENTES ORTIZ,DIVERSIFICADO,PRIVADO,URBANA,CERRADA TEMPORALMENTE,MONOLINGUE,MATUTINA,DIARIO(REGULAR),GUATEMALA NORTE
00-01-0606-42,01-01-0028,CIUDAD CAPITAL,ZONA 1,""" LICEO JUAN MANTOVANI 2 """,12 CALLE 03-40,42152989,AMADO SALOMON FLORES PEREZ,OSCAR EVERARDO ZAVALA CUEVAS,PARVULOS,PRIVADO,URBANA,ABIERTA,MONOLINGUE,MATUTINA,DIARIO(REGULAR),GUATEMALA NORTE
00-01-0607-43,01-01-0028,CIUDAD CAPITAL,ZONA 1,"""LICEO JUAN MANTOVANI 2""",12 CALLE 03-40,42152989,AMADO SALOMON FLORES PEREZ,OSCAR EVERARDO ZAVALA CUEVAS,PRIMARIA,PRIVADO,URBANA,ABIERTA,MONOLINGUE,MATUTINA,DIARIO(REGULAR),GUATEMALA NORTE
00-01-0608-46,01-01-0032,CIUDAD CAPITAL,ZONA 1,INSTITUTO TECNOLÓGICO DE COMPUTACIÓN I.T.C.,2A. CALLE 11-65,22200060,LUDIBEL AMARILIS GALICIA DE FLORES,DULCE MARÍA CHINCHILLA GODOY,DIVERSIFICADO,PRIVADO,URBANA,ABIERTA,MONOLINGUE,MATUTINA,DIARIO(REGULAR),GUATEMALA NORTE
00-01-0609-45,01-01-0026,CIUDAD CAPITAL,ZONA 1,EL REFUGIO DE LA NIÑEZ (ONG),4A. CALLE 0-50,22511753,LUDIBEL AMARILIS GALICIA DE FLORES,GILMA HAYDEE LEMUS BELTRÁN,BASICO,PRIVADO,URBANA,ABIERTA,MONOLINGUE,VESPERTINA,DIARIO(REGULAR),GUATEMALA NORTE
00-01-0610-45,01-01-0028,CIUDAD CAPITAL,ZONA 1,"COLEGIO CATÓLICO MIXTO ""EUGENIO PACELLI""",13 CALLE 0-61,32636330,AMADO SALOMON FLORES PEREZ,FREDY AMILCAR CRUZ,BASICO,PRIVADO,URBANA,ABIERTA,MONOLINGUE,MATUTINA,DIARIO(REGULAR),GUATEMALA NORTE
00-01-0611-46,01-403,CIUDAD CAPITAL,ZONA 1,LICEO MIXTO CIENCIAS SECRETARIALES,4A. AVENIDA 4-12,22380855,CARLOS HUMBERTO GONZÁLEZ DE LEÓN,SONIA ELVIRA PINEDA GUDIEL,DIVERSIFICADO,PRIVADO,URBANA,CERRADA TEMPORALMENTE,MONOLINGUE,VESPERTINA,DIARIO(REGULAR),GUATEMALA NORTE
00-01-0612-46,01-305,CIUDAD CAPITAL,ZONA 1,CENTRO DE EDUCACIÓN Y CULTURA MIRTHALA DE HURTADO,-----------,22067411,CELESTINA  ARLETTY HERNÁNDEZ AGUILAR,--------------------------------------,DIVERSIFICADO,PRIVADO,URBANA,CERRADA DEFINITIVAMENTE,MONOLINGUE,DOBLE,FIN DE SEMANA,GUATEMALA NORTE
00-01-0613-46,01-305,CIUDAD CAPITAL,ZONA 1,LICEO ITALO GUATEMALTECO,------------ -------,22067425,CELESTINA  ARLETTY HERNÁNDEZ AGUILAR,-----------------------------,DIVERSIFICADO,PRIVADO,URBANA,CERRADA DEFINITIVAMENTE,MONOLINGUE,DOBLE,DIARIO(REGULAR),GUATEMALA NORTE
00-01-0614-45,01-01-0040,CIUDAD CAPITAL,ZONA 1,INSTITUTO NACIONAL DE EDUCACIÓN BÁSICA,10 CALLE 2-37,40858924,AMADO SALOMON FLORES PEREZ,MAYDA LUCRECIA MIRANDA OROZCO,BASICO,OFICIAL,URBANA,ABIERTA,MONOLINGUE,VESPERTINA,DIARIO(REGULAR),GUATEMALA NORTE
00-01-0615-46,01-403,CIUDAD CAPITAL,ZONA 1,INSTITUTO PRACTICO MODERNO,"7A. AVENIDA 1-92, ZONA 1",22067425,CARLOS HUMBERTO GONZÁLEZ DE LEÓN,000000,DIVERSIFICADO,PRIVADO,URBANA,CERRADA DEFINITIVAMENTE,MONOLINGUE,INTERMEDIA,DIARIO(REGULAR),GUATEMALA NORTE
00-01-0616-43,01-01-0030,CIUDAD CAPITAL,ZONA 1,ESCUELA OFICIAL URBANA MIXTA DE EDUCACIÓN ESPECIAL,3A. Y 4A. AVENIDA ENTRE 15 Y 16 CALLE,59509889,NORMA ARACELY PALOMO FRANCO DE DÍAZ,SILVIA CARLOTA GUAS MANCILLA,PRIMARIA,OFICIAL,URBANA,ABIERTA,MONOLINGUE,MATUTINA,DIARIO(REGULAR),GUATEMALA NORTE
00-01-0617-42,01-01-0030,CIUDAD CAPITAL,ZONA 1,ESCUELA OFICIAL URBANA MIXTA DE EDUCACIÓN ESPECIAL,3A. Y 4A. AVENIDA ENTRE 15 Y 16 CALLE,59509889,NORMA ARACELY PALOMO FRANCO DE DÍAZ,SILVIA CARLOTA GUAS MANCILLA,PARVULOS,OFICIAL,URBANA,ABIERTA,MONOLINGUE,MATUTINA,DIARIO(REGULAR),GUATEMALA NORTE
00-01-0618-45,01-01-0044,CIUDAD CAPITAL,ZONA 1,INSTITUTO NACIONAL DE EDUCACION BASICA ADSCRITO AL INSTITUTO NACIONAL CENTRAL,9A. AVENIDA 9-27,22328285,MARIANO DOMINGO ESTRADA TELETOR,CARLOS ALFREDO VALDEZ PAZ,BASICO,OFICIAL,URBANA,ABIERTA,MONOLINGUE,MATUTINA,DIARIO(REGULAR),GUATEMALA NORTE
00-01-0619-46,01-01-0044,CIUDAD CAPITAL,ZONA 1,"""INSTITUTO NACIONAL CENTRAL""",9A. AVENIDA 9-27,22328285,MARIANO DOMINGO ESTRADA TELETOR,CARLOS ALFREDO VALDEZ PAZ,DIVERSIFICADO,OFICIAL,URBANA,ABIERTA,MONOLINGUE,MATUTINA,DIARIO(REGULAR),GUATEMALA NORTE
00-01-0620-43,01-01-0031,CIUDAD CAPITAL,ZONA 1,LICEO FRANCISCO DE BORJA,3A. CALLE 0-78,22533791,LUDIBEL AMARILIS GALICIA DE FLORES,RUTH CRISTINA ARRAZOLA CUYUN,PRIMARIA,PRIVADO,URBANA,ABIERTA,MONOLINGUE,MATUTINA,DIARIO(REGULAR),GUATEMALA NORTE
00-01-0621-43,01-01-0044,CIUDAD CAPITAL,ZONA 1,COLEGIO MIXTO SANTO DOMINGO NO. 2,12 AVENIDA 12-11,22531216,MARIANO DOMINGO ESTRADA TELETOR,LESBIA LILIANA LOPEZ VALVERTH,PRIMARIA,PRIVADO,URBANA,ABIERTA,MONOLINGUE,MATUTINA,DIARIO(REGULAR),GUATEMALA NORTE
00-01-0622-42,01-01-0044,CIUDAD CAPITAL,ZONA 1,COLEGIO MIXTO SANTO DOMINGO NO. 2,12 AVE. 12-11,2253121,MARIANO DOMINGO ESTRADA TELETOR,LESBIA LILIANA LOPEZ VALVERTH,PARVULOS,PRIVADO,URBANA,ABIERTA,MONOLINGUE,MATUTINA,DIARIO(REGULAR),GUATEMALA NORTE
00-01-0623-46,01-01-0032,CIUDAD CAPITAL,ZONA 1,COLEGIO LOYOLA,12 AVE. 4-30,22044800,LUDIBEL AMARILIS GALICIA DE FLORES,CLAUDIA JANNETH HERNÁNDEZ LÓPEZ,DIVERSIFICADO,PRIVADO,URBANA,ABIERTA,MONOLINGUE,MATUTINA,DIARIO(REGULAR),GUATEMALA NORTE
00-01-0624-43,01-01-0031,CIUDAD CAPITAL,ZONA 1,COLEGIO DE INVESTIGACIÓN CIENTÍFICA CONJUNTA DE GUATEMALA,2A. CALLE 6-77,22532080,LUDIBEL AMARILIS GALICIA DE FLORES,NANCY ELIZABETH ROJAS HERNÁNDEZ,PRIMARIA,PRIVADO,URBANA,ABIERTA,MONOLINGUE,MATUTINA,DIARIO(REGULAR),GUATEMALA NORTE
00-01-0625-42,01-01-0031,CIUDAD CAPITAL,ZONA 1,COLEGIO DE INVESTIGACIÓN CIENTÍFICA CONJUNTA DE GUATEMALA,2A. CALLE 6-77,22532080,LUDIBEL AMARILIS GALICIA DE FLORES,LESBIA SUSANA RODAS BARRERA DE GIRON,PARVULOS,PRIVADO,URBANA,ABIERTA,MONOLINGUE,MATUTINA,DIARIO(REGULAR),GUATEMALA NORTE
00-01-0626-45,01-01-0012,CIUDAD CAPITAL,ZONA 1,"INSTITUTO DE EDUCACIÓN BÁSICA Y BACHILLERATO EN CIENCIAS Y LETRAS POR MADUREZ ""DOCTOR JUAN JOSÉ ARÉVALO BERMEJO""",8A. AVENIDA 9-60,22536894,CARLOS HUMBERTO GONZALEZ DE LEON,EDNA MARIETA DE LA CRUZ PONCE,BASICO,PRIVADO,URBANA,ABIERTA,MONOLINGUE,INTERMEDIA,A DISTANCIA,GUATEMALA NORTE
00-01-0627-46,01-01-0012,CIUDAD CAPITAL,ZONA 1,"INSTITUTO DE EDUCACIÓN BÁSICA Y BACHILLERATO EN CIENCIAS Y LETRAS POR MADUREZ ""DOCTOR JUAN JOSÉ ARÉVALO BERMEJO""",8A. AVENIDA 9-60,22536894,CARLOS HUMBERTO GONZALEZ DE LEON,EDNA MARIETA DE LA CRUZ PONCE,DIVERSIFICADO,PRIVADO,URBANA,ABIERTA,MONOLINGUE,INTERMEDIA,A DISTANCIA,GUATEMALA NORTE
00-01-0628-46,01-01-0032,CIUDAD CAPITAL,ZONA 1,INSTITUTO  TECNOLÓGICO DE COMPUTACION  I.T.C.,2A. CALLE 11-65,22200060,LUDIBEL AMARILIS GALICIA DE FLORES,DULCE MARÍA CHINCHILLA GODOY,DIVERSIFICADO,PRIVADO,URBANA,ABIERTA,MONOLINGUE,DOBLE,DIARIO(REGULAR),GUATEMALA NORTE
00-01-0629-42,01-312,CIUDAD CAPITAL,ZONA 1,"CENTRO TECNOLÓGICO ""DA VINCI""",10A. CALLE 9-52,22382028,AMADO  SALOMON FLORES PEREZ,MARIA TERESA YON DE RENDON,PARVULOS,PRIVADO,URBANA,CERRADA TEMPORALMENTE,MONOLINGUE,MATUTINA,DIARIO(REGULAR),GUATEMALA NORTE
00-01-0630-43,01-312,CIUDAD CAPITAL,ZONA 1,"CENTRO TECNOLÓGICO ""DA VINCI""",10A. CALLE 9-52,2238203,AMADO  SALOMON FLORES PEREZ,MARIA TERESA YON DE RENDON,PRIMARIA,PRIVADO,URBANA,CERRADA TEMPORALMENTE,MONOLINGUE,MATUTINA,DIARIO(REGULAR),GUATEMALA NORTE
00-01-0631-46,01-01-0040,CIUDAD CAPITAL,ZONA 1,LICEO FRANCÉS,5A. AVENIDA 9-80,22325538,AMADO SALOMON FLORES PEREZ,ANA MARIA ESTRADA RAMIREZ,DIVERSIFICADO,PRIVADO,URBANA,ABIERTA,MONOLINGUE,MATUTINA,DIARIO(REGULAR),GUATEMALA NORTE
00-01-0632-45,01-01-0030,CIUDAD CAPITAL,ZONA 1,CENTRO EDUCATIVO FE Y ALEGRÌA NO. 1,14 AVENIDA 19-57,22534697,NORMA ARACELY PALOMO FRANCO DE DÍAZ,NORA ELIZABETH GONZÁLEZ GARCÍA,BASICO,PRIVADO,URBANA,ABIERTA,MONOLINGUE,VESPERTINA,DIARIO(REGULAR),GUATEMALA NORTE
00-01-0633-46,01-403,CIUDAD CAPITAL,ZONA 1,"LICEO MIXTO NOCTURNO ""MARIANO GÀLLVEZ""",ZONA 1,22067411,CARLOS HUMBERTO GONZÁLEZ DE LEÓN,0000000,DIVERSIFICADO,PRIVADO,URBANA,CERRADA DEFINITIVAMENTE,MONOLINGUE,NOCTURNA,DIARIO(REGULAR),GUATEMALA NORTE
00-01-0634-46,01-312,CIUDAD CAPITAL,ZONA 1,COLEGIO MIXTO ADRIÁN RAMIREZ FLORES,ZONA 1,22067425,AMADO  SALOMON FLORES PEREZ,------------,DIVERSIFICADO,PRIVADO,URBANA,CERRADA DEFINITIVAMENTE,MONOLINGUE,MATUTINA,DIARIO(REGULAR),GUATEMALA NORTE
00-01-0635-46,01-403,CIUDAD CAPITAL,ZONA 1,CENTRO DE COMPUTACIÓN IMP-PC,ZONA 1,22067425,CARLOS HUMBERTO GONZÁLEZ DE LEÓN,------,DIVERSIFICADO,PRIVADO,URBANA,CERRADA DEFINITIVAMENTE,MONOLINGUE,DOBLE,FIN DE SEMANA,GUATEMALA NORTE
00-01-0636-43,01-01-0035,CIUDAD CAPITAL,ZONA 1,COLEGIO NEUROMIND,14 AVE. 4-63,57281986,NORMA ARACELY PALOMO FRANCO DE DÍAZ,LESLIE MARILÚ MEJÍA LEÓN,PRIMARIA,PRIVADO,URBANA,ABIERTA,MONOLINGUE,MATUTINA,DIARIO(REGULAR),GUATEMALA NORTE
00-01-0637-45,01-01-0012,CIUDAD CAPITAL,ZONA 1,INSTITUTO GUILLERMO PUTZEYS ÁLVAREZ,11 CALLE 3-59,24637777,CARLOS HUMBERTO GONZALEZ DE LEON,JOSÉ RODERICO TELLO TELLO,BASICO,PRIVADO,URBANA,ABIERTA,MONOLINGUE,DOBLE,A DISTANCIA,GUATEMALA NORTE
00-01-0638-46,01-01-0012,CIUDAD CAPITAL,ZONA 1,INSTITUTO GUILLERMO PUTZEYS ÁLVAREZ,11 CALLE 3-59,24637777,CARLOS HUMBERTO GONZALEZ DE LEON,JOSÉ RODERICO TELLO TELLO,DIVERSIFICADO,PRIVADO,URBANA,ABIERTA,MONOLINGUE,DOBLE,A DISTANCIA,GUATEMALA NORTE
00-01-0639-46,01-01-0037,CIUDAD CAPITAL,ZONA 1,LICEO TECNOLÓGICO MAYA DE GUATEMALA II,8 CALLE 2-29,22327022,CARLOS HUMBERTO GONZALEZ DE LEON,ELFIR DARÍO MAYÉN LÓPEZ,DIVERSIFICADO,PRIVADO,URBANA,ABIERTA,MONOLINGUE,DOBLE,FIN DE SEMANA,GUATEMALA NORTE
00-01-0640-46,01-319,CIUDAD CAPITAL,ZONA 1,LICEO TECNOLÓGICO MAYA DE GUATEMALA II,5TA. AVENIDA 3-55,22327022,ROSSY AMARILIS GARCIA TORRES,FREDY AMILCAR CRUZ,DIVERSIFICADO,PRIVADO,URBANA,CERRADA TEMPORALMENTE,MONOLINGUE,DOBLE,FIN DE SEMANA,GUATEMALA NORTE
00-01-0641-46,01-01-0031,CIUDAD CAPITAL,ZONA 1,LICEO TECNOLÓGICO MAYA DE GUATEMALA II,8 CALLE 2-29,22425238,LUDIBEL AMARILIS GALICIA DE FLORES,ELFIR DARÍO MAYÉN LÓPEZ,DIVERSIFICADO,PRIVADO,URBANA,ABIERTA,MONOLINGUE,MATUTINA,DIARIO(REGULAR),GUATEMALA NORTE
00-01-0642-46,01-307,CIUDAD CAPITAL,ZONA 1,LICEO TECNOLÓGICO MAYA DE GUATEMALA III,15 CALLE 3-29,230835,NORMA ARACELY PALOMO FRANCO DE DIAZ,ORALIA ABIGAIL BARRIOS TOVAR,DIVERSIFICADO,PRIVADO,URBANA,CERRADA TEMPORALMENTE,MONOLINGUE,MATUTINA,DIARIO(REGULAR),GUATEMALA NORTE
00-01-0643-46,01-307,CIUDAD CAPITAL,ZONA 1,LICEO TECNOLOGICO MAYA DE GUATEMALA III,15 CALLE 3-29,23083514,NORMA ARACELY PALOMO FRANCO DE DIAZ,ORALIA ABIGAIL BARRIOS TOVAR,DIVERSIFICADO,PRIVADO,URBANA,CERRADA TEMPORALMENTE,MONOLINGUE,DOBLE,DIARIO(REGULAR),GUATEMALA NORTE
00-01-0644-46,01-01-0037,CIUDAD CAPITAL,ZONA 1,LICEO TECNOLOGICO MAYA DE GUATEMALA III,15 CALLE 3-29,23083514,CARLOS HUMBERTO GONZALEZ DE LEON,ORALIA ABIGAIL BARRIOS TOVAR,DIVERSIFICADO,PRIVADO,URBANA,ABIERTA,MONOLINGUE,DOBLE,FIN DE SEMANA,GUATEMALA NORTE
00-01-0645-46,01-627,CIUDAD CAPITAL,ZONA 1,LICEO TECNOLOGICO MAYA DE GUATEMALA III,15 CALLE 3-29,23083514,ISAURA AMPARO RECINOS CARRILLO,ORALIA ABIGAIL BARRIOS TOVAR,DIVERSIFICADO,PRIVADO,URBANA,CERRADA TEMPORALMENTE,MONOLINGUE,DOBLE,FIN DE SEMANA,GUATEMALA NORTE
00-01-0646-46,01-01-0031,CIUDAD CAPITAL,ZONA 1,LICEO TECNOLÓGICO MAYA DE GUATEMALA II,8 CALLE 2-29,22425238,LUDIBEL AMARILIS GALICIA DE FLORES,ELFIR DARÍO MAYÉN LÓPEZ,DIVERSIFICADO,PRIVADO,URBANA,ABIERTA,MONOLINGUE,DOBLE,DIARIO(REGULAR),GUATEMALA NORTE
00-01-0647-46,01-01-0028,CIUDAD CAPITAL,ZONA 1,"COLEGIO TECNOLÓGICO CENTRO CULTURAL DE LAS AMÉRICAS, NO. 1",11 CALLE 3-59,22214343,AMADO SALOMON FLORES PEREZ,LILIAN MARISOL GARCIA LÓPEZ,DIVERSIFICADO,PRIVADO,URBANA,ABIERTA,MONOLINGUE,MATUTINA,DIARIO(REGULAR),GUATEMALA NORTE
00-01-0648-46,01-627,CIUDAD CAPITAL,ZONA 1,CENTRO DE EDUCACIÓN CONTINUADA PARA ADOLESCENTES CON DISCAPACIDAD AUDITIVA,2DA. AVENIDA 8-53,22534953,ISAURA AMPARO RECINOS CARRILLO,JANELVA ZUSELLY BARAHONA DOMINGUEZ,DIVERSIFICADO,PRIVADO,URBANA,CERRADA TEMPORALMENTE,MONOLINGUE,DOBLE,FIN DE SEMANA,GUATEMALA NORTE
00-01-0649-45,01-01-0037,CIUDAD CAPITAL,ZONA 1,COLEGIO VALVERDE NO. 2,4A. AVENIDA 4-49,22093200,CARLOS HUMBERTO GONZALEZ DE LEON,SARA LIZBETH COLINDRES MILIÁN,BASICO,PRIVADO,URBANA,ABIERTA,MONOLINGUE,DOBLE,FIN DE SEMANA,GUATEMALA NORTE
00-01-0650-44,01-01-0038,CIUDAD CAPITAL,ZONA 1,ESCUELA DE ADULTOS A NIVEL PRIMARIO DE LA UNIVERSIDAD POPULAR,10 CALLE 10-32,22325181,CARLOS HUMBERTO GONZALEZ DE LEON,RUTH JEANNETTE JUÁREZ BARRERA,PRIMARIA DE ADULTOS,PRIVADO,URBANA,ABIERTA,MONOLINGUE,NOCTURNA,DIARIO(REGULAR),GUATEMALA NORTE
00-01-0651-45,01-403,CIUDAD CAPITAL,ZONA 1,"ACADEMIA DE MECANOGRAFIA Y COMPUTACIÓN ""SIGLO 21""",12 AV. 13-67,22513852,CARLOS HUMBERTO GONZÁLEZ DE LEÓN,CRISTIAN AMILCAR CONCUA GOMEZ,BASICO,PRIVADO,URBANA,CERRADA DEFINITIVAMENTE,MONOLINGUE,DOBLE,FIN DE SEMANA,GUATEMALA NORTE
00-01-0652-46,01-01-0026,CIUDAD CAPITAL,ZONA 1,COLEGIO TÉCNICO PROGRESISTA,2A. AVENIDA 3-59,22512759,LUDIBEL AMARILIS GALICIA DE FLORES,IRMA AMPARO TOLEDO HERNANDEZ,DIVERSIFICADO,PRIVADO,URBANA,ABIERTA,MONOLINGUE,DOBLE,DIARIO(REGULAR),GUATEMALA NORTE
00-01-0653-46,01-643,CIUDAD CAPITAL,ZONA 1,INSTITUTO NACIONAL  DE EDUCACIÓN DIVERSIFICADA TIERRA NUEVA I,SECTOR 43 LOTE 0 TIERRA NUEVA 1,21837931,CESAR AUGUSTO ORTIZ HERNANDEZ,CLAUDIA NOEMI MATIAS MOGOLLON,DIVERSIFICADO,OFICIAL,URBANA,CERRADA DEFINITIVAMENTE,MONOLINGUE,NOCTURNA,DIARIO(REGULAR),GUATEMALA NORTE
00-01-0654-45,01-403,CIUDAD CAPITAL,ZONA 1,COLEGIO VALVERDE NO. 2,4A. AVENIDA 4-49,22093200,CARLOS HUMBERTO GONZÁLEZ DE LEÓN,SARA LIZBETH COLINDRES MILIAN,BASICO,PRIVADO,URBANA,CERRADA DEFINITIVAMENTE,MONOLINGUE,DOBLE,FIN DE SEMANA,GUATEMALA NORTE
00-01-0655-45,01-618,CIUDAD CAPITAL,ZONA 1,FUNDACIÓN MIGUEL TORREBIARTE SOHANIN,3A. CALLE 00-78,42259074,ROSA  GEORGINA RIOS CASTILLO,MAYRA PATRICIA HERNANDEZ MORALES,BASICO,PRIVADO,URBANA,CERRADA DEFINITIVAMENTE,MONOLINGUE,DOBLE,FIN DE SEMANA,GUATEMALA NORTE
00-01-0656-46,01-01-0038,CIUDAD CAPITAL,ZONA 1,"CENTRO EDUCACIONAL MIXTO PRIVADO ""KINGSTON""",8A. CALLE 12-46,2232068,CARLOS HUMBERTO GONZALEZ DE LEON,PATRICIA LORENA LIDIA GIDI DAVID,DIVERSIFICADO,PRIVADO,URBANA,ABIERTA,MONOLINGUE,MATUTINA,FIN DE SEMANA,GUATEMALA NORTE
00-01-0657-45,01-01-0038,CIUDAD CAPITAL,ZONA 1,"CENTRO EDUCACIONAL MIXTO PRIVADO ""KINGSTON""",8A. CALLE 12-46,22320683,CARLOS HUMBERTO GONZALEZ DE LEON,PATRICIA LORENA LIDIA GIDI DAVID,BASICO,PRIVADO,URBANA,ABIERTA,MONOLINGUE,MATUTINA,FIN DE SEMANA,GUATEMALA NORTE
00-01-0658-46,01-01-0040,CIUDAD CAPITAL,ZONA 1,CENTRO  DE  EDUCACIÓN  EXTRAESCOLAR-CEEX-GRUPO  CEIBA-GRUCE,4TA. AVENIDA 12-39,22381970,AMADO SALOMON FLORES PEREZ,DEYSI MABELI ALARCON PAREDES,DIVERSIFICADO,PRIVADO,URBANA,ABIERTA,MONOLINGUE,VESPERTINA,DIARIO(REGULAR),GUATEMALA NORTE
00-01-0659-46,01-01-0033,CIUDAD CAPITAL,ZONA 1,CENTRO DE EDUCACIÓN EXTRAESCOLAR-CEEX GRUPO CEIBA-GRUCE,4TA. AVENIDA 12-39,22381970,CARLOS HUMBERTO GONZALEZ DE LEON,DEYSI MABELI ALARCON PAREDES,DIVERSIFICADO,PRIVADO,URBANA,ABIERTA,MONOLINGUE,DOBLE,FIN DE SEMANA,GUATEMALA NORTE
00-01-0660-45,01-317,CIUDAD CAPITAL,ZONA 1,LICEO HISPANOAMERICANO NO. 4,10A. AVENIDA 11-27,22204447,MARIANO DOMINGO ESTRADA TELETOR,LESLY LORENA SOLARES ANZUETO,BASICO,PRIVADO,URBANA,CERRADA TEMPORALMENTE,MONOLINGUE,MATUTINA,DIARIO(REGULAR),GUATEMALA NORTE
00-01-0661-42,01-308,CIUDAD CAPITAL,ZONA 1,EODP 'JARDIN INFANTIL CENTROAMERICANO',26 CALLE 1-65,,JORGE MYNOR SOL HERNÁNDEZ,,PARVULOS,OFICIAL,URBANA,CERRADA DEFINITIVAMENTE,MONOLINGUE,MATUTINA,DIARIO(REGULAR),GUATEMALA NORTE
00-01-0662-46,01-317,CIUDAD CAPITAL,ZONA 1,LICEO HISPANOAMERICANO NO. 4,10A. AVENIDA 11-27,22204447,MARIANO DOMINGO ESTRADA TELETOR,GUILLERMO CASTILLO,DIVERSIFICADO,PRIVADO,URBANA,CERRADA DEFINITIVAMENTE,MONOLINGUE,MATUTINA,DIARIO(REGULAR),GUATEMALA NORTE
00-01-0663-46,01-317,CIUDAD CAPITAL,ZONA 1,LICEO HISPANOAMERICANO NO. 4,10A. AVENIDA 11-27,22204447,MARIANO DOMINGO ESTRADA TELETOR,GUILLERMO CASTILLO,DIVERSIFICADO,PRIVADO,URBANA,CERRADA TEMPORALMENTE,MONOLINGUE,MATUTINA,DIARIO(REGULAR),GUATEMALA NORTE
00-01-0664-46,01-317,CIUDAD CAPITAL,ZONA 1,LICEO HISPANOAMERICANO NO. 4,10A. AVENIDA 11-27,22204447,MARIANO DOMINGO ESTRADA TELETOR,LESLY LORENA SOLARES ANZUETO,DIVERSIFICADO,PRIVADO,URBANA,CERRADA TEMPORALMENTE,MONOLINGUE,MATUTINA,DIARIO(REGULAR),GUATEMALA NORTE
00-01-0665-44,01-627,CIUDAD CAPITAL,ZONA 1,LICEO HISPANOAMERICANO NO. 4,10A. AVENIDA 11-27,22204447,ISAURA AMPARO RECINOS CARRILLO,LESLY LORENA SOLARES ANZUETO,PRIMARIA DE ADULTOS,PRIVADO,URBANA,CERRADA TEMPORALMENTE,MONOLINGUE,DOBLE,FIN DE SEMANA,GUATEMALA NORTE
00-01-0666-46,01-627,CIUDAD CAPITAL,ZONA 1,LICEO HISPANOAMERICANO NO. 4,10A. AVENIDA 11-27,22204447,ISAURA AMPARO RECINOS CARRILLO,LESLY LORENA SOLARES ANZUETO,DIVERSIFICADO,PRIVADO,URBANA,CERRADA TEMPORALMENTE,MONOLINGUE,DOBLE,FIN DE SEMANA,GUATEMALA NORTE
00-01-0667-46,01-627,CIUDAD CAPITAL,ZONA 1,LICEO HISPANOAMERICANO NO. 4,10A. AVENIDA 11-27,22204447,ISAURA AMPARO RECINOS CARRILLO,LESLY LORENA SOLARES ANZUETO,DIVERSIFICADO,PRIVADO,URBANA,CERRADA TEMPORALMENTE,MONOLINGUE,DOBLE,FIN DE SEMANA,GUATEMALA NORTE
00-01-0668-45,01-627,CIUDAD CAPITAL,ZONA 1,LICEO HISPANOAMERICANO NO. 4,10A. AVENIDA 11-27,22204447,ISAURA AMPARO RECINOS CARRILLO,LESLY LORENA SOLARES ANZUETO,BASICO,PRIVADO,URBANA,CERRADA TEMPORALMENTE,MONOLINGUE,DOBLE,FIN DE SEMANA,GUATEMALA NORTE
00-01-0669-45,01-627,CIUDAD CAPITAL,ZONA 1,LICEO HISPANOAMERICANO NO. 4,10A. AVENIDA 11-27,22204447,ISAURA AMPARO RECINOS CARRILLO,LESLY LORENA SOLARES ANZUETO,BASICO,PRIVADO,URBANA,CERRADA TEMPORALMENTE,MONOLINGUE,DOBLE,FIN DE SEMANA,GUATEMALA NORTE
00-01-0670-46,01-01-0028,CIUDAD CAPITAL,ZONA 1,"COLEGIO  CATOLICO MIXTO  ""EUGENIO  PACELLI""",13  CALLE  0-61,32636330,AMADO SALOMON FLORES PEREZ,FREDY AMILCAR CRUZ,DIVERSIFICADO,PRIVADO,URBANA,ABIERTA,MONOLINGUE,MATUTINA,DIARIO(REGULAR),GUATEMALA NORTE
00-01-0671-46,01-01-0031,CIUDAD CAPITAL,ZONA 1,"ESCUELA NORMAL PARA MAESTROS  DE  EDUCACIÓN  MUSICAL ""JESUS  MARÍA  ALVARADO""",2A. CALLE 4-04,22516651,LUDIBEL AMARILIS GALICIA DE FLORES,SONIA CONCEPCIÓN LÓPEZ MUÑOZ,DIVERSIFICADO,OFICIAL,URBANA,ABIERTA,MONOLINGUE,MATUTINA,DIARIO(REGULAR),GUATEMALA NORTE
00-01-0672-46,01-01-0048,CIUDAD CAPITAL,ZONA 1,COLEGIO TECNOLÓGICO CENTRO CULTURAL DE LAS AMÉRICAS,8 CALLE 0-30,22302766,AMADO SALOMON FLORES PEREZ,JESÚS  SAMAYOA ARAGÓN,DIVERSIFICADO,PRIVADO,URBANA,ABIERTA,MONOLINGUE,MATUTINA,DIARIO(REGULAR),GUATEMALA NORTE
00-01-0673-46,01-01-0040,CIUDAD CAPITAL,ZONA 1,COLEGIO CATÓLICO SAN LUCAS,14 CALLE 6-82,22381236,AMADO SALOMON FLORES PEREZ,BRENDA ROCSANA CRUZ NÁJERA,DIVERSIFICADO,PRIVADO,URBANA,ABIERTA,MONOLINGUE,MATUTINA,DIARIO(REGULAR),GUATEMALA NORTE
00-01-0674-46,01-01-0040,CIUDAD CAPITAL,ZONA 1,COLEGIO CATÓLICO SAN LUCAS,14 CALLE 6-82,22381236,AMADO SALOMON FLORES PEREZ,BRENDA ROCSANA CRUZ NÁJERA,DIVERSIFICADO,PRIVADO,URBANA,ABIERTA,MONOLINGUE,VESPERTINA,DIARIO(REGULAR),GUATEMALA NORTE
00-01-0675-44,01-01-0033,CIUDAD CAPITAL,ZONA 1,COLEGIO CATÓLICO SAN LUCAS,14 CALLE 6-82,22381236,CARLOS HUMBERTO GONZALEZ DE LEON,RITA ANGELICA CATALAN SOSA,PRIMARIA DE ADULTOS,PRIVADO,URBANA,ABIERTA,MONOLINGUE,DOBLE,FIN DE SEMANA,GUATEMALA NORTE
00-01-0676-45,01-01-0037,CIUDAD CAPITAL,ZONA 1,COLEGIO CATÓLICO SAN LUCAS,14 CALLE 6-82,22381236,CARLOS HUMBERTO GONZALEZ DE LEON,RITA ANGELICA CATALAN SOSA,BASICO,PRIVADO,URBANA,CERRADA TEMPORALMENTE,MONOLINGUE,DOBLE,FIN DE SEMANA,GUATEMALA NORTE
00-01-0677-46,01-01-0033,CIUDAD CAPITAL,ZONA 1,COLEGIO CATÓLICO SAN LUCAS,14 CALLE 6-82,22381236,CARLOS HUMBERTO GONZALEZ DE LEON,RITA ANGELICA CATALAN SOSA,DIVERSIFICADO,PRIVADO,URBANA,ABIERTA,MONOLINGUE,DOBLE,FIN DE SEMANA,GUATEMALA NORTE
00-01-0678-45,01-01-0038,CIUDAD CAPITAL,ZONA 1,MUNICIPALIDAD DE GUATEMALA,7 AVENIDA 11-67,47655740,CARLOS HUMBERTO GONZALEZ DE LEON,DIANA LUCRECIA MESÍAS ORTÍZ,BASICO,MUNICIPAL,URBANA,ABIERTA,MONOLINGUE,MATUTINA,FIN DE SEMANA,GUATEMALA NORTE
00-01-0679-45,01-403,CIUDAD CAPITAL,ZONA 1,INSTITUTO DE ESTUDIOS ALTERNATIVOS DE GUATEMALA,3A. AVENIDA 6-10,56175661,CARLOS HUMBERTO GONZÁLEZ DE LEÓN,RENÉ FERNANDO HERNÁNDEZ GONZÁLEZ,BASICO,PRIVADO,URBANA,CERRADA DEFINITIVAMENTE,MONOLINGUE,DOBLE,A DISTANCIA,GUATEMALA NORTE
00-01-0680-46,01-403,CIUDAD CAPITAL,ZONA 1,INSTITUTO DE ESTUDIOS ALTERNATIVOS DE GUATEMALA,3A. AVENIDA 6-10,56175661,CARLOS HUMBERTO GONZÁLEZ DE LEÓN,RENÉ FERNANDO HERNÁNDEZ GONZÁLEZ,DIVERSIFICADO,PRIVADO,URBANA,CERRADA DEFINITIVAMENTE,MONOLINGUE,DOBLE,A DISTANCIA,GUATEMALA NORTE
00-01-0681-46,01-403,CIUDAD CAPITAL,ZONA 1,INSTITUTO DE ESTUDIOS ALTERNATIVOS DE GUATEMALA,3A. AVENIDA 6-10,56175661,CARLOS HUMBERTO GONZÁLEZ DE LEÓN,RENE FERNANDO HERNANDEZ GONZALEZ,DIVERSIFICADO,PRIVADO,URBANA,CERRADA DEFINITIVAMENTE,MONOLINGUE,DOBLE,A DISTANCIA,GUATEMALA NORTE
00-01-0682-45,01-403,CIUDAD CAPITAL,ZONA 1,INSTITUTO DE ESTUDIOS ALTERNATIVOS DE GUATEMALA,3A. AVENIDA 6-10,56175661,CARLOS HUMBERTO GONZÁLEZ DE LEÓN,RENÉ FERNANDO HERNÁNDEZ GONZÁLEZ,BASICO,PRIVADO,URBANA,CERRADA DEFINITIVAMENTE,MONOLINGUE,DOBLE,A DISTANCIA,GUATEMALA NORTE
00-01-0683-46,01-01-0048,CIUDAD CAPITAL,ZONA 1,LICEO VICTORIA Y LIBERTAD,8A. CALLE 0-23,22380100,AMADO SALOMON FLORES PEREZ,ERIKA ANABELLA MANSILLA MEJÍA,DIVERSIFICADO,PRIVADO,URBANA,ABIERTA,MONOLINGUE,MATUTINA,DIARIO(REGULAR),GUATEMALA NORTE
00-01-0684-46,01-318,CIUDAD CAPITAL,ZONA 1,"LICEO ""ITALO GUATEMALTECO""",ZONA 1,22067425,SANDRA CAROLINA PÉREZ DONDIEGO DE CHOC,----------,DIVERSIFICADO,PRIVADO,URBANA,CERRADA DEFINITIVAMENTE,MONOLINGUE,NOCTURNA,DIARIO(REGULAR),GUATEMALA NORTE
00-01-0685-46,01-01-0033,CIUDAD CAPITAL,ZONA 1,COLEGIO CATÓLICO SAN LUCAS,14 CALLE 6-82,22381236,CARLOS HUMBERTO GONZALEZ DE LEON,RITA ANGELICA CATALAN SOSA,DIVERSIFICADO,PRIVADO,URBANA,ABIERTA,MONOLINGUE,DOBLE,FIN DE SEMANA,GUATEMALA NORTE
00-01-0686-42,01-01-0035,CIUDAD CAPITAL,ZONA 1,COLEGIO COMERCIAL GUATEMALTECO 2,11 AVENIDA 10-18,22534824,NORMA ARACELY PALOMO FRANCO DE DÍAZ,MARÍA EUGENIA GUZMÁN LEAL,PARVULOS,PRIVADO,URBANA,ABIERTA,MONOLINGUE,MATUTINA,DIARIO(REGULAR),GUATEMALA NORTE
00-01-0687-43,01-01-0035,CIUDAD CAPITAL,ZONA 1,COLEGIO COMERCIAL GUATEMALTECO 2,11 AVENIDA 10-18 ZONA 1 GUATEMALA,22534824,NORMA ARACELY PALOMO FRANCO DE DÍAZ,MARÍA EUGENIA GUZMÁN LEAL,PRIMARIA,PRIVADO,URBANA,ABIERTA,MONOLINGUE,MATUTINA,DIARIO(REGULAR),GUATEMALA NORTE
00-01-0688-46,01-01-0037,CIUDAD CAPITAL,ZONA 1,INSTITUTO GUILLERMO PUTZEYS ÁLVAREZ,11 CALLE 3-59 ZONA 1,24637777,CARLOS HUMBERTO GONZALEZ DE LEON,ANA ISABEL TELLO SÁENZ,DIVERSIFICADO,PRIVADO,URBANA,ABIERTA,MONOLINGUE,DOBLE,FIN DE SEMANA,GUATEMALA NORTE
00-01-0689-42,01-01-0031,CIUDAD CAPITAL,ZONA 1,"COLEGIO PARA VARONES ""SAN SEBASTIAN""",2A. CALLE 6-56 ZONA 1,22100000,LUDIBEL AMARILIS GALICIA DE FLORES,CARMEN FABIOLA FLORES CAHUEQUE,PARVULOS,PRIVADO,URBANA,ABIERTA,MONOLINGUE,MATUTINA,DIARIO(REGULAR),GUATEMALA NORTE
00-01-0690-42,01-01-0048,CIUDAD CAPITAL,ZONA 1,COLEGIO INFANTIL CENTRO CULTURAL DE LAS AMERICAS,1ERA. AVENIDA 9-14,22210241,AMADO SALOMON FLORES PEREZ,DORA RUTILIA SOTO TORRES,PARVULOS,PRIVADO,URBANA,ABIERTA,MONOLINGUE,MATUTINA,DIARIO(REGULAR),GUATEMALA NORTE
00-01-0691-43,01-01-0048,CIUDAD CAPITAL,ZONA 1,COLEGIO INFANTIL CENTRO CULTURAL DE LAS AMERICAS,1ERA. AVENIDA 9-14,22210241,AMADO SALOMON FLORES PEREZ,DORA RUTILIA SOTO TORRES,PRIMARIA,PRIVADO,URBANA,ABIERTA,MONOLINGUE,MATUTINA,DIARIO(REGULAR),GUATEMALA NORTE
00-01-0692-46,01-01-0044,CIUDAD CAPITAL,ZONA 1,LICEO DE COMPUTACIÓN SIGLO 21 NO. 3,13 CALLE 9-60,22959172,MARIANO DOMINGO ESTRADA TELETOR,JORGE ROLANDO MORALES PAZ,DIVERSIFICADO,PRIVADO,URBANA,ABIERTA,MONOLINGUE,DOBLE,DIARIO(REGULAR),GUATEMALA NORTE
00-01-0693-46,01-01-0035,CIUDAD CAPITAL,ZONA 1,ESCUELA MUNICIPAL DE MÚSICA,8AV. AVENIDA 12-10 ZONA 1 (ANTIGUO CLUB AMERICANO),30185128,NORMA ARACELY PALOMO FRANCO DE DÍAZ,JOSÉ DAVID COYOY ROSALES,DIVERSIFICADO,MUNICIPAL,URBANA,ABIERTA,MONOLINGUE,VESPERTINA,DIARIO(REGULAR),GUATEMALA NORTE
00-01-0694-46,01-01-0044,CIUDAD CAPITAL,ZONA 1,COLEGIO MIXTO SANTO DOMINGO,12 AVENIDA 12-11,22531216,MARIANO DOMINGO ESTRADA TELETOR,SERGIO ALEJANDRO VILLATORO VILLAGRAN,DIVERSIFICADO,PRIVADO,URBANA,ABIERTA,MONOLINGUE,MATUTINA,DIARIO(REGULAR),GUATEMALA NORTE
00-01-0695-45,01-01-0030,CIUDAD CAPITAL,ZONA 1,CENTRO DE EDUCACION EXTRAESCOLAR -CEEX-,16 CALLE 03-71,54933399,NORMA ARACELY PALOMO FRANCO DE DÍAZ,KARLO FERNANDO CASTILLO PEREZ,BASICO,MUNICIPAL,URBANA,ABIERTA,MONOLINGUE,DOBLE,DIARIO(REGULAR),GUATEMALA NORTE
00-01-0696-46,01-01-0030,CIUDAD CAPITAL,ZONA 1,CENTRO DE EDUCACION EXTRAESCOLAR -CEEX-,16 CALLE 03-71,54933399,NORMA ARACELY PALOMO FRANCO DE DÍAZ,KARLO FERNANDO CASTILLO PEREZ,DIVERSIFICADO,MUNICIPAL,URBANA,ABIERTA,MONOLINGUE,DOBLE,DIARIO(REGULAR),GUATEMALA NORTE
00-01-0697-43,01-403,CIUDAD CAPITAL,ZONA 1,"COLEGIO MIXTO BILINGUE ""MUNDO DE JUGUETES""",12 AVENIDA 13-67,25087494,CARLOS HUMBERTO GONZÁLEZ DE LEÓN,ANA MARIA SOR SINAY,PRIMARIA,PRIVADO,URBANA,CERRADA TEMPORALMENTE,BILINGUE,MATUTINA,DIARIO(REGULAR),GUATEMALA NORTE
00-01-0698-42,01-403,CIUDAD CAPITAL,ZONA 1,"COLEGIO MIXTO BILINGUE ""MUNDO DE JUGUETES""",12 AVENIDA 13-67,25087494,CARLOS HUMBERTO GONZÁLEZ DE LEÓN,ANA MARIA SOR SINAY,PARVULOS,PRIVADO,URBANA,CERRADA TEMPORALMENTE,BILINGUE,MATUTINA,DIARIO(REGULAR),GUATEMALA NORTE
00-01-0699-46,01-116,CIUDAD CAPITAL,ZONA 1,INSTITUTO DE CIENCIAS DE LA COMUNICACIÓN,10 AVENIDA 7-56,22067425,SE ELIMINO EL DISTRITO,THELMA VASQUEZ REYES,DIVERSIFICADO,PRIVADO,URBANA,CERRADA TEMPORALMENTE,MONOLINGUE,VESPERTINA,DIARIO(REGULAR),GUATEMALA NORTE
00-01-0700-46,01-312,CIUDAD CAPITAL,ZONA 1,LICEO TÉCNICO CIENCIA Y DESARROLLO,10A. CALLE 3-15,36117881,AMADO  SALOMON FLORES PEREZ,MIRIAM JEANNETTE CIFUENTES ORTIZ,DIVERSIFICADO,PRIVADO,URBANA,CERRADA TEMPORALMENTE,MONOLINGUE,MATUTINA,DIARIO(REGULAR),GUATEMALA NORTE
00-01-0701-46,01-312,CIUDAD CAPITAL,ZONA 1,LICEO TÉCNICO CIENCIA Y DESARROLLO,10  CALLE 3-15,36117881,AMADO  SALOMON FLORES PEREZ,MYRIAM JEANNETTE CIFUENTES ORTIZ,DIVERSIFICADO,PRIVADO,URBANA,CERRADA TEMPORALMENTE,MONOLINGUE,DOBLE,DIARIO(REGULAR),GUATEMALA NORTE
00-01-0702-46,01-112,CIUDAD CAPITAL,ZONA 1,COLEGIO HISPANO AMERICANO,9 CALLE 7-06,22067425,JUAN CARLOS CHACÓN,----,DIVERSIFICADO,PRIVADO,URBANA,CERRADA TEMPORALMENTE,MONOLINGUE,MATUTINA,DIARIO(REGULAR),GUATEMALA NORTE
00-01-0703-46,01-115,CIUDAD CAPITAL,ZONA 1,CENTRO CULTURAL DE AMERICA,6 AVENIDA 2-45,22067425,WILFREDO GARCÍA MATUL,----,DIVERSIFICADO,PRIVADO,URBANA,CERRADA TEMPORALMENTE,MONOLINGUE,VESPERTINA,DIARIO(REGULAR),GUATEMALA NORTE
00-01-0704-45,01-01-0028,CIUDAD CAPITAL,ZONA 1,"CENTRO BILINGÜE DE DESARROLLO TOTAL ""ZENITH""",13 CALLE 0-07,22328734,AMADO SALOMON FLORES PEREZ,MARIA REGINA GARCÍA MAZARIEGOS,BASICO,PRIVADO,URBANA,ABIERTA,MONOLINGUE,VESPERTINA,DIARIO(REGULAR),GUATEMALA NORTE
00-01-0705-45,01-318,CIUDAD CAPITAL,ZONA 1,COLEGIO COMERCIAL GUATEMALTECO 2,11 AVENIDA 10-18,22533232,SANDRA CAROLINA PÉREZ DONDIEGO DE CHOC,HÉCTOR ANTONIO ROLDÁN AQUINO,BASICO,PRIVADO,URBANA,CERRADA TEMPORALMENTE,MONOLINGUE,MATUTINA,DIARIO(REGULAR),GUATEMALA NORTE
00-01-0706-46,01-01-0035,CIUDAD CAPITAL,ZONA 1,COLEGIO COMERCIAL GUATEMALTECO,10A. CALLE 11-44,22534824,NORMA ARACELY PALOMO FRANCO DE DÍAZ,CHARLOTTE ANN AFRE PYATT,DIVERSIFICADO,PRIVADO,URBANA,ABIERTA,MONOLINGUE,MATUTINA,DIARIO(REGULAR),GUATEMALA NORTE
00-01-0707-45,01-01-0040,CIUDAD CAPITAL,ZONA 1,COLEGIO TÉCNICO INDUSTRIAL EMILIANI,10A. CALLE 3-15,57169678,AMADO SALOMON FLORES PEREZ,MARÍA LA O IVONNE RIVERA PÉREZ,BASICO,PRIVADO,URBANA,ABIERTA,MONOLINGUE,MATUTINA,DIARIO(REGULAR),GUATEMALA NORTE
00-01-0708-46,01-01-0040,CIUDAD CAPITAL,ZONA 1,COLEGIO TÉCNICO INDUSTRIAL EMILIANI,10A. CALLE 3-15,57169678,AMADO SALOMON FLORES PEREZ,MARÍA LA O IVONNE RIVERA PÉREZ,DIVERSIFICADO,PRIVADO,URBANA,ABIERTA,MONOLINGUE,MATUTINA,DIARIO(REGULAR),GUATEMALA NORTE
00-01-0709-46,01-01-0040,CIUDAD CAPITAL,ZONA 1,COLEGIO TÉCNICO INDUSTRIAL EMILIANI,10A. CALLE 3-15,57169678,AMADO SALOMON FLORES PEREZ,MARÍA LA O IVONNE RIVERA PÉREZ,DIVERSIFICADO,PRIVADO,URBANA,ABIERTA,MONOLINGUE,DOBLE,DIARIO(REGULAR),GUATEMALA NORTE
00-01-0710-46,01-01-0037,CIUDAD CAPITAL,ZONA 1,COLEGIO TÉCNICO INDUSTRIAL EMILIANI,10A. CALLE 3-15,57169678,CARLOS HUMBERTO GONZALEZ DE LEON,MARÍA LA O IVONNE RIVERA PÉREZ,DIVERSIFICADO,PRIVADO,URBANA,ABIERTA,MONOLINGUE,DOBLE,FIN DE SEMANA,GUATEMALA NORTE
00-01-0711-45,01-01-0037,CIUDAD CAPITAL,ZONA 1,LICEO TECNOLOGICO MAYA DE GUATEMALA II,8 CALLE 2-29,22323799,CARLOS HUMBERTO GONZALEZ DE LEON,ELFIR DARÍO MAYÉN LÓPEZ,BASICO,PRIVADO,URBANA,ABIERTA,MONOLINGUE,DOBLE,FIN DE SEMANA,GUATEMALA NORTE
00-01-0712-46,01-001,CIUDAD CAPITAL,ZONA 1,LICEO SANTIAGO,9A. AVENIDA 5-17,2267425,SANDRA LIZZETH CRUZ IZAGUIRRE,THELMA ONDINA VASQUEZ REYES,DIVERSIFICADO,PRIVADO,URBANA,CERRADA TEMPORALMENTE,MONOLINGUE,MATUTINA,DIARIO(REGULAR),GUATEMALA NORTE
00-01-0713-46,01-307,CIUDAD CAPITAL,ZONA 1,INSTITUTO BILINGUE GUATEMALTECO,6A.  AVENIDA 5-17,22517405,NORMA ARACELY PALOMO FRANCO DE DIAZ,---,DIVERSIFICADO,PRIVADO,URBANA,CERRADA TEMPORALMENTE,MONOLINGUE,MATUTINA,DIARIO(REGULAR),GUATEMALA NORTE
00-01-0714-42,01-01-0040,CIUDAD CAPITAL,ZONA 1,LICEO CLÁSICO EN COMPUTACIÓN,4A. CALLE 5-52,23041515,AMADO SALOMON FLORES PEREZ,ANA LUCIA RODRIGUEZ LÓPEZ,PARVULOS,PRIVADO,URBANA,ABIERTA,MONOLINGUE,MATUTINA,DIARIO(REGULAR),GUATEMALA NORTE
00-01-0715-46,01-310,CIUDAD CAPITAL,ZONA 1,ESCUELA TECNICA SUPERIOR ALINARI,5A CALLE 5-61,22067425,EDDY FRANCISCO RAMÍREZ MORALES,----,DIVERSIFICADO,PRIVADO,URBANA,CERRADA TEMPORALMENTE,MONOLINGUE,MATUTINA,DIARIO(REGULAR),GUATEMALA NORTE
00-01-0716-46,01-310,CIUDAD CAPITAL,ZONA 1,INSTITUTO TÉCNICO CENTROAMERICANO DE OPTOMETRÍA,5 CALLE 2-75,22067425,EDDY FRANCISCO RAMÍREZ MORALES,---,DIVERSIFICADO,PRIVADO,URBANA,CERRADA TEMPORALMENTE,MONOLINGUE,VESPERTINA,DIARIO(REGULAR),GUATEMALA NORTE
00-01-0717-43,01-01-0012,CIUDAD CAPITAL,ZONA 1,"COLEGIO MIXTO ""CRISTIANO GUATEMALTECO""",13 CALLE 2-30,22323228,CARLOS HUMBERTO GONZALEZ DE LEON,CAROLINA  FUNES ENRIQUEZ,PRIMARIA,PRIVADO,URBANA,ABIERTA,MONOLINGUE,MATUTINA,VIRTUAL A DISTANCIA,GUATEMALA NORTE
00-01-0718-45,01-01-0012,CIUDAD CAPITAL,ZONA 1,"COLEGIO MIXTO ""CRISTIANO GUATEMALTECO""",13 CALLE 2-30,22323228,CARLOS HUMBERTO GONZALEZ DE LEON,ANDREA CAROLINA VILLAGRAN FUNES,BASICO,PRIVADO,URBANA,ABIERTA,MONOLINGUE,MATUTINA,VIRTUAL A DISTANCIA,GUATEMALA NORTE
00-01-0719-46,01-01-0012,CIUDAD CAPITAL,ZONA 1,"COLEGIO MIXTO ""CRISTIANO GUATEMALTECO""",13 CALLE 2-30,2223228,CARLOS HUMBERTO GONZALEZ DE LEON,ANDREA CAROLINA VILLAGRAN FUNES,DIVERSIFICADO,PRIVADO,URBANA,ABIERTA,MONOLINGUE,MATUTINA,VIRTUAL A DISTANCIA,GUATEMALA NORTE
00-01-0720-46,01-403,CIUDAD CAPITAL,ZONA 1,INSTITUTO NORMAL MIXTO NOCTURNO,9A. AVENIDA 9-27,55696890,CARLOS HUMBERTO GONZÁLEZ DE LEÓN,SANTOS LOPEZ CONTRERAS,DIVERSIFICADO,OFICIAL,URBANA,CERRADA TEMPORALMENTE,MONOLINGUE,NOCTURNA,DIARIO(REGULAR),GUATEMALA NORTE
00-01-0721-46,01-001,CIUDAD CAPITAL,ZONA 1,ESCUELA SUPERIOR DE INFORMATICA,5 AVENIDA 4-33,22067425,SANDRA LIZZETH CRUZ IZAGUIRRE,THELMA ONDINA VASQUEZ REYEZ,DIVERSIFICADO,PRIVADO,URBANA,CERRADA TEMPORALMENTE,MONOLINGUE,DOBLE,FIN DE SEMANA,GUATEMALA NORTE
00-01-0722-46,01-001,CIUDAD CAPITAL,ZONA 1,INSTITUTO MIXTO PRIVADO DIÉGUEZ OLAVERRI,10-25,22067425,SANDRA LIZZETH CRUZ IZAGUIRRE,THELMA ONDINA VASQUEZ REYEZ,DIVERSIFICADO,PRIVADO,URBANA,CERRADA TEMPORALMENTE,MONOLINGUE,MATUTINA,DIARIO(REGULAR),GUATEMALA NORTE
00-01-0723-46,01-310,CIUDAD CAPITAL,ZONA 1,INSTITUTO BILINGUE ANGLOAMERICANO,9A. AVENIDA 5-13,22067425,EDDY FRANCISCO RAMÍREZ MORALES,----,DIVERSIFICADO,PRIVADO,URBANA,CERRADA TEMPORALMENTE,MONOLINGUE,MATUTINA,DIARIO(REGULAR),GUATEMALA NORTE
00-01-0724-46,01-01-0012,CIUDAD CAPITAL,ZONA 1,INSTITUTO GUILLERMO PUTZEYS ÁLVAREZ,11 CALLE 3-59,24637777,CARLOS HUMBERTO GONZALEZ DE LEON,ANA ISABEL TELLO SÁENZ,DIVERSIFICADO,PRIVADO,URBANA,ABIERTA,MONOLINGUE,DOBLE,A DISTANCIA,GUATEMALA NORTE
00-01-0725-45,01-01-0037,CIUDAD CAPITAL,ZONA 1,COLEGIO TÉCNICO INDUSTRIAL EMILIANI,10A. CALLE 3-15,57169678,CARLOS HUMBERTO GONZALEZ DE LEON,MARÍA LA O IVONNE RIVERA PÉREZ,BASICO,PRIVADO,URBANA,ABIERTA,MONOLINGUE,SIN JORNADA,SEMIPRESENCIAL (FIN DE SEMANA),GUATEMALA NORTE
00-01-0726-45,01-01-0042,CIUDAD CAPITAL,ZONA 1,"COLEGIO TÉCNICO INDUSTRIAL ""LUIS CARDOZA Y ARAGÓN""",5TA. CALLE 1-36,30117987,CARLOS HUMBERTO GONZALEZ DE LEON,AURA ELICIA CARTAGENA MONROY,BASICO,PRIVADO,URBANA,ABIERTA,MONOLINGUE,SIN JORNADA,SEMIPRESENCIAL (FIN DE SEMANA),GUATEMALA NORTE
00-01-0727-46,01-01-0042,CIUDAD CAPITAL,ZONA 1,"COLEGIO TÉCNICO INDUSTRIAL ""LUIS CARDOZA Y ARAGÓN""",5TA. CALLE 1-36,23074080,CARLOS HUMBERTO GONZALEZ DE LEON,AURA ELICIA CARTAGENA MONROY,DIVERSIFICADO,PRIVADO,URBANA,ABIERTA,MONOLINGUE,SIN JORNADA,SEMIPRESENCIAL (FIN DE SEMANA),GUATEMALA NORTE
00-01-0728-46,01-01-0037,CIUDAD CAPITAL,ZONA 1,COLEGIO TÉCNICO INDUSTRIAL EMILIANI,10A. CALLE 3-15,57169678,CARLOS HUMBERTO GONZALEZ DE LEON,MARÍA LA O IVONNE RIVERA PÉREZ,DIVERSIFICADO,PRIVADO,URBANA,ABIERTA,MONOLINGUE,SIN JORNADA,SEMIPRESENCIAL (FIN DE SEMANA),GUATEMALA NORTE
00-01-0729-45,01-01-0039,CIUDAD CAPITAL,ZONA 1,"CENTRO EDUCACIONAL MIXTO PRIVADO ""KINGSTON""",8A. CALLE 12-46,22320683,CARLOS HUMBERTO GONZALEZ DE LEON,PATRICIA LORENA LIDIA GIDI DAVID,BASICO,PRIVADO,URBANA,ABIERTA,MONOLINGUE,SIN JORNADA,SEMIPRESENCIAL (FIN DE SEMANA),GUATEMALA NORTE
00-01-0730-46,01-01-0039,CIUDAD CAPITAL,ZONA 1,"CENTRO EDUCACIONAL MIXTO PRIVADO ""KINGSTON""",8A. CALLE 12-46,22320068,CARLOS HUMBERTO GONZALEZ DE LEON,PATRICIA LORENA LIDIA GIDI DAVID,DIVERSIFICADO,PRIVADO,URBANA,ABIERTA,MONOLINGUE,SIN JORNADA,SEMIPRESENCIAL (FIN DE SEMANA),GUATEMALA NORTE
00-01-0731-45,01-01-0039,CIUDAD CAPITAL,ZONA 1,INSTITUTO TECNOLÓGICO JHULES,12 A. AVENIDA 15-19,44734516,CARLOS HUMBERTO GONZALEZ DE LEON,AMARILIS JACOBED CABRERA GAMARRO,BASICO,PRIVADO,URBANA,CERRADA TEMPORALMENTE,MONOLINGUE,SIN JORNADA,SEMIPRESENCIAL (FIN DE SEMANA),GUATEMALA NORTE
00-01-0732-46,01-01-0039,CIUDAD CAPITAL,ZONA 1,INSTITUTO TECNOLÓGICO JHULES,12 A. AVENIDA 15-19,44734516,CARLOS HUMBERTO GONZALEZ DE LEON,AMARILIS JACOBED CABRERA GAMARRO,DIVERSIFICADO,PRIVADO,URBANA,CERRADA TEMPORALMENTE,MONOLINGUE,SIN JORNADA,SEMIPRESENCIAL (FIN DE SEMANA),GUATEMALA NORTE
00-01-0733-45,01-01-0012,CIUDAD CAPITAL,ZONA 1,INSTITUTO GUILLERMO PUTZEYS ÁLVAREZ,11 CALLE 3-59,24637777,CARLOS HUMBERTO GONZALEZ DE LEON,JOSÉ RODERICO TELLO TELLO,BASICO,PRIVADO,URBANA,ABIERTA,MONOLINGUE,SIN JORNADA,A DISTANCIA,GUATEMALA NORTE
00-01-0734-46,01-01-0012,CIUDAD CAPITAL,ZONA 1,INSTITUTO GUILLERMO PUTZEYS ÁLVAREZ,11 CALLE 3-59,24637777,CARLOS HUMBERTO GONZALEZ DE LEON,JOSÉ RODERICO TELLO TELLO,DIVERSIFICADO,PRIVADO,URBANA,ABIERTA,MONOLINGUE,SIN JORNADA,A DISTANCIA,GUATEMALA NORTE
00-01-0735-45,01-01-0037,CIUDAD CAPITAL,ZONA 1,COLEGIO DE INNOVACIÓN TECNOLÓGICA EDUCATIVA (C.I.T.E.),13 CALLE 3-23,22510248,CARLOS HUMBERTO GONZALEZ DE LEON,MYRNA GUDELIA BANTES GARCÍA,BASICO,PRIVADO,URBANA,ABIERTA,MONOLINGUE,SIN JORNADA,SEMIPRESENCIAL (FIN DE SEMANA),GUATEMALA NORTE
00-01-0736-46,01-01-0037,CIUDAD CAPITAL,ZONA 1,COLEGIO DE INNOVACIÓN TECNOLÓGICA  EDUCATIVA (C.I.T.E.),13 CALLE 3-23,22510248,CARLOS HUMBERTO GONZALEZ DE LEON,MYRNA GUDELIA BANTES GARCÍA,DIVERSIFICADO,PRIVADO,URBANA,ABIERTA,MONOLINGUE,SIN JORNADA,SEMIPRESENCIAL (FIN DE SEMANA),GUATEMALA NORTE
00-01-0737-45,01-01-0037,CIUDAD CAPITAL,ZONA 1,LICEO PROFESIONAL EN COMPUTACIÓN Y CIENCIAS COMERCIALES,2A. AVENIDA 10-69,22320092,CARLOS HUMBERTO GONZALEZ DE LEON,ROBIN ALEXANDER MONTALVO HERNÁNDEZ,BASICO,PRIVADO,URBANA,ABIERTA,MONOLINGUE,SIN JORNADA,SEMIPRESENCIAL (FIN DE SEMANA),GUATEMALA NORTE
00-01-0738-46,01-01-0037,CIUDAD CAPITAL,ZONA 1,LICEO PROFESIONAL EN COMPUTACIÓN Y CIENCIAS COMERCIALES,2A. AVENIDA 10-69,22320092,CARLOS HUMBERTO GONZALEZ DE LEON,ROBIN ALEXANDER MONTALVO HERNÁNDEZ,DIVERSIFICADO,PRIVADO,URBANA,ABIERTA,MONOLINGUE,SIN JORNADA,SEMIPRESENCIAL (FIN DE SEMANA),GUATEMALA NORTE
00-01-0739-46,01-01-0041,CIUDAD CAPITAL,ZONA 1,LICEO REGIOMONTANO,9A. CALLE 2-64,22202670,CARLOS HUMBERTO GONZALEZ DE LEON,NERY EDUARDO MALDONADO RUIZ,DIVERSIFICADO,PRIVADO,URBANA,ABIERTA,MONOLINGUE,SIN JORNADA,SEMIPRESENCIAL (FIN DE SEMANA),GUATEMALA NORTE
00-01-0740-45,01-01-0041,CIUDAD CAPITAL,ZONA 1,LICEO REGIOMONTANO,9A. CALLE 02-64,22202670,CARLOS HUMBERTO GONZALEZ DE LEON,NERY EDUARDO MALDONADO RUIZ,BASICO,PRIVADO,URBANA,ABIERTA,MONOLINGUE,SIN JORNADA,SEMIPRESENCIAL (FIN DE SEMANA),GUATEMALA NORTE
00-01-0741-45,01-01-0038,CIUDAD CAPITAL,ZONA 1,"INSTITUTO MIXTO NOCTURNO DE EDUCACIÓN BÁSICA POR MADUREZ ""PEDRO ARRIAZA MATA""",10 AVENIDA 12-01,22383239,CARLOS HUMBERTO GONZALEZ DE LEON,BRUNO LUIS VIAU GARCÍA,BASICO,OFICIAL,URBANA,ABIERTA,MONOLINGUE,NOCTURNA,DIARIO(REGULAR),GUATEMALA NORTE
00-01-0742-46,01-01-0038,CIUDAD CAPITAL,ZONA 1,"INSTITUTO MIXTO NOCTURNO DE EDUCACIÓN DIVERSIFICADA POR MADUREZ ""PEDRO ARRIAZA MATA""",10 AVENIDA 12-01,22383239,CARLOS HUMBERTO GONZALEZ DE LEON,BRUNO LUIS VIAU GARCÍA,DIVERSIFICADO,OFICIAL,URBANA,ABIERTA,MONOLINGUE,NOCTURNA,DIARIO(REGULAR),GUATEMALA NORTE
00-01-0743-45,01-01-0039,CIUDAD CAPITAL,ZONA 1,COLEGIO DE FORMACIÓN PROFESIONAL EN COMPUTACIÓN,15 AVENIDA 2-63,22501016,CARLOS HUMBERTO GONZALEZ DE LEON,DALIA ROXANA CASTRO JUÁREZ,BASICO,PRIVADO,URBANA,ABIERTA,MONOLINGUE,SIN JORNADA,SEMIPRESENCIAL (FIN DE SEMANA),GUATEMALA NORTE
00-01-0744-46,01-01-0039,CIUDAD CAPITAL,ZONA 1,COLEGIO DE FORMACIÓN PROFESIONAL EN COMPUTACIÓN,15 AVENIDA 2-63,22501016,CARLOS HUMBERTO GONZALEZ DE LEON,DALIA ROXANA CASTRO JUÁREZ,DIVERSIFICADO,PRIVADO,URBANA,ABIERTA,MONOLINGUE,SIN JORNADA,SEMIPRESENCIAL (FIN DE SEMANA),GUATEMALA NORTE
00-01-0745-46,01-01-0039,CIUDAD CAPITAL,ZONA 1,"INSTITUTO PARTICULAR MIXTO ""JOSÉ MARTI""",8A. CALLE 12-41,22539053,CARLOS HUMBERTO GONZALEZ DE LEON,REGINA CORALIA GARCÍA CONTRERAS,DIVERSIFICADO,PRIVADO,URBANA,ABIERTA,MONOLINGUE,SIN JORNADA,SEMIPRESENCIAL (FIN DE SEMANA),GUATEMALA NORTE
00-01-0746-45,01-01-0039,CIUDAD CAPITAL,ZONA 1,"INSTITUTO PARTICULAR MIXTO ""JOSÉ MARTI""",8A. CALLE 12-41,22539053,CARLOS HUMBERTO GONZALEZ DE LEON,REGINA CORALIA GARCÍA CONTRERAS,BASICO,PRIVADO,URBANA,ABIERTA,MONOLINGUE,SIN JORNADA,SEMIPRESENCIAL (FIN DE SEMANA),GUATEMALA NORTE
00-01-0747-46,01-01-0039,CIUDAD CAPITAL,ZONA 1,COLEGIO MIXTO SANTO DOMINGO,12 AVENIDA 12-11,22322648,CARLOS HUMBERTO GONZALEZ DE LEON,SERGIO ALEJANDRO VILLATORO VILLAGRAN,DIVERSIFICADO,PRIVADO,URBANA,ABIERTA,MONOLINGUE,SIN JORNADA,SEMIPRESENCIAL (FIN DE SEMANA),GUATEMALA NORTE
00-01-0748-45,01-01-0039,CIUDAD CAPITAL,ZONA 1,COLEGIO MIXTO SANTO DOMINGO,12 AVENIDA 12-11,22322648,CARLOS HUMBERTO GONZALEZ DE LEON,SERGIO ALEJANDRO VILLATORO VILLAGRAN,BASICO,PRIVADO,URBANA,ABIERTA,MONOLINGUE,SIN JORNADA,SEMIPRESENCIAL (FIN DE SEMANA),GUATEMALA NORTE
00-01-0749-45,01-01-0041,CIUDAD CAPITAL,ZONA 1,"COLEGIO MIXTO EN COMPUTACIÓN ""IMANOL""",3A. AVENIDA 3-33,22201030,CARLOS HUMBERTO GONZALEZ DE LEON,SONIA HAYDÉE REYES MONTERROSO,BASICO,PRIVADO,URBANA,ABIERTA,MONOLINGUE,SIN JORNADA,SEMIPRESENCIAL (FIN DE SEMANA),GUATEMALA NORTE
00-01-0750-46,01-01-0041,CIUDAD CAPITAL,ZONA 1,"COLEGIO MIXTO EN COMPUTACIÓN ""IMANOL""",3RA. AVENIDA 3-33,22201030,CARLOS HUMBERTO GONZALEZ DE LEON,SONIA HAYDÉE REYES MONTERROSO,DIVERSIFICADO,PRIVADO,URBANA,ABIERTA,MONOLINGUE,SIN JORNADA,SEMIPRESENCIAL (FIN DE SEMANA),GUATEMALA NORTE
00-01-0751-45,01-01-0042,CIUDAD CAPITAL,ZONA 1,COLEGIO TECNOLÓGICO CENTRO CULTURAL DE LAS AMERICAS,"8A. CALLE 00-30 , INTERIOR 9A.Y 8A. CALLE 00-20",22321894,CARLOS HUMBERTO GONZALEZ DE LEON,JESÚS  SAMAYOA ARAGÓN,BASICO,PRIVADO,URBANA,ABIERTA,MONOLINGUE,SIN JORNADA,SEMIPRESENCIAL (FIN DE SEMANA),GUATEMALA NORTE
00-01-0752-46,01-01-0042,CIUDAD CAPITAL,ZONA 1,COLEGIO TECNOLÓGICO CENTRO CULTURAL DE LAS AMERICAS,"8A. CALLE 00-30 , INTERIOR 9A.Y 8A. CALLE 00-20",22321894,CARLOS HUMBERTO GONZALEZ DE LEON,JESÚS  SAMAYOA ARAGÓN,DIVERSIFICADO,PRIVADO,URBANA,ABIERTA,MONOLINGUE,SIN JORNADA,SEMIPRESENCIAL (FIN DE SEMANA),GUATEMALA NORTE
00-01-0753-45,01-403,CIUDAD CAPITAL,ZONA 1,INSTITUTO Y ACADEMIA PRACTICA COMERCIAL,6A. CALLE 0-25,22202869,CARLOS HUMBERTO GONZÁLEZ DE LEÓN,VICTOR MANUEL TICURU,BASICO,PRIVADO,URBANA,CERRADA TEMPORALMENTE,MONOLINGUE,SIN JORNADA,SEMIPRESENCIAL (FIN DE SEMANA),GUATEMALA NORTE
00-01-0754-46,01-403,CIUDAD CAPITAL,ZONA 1,INSTITUTO Y ACADEMIA PRACTICA COMERCIAL,6A. CALLE 0-25,22202869,CARLOS HUMBERTO GONZÁLEZ DE LEÓN,VICTOR MANUEL TICURU,DIVERSIFICADO,PRIVADO,URBANA,CERRADA TEMPORALMENTE,MONOLINGUE,SIN JORNADA,SEMIPRESENCIAL (FIN DE SEMANA),GUATEMALA NORTE
00-01-0755-45,01-403,CIUDAD CAPITAL,ZONA 1,CENTRO EDUCATIVO RENUEVO,6A. AVENIDA 2-34,22886957,CARLOS HUMBERTO GONZÁLEZ DE LEÓN,ISABEL EUNICE ROJAS CASTILLO,BASICO,PRIVADO,URBANA,CERRADA DEFINITIVAMENTE,MONOLINGUE,MATUTINA,A DISTANCIA,GUATEMALA NORTE
00-01-0756-46,01-01-0012,CIUDAD CAPITAL,ZONA 1,CENTRO EDUCATIVO RENUEVO,6A. AVENIDA 2-34,22886957,CARLOS HUMBERTO GONZALEZ DE LEON,ISABEL EUNICE ROJAS CASTILLO,DIVERSIFICADO,PRIVADO,URBANA,ABIERTA,MONOLINGUE,SIN JORNADA,A DISTANCIA,GUATEMALA NORTE
00-01-0757-45,01-01-0012,CIUDAD CAPITAL,ZONA 1,CENTRO EDUCATIVO RENUEVO,6A. AVENIDA 2-34,22886957,CARLOS HUMBERTO GONZALEZ DE LEON,ISABEL EUNICE ROJAS CASTILLO,BASICO,PRIVADO,URBANA,ABIERTA,MONOLINGUE,SIN JORNADA,A DISTANCIA,GUATEMALA NORTE
00-01-0758-45,01-01-0033,CIUDAD CAPITAL,ZONA 1,LICEO CLÁSICO EN COMPUTACIÓN,4TA. CALLE 5-52 ZONA 1,23041515,CARLOS HUMBERTO GONZALEZ DE LEON,MIGUEL ALFONSO LEMUS ALTÁN,BASICO,PRIVADO,URBANA,ABIERTA,MONOLINGUE,SIN JORNADA,SEMIPRESENCIAL (FIN DE SEMANA),GUATEMALA NORTE
00-01-0759-46,01-01-0033,CIUDAD CAPITAL,ZONA 1,LICEO CLÁSICO EN COMPUTACIÓN,4TA. CALLE 5-52,23041515,CARLOS HUMBERTO GONZALEZ DE LEON,MIGUEL ALFONSO LEMUS ALTÁN,DIVERSIFICADO,PRIVADO,URBANA,ABIERTA,MONOLINGUE,SIN JORNADA,SEMIPRESENCIAL (FIN DE SEMANA),GUATEMALA NORTE
00-01-0760-45,01-01-0042,CIUDAD CAPITAL,ZONA 1,LICEO CANADIENSE,11 CALLE 1-53,23750055,CARLOS HUMBERTO GONZALEZ DE LEON,ADA LUCRECIA MIJANGOS TEO,BASICO,PRIVADO,URBANA,ABIERTA,MONOLINGUE,SIN JORNADA,SEMIPRESENCIAL (FIN DE SEMANA),GUATEMALA NORTE
00-01-0761-46,01-01-0042,CIUDAD CAPITAL,ZONA 1,LICEO CANADIENSE,11 CALLE 1-53,23750055,CARLOS HUMBERTO GONZALEZ DE LEON,ADA LUCRECIA MIJANGOS TEO,DIVERSIFICADO,PRIVADO,URBANA,ABIERTA,MONOLINGUE,SIN JORNADA,SEMIPRESENCIAL (FIN DE SEMANA),GUATEMALA NORTE
00-01-0762-46,01-01-0039,CIUDAD CAPITAL,ZONA 1,INSTITUTO TECNOLÓGICO DIGITALES COMERCIALES II,3A. CALLE 0-14,55947297,CARLOS HUMBERTO GONZALEZ DE LEON,DULCIRIA DE MARÍA MONROY SANDOVAL,DIVERSIFICADO,PRIVADO,URBANA,ABIERTA,MONOLINGUE,SIN JORNADA,SEMIPRESENCIAL (FIN DE SEMANA),GUATEMALA NORTE
00-01-0763-45,01-01-0038,CIUDAD CAPITAL,ZONA 1,LICEO TÉCNICO INTEGRAL SANTA TERESA DE JESÚS,12 CALLE 10-37,22201454,CARLOS HUMBERTO GONZALEZ DE LEON,SILVIA SUSANA SALAZAR SOTO,BASICO,PRIVADO,URBANA,ABIERTA,MONOLINGUE,SIN JORNADA,SEMIPRESENCIAL (FIN DE SEMANA),GUATEMALA NORTE
00-01-0764-46,01-01-0038,CIUDAD CAPITAL,ZONA 1,LICEO TÉCNICO INTEGRAL SANTA TERESA DE JESÚS,12 CALLE 10-37,22201454,CARLOS HUMBERTO GONZALEZ DE LEON,SILVIA SUSANA SALAZAR SOTO,DIVERSIFICADO,PRIVADO,URBANA,ABIERTA,MONOLINGUE,SIN JORNADA,SEMIPRESENCIAL (FIN DE SEMANA),GUATEMALA NORTE
00-01-0765-45,01-01-0033,CIUDAD CAPITAL,ZONA 1,INSTITUTO AMERICANO  EN CIENCIAS DE COMPUTACIÓN,6TA. AVENIDA 18-23,36040601,CARLOS HUMBERTO GONZALEZ DE LEON,MARCO ANTONIO CASTAÑEDA FLORES,BASICO,PRIVADO,URBANA,ABIERTA,MONOLINGUE,SIN JORNADA,SEMIPRESENCIAL (FIN DE SEMANA),GUATEMALA NORTE
00-01-0766-46,01-01-0033,CIUDAD CAPITAL,ZONA 1,INSTITUTO AMERICANO EN CIENCIAS DE COMPUTACIÓN,6A. AVENIDA 18-23,36040601,CARLOS HUMBERTO GONZALEZ DE LEON,MARCO ANTONIO CASTAÑEDA FLORES,DIVERSIFICADO,PRIVADO,URBANA,ABIERTA,MONOLINGUE,SIN JORNADA,SEMIPRESENCIAL (FIN DE SEMANA),GUATEMALA NORTE
00-01-0767-45,01-312,CIUDAD CAPITAL,ZONA 1,INSTITUTO AMERICANO EN CIENCIAS DE COMPUTACIÓN,6A. AVENIDA 18-23,23164108,AMADO  SALOMON FLORES PEREZ,MARCO ANTONIO CASTAÑEDA FLORES,BASICO,PRIVADO,URBANA,CERRADA TEMPORALMENTE,MONOLINGUE,MATUTINA,VIRTUAL A DISTANCIA,GUATEMALA NORTE
00-01-0768-46,01-312,CIUDAD CAPITAL,ZONA 1,INSTITUTO AMERICANO EN CIENCIAS DE COMPUTACIÓN,6A. AVENIDA 18-23,23164108,AMADO  SALOMON FLORES PEREZ,MARCO ANTONIO CASTAÑEDA FLORES,DIVERSIFICADO,PRIVADO,URBANA,CERRADA TEMPORALMENTE,MONOLINGUE,MATUTINA,VIRTUAL A DISTANCIA,GUATEMALA NORTE
00-01-0769-45,01-403,CIUDAD CAPITAL,ZONA 1,INSTITUTO AMERICANO EN CIENCIAS DE COMPUTACIÓN,6A.  AVENIDA 18-23,23164108,CARLOS HUMBERTO GONZÁLEZ DE LEÓN,MARCO ANTONIO CASTAÑEDA FLORES,BASICO,PRIVADO,URBANA,CERRADA TEMPORALMENTE,MONOLINGUE,DOBLE,VIRTUAL A DISTANCIA,GUATEMALA NORTE
00-01-0770-46,01-403,CIUDAD CAPITAL,ZONA 1,INSTITUTO AMERICANO EN CIENCIAS DE COMPUTACIÓN,6TA. AVENIDA 18-23,23164108,CARLOS HUMBERTO GONZÁLEZ DE LEÓN,MARCO ANTONIO CASTAÑEDA FLORES,DIVERSIFICADO,PRIVADO,URBANA,CERRADA TEMPORALMENTE,MONOLINGUE,DOBLE,VIRTUAL A DISTANCIA,GUATEMALA NORTE
00-01-0771-45,01-01-0037,CIUDAD CAPITAL,ZONA 1,LICEO TECNOLÓGICO MAYA DE GUATEMALA,8 CALLE 2-68,22425238,CARLOS HUMBERTO GONZALEZ DE LEON,EDGAR AROLDO ELÍAS GARCÍA,BASICO,PRIVADO,URBANA,ABIERTA,MONOLINGUE,SIN JORNADA,SEMIPRESENCIAL (FIN DE SEMANA),GUATEMALA NORTE
00-01-0772-46,01-01-0037,CIUDAD CAPITAL,ZONA 1,LICEO TECNOLÓGICO MAYA DE GUATEMALA,8 CALLE 2-68,2232379,CARLOS HUMBERTO GONZALEZ DE LEON,EDGAR AROLDO ELÍAS GARCÍA,DIVERSIFICADO,PRIVADO,URBANA,ABIERTA,MONOLINGUE,SIN JORNADA,SEMIPRESENCIAL (FIN DE SEMANA),GUATEMALA NORTE
00-01-0773-45,01-01-0041,CIUDAD CAPITAL,ZONA 1,LICEO JUAN MANTOVANI,12 CALLE 2-45,42152989,CARLOS HUMBERTO GONZALEZ DE LEON,INGRID LISSETTE MARTINEZ MALDONADO,BASICO,PRIVADO,URBANA,ABIERTA,MONOLINGUE,SIN JORNADA,SEMIPRESENCIAL (FIN DE SEMANA),GUATEMALA NORTE
00-01-0774-46,01-01-0041,CIUDAD CAPITAL,ZONA 1,LICEO JUAN MANTOVANI,12 CALLE 2-45,42152989,CARLOS HUMBERTO GONZALEZ DE LEON,INGRID LISSETTE MARTINEZ MALDONADO,DIVERSIFICADO,PRIVADO,URBANA,ABIERTA,MONOLINGUE,SIN JORNADA,SEMIPRESENCIAL (FIN DE SEMANA),GUATEMALA NORTE
00-01-0775-45,01-01-0039,CIUDAD CAPITAL,ZONA 1,"LICEO DE COMPUTACIÓN ""SIGLO 21""",12 AVENIDA 13-67,25087494,CARLOS HUMBERTO GONZALEZ DE LEON,JESÚS EDUARDO ARGUETA ESCOBEDO,BASICO,PRIVADO,URBANA,ABIERTA,MONOLINGUE,SIN JORNADA,SEMIPRESENCIAL (FIN DE SEMANA),GUATEMALA NORTE
00-01-0776-46,01-01-0039,CIUDAD CAPITAL,ZONA 1,"LICEO DE COMPUTACIÓN ""SIGLO 21""",12 AVENIDA 13-67,25087494,CARLOS HUMBERTO GONZALEZ DE LEON,JESÚS EDUARDO ARGUETA ESCOBEDO,DIVERSIFICADO,PRIVADO,URBANA,ABIERTA,MONOLINGUE,SIN JORNADA,SEMIPRESENCIAL (FIN DE SEMANA),GUATEMALA NORTE
00-01-0777-45,01-01-0041,CIUDAD CAPITAL,ZONA 1,LICEO PROFESIONAL SANTANDER,2DA. AVENIDA 8-27,22212688,CARLOS HUMBERTO GONZALEZ DE LEON,JORGE ABRAHAM CAMEY PRETZANCIN,BASICO,PRIVADO,URBANA,ABIERTA,MONOLINGUE,SIN JORNADA,SEMIPRESENCIAL (FIN DE SEMANA),GUATEMALA NORTE
00-01-0778-46,01-01-0041,CIUDAD CAPITAL,ZONA 1,LICEO PROFESIONAL SANTANDER,2DA. AVENIDA 8-27,22212688,CARLOS HUMBERTO GONZALEZ DE LEON,JORGE ABRAHAM CAMEY PRETZANCIN,DIVERSIFICADO,PRIVADO,URBANA,ABIERTA,MONOLINGUE,SIN JORNADA,SEMIPRESENCIAL (FIN DE SEMANA),GUATEMALA NORTE
00-01-0779-45,01-01-0042,CIUDAD CAPITAL,ZONA 1,INSTITUTO TECNOLÓGICO DIGITALES COMERCIALES,9A. CALLE 0-44,22832722,CARLOS HUMBERTO GONZALEZ DE LEON,ISAAC  GÓMEZ ESQUIT,BASICO,PRIVADO,URBANA,ABIERTA,MONOLINGUE,SIN JORNADA,SEMIPRESENCIAL (DOS DÍAS A LA SEMANA),GUATEMALA NORTE
00-01-0780-46,01-01-0042,CIUDAD CAPITAL,ZONA 1,INSTITUTO TECNOLÓGICO DIGITALES COMERCIALES,9A. CALLE 0-44,22382722,CARLOS HUMBERTO GONZALEZ DE LEON,ISAAC  GÓMEZ ESQUIT,DIVERSIFICADO,PRIVADO,URBANA,ABIERTA,MONOLINGUE,SIN JORNADA,SEMIPRESENCIAL (FIN DE SEMANA),GUATEMALA NORTE
00-01-0781-45,01-01-0042,CIUDAD CAPITAL,ZONA 1,LICEO HISPANOAMERICANO NO. 2,1A. AVENIDA 7-12,23098798,CARLOS HUMBERTO GONZALEZ DE LEON,MARÍA ISABEL POLANCO PAZ,BASICO,PRIVADO,URBANA,ABIERTA,MONOLINGUE,SIN JORNADA,SEMIPRESENCIAL (FIN DE SEMANA),GUATEMALA NORTE
00-01-0782-46,01-01-0042,CIUDAD CAPITAL,ZONA 1,LICEO HISPANOAMERICANO NO. 2,1A. AVENIDA 7-12,23098798,CARLOS HUMBERTO GONZALEZ DE LEON,MARÍA ISABEL POLANCO PAZ,DIVERSIFICADO,PRIVADO,URBANA,ABIERTA,MONOLINGUE,SIN JORNADA,SEMIPRESENCIAL (FIN DE SEMANA),GUATEMALA NORTE
00-01-0783-45,01-01-0033,CIUDAD CAPITAL,ZONA 1,LICEO MIXTO EN COMPUTACIÓN IXCHEL,5A. AVENIDA 3-79,23164224,CARLOS HUMBERTO GONZALEZ DE LEON,HECTOR ARNULFO CASTELLANOS,BASICO,PRIVADO,URBANA,ABIERTA,MONOLINGUE,SIN JORNADA,SEMIPRESENCIAL (FIN DE SEMANA),GUATEMALA NORTE
00-01-0784-46,01-01-0033,CIUDAD CAPITAL,ZONA 1,LICEO MIXTO EN COMPUTACIÓN IXCHEL,5A. AVENIDA 3-79,23164224,CARLOS HUMBERTO GONZALEZ DE LEON,HECTOR ARNULFO CASTELLANOS,DIVERSIFICADO,PRIVADO,URBANA,ABIERTA,MONOLINGUE,SIN JORNADA,SEMIPRESENCIAL (FIN DE SEMANA),GUATEMALA NORTE
00-01-0785-46,01-01-0031,CIUDAD CAPITAL,ZONA 1,LICEO SAN FRANCISCO DE BORJA,8A. AVENIDA 3-50,22928633,LUDIBEL AMARILIS GALICIA DE FLORES,RUTH CRISTINA ARRAZOLA CUYUN,DIVERSIFICADO,PRIVADO,URBANA,ABIERTA,MONOLINGUE,VESPERTINA,DIARIO(REGULAR),GUATEMALA NORTE
00-01-0786-42,01-01-0031,CIUDAD CAPITAL,ZONA 1,LICEO SAN FRANCISCO DE BORJA,8A. AVENIDA 3-50,22928633,LUDIBEL AMARILIS GALICIA DE FLORES,ARACELI MARIBEL CAAL MEDRANO,PARVULOS,PRIVADO,URBANA,ABIERTA,MONOLINGUE,MATUTINA,DIARIO(REGULAR),GUATEMALA NORTE
00-01-0787-45,01-01-0033,CIUDAD CAPITAL,ZONA 1,COLEGIO BILINGUE ESPECIALIZADO EN COMPUTACIÓN YULIMAY´PC,12 CALLE 4-17,22091400,CARLOS HUMBERTO GONZALEZ DE LEON,OBDUVER UBALDO DOMINGO CASTAÑÓN,BASICO,PRIVADO,URBANA,ABIERTA,MONOLINGUE,SIN JORNADA,SEMIPRESENCIAL (FIN DE SEMANA),GUATEMALA NORTE
00-01-0788-46,01-304,CIUDAD CAPITAL,ZONA 1,INSTITUTO CIENTIFICO COMERCIAL EN COMPUTACIÓN,6A. AVENIDA 3-85,22067425,AMADO SALOMON FLORES PEREZ,THELMA ONDINA VÁSQUEZ REYES,DIVERSIFICADO,PRIVADO,URBANA,CERRADA TEMPORALMENTE,MONOLINGUE,VESPERTINA,DIARIO(REGULAR),GUATEMALA NORTE
00-01-0789-46,01-01-0033,CIUDAD CAPITAL,ZONA 1,COLEGIO BILINGÜE ESPECIALIZADO EN COMPUTACIÓN YULIMAY´PC,12 CALLE 4-17,22091400,CARLOS HUMBERTO GONZALEZ DE LEON,OBDUVER UBALDO DOMINGO CASTAÑÓN,DIVERSIFICADO,PRIVADO,URBANA,ABIERTA,MONOLINGUE,SIN JORNADA,SEMIPRESENCIAL (FIN DE SEMANA),GUATEMALA NORTE
00-01-0790-46,01-01-0042,CIUDAD CAPITAL,ZONA 1,LICEO PROFESIONAL DE INFORMÁTICA Y TECNOLOGÍA,9A. CALLE 0-39,22329566,CARLOS HUMBERTO GONZALEZ DE LEON,MANUEL DE JESÚS JUÁREZ GARCÍA,DIVERSIFICADO,PRIVADO,URBANA,ABIERTA,MONOLINGUE,SIN JORNADA,SEMIPRESENCIAL (FIN DE SEMANA),GUATEMALA NORTE
00-01-0791-46,01-01-0041,CIUDAD CAPITAL,ZONA 1,CENTRO DE EDUCACIÓN CONTINUADA PARA ADOLESCENTES CON DISCAPACIDAD AUDITIVA,2A. AVENIDA 8-53,22534953,CARLOS HUMBERTO GONZALEZ DE LEON,JANELVA ZUSELLY BARAHONA DOMINGUEZ,DIVERSIFICADO,PRIVADO,URBANA,ABIERTA,MONOLINGUE,SIN JORNADA,SEMIPRESENCIAL (FIN DE SEMANA),GUATEMALA NORTE
00-01-0792-45,01-01-0038,CIUDAD CAPITAL,ZONA 1,CENTRO TECNOLÓGICO DE COMPUTACIÓN LA MERCED,5TA. CALLE 10-22,22325857,CARLOS HUMBERTO GONZALEZ DE LEON,MARCO TULIO VARGAS ALVARADO,BASICO,PRIVADO,URBANA,ABIERTA,MONOLINGUE,SIN JORNADA,SEMIPRESENCIAL (FIN DE SEMANA),GUATEMALA NORTE
00-01-0793-46,01-01-0038,CIUDAD CAPITAL,ZONA 1,CENTRO TECNOLÓGICO DE COMPUTACIÓN LA MERCED,5TA. CALLE 10-22,22525857,CARLOS HUMBERTO GONZALEZ DE LEON,MARCO TULIO VARGAS ALVARADO,DIVERSIFICADO,PRIVADO,URBANA,ABIERTA,MONOLINGUE,SIN JORNADA,SEMIPRESENCIAL (FIN DE SEMANA),GUATEMALA NORTE
00-01-0794-45,01-01-0033,CIUDAD CAPITAL,ZONA 1,LICEO DE COMPUTACIÓN SIGLO 21 NO. 3,13 CALLE 9-60,22959172,CARLOS HUMBERTO GONZALEZ DE LEON,JORGE ROLANDO MORALES PAZ,BASICO,PRIVADO,URBANA,ABIERTA,MONOLINGUE,SIN JORNADA,SEMIPRESENCIAL (FIN DE SEMANA),GUATEMALA NORTE
00-01-0795-46,01-01-0033,CIUDAD CAPITAL,ZONA 1,LICEO DE COMPUTACIÓN SIGLO 21 NO. 3,13 CALLE 9-60,22959172,CARLOS HUMBERTO GONZALEZ DE LEON,JORGE ROLANDO MORALES PAZ,DIVERSIFICADO,PRIVADO,URBANA,ABIERTA,MONOLINGUE,SIN JORNADA,SEMIPRESENCIAL (FIN DE SEMANA),GUATEMALA NORTE
00-01-0796-45,01-01-0042,CIUDAD CAPITAL,ZONA 1,COLEGIO PRACTICO SECRETARIAL,4A. CALLE 0-35,58117466,CARLOS HUMBERTO GONZALEZ DE LEON,HÉCTOR HUGO LIMA CONDE,BASICO,PRIVADO,URBANA,ABIERTA,MONOLINGUE,SIN JORNADA,SEMIPRESENCIAL (FIN DE SEMANA),GUATEMALA NORTE
00-01-0797-46,01-01-0042,CIUDAD CAPITAL,ZONA 1,COLEGIO PRACTICO SECRETARIAL,4A. CALLE 0-35,58117466,CARLOS HUMBERTO GONZALEZ DE LEON,HÉCTOR HUGO LIMA CONDE,DIVERSIFICADO,PRIVADO,URBANA,ABIERTA,MONOLINGUE,SIN JORNADA,SEMIPRESENCIAL (FIN DE SEMANA),GUATEMALA NORTE
00-01-0798-45,01-01-0037,CIUDAD CAPITAL,ZONA 1,LICEO CULTURAL ESPAÑOL,4A. AVENIDA 3-56,22964184,CARLOS HUMBERTO GONZALEZ DE LEON,ELDER ALCIDES REGALADO LEMUS,BASICO,PRIVADO,URBANA,ABIERTA,MONOLINGUE,SIN JORNADA,SEMIPRESENCIAL (FIN DE SEMANA),GUATEMALA NORTE
00-01-0799-46,01-01-0037,CIUDAD CAPITAL,ZONA 1,LICEO CULTURAL ESPAÑOL,4A. AVENIDA 3-56,22964184,CARLOS HUMBERTO GONZALEZ DE LEON,ELDER ALCIDES REGALADO LEMUS,DIVERSIFICADO,PRIVADO,URBANA,ABIERTA,MONOLINGUE,SIN JORNADA,SEMIPRESENCIAL (FIN DE SEMANA),GUATEMALA NORTE
00-01-0800-45,01-01-0042,CIUDAD CAPITAL,ZONA 1,LICEO HISPANOAMERICANO,1A. AVENIDA 7-12,22381342,CARLOS HUMBERTO GONZALEZ DE LEON,ROSA ANGÉLICA SIGUENZA CORADO,BASICO,PRIVADO,URBANA,ABIERTA,MONOLINGUE,SIN JORNADA,SEMIPRESENCIAL (FIN DE SEMANA),GUATEMALA NORTE
00-01-0801-46,01-01-0042,CIUDAD CAPITAL,ZONA 1,LICEO HISPANOAMERICANO,1A. AVENIDA 7-12,22381342,CARLOS HUMBERTO GONZALEZ DE LEON,ROSA ANGÉLICA SIGUENZA CORADO,DIVERSIFICADO,PRIVADO,URBANA,ABIERTA,MONOLINGUE,SIN JORNADA,SEMIPRESENCIAL (FIN DE SEMANA),GUATEMALA NORTE
00-01-0802-45,01-01-0042,CIUDAD CAPITAL,ZONA 1,LICEO HISPANOAMERICANO NO. 3,8A. CALLE 0-62,31628125,CARLOS HUMBERTO GONZALEZ DE LEON,MELINA ELIZABETH GONZÁLEZ ROSALES,BASICO,PRIVADO,URBANA,ABIERTA,MONOLINGUE,SIN JORNADA,SEMIPRESENCIAL (FIN DE SEMANA),GUATEMALA NORTE
00-01-0803-46,01-01-0042,CIUDAD CAPITAL,ZONA 1,LICEO HISPANOAMERICANO NO. 3,8A. CALLE 0-62,31628125,CARLOS HUMBERTO GONZALEZ DE LEON,MELINA ELIZABETH GONZÁLEZ ROSALES,DIVERSIFICADO,PRIVADO,URBANA,ABIERTA,MONOLINGUE,SIN JORNADA,SEMIPRESENCIAL (FIN DE SEMANA),GUATEMALA NORTE
00-01-0804-45,01-01-0042,CIUDAD CAPITAL,ZONA 1,LICEO PROFESIONAL DE INFORMÁTICA Y TECNOLOGÍA,9NA. CALLE 0-39,22329566,CARLOS HUMBERTO GONZALEZ DE LEON,MANUEL DE JESÚS JUÁREZ GARCÍA,BASICO,PRIVADO,URBANA,ABIERTA,MONOLINGUE,SIN JORNADA,SEMIPRESENCIAL (FIN DE SEMANA),GUATEMALA NORTE
00-01-0805-45,01-01-0033,CIUDAD CAPITAL,ZONA 1,"INSTITUTO MIXTO ""INDO LATINO""",4TA. AVENIDA 13-35,22380338,CARLOS HUMBERTO GONZALEZ DE LEON,UBENCE MARCELINO DE LEÓN LÓPEZ,BASICO,PRIVADO,URBANA,ABIERTA,MONOLINGUE,SIN JORNADA,SEMIPRESENCIAL (FIN DE SEMANA),GUATEMALA NORTE
00-01-0806-46,01-01-0033,CIUDAD CAPITAL,ZONA 1,INSTITUTO MIXTO INDO LATINO,4TA. AVENIDA 13-35,22380338,CARLOS HUMBERTO GONZALEZ DE LEON,UBENCE MARCELINO DE LEÓN LÓPEZ,DIVERSIFICADO,PRIVADO,URBANA,ABIERTA,MONOLINGUE,SIN JORNADA,SEMIPRESENCIAL (FIN DE SEMANA),GUATEMALA NORTE
00-01-0807-45,01-01-0037,CIUDAD CAPITAL,ZONA 1,CENTRO EDUCATIVO MIXTO MONTENEVADO,3RA. AVENIDA 10-29,48610615,CARLOS HUMBERTO GONZALEZ DE LEON,SILVIA MARLENI ALVARADO GUARDADO,BASICO,PRIVADO,URBANA,ABIERTA,MONOLINGUE,SIN JORNADA,SEMIPRESENCIAL (FIN DE SEMANA),GUATEMALA NORTE
00-01-0808-46,01-01-0037,CIUDAD CAPITAL,ZONA 1,CENTRO EDUCATIVO MIXTO MONTENEVADO,3ERA. AVENIDA 10-29,48610615,CARLOS HUMBERTO GONZALEZ DE LEON,SILVIA MARLENI ALVARADO GUARDADO,DIVERSIFICADO,PRIVADO,URBANA,ABIERTA,MONOLINGUE,SIN JORNADA,SEMIPRESENCIAL (FIN DE SEMANA),GUATEMALA NORTE
00-01-0809-45,01-01-0033,CIUDAD CAPITAL,ZONA 1,"INSTITUTO DE EDUCACIÓN BÁSICA  Y BACHILLERATO EN CIENCIAS LETRAS POR MADUREZ ""DOCTOR JUAN JOSÉ ARÉVALO BERMEJO""",8A. AVENIDA 9-60,22536894,CARLOS HUMBERTO GONZALEZ DE LEON,EDNA MARIETA DE LA CRUZ PONCE,BASICO,PRIVADO,URBANA,ABIERTA,MONOLINGUE,SIN JORNADA,SEMIPRESENCIAL (FIN DE SEMANA),GUATEMALA NORTE
00-01-0810-46,01-01-0033,CIUDAD CAPITAL,ZONA 1,"INSTITUTO DE EDUCACIÓN BÁSICA  Y BACHILLERATO EN CIENCIAS Y LETRAS POR MADUREZ ""DOCTOR JUAN JOSÉ ARÉVALO BERMEJO""",8A. AVENIDA 9-60,22536894,CARLOS HUMBERTO GONZALEZ DE LEON,EDNA MARIETA DE LA CRUZ PONCE,DIVERSIFICADO,PRIVADO,URBANA,ABIERTA,MONOLINGUE,SIN JORNADA,SEMIPRESENCIAL (FIN DE SEMANA),GUATEMALA NORTE
00-01-0811-45,01-403,CIUDAD CAPITAL,ZONA 1,COLEGIO TECNOLÓGICO EDUCATIVO INTERACTIVO -T.E.I.-,12 AV. 13-67,25087494,CARLOS HUMBERTO GONZÁLEZ DE LEÓN,JOCELYNE TERESITA LUNA RAMOS DE ARGUETA,BASICO,PRIVADO,URBANA,CERRADA TEMPORALMENTE,MONOLINGUE,MATUTINA,DIARIO(REGULAR),GUATEMALA NORTE
00-01-0812-46,01-403,CIUDAD CAPITAL,ZONA 1,COLEGIO TECNOLÓGICO EDUCATIVO INTERACTIVO -T.E.I.-,12 AVENIDA 13-67,25087494,CARLOS HUMBERTO GONZÁLEZ DE LEÓN,GLADYS GABRIELA MEJIA LUCAS,DIVERSIFICADO,PRIVADO,URBANA,CERRADA TEMPORALMENTE,MONOLINGUE,MATUTINA,DIARIO(REGULAR),GUATEMALA NORTE
00-01-0813-44,01-01-0039,CIUDAD CAPITAL,ZONA 1,COLEGIO TECNOLÓGICO EDUCATIVO INTERACTIVO -T.E.I.-,12 AVENIDA 13-67,25087494,CARLOS HUMBERTO GONZALEZ DE LEON,JOCELYNE TERESITA LUNA RAMOS,PRIMARIA DE ADULTOS,PRIVADO,URBANA,ABIERTA,MONOLINGUE,DOBLE,FIN DE SEMANA,GUATEMALA NORTE
00-01-0814-45,01-403,CIUDAD CAPITAL,ZONA 1,COLEGIO TECNOLÓGICO EDUCATIVO INTERACTIVO -T.E.I.-,12 AVENIDA 13-67,25087494,CARLOS HUMBERTO GONZÁLEZ DE LEÓN,JOCELYNE TERESITA LUNA RAMOS DE ARGUETA,BASICO,PRIVADO,URBANA,CERRADA TEMPORALMENTE,MONOLINGUE,MATUTINA,FIN DE SEMANA,GUATEMALA NORTE
00-01-0815-46,01-403,CIUDAD CAPITAL,ZONA 1,COLEGIO TECNOLÓGICO EDUCATIVO INTERACTIVO -T.E.I.-,12 AVENIDA 13-67,25087494,CARLOS HUMBERTO GONZÁLEZ DE LEÓN,JOCELYNE TERESITA LUNA RAMOS DE ARGUETA,DIVERSIFICADO,PRIVADO,URBANA,CERRADA TEMPORALMENTE,MONOLINGUE,MATUTINA,FIN DE SEMANA,GUATEMALA NORTE
00-01-0816-45,01-403,CIUDAD CAPITAL,ZONA 1,COLEGIO TECNOLÓGICO EDUCATIVO INTERACTIVO -T.E.I.-,12 AVENIDA 13-67,25087494,CARLOS HUMBERTO GONZÁLEZ DE LEÓN,JOCELYNE TERESITA LUNA RAMOS DE ARGUETA,BASICO,PRIVADO,URBANA,CERRADA TEMPORALMENTE,MONOLINGUE,SIN JORNADA,SEMIPRESENCIAL (FIN DE SEMANA),GUATEMALA NORTE
00-01-0817-46,01-403,CIUDAD CAPITAL,ZONA 1,COLEGIO TECNOLÓGICO EDUCATIVO INTERACTIVO -T.E.I.-,12 AVENIDA 13-67,25087494,CARLOS HUMBERTO GONZÁLEZ DE LEÓN,JOCELYNE TERESITA LUNA RAMOS DE ARGUETA,DIVERSIFICADO,PRIVADO,URBANA,CERRADA TEMPORALMENTE,MONOLINGUE,SIN JORNADA,SEMIPRESENCIAL (FIN DE SEMANA),GUATEMALA NORTE
00-01-0818-45,01-01-0037,CIUDAD CAPITAL,ZONA 1,COLEGIO VALVERDE NO. 2,4A. AV. 4-49,22093200,CARLOS HUMBERTO GONZALEZ DE LEON,SARA LIZBETH COLINDRES MILIÁN,BASICO,PRIVADO,URBANA,ABIERTA,MONOLINGUE,SIN JORNADA,SEMIPRESENCIAL (FIN DE SEMANA),GUATEMALA NORTE
00-01-0819-46,01-01-0037,CIUDAD CAPITAL,ZONA 1,COLEGIO VALVERDE NO. 2,4A. AV. 4-49,22093200,CARLOS HUMBERTO GONZALEZ DE LEON,SARA LIZBETH COLINDRES MILIÁN,DIVERSIFICADO,PRIVADO,URBANA,ABIERTA,MONOLINGUE,SIN JORNADA,SEMIPRESENCIAL (FIN DE SEMANA),GUATEMALA NORTE
00-01-0820-46,01-01-0033,CIUDAD CAPITAL,ZONA 1,COLEGIO VALVERDE,5A. AVENIDA 5-14,22093200,CARLOS HUMBERTO GONZALEZ DE LEON,LESLIE ROCKSANDA CHONG VARELA,DIVERSIFICADO,PRIVADO,URBANA,ABIERTA,MONOLINGUE,SIN JORNADA,SEMIPRESENCIAL (FIN DE SEMANA),GUATEMALA NORTE
00-01-0821-45,01-01-0033,CIUDAD CAPITAL,ZONA 1,LICEO TECNOLÓGICO GUATEMALA DE LA ASUNCIÓN,3A. CALLE 7-64,54452951,CARLOS HUMBERTO GONZALEZ DE LEON,ELUBIA ANAYTE SIGUENZA MONTERROSO,BASICO,PRIVADO,URBANA,ABIERTA,MONOLINGUE,SIN JORNADA,SEMIPRESENCIAL (FIN DE SEMANA),GUATEMALA NORTE
00-01-0822-46,01-01-0033,CIUDAD CAPITAL,ZONA 1,LICEO TECNOLÓGICO GUATEMALA DE LA ASUNCIÓN,3A. CALLE 7-64,54452951,CARLOS HUMBERTO GONZALEZ DE LEON,ELUBIA ANAYTE SIGUENZA MONTERROSO,DIVERSIFICADO,PRIVADO,URBANA,ABIERTA,MONOLINGUE,SIN JORNADA,SEMIPRESENCIAL (FIN DE SEMANA),GUATEMALA NORTE
00-01-0823-45,01-01-0033,CIUDAD CAPITAL,ZONA 1,COLEGIO TECNOLÓGICO LA MISIÓN,"4TA, AVENIDA 9-65",22928633,CARLOS HUMBERTO GONZALEZ DE LEON,MARIO ADOLFO ROMERO REYES,BASICO,PRIVADO,URBANA,ABIERTA,MONOLINGUE,SIN JORNADA,SEMIPRESENCIAL (FIN DE SEMANA),GUATEMALA NORTE
00-01-0824-46,01-01-0033,CIUDAD CAPITAL,ZONA 1,COLEGIO TECNOLÓGICO LA MISIÓN,4TA. 9-65,22928633,CARLOS HUMBERTO GONZALEZ DE LEON,MARIO ADOLFO ROMERO REYES,DIVERSIFICADO,PRIVADO,URBANA,ABIERTA,MONOLINGUE,SIN JORNADA,SEMIPRESENCIAL (FIN DE SEMANA),GUATEMALA NORTE
00-01-0825-46,01-403,CIUDAD CAPITAL,ZONA 1,CENTRO PROFESIONAL DE ESTUDIOS DE COMPUTACIÓN,2A. CALLE 10-77,22323115,CARLOS HUMBERTO GONZÁLEZ DE LEÓN,JOSÉ FRANCISCO HERNÁNDEZ RODAS,DIVERSIFICADO,PRIVADO,URBANA,CERRADA TEMPORALMENTE,MONOLINGUE,SIN JORNADA,SEMIPRESENCIAL (FIN DE SEMANA),GUATEMALA NORTE
00-01-0826-45,01-403,CIUDAD CAPITAL,ZONA 1,CENTRO PROFESIONAL DE ESTUDIOS DE COMPUTACIÓN,2A. CALLE 10-77,22323515,CARLOS HUMBERTO GONZÁLEZ DE LEÓN,JOSÉ FRANCISCO HERNÁNDEZ RODAS,BASICO,PRIVADO,URBANA,CERRADA TEMPORALMENTE,MONOLINGUE,SIN JORNADA,SEMIPRESENCIAL (FIN DE SEMANA),GUATEMALA NORTE
00-01-0827-45,01-01-0037,CIUDAD CAPITAL,ZONA 1,"""LICEO MONTE SINAÍ""",3A. AVENIDA 7-34,54767484,CARLOS HUMBERTO GONZALEZ DE LEON,ISABEL ROBEDDI VALLAR TORRES,BASICO,PRIVADO,URBANA,ABIERTA,MONOLINGUE,SIN JORNADA,SEMIPRESENCIAL (FIN DE SEMANA),GUATEMALA NORTE
00-01-0828-46,01-01-0037,CIUDAD CAPITAL,ZONA 1,"""LICEO MONTE SINAÍ""",3A. AVENIDA 7-34,54767484,CARLOS HUMBERTO GONZALEZ DE LEON,ISABEL ROBEDDI VALLAR TORRES,DIVERSIFICADO,PRIVADO,URBANA,ABIERTA,MONOLINGUE,SIN JORNADA,SEMIPRESENCIAL (FIN DE SEMANA),GUATEMALA NORTE
00-01-0829-42,01-01-0044,CIUDAD CAPITAL,ZONA 1,COLEGIO TECNOLÓGICO EDUCATIVO INTERACTIVO -T.E.I.-,12 AVENIDA 13-67,25087494,MARIANO DOMINGO ESTRADA TELETOR,ANA MARIA SOR SINAY,PARVULOS,PRIVADO,URBANA,ABIERTA,MONOLINGUE,MATUTINA,DIARIO(REGULAR),GUATEMALA NORTE
00-01-0830-43,01-01-0044,CIUDAD CAPITAL,ZONA 1,COLEGIO TECNOLÓGICO EDUCATIVO INTERACTIVO -T.E.I.-,12 AVENIDA 13-67,25087494,MARIANO DOMINGO ESTRADA TELETOR,ANA MARIA SOR SINAY,PRIMARIA,PRIVADO,URBANA,ABIERTA,MONOLINGUE,MATUTINA,DIARIO(REGULAR),GUATEMALA NORTE
00-01-0831-45,01-01-0037,CIUDAD CAPITAL,ZONA 1,COLEGIO INTERNACIONAL CAMBRIDGE (CIS),"3A. AVENIDA ""A"" 3-28",57529460,CARLOS HUMBERTO GONZALEZ DE LEON,MARÍA CRISTINA GEREDA ARÉVALO,BASICO,PRIVADO,URBANA,ABIERTA,MONOLINGUE,SIN JORNADA,SEMIPRESENCIAL (FIN DE SEMANA),GUATEMALA NORTE
00-01-0832-46,01-01-0037,CIUDAD CAPITAL,ZONA 1,COLEGIO INTERNACIONAL CAMBRIDGE (CIS),"3A. AVENIDA ""A"" 3-28",57529460,CARLOS HUMBERTO GONZALEZ DE LEON,MARÍA CRISTINA GEREDA ARÉVALO,DIVERSIFICADO,PRIVADO,URBANA,ABIERTA,MONOLINGUE,SIN JORNADA,SEMIPRESENCIAL (FIN DE SEMANA),GUATEMALA NORTE
00-01-0833-45,01-01-0041,CIUDAD CAPITAL,ZONA 1,INSTITUTO DE ESTUDIOS ESPECIALIZADOS EN CIENCIAS DE LA COMPUTACIÓN,3RA. CALLE 3-59,42239146,CARLOS HUMBERTO GONZALEZ DE LEON,DELFINO HERIBERTO HERNÁNDEZ CASTILLO,BASICO,PRIVADO,URBANA,ABIERTA,MONOLINGUE,SIN JORNADA,SEMIPRESENCIAL (FIN DE SEMANA),GUATEMALA NORTE
00-01-0834-46,01-01-0041,CIUDAD CAPITAL,ZONA 1,INSTITUTO DE ESTUDIOS ESPECIALIZADOS EN CIENCIAS DE LA COMPUTACIÓN,3RA. CALLE 3-59,42239146,CARLOS HUMBERTO GONZALEZ DE LEON,DELFINO HERIBERTO HERNÁNDEZ CASTILLO,DIVERSIFICADO,PRIVADO,URBANA,ABIERTA,MONOLINGUE,SIN JORNADA,SEMIPRESENCIAL (FIN DE SEMANA),GUATEMALA NORTE
00-01-0835-45,01-01-0041,CIUDAD CAPITAL,ZONA 1,LICEO ROMANO AMERICANO,6A. CALLE 02-12,22533522,CARLOS HUMBERTO GONZALEZ DE LEON,CRISTIAN AMILCAR MARTINEZ MENDEZ,BASICO,PRIVADO,URBANA,ABIERTA,MONOLINGUE,SIN JORNADA,SEMIPRESENCIAL (FIN DE SEMANA),GUATEMALA NORTE
00-01-0836-46,01-01-0041,CIUDAD CAPITAL,ZONA 1,LICEO ROMANO AMERICANO,6A. CALLE 02-12,22533522,CARLOS HUMBERTO GONZALEZ DE LEON,CRISTIAN AMILCAR MARTINEZ MENDEZ,DIVERSIFICADO,PRIVADO,URBANA,ABIERTA,MONOLINGUE,SIN JORNADA,SEMIPRESENCIAL (FIN DE SEMANA),GUATEMALA NORTE
00-01-0837-46,01-403,CIUDAD CAPITAL,ZONA 1,"INSTITUTO MIXTO DE EDUCACIÓN BÁSICA ""FRANCISCO MARROQUÍN""",8A. ACALLE 0-35,22067425,CARLOS HUMBERTO GONZÁLEZ DE LEÓN,THELMA ONDINA VÁSQUEZ REYES,DIVERSIFICADO,PRIVADO,URBANA,CERRADA TEMPORALMENTE,MONOLINGUE,DOBLE,FIN DE SEMANA,GUATEMALA NORTE
00-01-0838-45,01-01-0041,CIUDAD CAPITAL,ZONA 1,LICEO ROMANO AMERICANO,6A. CALLE 02-12,22533522,CARLOS HUMBERTO GONZALEZ DE LEON,CRISTIAN AMILCAR MARTINEZ MENDEZ,BASICO,PRIVADO,URBANA,ABIERTA,MONOLINGUE,DOBLE,FIN DE SEMANA,GUATEMALA NORTE
00-01-0839-46,01-01-0041,CIUDAD CAPITAL,ZONA 1,LICEO ROMANO AMERICANO,6A. CALLE 02-12,22533522,CARLOS HUMBERTO GONZALEZ DE LEON,CRISTIAN AMILCAR MARTINEZ MENDEZ,DIVERSIFICADO,PRIVADO,URBANA,ABIERTA,MONOLINGUE,DOBLE,FIN DE SEMANA,GUATEMALA NORTE
00-01-0840-45,01-01-0042,CIUDAD CAPITAL,ZONA 1,"INSTITUTO MIXTO ""MIGUEL DE CERVANTES""",10ª.  CALLE 1-47,52414007,CARLOS HUMBERTO GONZALEZ DE LEON,AURA RAQUEL DE LEON HERNANDEZ,BASICO,PRIVADO,URBANA,ABIERTA,MONOLINGUE,SIN JORNADA,SEMIPRESENCIAL (FIN DE SEMANA),GUATEMALA NORTE
00-01-0841-46,01-01-0042,CIUDAD CAPITAL,ZONA 1,"INSTITUTO MIXTO ""MIGUEL DE CERVANTES""",10ª.  CALLE 1-47,52414007,CARLOS HUMBERTO GONZALEZ DE LEON,AURA RAQUEL DE LEON HERNANDEZ,DIVERSIFICADO,PRIVADO,URBANA,ABIERTA,MONOLINGUE,SIN JORNADA,SEMIPRESENCIAL (FIN DE SEMANA),GUATEMALA NORTE
00-01-0842-45,01-01-0033,CIUDAD CAPITAL,ZONA 1,COLEGIO CATÓLICO SAN LUCAS,14 CALLE 6-82,22381236,CARLOS HUMBERTO GONZALEZ DE LEON,RITA ANGELICA CATALAN SOSA,BASICO,PRIVADO,URBANA,ABIERTA,MONOLINGUE,SIN JORNADA,SEMIPRESENCIAL (FIN DE SEMANA),GUATEMALA NORTE
00-01-0843-46,01-01-0033,CIUDAD CAPITAL,ZONA 1,LICEO CATÓLICO SAN LUCAS,14 CALLE 6-82,22381236,CARLOS HUMBERTO GONZALEZ DE LEON,RITA ANGELICA CATALAN SOSA,DIVERSIFICADO,PRIVADO,URBANA,ABIERTA,MONOLINGUE,SIN JORNADA,SEMIPRESENCIAL (FIN DE SEMANA),GUATEMALA NORTE
00-01-0844-46,01-01-0028,CIUDAD CAPITAL,ZONA 1,INSTITUTO GUILLERMO PUTZEYS ÁLVAREZ,11 CALLE 3-59,24637777,AMADO SALOMON FLORES PEREZ,ANA ISABEL TELLO SÁENZ,DIVERSIFICADO,PRIVADO,URBANA,ABIERTA,MONOLINGUE,MATUTINA,DIARIO(REGULAR),GUATEMALA NORTE
00-01-0845-42,01-01-0026,CIUDAD CAPITAL,ZONA 1,COLEGIO ARCOIRIS DE AMOR,3A CALLE A 0-11 ZONA 1,40173080,LUDIBEL AMARILIS GALICIA DE FLORES,IRIS BEATRÍZ DÁVILA FLORIÁN,PARVULOS,PRIVADO,URBANA,ABIERTA,MONOLINGUE,MATUTINA,DIARIO(REGULAR),GUATEMALA NORTE
00-01-0846-43,01-01-0026,CIUDAD CAPITAL,ZONA 1,COLEGIO ARCOIRIS DE AMOR,3A CALLE  A  0-11,40173080,LUDIBEL AMARILIS GALICIA DE FLORES,IRIS BEATRÍZ DÁVILA FLORIÁN,PRIMARIA,PRIVADO,URBANA,ABIERTA,MONOLINGUE,MATUTINA,DIARIO(REGULAR),GUATEMALA NORTE
00-01-0847-45,01-317,CIUDAD CAPITAL,ZONA 1,COLEGIO ARCOIRIS DE AMOR,3A CALLE A 0-11,40173080,MARIANO DOMINGO ESTRADA TELETOR,IRIS BEATRIZ DÁVILA FLORIAN DE PÉREZ,BASICO,PRIVADO,URBANA,CERRADA TEMPORALMENTE,MONOLINGUE,MATUTINA,DIARIO(REGULAR),GUATEMALA NORTE
00-01-0848-46,01-304,CIUDAD CAPITAL,ZONA 1,CENTRO DE ESTUDIOS COMERCIALES EN INFORMÁTICA,12 CALLE 10-37,22067425,AMADO SALOMON FLORES PEREZ,THELMA ONDINA VASQUEZ REYES,DIVERSIFICADO,PRIVADO,URBANA,CERRADA TEMPORALMENTE,MONOLINGUE,VESPERTINA,DIARIO(REGULAR),GUATEMALA NORTE
00-01-0849-46,01-304,CIUDAD CAPITAL,ZONA 1,CENTRO DE ESTUDIOS TECNOLÓGICOS,6A. AVENIDA 6-37,22067425,AMADO SALOMON FLORES PEREZ,THELMA ONDINA VASQUEZ REYES,DIVERSIFICADO,PRIVADO,URBANA,CERRADA TEMPORALMENTE,MONOLINGUE,DOBLE,FIN DE SEMANA,GUATEMALA NORTE
00-01-0850-45,01-01-0037,CIUDAD CAPITAL,ZONA 1,LICEO MONTECARLO,4 AVENIDA 2-28,58697161,CARLOS HUMBERTO GONZALEZ DE LEON,YOMARA DONINELI MALDONADO QUIROA,BASICO,PRIVADO,URBANA,ABIERTA,MONOLINGUE,SIN JORNADA,SEMIPRESENCIAL (FIN DE SEMANA),GUATEMALA NORTE
00-01-0851-46,01-01-0037,CIUDAD CAPITAL,ZONA 1,LICEO MONTECARLO,4 AVENIDA 2-28,58697161,CARLOS HUMBERTO GONZALEZ DE LEON,YOMARA DONINELI MALDONADO QUIROA,DIVERSIFICADO,PRIVADO,URBANA,ABIERTA,MONOLINGUE,SIN JORNADA,SEMIPRESENCIAL (FIN DE SEMANA),GUATEMALA NORTE
00-01-0852-46,01-403,CIUDAD CAPITAL,ZONA 1,ESCUELA NACIONAL DE ADMINISTRACIÓN PUBLICA,9A. CALLE 2-36,41267793,CARLOS HUMBERTO GONZÁLEZ DE LEÓN,JULIO ERNESTO GONZÁLEZ HERNÁNDEZ,DIVERSIFICADO,OFICIAL,URBANA,CERRADA TEMPORALMENTE,MONOLINGUE,NOCTURNA,DIARIO(REGULAR),GUATEMALA NORTE
00-01-0853-46,01-01-0030,CIUDAD CAPITAL,ZONA 1,CENTRO EDUCATIVO FE Y ALEGRIA NO. 1,14 AVENIDA 19-57,22534697,NORMA ARACELY PALOMO FRANCO DE DÍAZ,NORA ELIZABETH GONZÁLEZ GARCÍA,DIVERSIFICADO,PRIVADO,URBANA,ABIERTA,MONOLINGUE,VESPERTINA,DIARIO(REGULAR),GUATEMALA NORTE
00-01-0854-45,01-01-0048,CIUDAD CAPITAL,ZONA 1,CENTRO DE EDUCACIÓN CONTINUADA PARA ADOLESCENTES CON DISCAPACIDAD AUDITIVA,2 AVENIDA 8-53,22534953,AMADO SALOMON FLORES PEREZ,SANDRA MARISOL CORDÓN SALGUERO,BASICO,PRIVADO,URBANA,ABIERTA,MONOLINGUE,MATUTINA,DIARIO(REGULAR),GUATEMALA NORTE
00-01-0855-46,01-01-0035,CIUDAD CAPITAL,ZONA 1,"CENTRO EDUCACIONAL MIXTO PRIVADO ""KINGSTON""",8A. CALLE 12-46,22320683,NORMA ARACELY PALOMO FRANCO DE DÍAZ,PATRICIA LORENA LIDIA GIDI DAVID,DIVERSIFICADO,PRIVADO,URBANA,ABIERTA,MONOLINGUE,MATUTINA,DIARIO(REGULAR),GUATEMALA NORTE
00-01-0856-46,01-01-0044,CIUDAD CAPITAL,ZONA 1,LICEO DE COMPUTACIÓN SIGLO 21 NO. 3,13 CALLE 9-60,22959172,MARIANO DOMINGO ESTRADA TELETOR,JORGE ROLANDO MORALES PAZ,DIVERSIFICADO,PRIVADO,URBANA,ABIERTA,MONOLINGUE,MATUTINA,DIARIO(REGULAR),GUATEMALA NORTE
00-01-0857-46,01-301,CIUDAD CAPITAL,ZONA 1,COLEGIO MIXTO BILINGUE SANTA MARÍA,AVENIDA SIMEÓN CAÑAS 1-47 ZONA 2,22067400,LUCRECIA MARISOL CERMEÑO GONZÁLEZ,THELMA ONDINA VASQUEZ REYES,DIVERSIFICADO,PRIVADO,URBANA,CERRADA TEMPORALMENTE,MONOLINGUE,DOBLE,FIN DE SEMANA,GUATEMALA NORTE
00-01-0858-45,01-01-0033,CIUDAD CAPITAL,ZONA 1,COLEGIO VALVERDE,5A. CALLE 5-14,22093200,CARLOS HUMBERTO GONZALEZ DE LEON,LESLIE ROCKSANDA CHONG VARELA,BASICO,PRIVADO,URBANA,ABIERTA,MONOLINGUE,SIN JORNADA,SEMIPRESENCIAL (FIN DE SEMANA),GUATEMALA NORTE
00-01-0859-46,01-001,CIUDAD CAPITAL,ZONA 1,LICEO GUAYACÁN,9A. CALLE 1-22,22067425,SANDRA LIZZETH CRUZ IZAGUIRRE,THELMA ONDINA VASQUEZ REYES,DIVERSIFICADO,PRIVADO,URBANA,CERRADA TEMPORALMENTE,MONOLINGUE,DOBLE,FIN DE SEMANA,GUATEMALA NORTE
00-01-0860-46,01-304,CIUDAD CAPITAL,ZONA 1,ESCUELA NACIONAL CENTRAL DE CIENCIAS COMERCIALES,10A. AVENIDA 9-42,22320114,AMADO SALOMON FLORES PEREZ,THELMA ONDINA VASQUEZ REYEZ,DIVERSIFICADO,OFICIAL,URBANA,CERRADA TEMPORALMENTE,MONOLINGUE,VESPERTINA,DIARIO(REGULAR),GUATEMALA NORTE
00-01-0861-45,01-01-0039,CIUDAD CAPITAL,ZONA 1,INSTITUTO TECNOLÓGICO JHULES,12 AVENIDA 15-19,44734516,CARLOS HUMBERTO GONZALEZ DE LEON,AMARILIS JACOBED CABRERA GAMARRO,BASICO,PRIVADO,URBANA,CERRADA TEMPORALMENTE,MONOLINGUE,DOBLE,FIN DE SEMANA,GUATEMALA NORTE
00-01-0862-45,01-01-0039,CIUDAD CAPITAL,ZONA 1,LICEO CRISTIANO CANTARES,"12 AVENIDA ""C"" 3-03",22211142,CARLOS HUMBERTO GONZALEZ DE LEON,EVA MARROQUÍN COY DE LÓPEZ,BASICO,PRIVADO,URBANA,ABIERTA,MONOLINGUE,SIN JORNADA,SEMIPRESENCIAL (FIN DE SEMANA),GUATEMALA NORTE
00-01-0863-46,01-01-0039,CIUDAD CAPITAL,ZONA 1,LICEO CRISTIANO CANTARES,"12 AVENIDA ""C"" 3-03",22211142,CARLOS HUMBERTO GONZALEZ DE LEON,EVA  MARROQUÍN COY,DIVERSIFICADO,PRIVADO,URBANA,ABIERTA,MONOLINGUE,SIN JORNADA,SEMIPRESENCIAL (FIN DE SEMANA),GUATEMALA NORTE
00-01-0864-46,01-403,CIUDAD CAPITAL,ZONA 1,"CENTRO TECNOLÓGICO DE COMPUTACIÓN ""LA MERCED""",5TA. CALLE 10-22,22325857,CARLOS HUMBERTO GONZÁLEZ DE LEÓN,MARCO TULIO VARGAS ALVARADO,DIVERSIFICADO,PRIVADO,URBANA,CERRADA TEMPORALMENTE,MONOLINGUE,DOBLE,FIN DE SEMANA,GUATEMALA NORTE
00-01-0865-46,01-01-0038,CIUDAD CAPITAL,ZONA 1,"CENTRO TECNOLÓGICO DE COMPUTACIÓN ""LA MERCED""",5TA. CALLE 10-22,22325857,CARLOS HUMBERTO GONZALEZ DE LEON,MARCO TULIO VARGAS ALVARADO,DIVERSIFICADO,PRIVADO,URBANA,ABIERTA,MONOLINGUE,DOBLE,FIN DE SEMANA,GUATEMALA NORTE
00-01-0866-46,01-403,CIUDAD CAPITAL,ZONA 1,CENTRO DE ESTUDIOS EN CIENCIAS DE LA COMUNICACIÓN,AVENIDA ELENA  4-65,22067425,CARLOS HUMBERTO GONZÁLEZ DE LEÓN,THELMA ONDINA VASQUEZ REYES,DIVERSIFICADO,PRIVADO,URBANA,CERRADA TEMPORALMENTE,MONOLINGUE,DOBLE,FIN DE SEMANA,GUATEMALA NORTE
00-01-0867-46,01-01-0039,CIUDAD CAPITAL,ZONA 1,CENTRO EDUCATIVO FUTURISTA,13 AVENIDA 4-60,22067425,CARLOS HUMBERTO GONZALEZ DE LEON,THELMA ONDINA VASQUEZ REYES,DIVERSIFICADO,PRIVADO,URBANA,ABIERTA,MONOLINGUE,DOBLE,FIN DE SEMANA,GUATEMALA NORTE
00-01-0868-46,01-01-0033,CIUDAD CAPITAL,ZONA 1,INSTITUTO PROFESIONAL DE TÉCNICAS COMERCIALES ESPECIALIZADAS  IPTCE,7A. AVENIDA 3-40,22320733,CARLOS HUMBERTO GONZALEZ DE LEON,MARTA JOSEFINA LARA PANIAGUA,DIVERSIFICADO,PRIVADO,URBANA,ABIERTA,MONOLINGUE,SIN JORNADA,SEMIPRESENCIAL (FIN DE SEMANA),GUATEMALA NORTE
00-01-0869-46,01-01-0033,CIUDAD CAPITAL,ZONA 1,INSTITUTO PROFESIONAL DE TÉCNICAS COMERCIALES ESPECIALIZADAS  -IPTCE-,7A. AVENIDA 3-40,22320733,CARLOS HUMBERTO GONZALEZ DE LEON,MARTA JOSEFINA LARA PANIAGUA,DIVERSIFICADO,PRIVADO,URBANA,ABIERTA,MONOLINGUE,DOBLE,FIN DE SEMANA,GUATEMALA NORTE
00-01-0870-45,01-01-0033,CIUDAD CAPITAL,ZONA 1,INSTITUTO PROFESIONAL DE TÉCNICAS COMERCIALES ESPECIALIZADAS  -IPTCE-,7A. AVENIDA 3-40,22320733,CARLOS HUMBERTO GONZALEZ DE LEON,MARTA JOSEFINA LARA PANIAGUA,BASICO,PRIVADO,URBANA,ABIERTA,MONOLINGUE,SIN JORNADA,SEMIPRESENCIAL (FIN DE SEMANA),GUATEMALA NORTE
00-01-0871-46,01-01-0033,CIUDAD CAPITAL,ZONA 1,"CENTRO DE FORMACION PREUNIVERSITARIA  ""DR. REICHMANN"" (CEFPRE)",5A. AVENIDA 2-43,22325633,CARLOS HUMBERTO GONZALEZ DE LEON,ANA ISABEL CANTE RAMOS,DIVERSIFICADO,PRIVADO,URBANA,ABIERTA,MONOLINGUE,SIN JORNADA,SEMIPRESENCIAL (FIN DE SEMANA),GUATEMALA NORTE
00-01-0872-46,01-318,CIUDAD CAPITAL,ZONA 1,"CENTRO DE FORMACION PREUNIVERSITARIA  ""DR. REICHMANN"" (CEFPRE)",5A. AVENIDA 2-43,22325633,SANDRA CAROLINA PÉREZ DONDIEGO DE CHOC,ANA ISABEL CANTE RAMOS,DIVERSIFICADO,PRIVADO,URBANA,CERRADA TEMPORALMENTE,MONOLINGUE,MATUTINA,FIN DE SEMANA,GUATEMALA NORTE
00-01-0873-42,01-01-0028,CIUDAD CAPITAL,ZONA 1,ESCUELA PRIMARIA MIXTA CASA CENTRAL,2A. AVENIDA 13-60,22514107,AMADO SALOMON FLORES PEREZ,ESTELA  GONZÁLEZ CONTRERAS,PARVULOS,PRIVADO,URBANA,ABIERTA,MONOLINGUE,MATUTINA,DIARIO(REGULAR),GUATEMALA NORTE
00-01-0874-42,01-01-0044,CIUDAD CAPITAL,ZONA 1,"INSTITUTO AMERICANO Y TECNOLÓGICO JHULES, SOCIEDAD ANÓNIMA",12 AVENIDA 15-19,24607020,MARIANO DOMINGO ESTRADA TELETOR,ROXANA CAROLINA CHÁVEZ CASTILLO,PARVULOS,PRIVADO,URBANA,ABIERTA,MONOLINGUE,MATUTINA,DIARIO(REGULAR),GUATEMALA NORTE
00-01-0875-43,01-01-0044,CIUDAD CAPITAL,ZONA 1,"INSTITUTO AMERICANO Y TECNOLÓGICO JHULES, SOCIEDAD ANÓNIMA",12 AVENIDA 15-19,24607020,MARIANO DOMINGO ESTRADA TELETOR,OTTONIEL  GUERRA DE LEÓN,PRIMARIA,PRIVADO,URBANA,ABIERTA,MONOLINGUE,MATUTINA,DIARIO(REGULAR),GUATEMALA NORTE
00-01-0876-45,01-01-0044,CIUDAD CAPITAL,ZONA 1,"INSTITUTO AMERICANO Y TECNOLÓGICO JHULES, SOCIEDAD ANÓNIMA",12 AVENIDA 15-19,24607020,MARIANO DOMINGO ESTRADA TELETOR,AMARILIS JACOBED CABRERA GAMARRO,BASICO,PRIVADO,URBANA,ABIERTA,MONOLINGUE,MATUTINA,DIARIO(REGULAR),GUATEMALA NORTE
00-01-0877-45,01-01-0039,CIUDAD CAPITAL,ZONA 1,"INSTITUTO AMERICANO Y TECNOLÓGICO JHULES, SOCIEDAD ANONIMA",12 AVENIDA 15-19,44734516,CARLOS HUMBERTO GONZALEZ DE LEON,AMARILIS JACOBED CABRERA GAMARRO,BASICO,PRIVADO,URBANA,ABIERTA,MONOLINGUE,DOBLE,FIN DE SEMANA,GUATEMALA NORTE
00-01-0878-45,01-01-0039,CIUDAD CAPITAL,ZONA 1,"INSTITUTO AMERICANO Y TECNOLÓGICO JHULES, SOCIEDAD ANONIMA",12 AVENIDA 15-19,44734516,CARLOS HUMBERTO GONZALEZ DE LEON,AMARILIS JACOBED CABRERA GAMARRO,BASICO,PRIVADO,URBANA,ABIERTA,MONOLINGUE,SIN JORNADA,SEMIPRESENCIAL (FIN DE SEMANA),GUATEMALA NORTE
00-01-0879-46,01-01-0039,CIUDAD CAPITAL,ZONA 1,"INSTITUTO AMERICANO Y TECNOLÓGICO JHULES, SOCIEDAD ANONIMA",12 AVENIDA 15-19,44734516,CARLOS HUMBERTO GONZALEZ DE LEON,AMARILIS JACOBED CABRERA GAMARRO,DIVERSIFICADO,PRIVADO,URBANA,ABIERTA,MONOLINGUE,SIN JORNADA,SEMIPRESENCIAL (FIN DE SEMANA),GUATEMALA NORTE
00-01-0880-45,01-111,CIUDAD CAPITAL,ZONA 1,COLEGIO BUENA VISTA,"35 AVENIDA ""A"" 23-31 RESIDENCIALES SAN RAFAEL BUENA VISTA",40856089,ROSA ALBA LOPEZ PIRIR,SILVIA PATRICIA RAMOS ESTRADA,BASICO,PRIVADO,URBANA,CERRADA TEMPORALMENTE,MONOLINGUE,DOBLE,FIN DE SEMANA,GUATEMALA NORTE
00-01-0881-42,01-01-0044,CIUDAD CAPITAL,ZONA 1,ESCUELA OFICIAL DE PARVULOS ANEXA ESCUELA OFICIAL URBANA MIXTA NO. 38 JOSÉ MARÍA CASTILLA,14 CALLE 12-71,47687954,MARIANO DOMINGO ESTRADA TELETOR,ROSA MARÍA GUEVARA DE PAZ,PARVULOS,OFICIAL,URBANA,ABIERTA,MONOLINGUE,VESPERTINA,DIARIO(REGULAR),GUATEMALA NORTE
00-01-0882-46,01-01-0032,CIUDAD CAPITAL,ZONA 1,INSTITUTO TECNOLÓGICO DE COMPUTACIÓN  I.T.C.,2A. CALLE 11-65,22200060,LUDIBEL AMARILIS GALICIA DE FLORES,DULCE MARÍA CHINCHILLA GODOY,DIVERSIFICADO,PRIVADO,URBANA,CERRADA TEMPORALMENTE,MONOLINGUE,MATUTINA,DIARIO(REGULAR),GUATEMALA NORTE
00-01-0883-45,01-01-0038,CIUDAD CAPITAL,ZONA 1,INSTITUTO TECNOLÓGICO DE COMPUTACIÓN  I.T.C.,2A. CALLE 11-65,22200060,CARLOS HUMBERTO GONZALEZ DE LEON,DULCE MARÍA CHINCHILLA GODOY,BASICO,PRIVADO,URBANA,CERRADA TEMPORALMENTE,MONOLINGUE,SIN JORNADA,SEMIPRESENCIAL (FIN DE SEMANA),GUATEMALA NORTE
00-01-0884-46,01-01-0038,CIUDAD CAPITAL,ZONA 1,INSTITUTO TECNOLÓGICO DE COMPUTACIÓN I.T.C.,2A. CALLE 11-65,22200060,CARLOS HUMBERTO GONZALEZ DE LEON,DULCE MARÍA CHINCHILLA GODOY,DIVERSIFICADO,PRIVADO,URBANA,ABIERTA,MONOLINGUE,SIN JORNADA,SEMIPRESENCIAL (FIN DE SEMANA),GUATEMALA NORTE
00-01-0885-46,01-110,CIUDAD CAPITAL,ZONA 1,INSTITUTO TECNOLÓGICO DE COMPUTACIÓN  I.T.C.,2A. CALLE 11-65,22200060,ZUHILEM YESENIA ESTRADA ORTIZ,DULCE MARÍA CHINCHILLA GODOY,DIVERSIFICADO,PRIVADO,URBANA,CERRADA TEMPORALMENTE,MONOLINGUE,MATUTINA,FIN DE SEMANA,GUATEMALA NORTE
00-01-0886-46,,CIUDAD CAPITAL,ZONA 1,CENTRO DE ESTUDIOS DIVERSIFICADOS CEC,6A. AVENIDA 18-01,22067400,,THELMA ONDINA VASQUEZ REYES,DIVERSIFICADO,PRIVADO,URBANA,CERRADA TEMPORALMENTE,MONOLINGUE,MATUTINA,DIARIO(REGULAR),GUATEMALA NORTE
00-01-0887-44,,CIUDAD CAPITAL,ZONA 1,ASOCIACIÓN MOVIMIENTO DE JOVENES DE LA CALLE -MOJOCA-,13 CALLE 02-41,22327425,,YADIRA IVONNE TEQUE MONTENEGRO,PRIMARIA DE ADULTOS,PRIVADO,URBANA,ABIERTA,MONOLINGUE,VESPERTINA,DIARIO(REGULAR),GUATEMALA NORTE
00-01-0888-44,,CIUDAD CAPITAL,ZONA 1,CENTRO DE EDUCACIÓN EXTRAESCOLAR  CEEX - EL REFUGIO DE LA NIÑEZ (ONG),4A. CALLE 0-50,57135903,,GRELY RAQUEL FIGUEROA RODRÍGUEZ DE YLLESCAS,PRIMARIA DE ADULTOS,PRIVADO,URBANA,ABIERTA,MONOLINGUE,VESPERTINA,SEMIPRESENCIAL,GUATEMALA NORTE
00-01-0982-46,,CIUDAD CAPITAL,ZONA 1,INSTITUTO PRIVADO MIXTO DE EDUCACION DIVERSIFICADA 'ESCUELA EXPERIMENTAL DE APLICACION MIRON MUÑOZ',15 CALLE 'A' 12-37,,,,DIVERSIFICADO,PRIVADO,URBANA,CERRADA DEFINITIVAMENTE,MONOLINGUE,MATUTINA,DIARIO(REGULAR),GUATEMALA NORTE
00-01-1497-42,18-024,CIUDAD CAPITAL,ZONA 1,COLEGIO LA PATRIA,19 CALLE 12-71 Y QUE,22324443,FERNANDO MARROQUIN JACINTO,,PARVULOS,PRIVADO,URBANA,CERRADA DEFINITIVAMENTE,MONOLINGUE,MATUTINA,DIARIO(REGULAR),GUATEMALA NORTE
00-01-2188-42,01-01-0032,CIUDAD CAPITAL,ZONA 1,SOCIEDAD PROTECTORA DEL NIÑO 'CASA DEL NIÑO NO.2',13 AVE. 1-01,22539123,LUDIBEL AMARILIS GALICIA DE FLORES,YESENIA MARILÚ LÓPEZ OSEGUEDA,PARVULOS,PRIVADO,URBANA,ABIERTA,MONOLINGUE,MATUTINA,DIARIO(REGULAR),GUATEMALA NORTE
00-01-2189-42,01-209,CIUDAD CAPITAL,ZONA 1,EPDP ANEXA A COLEGIO 'DANIEL DEFOE',AVE. ELENA 14-21,22320961,MIRIAM DEL CARMEN OROZCO HERNANDEZ,,PARVULOS,PRIVADO,URBANA,CERRADA DEFINITIVAMENTE,MONOLINGUE,MATUTINA,DIARIO(REGULAR),GUATEMALA NORTE
00-01-2190-42,01-01-0032,CIUDAD CAPITAL,ZONA 1,ANEXA A COLEGIO 'SANTA INFANCIA',4A CALLE 9-42,22200140,LUDIBEL AMARILIS GALICIA DE FLORES,NORMA ARACELY PALOMO FRANCO,PARVULOS,PRIVADO,URBANA,ABIERTA,MONOLINGUE,MATUTINA,DIARIO(REGULAR),GUATEMALA NORTE
00-01-2191-42,01-316,CIUDAD CAPITAL,ZONA 1,CENTRO EDUCATIVO 'QUAUBTEMALLA',8A CALLE 0-47,22327005,LILIAN YOLANDA RODRIGUEZ PINTO DE CASTRO,,PARVULOS,PRIVADO,URBANA,CERRADA TEMPORALMENTE,MONOLINGUE,MATUTINA,DIARIO(REGULAR),GUATEMALA NORTE
00-01-2193-43,,CIUDAD CAPITAL,ZONA 1,'LICEO NUEVA JUVENTUD',5A AVE. 4-26,22381019,,,PRIMARIA,PRIVADO,URBANA,CERRADA DEFINITIVAMENTE,MONOLINGUE,MATUTINA,DIARIO(REGULAR),GUATEMALA NORTE
00-01-2194-43,01-01-0048,CIUDAD CAPITAL,ZONA 1,INSTITUTO 'RAFAEL LANDIVAR',8A CALLE 2-46,22500132,AMADO SALOMON FLORES PEREZ,FLORIDALMA  RIVAS ORTIZ,PRIMARIA,PRIVADO,URBANA,ABIERTA,MONOLINGUE,MATUTINA,DIARIO(REGULAR),GUATEMALA NORTE
00-01-2195-43,01-316,CIUDAD CAPITAL,ZONA 1,'CENTRO EDUCATIVO QUAUBTEMALLA',8A CALLE 0-47,22327005,LILIAN YOLANDA RODRIGUEZ PINTO DE CASTRO,,PRIMARIA,PRIVADO,URBANA,CERRADA TEMPORALMENTE,MONOLINGUE,MATUTINA,DIARIO(REGULAR),GUATEMALA NORTE
00-01-2196-43,,CIUDAD CAPITAL,ZONA 1,'DANIEL DEFOE',AVE. ELENA 14-21,,,,PRIMARIA,PRIVADO,URBANA,CERRADA DEFINITIVAMENTE,MONOLINGUE,MATUTINA,DIARIO(REGULAR),GUATEMALA NORTE
00-01-2197-43,01-01-0032,CIUDAD CAPITAL,ZONA 1,COLEGIO 'SANTA INFANCIA',4A CALLE 9-42,22200140,LUDIBEL AMARILIS GALICIA DE FLORES,NORMA ARACELY PALOMO FRANCO,PRIMARIA,PRIVADO,URBANA,ABIERTA,MONOLINGUE,MATUTINA,DIARIO(REGULAR),GUATEMALA NORTE
00-01-2198-43,01-307,CIUDAD CAPITAL,ZONA 1,EPUM 'EL PATRIARCA SAN JOSE',12 CALLE 'A' 11-70,22327921,NORMA ARACELY PALOMO FRANCO DE DIAZ,,PRIMARIA,PRIVADO,URBANA,CERRADA TEMPORALMENTE,MONOLINGUE,MATUTINA,DIARIO(REGULAR),GUATEMALA NORTE
00-01-2381-45,,CIUDAD CAPITAL,ZONA 1,INSTITUTO PRIVADO MIXTO DE EDUCACION BASICA 'CENTRO DE ESTUDIOS EN CIENCIAS DE LA COMUNICACION' (CESCO),AVENIDA CENTRO AMERICA 13-12,,,,BASICO,PRIVADO,URBANA,CERRADA TEMPORALMENTE,MONOLINGUE,MATUTINA,DIARIO(REGULAR),GUATEMALA NORTE
00-01-2382-45,,CIUDAD CAPITAL,ZONA 1,INSTITUTO PRIVADO MIXTO DE EDUCACION BASICA COLEGIO 'AMANECER',6TA. AVE. 2-62,,,,BASICO,PRIVADO,URBANA,CERRADA DEFINITIVAMENTE,MONOLINGUE,MATUTINA,DIARIO(REGULAR),GUATEMALA NORTE
00-01-2384-45,01-304,CIUDAD CAPITAL,ZONA 1,CENTRO DE ESTUDIOS Y SISTEMAS DE COMPUTACION  -CESC-,9 CALLE 1-58,22328884,AMADO SALOMON FLORES PEREZ,ILEANA MARIBEL MANCILLA LUCAS,BASICO,PRIVADO,URBANA,CERRADA DEFINITIVAMENTE,MONOLINGUE,MATUTINA,DIARIO(REGULAR),GUATEMALA NORTE
00-01-2384-46,01-304,CIUDAD CAPITAL,ZONA 1,INSTITUTO DE EDUCACION DIVERSIFICADA  CENTRO DE ESTUDIOS Y SISTEMAS DE COMPUTACION  (CESC),9A. CALLE 1-60,22212353,AMADO SALOMON FLORES PEREZ,ILIANA MARIBEL MANCILLA LUCAS,DIVERSIFICADO,PRIVADO,URBANA,CERRADA DEFINITIVAMENTE,MONOLINGUE,MATUTINA,DIARIO(REGULAR),GUATEMALA NORTE
00-01-2385-45,01-403,CIUDAD CAPITAL,ZONA 1,INSTITUTO  GUILLERMO PUTZEYS ÁLVAREZ,11 CALLE 3-59,24637777,CARLOS HUMBERTO GONZÁLEZ DE LEÓN,JOSÉ RODERICO TELLO TELLO,BASICO,PRIVADO,URBANA,CERRADA TEMPORALMENTE,MONOLINGUE,MATUTINA,FIN DE SEMANA,GUATEMALA NORTE
00-01-2385-46,01-403,CIUDAD CAPITAL,ZONA 1,INSTITUTO  GUILLERMO PUTZEYS ÁLVAREZ,11 CALLE 3-59,24637777,CARLOS HUMBERTO GONZÁLEZ DE LEÓN,JOSÉ RODERICO TELLO TELLO,DIVERSIFICADO,PRIVADO,URBANA,CERRADA TEMPORALMENTE,MONOLINGUE,DOBLE,FIN DE SEMANA,GUATEMALA NORTE
00-01-2408-46,01-303,CIUDAD CAPITAL,ZONA 1,ESCUELA TECNICA SUPERIOR ALINARI,5A CALLE 5-61,22204274,GLORIA GABRIELA LARIOS GARCÍA,---,DIVERSIFICADO,PRIVADO,URBANA,CERRADA TEMPORALMENTE,MONOLINGUE,VESPERTINA,DIARIO(REGULAR),GUATEMALA NORTE
00-01-2416-45,01-01-0032,CIUDAD CAPITAL,ZONA 1,IPSB COLEGIO  JUAN XXIII,1A CALLE 9-71,22542016,LUDIBEL AMARILIS GALICIA DE FLORES,MARÍA AMELIA PERÉN BOC,BASICO,PRIVADO,URBANA,ABIERTA,MONOLINGUE,MATUTINA,DIARIO(REGULAR),GUATEMALA NORTE
00-01-2418-46,01-301,CIUDAD CAPITAL,ZONA 1,INSTITUTO CENTROAMERICANO DE MERCADOTECNIA Y PUBLICIDAD,1A. CALLE 7-48,22323455,LUCRECIA MARISOL CERMEÑO GONZÁLEZ,MARTLILY  CIFUENTES MIDENCEY,DIVERSIFICADO,PRIVADO,URBANA,CERRADA DEFINITIVAMENTE,MONOLINGUE,MATUTINA,DIARIO(REGULAR),GUATEMALA NORTE
00-01-2419-43,,CIUDAD CAPITAL,ZONA 1,COLEGIO 'LICEO CRISTIANO CANTARES',12AV'C' 3-03 ZONA 1,,,,PRIMARIA,PRIVADO,URBANA,CERRADA DEFINITIVAMENTE,MONOLINGUE,MATUTINA,DIARIO(REGULAR),GUATEMALA NORTE
00-01-2428-42,01-01-0031,CIUDAD CAPITAL,ZONA 1,"COLEGIO PROMESA DE VIDA, PROVIDA",3A. CALLE  7-64,22384261,LUDIBEL AMARILIS GALICIA DE FLORES,ADELA CAROLINA RODRÍGUEZ GONZÁLEZ,PARVULOS,PRIVADO,URBANA,ABIERTA,MONOLINGUE,MATUTINA,DIARIO(REGULAR),GUATEMALA NORTE
00-01-2429-42,01-01-0030,CIUDAD CAPITAL,ZONA 1,JARDIN INFANTIL 'SANTA ISABEL',AVENIDA CENTRO AMERICA 18-56,37203473,NORMA ARACELY PALOMO FRANCO DE DÍAZ,DEBORA XIOMARA BARRERA ORDÓÑEZ,PARVULOS,PRIVADO,URBANA,ABIERTA,MONOLINGUE,MATUTINA,DIARIO(REGULAR),GUATEMALA NORTE
00-01-2430-42,01-01-0026,CIUDAD CAPITAL,ZONA 1,CPMI LUISIANA,AVENIDA ELENA 7-33,22326097,LUDIBEL AMARILIS GALICIA DE FLORES,,PARVULOS,PRIVADO,URBANA,ABIERTA,MONOLINGUE,MATUTINA,DIARIO(REGULAR),GUATEMALA NORTE
00-01-2431-42,,CIUDAD CAPITAL,ZONA 1,EPDP 'PEPE Y POLITA',2A AVENIDA 5-37,,,,PARVULOS,PRIVADO,URBANA,CERRADA TEMPORALMENTE,MONOLINGUE,MATUTINA,DIARIO(REGULAR),GUATEMALA NORTE
00-01-2432-46,,CIUDAD CAPITAL,ZONA 1,INSTITUTO PRIVADO PARA SEYORITAS DE EDUCACION DIVERSIFICADA 'NUESTRA SEÑORA DEL CARMEN',7A AVENIDA 15-72,22329114,,,DIVERSIFICADO,PRIVADO,URBANA,CERRADA DEFINITIVAMENTE,MONOLINGUE,MATUTINA,DIARIO(REGULAR),GUATEMALA NORTE
00-01-2433-45,01-305,CIUDAD CAPITAL,ZONA 1,COLEGIO MIXTO PRIVADO EL DEBER,3A. AVENIDA 'A' 3-42,22328473,CELESTINA  ARLETTY HERNÁNDEZ AGUILAR,,BASICO,PRIVADO,URBANA,CERRADA DEFINITIVAMENTE,MONOLINGUE,MATUTINA,DIARIO(REGULAR),GUATEMALA NORTE
00-01-2434-42,01-318,CIUDAD CAPITAL,ZONA 1,LICEO SAN ANTONIO,2A AVE 2-13,22201482,SANDRA CAROLINA PÉREZ DONDIEGO DE CHOC,MARÍA GUADALUPE BAY VÁSQUEZ,PARVULOS,PRIVADO,URBANA,CERRADA DEFINITIVAMENTE,MONOLINGUE,MATUTINA,DIARIO(REGULAR),GUATEMALA NORTE
00-01-2435-45,01-303,CIUDAD CAPITAL,ZONA 1,COLEGIO MIXTO 'LEONARDO DE VINCI',1A. AVENIDA 4-18,22213612,GLORIA GABRIELA LARIOS GARCÍA,,BASICO,PRIVADO,URBANA,CERRADA TEMPORALMENTE,MONOLINGUE,VESPERTINA,DIARIO(REGULAR),GUATEMALA NORTE
00-01-2436-43,01-01-0032,CIUDAD CAPITAL,ZONA 1,LICEO CRISTIANO  CANTARES,12 AVENIDA  C  3-03,22211142,LUDIBEL AMARILIS GALICIA DE FLORES,BLANCA ROSA MÉNDEZ ROSALES,PRIMARIA,PRIVADO,URBANA,ABIERTA,MONOLINGUE,MATUTINA,DIARIO(REGULAR),GUATEMALA NORTE
00-01-2437-45,01-01-0032,CIUDAD CAPITAL,ZONA 1,LICEO CRISTIANO  CANTARES,12 AVENIDA  C  3-03,22211142,LUDIBEL AMARILIS GALICIA DE FLORES,EVA  MARROQUÍN COY,BASICO,PRIVADO,URBANA,ABIERTA,MONOLINGUE,MATUTINA,DIARIO(REGULAR),GUATEMALA NORTE
00-01-2438-46,,CIUDAD CAPITAL,ZONA 1,INSTITUTO PRIVADO MIXTO DE EDUCACION DIVERSIFICADA 'PRACTICA COMERCIAL' (PLAN FIN DE SEMANA),5A CALLE 5-18,22325696,,,DIVERSIFICADO,PRIVADO,URBANA,CERRADA DEFINITIVAMENTE,MONOLINGUE,DOBLE,DIARIO(REGULAR),GUATEMALA NORTE
00-01-2439-42,,CIUDAD CAPITAL,ZONA 1,EPDP ANEXA A 'NUESTRA SEÑORA DE FATIMA',14 AVE 3-37,22532454,,,PARVULOS,PRIVADO,URBANA,CERRADA TEMPORALMENTE,MONOLINGUE,MATUTINA,DIARIO(REGULAR),GUATEMALA NORTE
00-01-2440-42,,CIUDAD CAPITAL,ZONA 1,EPDP ANEXA A 'LICEO NUEVA JUVENTUD',5A AVE 4-26,22381019,,,PARVULOS,PRIVADO,URBANA,CERRADA DEFINITIVAMENTE,MONOLINGUE,MATUTINA,DIARIO(REGULAR),GUATEMALA NORTE
00-01-2441-46,,CIUDAD CAPITAL,ZONA 1,INSTITUTO DE EDUCACION DIVERSIFICADA 'LICEO NUEVA JUVENTUD' ADS A INSTITUTO Y ACADEMIA PRACTICA COMERCIAL,5A AVE 4-26,22381019,,,DIVERSIFICADO,PRIVADO,URBANA,CERRADA DEFINITIVAMENTE,MONOLINGUE,MATUTINA,DIARIO(REGULAR),GUATEMALA NORTE
00-01-2442-45,01-402,CIUDAD CAPITAL,ZONA 1,IPMB 'PRACTICA COMERCIAL' (PLAN FIN DE SEMANA) J. DOMINICAL,5A AVENIDA 4-26,,CARLOS HUMBERTO GONZALEZ DE LEON,,BASICO,PRIVADO,URBANA,CERRADA TEMPORALMENTE,MONOLINGUE,DOBLE,DOMINICAL,GUATEMALA NORTE
00-01-2442-46,,CIUDAD CAPITAL,ZONA 1,INSTITUTO PRIVADO MIXTO DE EDUCACION DIVERSIFICADA 'PRACTICA COMERCIAL',5A CALLE 5-18,22325696,,,DIVERSIFICADO,PRIVADO,URBANA,CERRADA DEFINITIVAMENTE,MONOLINGUE,MATUTINA,DIARIO(REGULAR),GUATEMALA NORTE
00-01-2443-42,01-310,CIUDAD CAPITAL,ZONA 1,EPDP ANEXA A LICEO METROPOLITANO 'SAN GREGORIO',8A AV 9-60,22534234,EDDY FRANCISCO RAMÍREZ MORALES,,PARVULOS,PRIVADO,URBANA,CERRADA TEMPORALMENTE,MONOLINGUE,MATUTINA,DIARIO(REGULAR),GUATEMALA NORTE
00-01-2444-43,01-310,CIUDAD CAPITAL,ZONA 1,LICEO SAN GREGORIO MAGNO,8A AVE 9-60,22536913,EDDY FRANCISCO RAMÍREZ MORALES,,PRIMARIA,PRIVADO,URBANA,CERRADA TEMPORALMENTE,MONOLINGUE,MATUTINA,DIARIO(REGULAR),GUATEMALA NORTE
00-01-2445-45,01-310,CIUDAD CAPITAL,ZONA 1,LICEO SAN GREGORIO MAGNO,8A AVE 9-60,22536913,EDDY FRANCISCO RAMÍREZ MORALES,,BASICO,PRIVADO,URBANA,CERRADA TEMPORALMENTE,MONOLINGUE,MATUTINA,DIARIO(REGULAR),GUATEMALA NORTE
00-01-2446-42,01-312,CIUDAD CAPITAL,ZONA 1,EPDP ANEXA A 'COLEGIO ACTIVO BILINGUE STERLING',3A AVENIDA 13-46,22320952,AMADO  SALOMON FLORES PEREZ,,PARVULOS,PRIVADO,URBANA,CERRADA TEMPORALMENTE,MONOLINGUE,MATUTINA,DIARIO(REGULAR),GUATEMALA NORTE
00-01-2447-43,01-312,CIUDAD CAPITAL,ZONA 1,'COLEGIO ACTIVO BILINGUE STERLING',3A AVENIDA 13-46,22320952,AMADO  SALOMON FLORES PEREZ,,PRIMARIA,PRIVADO,URBANA,CERRADA TEMPORALMENTE,MONOLINGUE,MATUTINA,DIARIO(REGULAR),GUATEMALA NORTE
00-01-2448-45,01-312,CIUDAD CAPITAL,ZONA 1,IPMB 'COLEGIO ACTIVO BILINGUE STERLING',3A AVENIDA 13-61,22321330,AMADO  SALOMON FLORES PEREZ,,BASICO,PRIVADO,URBANA,CERRADA TEMPORALMENTE,MONOLINGUE,MATUTINA,DIARIO(REGULAR),GUATEMALA NORTE
00-01-2449-43,,CIUDAD CAPITAL,ZONA 1,'COLEGIO SAN JOSE DEL VALLE DE GUATEMALA',9A CALLE 0-50,22327928,,,PRIMARIA,PRIVADO,URBANA,CERRADA DEFINITIVAMENTE,MONOLINGUE,MATUTINA,DIARIO(REGULAR),GUATEMALA NORTE
00-01-2450-45,,CIUDAD CAPITAL,ZONA 1,IPVB 'COLEGIO SAN JOSE DEL VALLE DE GUATEMALA',9A CALLE 0-50,,,,BASICO,PRIVADO,URBANA,CERRADA DEFINITIVAMENTE,MONOLINGUE,VESPERTINA,DIARIO(REGULAR),GUATEMALA NORTE
00-01-2450-46,,CIUDAD CAPITAL,ZONA 1,INSTITUTO PRIVADO PARA VARONES DE EDUCACION DIVERSIFICADA 'COLEGIO SAN JOSE DEL VALLE DE GUATEMALA',9A CALLE 0-05,22510329,,,DIVERSIFICADO,PRIVADO,URBANA,CERRADA DEFINITIVAMENTE,MONOLINGUE,VESPERTINA,DIARIO(REGULAR),GUATEMALA NORTE
00-01-2451-46,01-317,CIUDAD CAPITAL,ZONA 1,LICEO DE COMPUTACION  C.S.S.,11 CALLE 9-62,22517771,MARIANO DOMINGO ESTRADA TELETOR,NORMA LUCRECIA CÓRDOVA HEREDIA,DIVERSIFICADO,PRIVADO,URBANA,CERRADA TEMPORALMENTE,MONOLINGUE,MATUTINA,DIARIO(REGULAR),GUATEMALA NORTE
00-01-2452-42,01-317,CIUDAD CAPITAL,ZONA 1,LICEO JUVENIL DE COMPUTACION C.S.S.,10 AV. 11-46,22517771,MARIANO DOMINGO ESTRADA TELETOR,,PARVULOS,PRIVADO,URBANA,CERRADA TEMPORALMENTE,MONOLINGUE,MATUTINA,DIARIO(REGULAR),GUATEMALA NORTE
00-01-2453-43,01-317,CIUDAD CAPITAL,ZONA 1,LICEO DE COMPUTACION C.S.S.,11 CALLE 9-62,22517771,MARIANO DOMINGO ESTRADA TELETOR,LAURA DE JESÚS PÉREZ SANTOS,PRIMARIA,PRIVADO,URBANA,CERRADA TEMPORALMENTE,MONOLINGUE,MATUTINA,DIARIO(REGULAR),GUATEMALA NORTE
00-01-2454-46,01-307,CIUDAD CAPITAL,ZONA 1,INSTITUTO DE EDUCACION DIVERSIFICADA  COLEGIO EL PATRIARCA SAN JOSE,12 CALLE  A  11-26,22327921,NORMA ARACELY PALOMO FRANCO DE DIAZ,-------------------,DIVERSIFICADO,PRIVADO,URBANA,CERRADA TEMPORALMENTE,MONOLINGUE,VESPERTINA,DIARIO(REGULAR),GUATEMALA NORTE
00-01-2455-42,01-01-0028,CIUDAD CAPITAL,ZONA 1,ANEXA A 'CENTRO ESTUDIANTIL MONTE ALBAN',12 CALLE 0-24,22534227,AMADO SALOMON FLORES PEREZ,DINA ANELISE SANTA CRUZ GÁLVEZ,PARVULOS,PRIVADO,URBANA,ABIERTA,MONOLINGUE,MATUTINA,DIARIO(REGULAR),GUATEMALA NORTE
00-01-2456-42,,CIUDAD CAPITAL,ZONA 1,EPDP ANEXA A 'COLEGIO SANTA MARIA DEL ROSARIO',10 AV 'A' 4-22,,,,PARVULOS,PRIVADO,URBANA,CERRADA TEMPORALMENTE,MONOLINGUE,MATUTINA,DIARIO(REGULAR),GUATEMALA NORTE
00-01-2457-43,,CIUDAD CAPITAL,ZONA 1,'COLEGIO SANTA MARIA DEL ROSARIO',10 AVE 'A' 4-22,22510493,,,PRIMARIA,PRIVADO,URBANA,CERRADA TEMPORALMENTE,MONOLINGUE,MATUTINA,DIARIO(REGULAR),GUATEMALA NORTE
00-01-2458-42,01-319,CIUDAD CAPITAL,ZONA 1,ANEXA A  COLEGIO EL JARDIN,9A. CALLE 1-60,22212353-55,ROSSY AMARILIS GARCIA TORRES,,PARVULOS,PRIVADO,URBANA,CERRADA DEFINITIVAMENTE,MONOLINGUE,MATUTINA,DIARIO(REGULAR),GUATEMALA NORTE
00-01-2458-43,,CIUDAD CAPITAL,ZONA 1,COLEGIO 'EL JARDIN',11 CALLE 2-26,22325619,,,PRIMARIA,PRIVADO,URBANA,CERRADA DEFINITIVAMENTE,MONOLINGUE,MATUTINA,DIARIO(REGULAR),GUATEMALA NORTE
00-01-2459-43,01-319,CIUDAD CAPITAL,ZONA 1,COLEGIO  EL JARDIN  ADSCRITO AL CESC.,9A. CALLE 1-60,22539506,ROSSY AMARILIS GARCIA TORRES,,PRIMARIA,PRIVADO,URBANA,CERRADA DEFINITIVAMENTE,MONOLINGUE,MATUTINA,DIARIO(REGULAR),GUATEMALA NORTE
00-01-2460-43,01-310,CIUDAD CAPITAL,ZONA 1,'COLEGIO LOYOLA',12 AVENIDA 4-30,22323379,EDDY FRANCISCO RAMÍREZ MORALES,,PRIMARIA,PRIVADO,URBANA,CERRADA DEFINITIVAMENTE,MONOLINGUE,VESPERTINA,DIARIO(REGULAR),GUATEMALA NORTE
00-01-2461-45,01-01-0028,CIUDAD CAPITAL,ZONA 1,INSTITUTO GUILLERMO PUTZEYS ÁLVAREZ,11 CALLE 3-59,24637777,AMADO SALOMON FLORES PEREZ,ANA ISABEL TELLO SÁENZ,BASICO,PRIVADO,URBANA,ABIERTA,MONOLINGUE,MATUTINA,DIARIO(REGULAR),GUATEMALA NORTE
00-01-2461-46,01-01-0028,CIUDAD CAPITAL,ZONA 1,INSTITUTO   GUILLERMO PUTZEYS ÁLVAREZ,11 CALLE 3-59,24637777,AMADO SALOMON FLORES PEREZ,ANA ISABEL TELLO SÁENZ,DIVERSIFICADO,PRIVADO,URBANA,ABIERTA,MONOLINGUE,MATUTINA,DIARIO(REGULAR),GUATEMALA NORTE
00-01-2462-46,01-102,CIUDAD CAPITAL,ZONA 1,INSTITUTO PRIVADO MIXTO DE EDUCACION DIVERSIFICADA RAFAEL LANDIVAR,8A CALLE 2-46,,ZIZI ARELY LOPEZ CHINCHILLA,,DIVERSIFICADO,PRIVADO,URBANA,CERRADA DEFINITIVAMENTE,MONOLINGUE,NOCTURNA,DIARIO(REGULAR),GUATEMALA NORTE
00-01-2463-45,01-318,CIUDAD CAPITAL,ZONA 1,IPMB COLEGIO SANTA ALICIA,5A AVE 2-54,22325804,SANDRA CAROLINA PÉREZ DONDIEGO DE CHOC,,BASICO,PRIVADO,URBANA,CERRADA TEMPORALMENTE,MONOLINGUE,MATUTINA,DIARIO(REGULAR),GUATEMALA NORTE
00-01-2464-46,01-402,CIUDAD CAPITAL,ZONA 1,INSTITUTO MIXTO RAFAEL LANDIVAR Y CABALLERO,8A CALLE 0-30,,CARLOS HUMBERTO GONZALEZ DE LEON,----,DIVERSIFICADO,PRIVADO,URBANA,CERRADA TEMPORALMENTE,MONOLINGUE,NOCTURNA,DIARIO(REGULAR),GUATEMALA NORTE
00-01-2465-46,01-316,CIUDAD CAPITAL,ZONA 1,INSTITUTO TECNOLOGICO  FRANCISCO MARROQUIN,8A CALLE 0-30,22321894,LILIAN YOLANDA RODRIGUEZ PINTO DE CASTRO,--------------,DIVERSIFICADO,PRIVADO,URBANA,CERRADA TEMPORALMENTE,MONOLINGUE,DOBLE,DIARIO(REGULAR),GUATEMALA NORTE
00-01-2466-46,01-01-0030,CIUDAD CAPITAL,ZONA 1,INSTITUTO  AMERICANO EN CIENCIAS DE COMPUTACION,6A.AVENIDA 18-23,23120654,NORMA ARACELY PALOMO FRANCO DE DÍAZ,MARCO ANTONIO CASTAÑEDA FLORES,DIVERSIFICADO,PRIVADO,URBANA,ABIERTA,MONOLINGUE,MATUTINA,DIARIO(REGULAR),GUATEMALA NORTE
00-01-2467-45,99-001,CIUDAD CAPITAL,ZONA 1,IPMB 'AMERICANO EN CIENCIAS DE COMPUTACION',6A AVENIDA 18-23,22322912,SILVIA EUGENIA VALDEZ MONTERROSO DE CARBALLO,,BASICO,PRIVADO,URBANA,CERRADA TEMPORALMENTE,MONOLINGUE,VESPERTINA,DIARIO(REGULAR),GUATEMALA NORTE
00-01-2467-46,01-102,CIUDAD CAPITAL,ZONA 1,INSTITUTO AMERICANO EN CIENCIAS DE COMPUTACION,6A AVENIDA 18-23,22322912,ZIZI ARELY LOPEZ CHINCHILLA,--------------,DIVERSIFICADO,PRIVADO,URBANA,CERRADA TEMPORALMENTE,MONOLINGUE,VESPERTINA,DIARIO(REGULAR),GUATEMALA NORTE
00-01-2468-45,,CIUDAD CAPITAL,ZONA 1,INSTITUTO AMERICANO EN CIENCIAS DE COMPUTACION,6A. AV. 18-23,22322912,,,BASICO,PRIVADO,URBANA,CERRADA TEMPORALMENTE,MONOLINGUE,INTERMEDIA,DIARIO(REGULAR),GUATEMALA NORTE
00-01-2468-46,01-,CIUDAD CAPITAL,ZONA 1,INSTITUTO AMERICANO EN CIENCIAS DE COMPUTACION,6A AVENIDA 18-23 01/1123,22322912,MARIA FELICITA ROQUE CARRERA,-----------------------------,DIVERSIFICADO,PRIVADO,URBANA,CERRADA TEMPORALMENTE,MONOLINGUE,INTERMEDIA,DIARIO(REGULAR),GUATEMALA NORTE
00-01-2469-46,01-01-0044,CIUDAD CAPITAL,ZONA 1,ESCUELA NACIONAL CENTRAL DE CIENCIAS COMERCIALES,10A. AVENIDA 9-42,22320114,MARIANO DOMINGO ESTRADA TELETOR,SILVIA PATRICIA COLON RODRÍGUEZ,DIVERSIFICADO,OFICIAL,URBANA,ABIERTA,MONOLINGUE,VESPERTINA,DIARIO(REGULAR),GUATEMALA NORTE
00-01-2470-45,01-403,CIUDAD CAPITAL,ZONA 1,IPMB 'COLEGIO BROWN'S CENTRO DE LENGUAS',11 CALLE 10-50,22325157,CARLOS HUMBERTO GONZÁLEZ DE LEÓN,,BASICO,PRIVADO,URBANA,CERRADA TEMPORALMENTE,MONOLINGUE,VESPERTINA,SABATINO,GUATEMALA NORTE
00-01-2471-45,,CIUDAD CAPITAL,ZONA 1,IPMB 'LICEO APLICADO EN COMPUTACION II',2A CALLE 6-77,22532080,,,BASICO,PRIVADO,URBANA,CERRADA DEFINITIVAMENTE,MONOLINGUE,MATUTINA,DIARIO(REGULAR),GUATEMALA NORTE
00-01-2471-46,01-319,CIUDAD CAPITAL,ZONA 1,INSTITUTO PRIVADO MIXTO DE EDUCACION DIVERSIFICADA  LICEO APLICADO EN COMPUTACION,2A CALLE 6-77 08/12/2021,22206556,ROSSY AMARILIS GARCIA TORRES,---------------,DIVERSIFICADO,PRIVADO,URBANA,CERRADA TEMPORALMENTE,MONOLINGUE,MATUTINA,DIARIO(REGULAR),GUATEMALA NORTE
00-01-2472-45,01-403,CIUDAD CAPITAL,ZONA 1,"INSTITUTO DE EDUCACIÓN BÁSICA Y BACHILLERATO EN CIENCIAS Y LETRAS POR MADUREZ ""DOCTOR JUAN JOSE AREVALO BERMEJO""","8A AV 9-60, 2DO NIVEL",22536894,CARLOS HUMBERTO GONZÁLEZ DE LEÓN,EDNA MARIETA DE LA CRUZ PONCE,BASICO,PRIVADO,URBANA,CERRADA TEMPORALMENTE,MONOLINGUE,VESPERTINA,SABATINO,GUATEMALA NORTE
00-01-2472-46,01-01-0033,CIUDAD CAPITAL,ZONA 1,"INSTITUTO DE EDUCACIÓN BÁSICA Y BACHILLERATO EN CIENCIAS Y LETRAS POR MADUREZ ""DR. JUAN JOSE AREVALO BERMEJO""",8A. AVENIDA 9-60,22536894,CARLOS HUMBERTO GONZALEZ DE LEON,EDNA MARIETA DE LA CRUZ PONCE,DIVERSIFICADO,PRIVADO,URBANA,ABIERTA,MONOLINGUE,VESPERTINA,FIN DE SEMANA,GUATEMALA NORTE
00-01-2473-45,,CIUDAD CAPITAL,ZONA 1,IPMB 'LICEO PREUNIVERSITARIO DE COMPUTACION',5A. AVENIDA 3-79,"232-5763, 232-6725, 232-1568",,,BASICO,PRIVADO,URBANA,CERRADA DEFINITIVAMENTE,MONOLINGUE,MATUTINA,DIARIO(REGULAR),GUATEMALA NORTE
00-01-2473-46,,CIUDAD CAPITAL,ZONA 1,INSTITUTO PRIVADO MIXTO DE EDUCACION DIVERSIFICADA 'LICEO PREUNIVERSITARIO DE COMPUTACION',5A. AVENIDA 3-79,"25763,26725 Y 21568",,,DIVERSIFICADO,PRIVADO,URBANA,CERRADA DEFINITIVAMENTE,MONOLINGUE,MATUTINA,DIARIO(REGULAR),GUATEMALA NORTE
00-01-2474-45,,CIUDAD CAPITAL,ZONA 1,INSTITUTO PRIVADO 'SUPERACION',9 CALLE 1-58,,,,BASICO,PRIVADO,URBANA,CERRADA DEFINITIVAMENTE,MONOLINGUE,NOCTURNA,DIARIO(REGULAR),GUATEMALA NORTE
00-01-2474-46,,CIUDAD CAPITAL,ZONA 1,INSTITUTO PRIVADO 'SUPERACION',9 CALLE 1-58,,,,DIVERSIFICADO,PRIVADO,URBANA,CERRADA DEFINITIVAMENTE,MONOLINGUE,NOCTURNA,DIARIO(REGULAR),GUATEMALA NORTE
00-01-2475-43,,CIUDAD CAPITAL,ZONA 1,'COLEGIO INTEGRAL FEMENIÑO',2A AVENIDA 5-37,22380147,,,PRIMARIA,PRIVADO,URBANA,CERRADA TEMPORALMENTE,MONOLINGUE,MATUTINA,DIARIO(REGULAR),GUATEMALA NORTE
00-01-2476-45,01-305,CIUDAD CAPITAL,ZONA 1,IPSB COLEGIO INTEGRAL FEMENIÑO,3A. AVENIDA 13-81,22329948,CELESTINA  ARLETTY HERNÁNDEZ AGUILAR,,BASICO,PRIVADO,URBANA,CERRADA TEMPORALMENTE,MONOLINGUE,MATUTINA,DIARIO(REGULAR),GUATEMALA NORTE
00-01-2476-46,01-318,CIUDAD CAPITAL,ZONA 1,INSTITUTO DE EDUCACION DIVERSIFICADA  COLEGIO INTEGRAL FEMENINO,3A. AVENIDA 13-81 ZONA 1,22329948,SANDRA CAROLINA PÉREZ DONDIEGO DE CHOC,----,DIVERSIFICADO,PRIVADO,URBANA,CERRADA TEMPORALMENTE,MONOLINGUE,MATUTINA,DIARIO(REGULAR),GUATEMALA NORTE
00-01-2759-45,,CIUDAD CAPITAL,ZONA 1,IPMB 'DIEGUEZ OLAVERRI',12 CALLE 2-31,,,,BASICO,PRIVADO,URBANA,CERRADA DEFINITIVAMENTE,MONOLINGUE,INTERMEDIA,DIARIO(REGULAR),GUATEMALA NORTE
00-01-2759-46,01-102,CIUDAD CAPITAL,ZONA 1,INSTITUTO PRIVADO MIXTO DE EDUCACION DIVERSIFICADA DIEGUEZ OLAVERRI,12 CALLE 2-31,22535170,ZIZI ARELY LOPEZ CHINCHILLA,----,DIVERSIFICADO,PRIVADO,URBANA,CERRADA TEMPORALMENTE,MONOLINGUE,INTERMEDIA,DIARIO(REGULAR),GUATEMALA NORTE
00-01-2760-45,01-315,CIUDAD CAPITAL,ZONA 1,INEB ADSCRITO AL INSTITUTO CENTRAL PARA VARONES,9A AV. 9-27,22328285,LILIAN YOLANDA RODRÍGUEZ PINTO DE CASTRO,,BASICO,OFICIAL,URBANA,CERRADA TEMPORALMENTE,MONOLINGUE,VESPERTINA,DIARIO(REGULAR),GUATEMALA NORTE
00-01-2760-46,01-01-0044,CIUDAD CAPITAL,ZONA 1,INSTITUTO NACIONAL  CENTRAL PARA VARONES,9A AV. 9-27,22328285,MARIANO DOMINGO ESTRADA TELETOR,----,DIVERSIFICADO,OFICIAL,URBANA,ABIERTA,MONOLINGUE,VESPERTINA,DIARIO(REGULAR),GUATEMALA NORTE
00-01-2761-45,,CIUDAD CAPITAL,ZONA 1,IPMB 'COLEGIO DANIEL DEFOE',AV ELENA 14-21,22320961,,,BASICO,PRIVADO,URBANA,CERRADA DEFINITIVAMENTE,MONOLINGUE,MATUTINA,DIARIO(REGULAR),GUATEMALA NORTE
00-01-2798-46,01-317,CIUDAD CAPITAL,ZONA 1,"INSTITUTO PARTICULAR PARA SEÑORITAS  ""NUESTRA  SEÑORA DEL CARMEN""",11 AV. 3-17,22326869,MARIANO DOMINGO ESTRADA TELETOR,MARLEN ROSSANA MORALES PÉREZ,DIVERSIFICADO,PRIVADO,URBANA,CERRADA TEMPORALMENTE,MONOLINGUE,MATUTINA,DIARIO(REGULAR),GUATEMALA NORTE
00-01-2799-46,,CIUDAD CAPITAL,ZONA 1,INSTITUTO PRIVADO MIXTO DE EDUCACION DIVERSIFICADA COLEGIO 'EL PATRIARCA SAN JOSE',12 CALLE A 11-70,,,,DIVERSIFICADO,PRIVADO,URBANA,CERRADA DEFINITIVAMENTE,MONOLINGUE,VESPERTINA,DIARIO(REGULAR),GUATEMALA NORTE
00-01-2800-46,01-,CIUDAD CAPITAL,ZONA 1,INSTITUTO PRIVADO MIXTO DE EDUCACION DIVERSIFICADA  FRANCISCO MARROQUIN,8A CALLE 0-30,22321894,MARIA FELICITA ROQUE CARRERA,,DIVERSIFICADO,PRIVADO,URBANA,CERRADA DEFINITIVAMENTE,MONOLINGUE,DOBLE,DIARIO(REGULAR),GUATEMALA NORTE
00-01-2801-46,,CIUDAD CAPITAL,ZONA 1,INSTITUTO PRIVADO MIXTO DE EDUCACION DIVERSIFICADA 'RAFAEL LANDIVAR Y CABALLERO',8A CALLE 0-30,22321894,,,DIVERSIFICADO,PRIVADO,URBANA,CERRADA DEFINITIVAMENTE,MONOLINGUE,INTERMEDIA,DIARIO(REGULAR),GUATEMALA NORTE
00-01-2802-46,01-617,CIUDAD CAPITAL,ZONA 1,LICEO FLORENTINO-GUATEMALTECO,8A CALLE 2-46,24752637,MARIA DEL ROSARIO VARGAS SANDOVAL,JOSE LUIS ALVAREZ CRUZ,DIVERSIFICADO,PRIVADO,URBANA,CERRADA DEFINITIVAMENTE,MONOLINGUE,MATUTINA,DIARIO(REGULAR),GUATEMALA NORTE
00-01-2817-42,,CIUDAD CAPITAL,ZONA 1,EODP NO.15 'MATILDE ARIZA DE NUÑEZ',AVENIDA ELENA 15-42 ZONA 3,,,,PARVULOS,OFICIAL,URBANA,CERRADA DEFINITIVAMENTE,MONOLINGUE,MATUTINA,DIARIO(REGULAR),GUATEMALA NORTE
00-01-2818-42,,CIUDAD CAPITAL,ZONA 1,LICEO MIXTO 'NUESTRA SEÑORA DE MEDJUGORJE',4A. CALLE 14-22,23355665,,,PARVULOS,PRIVADO,URBANA,CERRADA DEFINITIVAMENTE,MONOLINGUE,MATUTINA,DIARIO(REGULAR),GUATEMALA NORTE
00-01-2819-42,01-01-0032,CIUDAD CAPITAL,ZONA 1,COLEGIO PRE-PRIMARIO CELESTE Y ROSA,1A. CALLE 18-44,22536441,LUDIBEL AMARILIS GALICIA DE FLORES,ANA MARÍA AVALOS LÓPEZ,PARVULOS,PRIVADO,URBANA,ABIERTA,MONOLINGUE,MATUTINA,DIARIO(REGULAR),GUATEMALA NORTE
00-01-2820-42,01-305,CIUDAD CAPITAL,ZONA 1,COLEGIO JARDIN PRIMAVERA,2 AV. 6-42,22326318,CELESTINA  ARLETTY HERNÁNDEZ AGUILAR,,PARVULOS,PRIVADO,URBANA,CERRADA TEMPORALMENTE,MONOLINGUE,MATUTINA,DIARIO(REGULAR),GUATEMALA NORTE
00-01-2821-42,01-308,CIUDAD CAPITAL,ZONA 1,COLEGIO BILINGUE 'MAYB'AL',5A. CALLE 0-65,22323065,JORGE MYNOR SOL HERNÁNDEZ,,PARVULOS,PRIVADO,URBANA,CERRADA TEMPORALMENTE,MONOLINGUE,MATUTINA,DIARIO(REGULAR),GUATEMALA NORTE
00-01-2838-43,,CIUDAD CAPITAL,ZONA 1,EPUM LOS NIÑOS DE SANTA MARIA,1A. AVENIDA 'A' 1-70,22321850,,,PRIMARIA,PRIVADO,URBANA,CERRADA DEFINITIVAMENTE,MONOLINGUE,MATUTINA,DIARIO(REGULAR),GUATEMALA NORTE
00-01-2839-43,,CIUDAD CAPITAL,ZONA 1,LICEO MIXTO 'NUESTRA SEÑORA DE MEDJUGORJE',4a. CALLE 14-22,23355665,,,PRIMARIA,PRIVADO,URBANA,CERRADA DEFINITIVAMENTE,MONOLINGUE,MATUTINA,DIARIO(REGULAR),GUATEMALA NORTE
00-01-2840-43,01-308,CIUDAD CAPITAL,ZONA 1,CPUM 'MAYB'AL',5A. CALLE 0-65,22323065,JORGE MYNOR SOL HERNÁNDEZ,,PRIMARIA,PRIVADO,URBANA,CERRADA TEMPORALMENTE,MONOLINGUE,MATUTINA,DIARIO(REGULAR),GUATEMALA NORTE
00-01-2841-43,,CIUDAD CAPITAL,ZONA 1,CPMI 'FROEBEL',2A. CALLE 7-11,,,,PRIMARIA,PRIVADO,URBANA,CERRADA TEMPORALMENTE,MONOLINGUE,MATUTINA,DIARIO(REGULAR),GUATEMALA NORTE
00-01-2864-44,01-403,CIUDAD CAPITAL,ZONA 1,EPPA 'AHALCAB',2 AV. 5-37,,CARLOS HUMBERTO GONZÁLEZ DE LEÓN,,PRIMARIA DE ADULTOS,PRIVADO,URBANA,CERRADA TEMPORALMENTE,MONOLINGUE,DOBLE,DIARIO(REGULAR),GUATEMALA NORTE
00-01-2865-45,01-403,CIUDAD CAPITAL,ZONA 1,"INSTITUTO PARTICULAR MIXTO ""CIENCIA Y DESARROLLO""",10  CALLE 3-15,22531962,CARLOS HUMBERTO GONZÁLEZ DE LEÓN,MYRIAM JEANNETTE CIFUENTES ORTIZ,BASICO,PRIVADO,URBANA,CERRADA TEMPORALMENTE,MONOLINGUE,DOBLE,FIN DE SEMANA,GUATEMALA NORTE
00-01-2866-45,01-305,CIUDAD CAPITAL,ZONA 1,LICEO 'JIREH',6A. AVENIDA 3-24,22329209,CELESTINA  ARLETTY HERNÁNDEZ AGUILAR,,BASICO,PRIVADO,URBANA,CERRADA DEFINITIVAMENTE,MONOLINGUE,MATUTINA,DIARIO(REGULAR),GUATEMALA NORTE
00-01-2867-45,,CIUDAD CAPITAL,ZONA 1,LICEO MIXTO NUESTRA 'SEÑORA DE MEDJUGORJE',4a. CALLE 14-22,23355665,,,BASICO,PRIVADO,URBANA,CERRADA DEFINITIVAMENTE,MONOLINGUE,MATUTINA,DIARIO(REGULAR),GUATEMALA NORTE
00-01-2868-45,01-01-0031,CIUDAD CAPITAL,ZONA 1,INSTITUTO PROFESIONAL DE TECNICAS COMERCIALES ESPECIALIZADAS IPTCE,7A. AVENIDA 3-48,22320733,LUDIBEL AMARILIS GALICIA DE FLORES,MARTA JOSEFINA LARA PANIAGUA,BASICO,PRIVADO,URBANA,ABIERTA,MONOLINGUE,MATUTINA,DIARIO(REGULAR),GUATEMALA NORTE
00-01-2869-45,01-318,CIUDAD CAPITAL,ZONA 1,COLEGIO EVANGELICO DEL PRINCIPE DE PAZ,AVENIDA CENTRO AMERICA 21-13,23826923,SANDRA CAROLINA PÉREZ DONDIEGO DE CHOC,MAGDA CECILIA MARTÍNEZ DUBÓN,BASICO,PRIVADO,URBANA,CERRADA TEMPORALMENTE,MONOLINGUE,MATUTINA,DIARIO(REGULAR),GUATEMALA NORTE
00-01-2870-45,,CIUDAD CAPITAL,ZONA 1,COLEGIO EVANGELICO MIXTO GUATEMALA,4a. AVE. 4-34,,,,BASICO,PRIVADO,URBANA,CERRADA TEMPORALMENTE,MONOLINGUE,VESPERTINA,DIARIO(REGULAR),GUATEMALA NORTE
00-01-2871-45,01-403,CIUDAD CAPITAL,ZONA 1,INSTITUTO Y ACADEMIA PRACTICA COMERCIAL,6A. CALLE 0-25,22202869,CARLOS HUMBERTO GONZÁLEZ DE LEÓN,VICTOR MANUEL TICURU,BASICO,PRIVADO,URBANA,CERRADA TEMPORALMENTE,MONOLINGUE,DOBLE,FIN DE SEMANA,GUATEMALA NORTE
00-01-2871-46,01-403,CIUDAD CAPITAL,ZONA 1,INSTITUTO Y ACADEMIA PRACTICA COMERCIAL,6A. CALLE 0-25,22202869,CARLOS HUMBERTO GONZÁLEZ DE LEÓN,VICTOR MANUEL TICURU,DIVERSIFICADO,PRIVADO,URBANA,CERRADA TEMPORALMENTE,MONOLINGUE,DOBLE,FIN DE SEMANA,GUATEMALA NORTE
00-01-2872-45,01-01-0042,CIUDAD CAPITAL,ZONA 1,INSTITUTO Y ACADEMIA PRACTICA COMERCIAL,6A. CALLE 0-25,22202869,CARLOS HUMBERTO GONZALEZ DE LEON,VICTOR MANUEL TICURU,BASICO,PRIVADO,URBANA,ABIERTA,MONOLINGUE,DOBLE,FIN DE SEMANA,GUATEMALA NORTE
00-01-2872-46,01-01-0042,CIUDAD CAPITAL,ZONA 1,INSTITUTO Y ACADEMIA PRACTICA COMERCIAL (POR MADUREZ),6A. CALLE 0-25,22202869,CARLOS HUMBERTO GONZALEZ DE LEON,VICTOR MANUEL TICURU,DIVERSIFICADO,PRIVADO,URBANA,ABIERTA,MONOLINGUE,DOBLE,FIN DE SEMANA,GUATEMALA NORTE
00-01-2873-45,01-312,CIUDAD CAPITAL,ZONA 1,CENTRO DE COMPUTACION IMB-PC,14 CALLE 2-04 Y 13 CALLE 2-08,23773092,AMADO  SALOMON FLORES PEREZ,,BASICO,PRIVADO,URBANA,CERRADA DEFINITIVAMENTE,MONOLINGUE,MATUTINA,DIARIO(REGULAR),GUATEMALA NORTE
00-01-2874-45,01-210,CIUDAD CAPITAL,ZONA 1,COLEGIO 'SALVADOR HUGUET',5A. AVE. 2-31,,DINIZ ORALIA MORALES MUÑOZ,,BASICO,PRIVADO,URBANA,CERRADA TEMPORALMENTE,MONOLINGUE,MATUTINA,DIARIO(REGULAR),GUATEMALA NORTE
00-01-2875-45,,CIUDAD CAPITAL,ZONA 1,ESCUELA 'SISTEMATIZADA EN COMPUTACION',4A. AVENIDA 1-21,22307014,,,BASICO,PRIVADO,URBANA,CERRADA TEMPORALMENTE,MONOLINGUE,MATUTINA,DIARIO(REGULAR),GUATEMALA NORTE
00-01-2876-45,,CIUDAD CAPITAL,ZONA 1,INSTITUTO PROFESIONAL AMERICANO 'ROBERT GREGG',7AV.18-66,,,,BASICO,PRIVADO,URBANA,CERRADA DEFINITIVAMENTE,MONOLINGUE,MATUTINA,DIARIO(REGULAR),GUATEMALA NORTE
00-01-2893-46,01-,CIUDAD CAPITAL,ZONA 1,CENTRO DE ESTUDIOS Y SISTEMAS DE COMPUTACION C.E.S.C.,9A. CALLE 1-58,,MARIA FELICITA ROQUE CARRERA,,DIVERSIFICADO,PRIVADO,URBANA,CERRADA DEFINITIVAMENTE,MONOLINGUE,MATUTINA,DIARIO(REGULAR),GUATEMALA NORTE
00-01-2894-46,,CIUDAD CAPITAL,ZONA 1,INSTITUTO PRIVADO MIXTO CENTRO EDUCATIVO PARA ADULTOS 'EL SEMBRADOR ',12 CALLE 3-60,22325044,,,DIVERSIFICADO,PRIVADO,URBANA,CERRADA DEFINITIVAMENTE,MONOLINGUE,VESPERTINA,DIARIO(REGULAR),GUATEMALA NORTE
00-01-2895-46,01-305,CIUDAD CAPITAL,ZONA 1,LICEO  JIREH,"6A. AVENIDA 3-24,",22329209,CELESTINA  ARLETTY HERNÁNDEZ AGUILAR,--------------,DIVERSIFICADO,PRIVADO,URBANA,CERRADA TEMPORALMENTE,MONOLINGUE,MATUTINA,DIARIO(REGULAR),GUATEMALA NORTE
00-01-2896-46,,CIUDAD CAPITAL,ZONA 1,INSTITUTO PRIVADO MIXTO DE EDUCACION DIVERSIFICADA 'COLEGIO 'BROWN'S',11 CALLE 10-50 ZONA 1,,,,DIVERSIFICADO,PRIVADO,URBANA,CERRADA DEFINITIVAMENTE,MONOLINGUE,VESPERTINA,DIARIO(REGULAR),GUATEMALA NORTE
00-01-2899-45,01-403,CIUDAD CAPITAL,ZONA 1,INSTITUTO PRIVADO DE EDUCACION BASICA POR MADUREZ 'PRACTICA COMERCIAL' J. INTERMEDIA,7A. AVE. 10-50,,CARLOS HUMBERTO GONZÁLEZ DE LEÓN,,BASICO,PRIVADO,URBANA,CERRADA TEMPORALMENTE,MONOLINGUE,DOBLE,DIARIO(REGULAR),GUATEMALA NORTE
00-01-2899-46,,CIUDAD CAPITAL,ZONA 1,INSTITUTO PRIVADO DE BACHILLERATO POR MADUREZ 'PRACTICA COMERCIAL',7A. AVE. 10-50 ZONA 1,,,,DIVERSIFICADO,PRIVADO,URBANA,CERRADA DEFINITIVAMENTE,MONOLINGUE,DOBLE,DIARIO(REGULAR),GUATEMALA NORTE
00-01-2900-46,01-,CIUDAD CAPITAL,ZONA 1,ESCUELA SISTEMATIZADA EN COMPUTACION,4A. AVENIDA 1-21 ZONA 1,22320075,MARIA FELICITA ROQUE CARRERA,--------------,DIVERSIFICADO,PRIVADO,URBANA,CERRADA TEMPORALMENTE,MONOLINGUE,MATUTINA,DIARIO(REGULAR),GUATEMALA NORTE
00-01-2902-46,,CIUDAD CAPITAL,ZONA 1,INSTITUTO PROFESIONAL AMERICANO 'ROBERT GREGG',7AV. 18-66 ZONA 1,,,,DIVERSIFICADO,PRIVADO,URBANA,CERRADA DEFINITIVAMENTE,MONOLINGUE,MATUTINA,DIARIO(REGULAR),GUATEMALA NORTE
00-01-2903-46,01-315,CIUDAD CAPITAL,ZONA 1,INSTITUTO CIENTIFICO COMERCIAL EN COMPUTACION,6A. AVENIDA 1-34,22538736,LILIAN YOLANDA RODRÍGUEZ PINTO DE CASTRO,---,DIVERSIFICADO,PRIVADO,URBANA,CERRADA TEMPORALMENTE,MONOLINGUE,MATUTINA,DIARIO(REGULAR),GUATEMALA NORTE
00-01-2904-46,01-210,CIUDAD CAPITAL,ZONA 1,COLEGIO SALVADOR HUGUET,"5A. AV. 2-31,",22380766,DINIZ ORALIA MORALES MUÑOZ,---,DIVERSIFICADO,PRIVADO,URBANA,CERRADA TEMPORALMENTE,MONOLINGUE,MATUTINA,DIARIO(REGULAR),GUATEMALA NORTE
00-01-2905-46,01-312,CIUDAD CAPITAL,ZONA 1,CENTRO DE COMPUTACION IMB-PC,14 CALLE 2-04 Y 13 CALLE 2-08,23773092,AMADO  SALOMON FLORES PEREZ,,DIVERSIFICADO,PRIVADO,URBANA,CERRADA DEFINITIVAMENTE,MONOLINGUE,MATUTINA,DIARIO(REGULAR),GUATEMALA NORTE
00-01-2906-46,01-01-0032,CIUDAD CAPITAL,ZONA 1,INSTITUTO DE DIVERSIFICADO  LICEO CRISTIANO CANTARES,12 AV. C 30-3,22211142,LUDIBEL AMARILIS GALICIA DE FLORES,EVA  MARROQUÍN COY,DIVERSIFICADO,PRIVADO,URBANA,ABIERTA,MONOLINGUE,MATUTINA,DIARIO(REGULAR),GUATEMALA NORTE
00-01-2907-46,01-01-0035,CIUDAD CAPITAL,ZONA 1,CENTRO DE ESTUDIOS DIVERSIFICADOS  DR. ALEJANDRO FLEMING,16 AVENIDA  A  3-54,22531211,NORMA ARACELY PALOMO FRANCO DE DÍAZ,OLDEMIA NOHEMÍ LÓPEZ HERNÁNDEZ,DIVERSIFICADO,PRIVADO,URBANA,ABIERTA,MONOLINGUE,MATUTINA,DIARIO(REGULAR),GUATEMALA NORTE
00-01-2908-46,01-403,CIUDAD CAPITAL,ZONA 1,"INSTITUTO PARTICULAR MIXTO ""CIENCIA Y DESARROLLO""",10  CALLE 3-15,36117881,CARLOS HUMBERTO GONZÁLEZ DE LEÓN,MYRIAM JEANNETTE CIFUENTES ORTIZ,DIVERSIFICADO,PRIVADO,URBANA,CERRADA TEMPORALMENTE,MONOLINGUE,DOBLE,FIN DE SEMANA,GUATEMALA NORTE
00-01-2914-46,,CIUDAD CAPITAL,ZONA 1,LICEO TECNICO EN COMPUTACION,9AV. 12 Y 13 CALLE ZONA 1,,,,DIVERSIFICADO,PRIVADO,URBANA,CERRADA DEFINITIVAMENTE,MONOLINGUE,MATUTINA,DIARIO(REGULAR),GUATEMALA NORTE
00-01-2939-44,,CIUDAD CAPITAL,ZONA 1,EPPA INSTITUTO Y ACADEMIA PRACTICA COMERCIAL,GUATEMALA,,,,PRIMARIA DE ADULTOS,PRIVADO,URBANA,CERRADA TEMPORALMENTE,MONOLINGUE,NOCTURNA,DIARIO(REGULAR),GUATEMALA NORTE
00-01-2945-45,,CIUDAD CAPITAL,ZONA 1,INSTITUTO PRIVADO MIXTO 'COLEGIO BROWN'S',11 CALLE 10-50,,,,BASICO,PRIVADO,URBANA,CERRADA DEFINITIVAMENTE,MONOLINGUE,VESPERTINA,DIARIO(REGULAR),GUATEMALA NORTE
00-01-2952-46,01-402,CIUDAD CAPITAL,ZONA 1,INSTITUTO PRIVADO MIXTO DE EDUCACION DIVERSIFICADA COLEGIO  BROWN S,11 CALLE 10-50 ZONA 1 06/05/2024,,CARLOS HUMBERTO GONZALEZ DE LEON,---,DIVERSIFICADO,PRIVADO,URBANA,CERRADA TEMPORALMENTE,MONOLINGUE,VESPERTINA,FIN DE SEMANA,GUATEMALA NORTE
00-01-2953-46,,CIUDAD CAPITAL,ZONA 1,INSTITUTO PRIVADO MIXTO 'COLEGIO BROWN'S',11 CALLE 10-50 ZONA 1,,,,DIVERSIFICADO,PRIVADO,URBANA,CERRADA DEFINITIVAMENTE,MONOLINGUE,INTERMEDIA,DIARIO(REGULAR),GUATEMALA NORTE
00-01-2954-46,,CIUDAD CAPITAL,ZONA 1,INSTITUTO PRIVADO MIXTO DE EDUCACION DIVERSIFICADO 'DIEGUEZ OLAVERRI',12 CALLE 2-31,,,,DIVERSIFICADO,PRIVADO,URBANA,CERRADA DEFINITIVAMENTE,MONOLINGUE,NOCTURNA,DIARIO(REGULAR),GUATEMALA NORTE
00-01-2958-46,01-01-0032,CIUDAD CAPITAL,ZONA 1,COLEGIO 'SANTA INFANCIA',9A. AVENIDA 4-29,22200140,LUDIBEL AMARILIS GALICIA DE FLORES,OMAYRA LUCRECIA DÍAZ,DIVERSIFICADO,PRIVADO,URBANA,ABIERTA,MONOLINGUE,MATUTINA,DIARIO(REGULAR),GUATEMALA NORTE
00-01-2964-45,01-01-0032,CIUDAD CAPITAL,ZONA 1,COLEGIO MIXTO 'SANTA INFANCIA',9A. AVENIDA 4-29,22200140,LUDIBEL AMARILIS GALICIA DE FLORES,OMAYRA LUCRECIA DÍAZ,BASICO,PRIVADO,URBANA,ABIERTA,MONOLINGUE,MATUTINA,DIARIO(REGULAR),GUATEMALA NORTE
00-01-2965-44,,CIUDAD CAPITAL,ZONA 1,EPPA INSTITUTO Y ACADEMIA 'PRACTICA COMERCIAL',GUATEMALA,,,,PRIMARIA DE ADULTOS,PRIVADO,URBANA,CERRADA DEFINITIVAMENTE,MONOLINGUE,MATUTINA,DIARIO(REGULAR),GUATEMALA NORTE
00-01-2980-45,,CIUDAD CAPITAL,ZONA 1,INSTITUTO AMERICANO DE CONOCIMIENTOS,13 AV. 2-21,,,,BASICO,PRIVADO,URBANA,CERRADA TEMPORALMENTE,MONOLINGUE,MATUTINA,DIARIO(REGULAR),GUATEMALA NORTE
00-01-2980-46,01-,CIUDAD CAPITAL,ZONA 1,INSTITUTO AMERICANO DE CONOCIMIENTOS,"13 AV. 2-21, ZONA 1",,MARIA FELICITA ROQUE CARRERA,,DIVERSIFICADO,PRIVADO,URBANA,CERRADA TEMPORALMENTE,MONOLINGUE,MATUTINA,DIARIO(REGULAR),GUATEMALA NORTE
00-01-2981-46,,CIUDAD CAPITAL,ZONA 1,INSTITUTO AMERICANO DE CONOCIMIENTOS.,"13 AV. 2-21, ZONA 1",,,,DIVERSIFICADO,PRIVADO,URBANA,CERRADA TEMPORALMENTE,MONOLINGUE,VESPERTINA,DIARIO(REGULAR),GUATEMALA NORTE
00-01-2982-45,01-307,CIUDAD CAPITAL,ZONA 1,ESCUELA SUPERIOR DE INFORMATICA -ESI-,11 CALLE 11-26,22323144,NORMA ARACELY PALOMO FRANCO DE DIAZ,,BASICO,PRIVADO,URBANA,CERRADA TEMPORALMENTE,MONOLINGUE,MATUTINA,DIARIO(REGULAR),GUATEMALA NORTE
00-01-2982-46,01-307,CIUDAD CAPITAL,ZONA 1,ESCUELA SUPERIOR DE INFORMATICA -ESI-,11 CALLE 11-26,22323144,NORMA ARACELY PALOMO FRANCO DE DIAZ,-----------,DIVERSIFICADO,PRIVADO,URBANA,CERRADA TEMPORALMENTE,MONOLINGUE,MATUTINA,DIARIO(REGULAR),GUATEMALA NORTE
00-01-2983-45,,CIUDAD CAPITAL,ZONA 1,COLEGIO DE COMPUTACION 'BLAISE PASCAL',8A AV. 3-30,,,,BASICO,PRIVADO,URBANA,CERRADA DEFINITIVAMENTE,MONOLINGUE,MATUTINA,DIARIO(REGULAR),GUATEMALA NORTE
00-01-2983-46,01-,CIUDAD CAPITAL,ZONA 1,COLEGIO DE COMPUTACION 'BLAISE PASCAL',8A AV. 3-30 ZONA 1,,MARIA FELICITA ROQUE CARRERA,,DIVERSIFICADO,PRIVADO,URBANA,CERRADA DEFINITIVAMENTE,MONOLINGUE,MATUTINA,DIARIO(REGULAR),GUATEMALA NORTE
00-01-2984-42,,CIUDAD CAPITAL,ZONA 1,COLEGIO MONACO,18 AV. 12-69,22320519,,,PARVULOS,PRIVADO,URBANA,CERRADA DEFINITIVAMENTE,MONOLINGUE,MATUTINA,DIARIO(REGULAR),GUATEMALA NORTE
00-01-2984-43,,CIUDAD CAPITAL,ZONA 1,CPMI 'MONACO',18 AV. 12-69,22320519,,,PRIMARIA,PRIVADO,URBANA,CERRADA DEFINITIVAMENTE,MONOLINGUE,MATUTINA,DIARIO(REGULAR),GUATEMALA NORTE
00-01-2984-45,01-319,CIUDAD CAPITAL,ZONA 1,COLEGIO DE COMPUTACION 'BLAISE PASCAL',8A. AV 3-30,,ROSSY AMARILIS GARCIA TORRES,,BASICO,PRIVADO,URBANA,CERRADA DEFINITIVAMENTE,MONOLINGUE,NOCTURNA,DIARIO(REGULAR),GUATEMALA NORTE
00-01-2984-46,,CIUDAD CAPITAL,ZONA 1,COLEGIO DE COMPUTACION 'BLAISE PASCAL',8a. AV. 3-30 ZONA 1,,,,DIVERSIFICADO,PRIVADO,URBANA,CERRADA TEMPORALMENTE,MONOLINGUE,NOCTURNA,DIARIO(REGULAR),GUATEMALA NORTE
00-01-2985-42,,CIUDAD CAPITAL,ZONA 1,COLEGIO MIXTO LORENZETTI,"12 AV. 12-48 ZONA 2, CIUDAD NUEVA,",,,,PARVULOS,PRIVADO,URBANA,CERRADA DEFINITIVAMENTE,MONOLINGUE,MATUTINA,DIARIO(REGULAR),GUATEMALA NORTE
00-01-2997-43,,CIUDAD CAPITAL,ZONA 1,CENTRO DE EDUC. PARA EL DESARROLLO DEL LENGUAJE.(CEDEL),AV. ELLENA 7-33,,,,PRIMARIA,PRIVADO,URBANA,CERRADA TEMPORALMENTE,MONOLINGUE,VESPERTINA,DIARIO(REGULAR),GUATEMALA NORTE
00-01-3006-43,01-309,CIUDAD CAPITAL,ZONA 1,COLEGIO EDUCATIVO C.E.P.P.,12 AVE 13-48,22513812,EVELIN  ARMINDA ARRIOLA RAMÍREZ,,PRIMARIA,PRIVADO,URBANA,CERRADA TEMPORALMENTE,MONOLINGUE,MATUTINA,DIARIO(REGULAR),GUATEMALA NORTE
00-01-3006-45,01-01-0028,CIUDAD CAPITAL,ZONA 1,CENTRO CULTURAL DE LAS AMERICAS NO. 3,2A. AV. 12-23,22384217,AMADO SALOMON FLORES PEREZ,HUGO VALDEMAR RIVAS MORALES,BASICO,PRIVADO,URBANA,ABIERTA,MONOLINGUE,MATUTINA,DIARIO(REGULAR),GUATEMALA NORTE
00-01-3006-46,01-,CIUDAD CAPITAL,ZONA 1,CENTRO CULTURAL DE AMERICA,15 CALLE 2-59 ZONA 1,,MARIA FELICITA ROQUE CARRERA,,DIVERSIFICADO,PRIVADO,URBANA,CERRADA DEFINITIVAMENTE,MONOLINGUE,MATUTINA,DIARIO(REGULAR),GUATEMALA NORTE
00-01-3021-42,,CIUDAD CAPITAL,ZONA 1,COLEGIO JOSE ORTEGA Y GASSET,3A. AVE A 3-35,22320760,,,PARVULOS,PRIVADO,URBANA,CERRADA DEFINITIVAMENTE,MONOLINGUE,MATUTINA,DIARIO(REGULAR),GUATEMALA NORTE
00-01-3022-42,01-01-0028,CIUDAD CAPITAL,ZONA 1,CENTRO BILINGUE DE DESARROLLO TOTAL  ZENITH,13 CALLE 0-07,50030076,AMADO SALOMON FLORES PEREZ,MARTHA EUGENIA PAIZ PACHECO,PARVULOS,PRIVADO,URBANA,ABIERTA,MONOLINGUE,MATUTINA,DIARIO(REGULAR),GUATEMALA NORTE
00-01-3023-42,01-303,CIUDAD CAPITAL,ZONA 1,COLEGIO EDUCATIVO PRE-PRIMARIA Y PRIMARIA (CEPP),12 AVE. 13-48,22513812,GLORIA GABRIELA LARIOS GARCÍA,,PARVULOS,PRIVADO,URBANA,CERRADA TEMPORALMENTE,MONOLINGUE,MATUTINA,DIARIO(REGULAR),GUATEMALA NORTE
00-01-3024-45,,CIUDAD CAPITAL,ZONA 1,COLEGIO JOSE ORTEGA Y GASSET,4A. AVE 3-27,,,,BASICO,PRIVADO,URBANA,CERRADA DEFINITIVAMENTE,MONOLINGUE,MATUTINA,DIARIO(REGULAR),GUATEMALA NORTE
00-01-3025-46,,CIUDAD CAPITAL,ZONA 1,ESCUELA SUPERIOR DE INFORMATICA 'MARINA LOPEZ DE BAUTISTA',7A. AVE 3-19 ZONA 1,,,,DIVERSIFICADO,PRIVADO,URBANA,CERRADA DEFINITIVAMENTE,MONOLINGUE,VESPERTINA,DIARIO(REGULAR),GUATEMALA NORTE
00-01-3026-43,,CIUDAD CAPITAL,ZONA 1,"CENTRO INDUSTRIAL No 2, ANEXO ESC. No 11 'J. MARIANO GONZALEZ'",16 AVE 11-47,,,,PRIMARIA,OFICIAL,URBANA,CERRADA DEFINITIVAMENTE,MONOLINGUE,VESPERTINA,DIARIO(REGULAR),GUATEMALA NORTE
00-01-3042-45,01-01-0042,CIUDAD CAPITAL,ZONA 1,INSTITUTO TECNOLOGICO DIGITALES COMERCIALES,9A. CALLE 0-44,22382722,CARLOS HUMBERTO GONZALEZ DE LEON,ISAAC  GÓMEZ ESQUIT,BASICO,PRIVADO,URBANA,ABIERTA,MONOLINGUE,DOBLE,FIN DE SEMANA,GUATEMALA NORTE
00-01-3042-46,01-01-0048,CIUDAD CAPITAL,ZONA 1,INSTITUTO TECNOLOGICO DIGITALES COMERCIALES,9A CALLE 0-44,22382722,AMADO SALOMON FLORES PEREZ,ISAAC  GÓMEZ ESQUIT,DIVERSIFICADO,PRIVADO,URBANA,ABIERTA,MONOLINGUE,MATUTINA,DIARIO(REGULAR),GUATEMALA NORTE
00-01-3043-46,01-102,CIUDAD CAPITAL,ZONA 1,INSTITUTO AMERICANO EN CIENCIAS DE COMPUTACION,6A. AVE 18-23 ZONA 1,22232912,ZIZI ARELY LOPEZ CHINCHILLA,,DIVERSIFICADO,PRIVADO,URBANA,CERRADA TEMPORALMENTE,MONOLINGUE,INTERMEDIA,DIARIO(REGULAR),GUATEMALA NORTE
00-01-3044-45,01-01-0048,CIUDAD CAPITAL,ZONA 1,INSTITUTO TECNOLOGICO DIGITALES COMERCIALES Y ACADEMIA COMERCIAL ANEXA,9A. CALLE 0-44,22382722,AMADO SALOMON FLORES PEREZ,ISAAC  GÓMEZ ESQUIT,BASICO,PRIVADO,URBANA,ABIERTA,MONOLINGUE,MATUTINA,DIARIO(REGULAR),GUATEMALA NORTE
00-01-3045-45,01-304,CIUDAD CAPITAL,ZONA 1,CENTRO DE ESTUDIOS TECNOLOGICOS JM TECNO PRO,11 CALLE 10-28,22326796,AMADO SALOMON FLORES PEREZ,,BASICO,PRIVADO,URBANA,CERRADA TEMPORALMENTE,MONOLINGUE,MATUTINA,DIARIO(REGULAR),GUATEMALA NORTE
00-01-3045-46,01-304,CIUDAD CAPITAL,ZONA 1,CENTRO DE ESTUDIOS TECNOLOGICOS TECNO PRO,11 CALLE 10-28,,AMADO SALOMON FLORES PEREZ,-----,DIVERSIFICADO,PRIVADO,URBANA,CERRADA TEMPORALMENTE,MONOLINGUE,MATUTINA,DIARIO(REGULAR),GUATEMALA NORTE
00-01-3046-45,01-403,CIUDAD CAPITAL,ZONA 1,INSTITUTO AMERICANO EN CIENCIAS DE COMPUTACION,6A. AVENIDA 18-23,22322912,CARLOS HUMBERTO GONZÁLEZ DE LEÓN,MARCO ANTONIO CASTAÑEDA FLORES,BASICO,PRIVADO,URBANA,CERRADA TEMPORALMENTE,MONOLINGUE,MATUTINA,FIN DE SEMANA,GUATEMALA NORTE
00-01-3046-46,,CIUDAD CAPITAL,ZONA 1,INSTITUTO AMERICANO EN CIENCIAS DE COMPUTACION,6A. AVE. 18-23 ZONA 1,,,,DIVERSIFICADO,PRIVADO,URBANA,CERRADA DEFINITIVAMENTE,MONOLINGUE,DOBLE,DIARIO(REGULAR),GUATEMALA NORTE
00-01-3047-45,,CIUDAD CAPITAL,ZONA 1,COLEGIO DE CULTURA Y TECNOLOGIA C.C.T.,4A. CALLE 9-64,22517109,,,BASICO,PRIVADO,URBANA,CERRADA DEFINITIVAMENTE,MONOLINGUE,MATUTINA,DIARIO(REGULAR),GUATEMALA NORTE
00-01-3047-46,,CIUDAD CAPITAL,ZONA 1,COLEGIO DE CULTURA Y TECNOLOGIA C.C.T.,11 AVE 12-13 ZONA 1,,,,DIVERSIFICADO,PRIVADO,URBANA,CERRADA DEFINITIVAMENTE,MONOLINGUE,MATUTINA,DIARIO(REGULAR),GUATEMALA NORTE
00-01-3048-45,,CIUDAD CAPITAL,ZONA 1,RAMA ADULTA GUATEMALTECA DE DESEO ESTUDIANTIL (RAGDE),1 CALLE 18-34,,,,BASICO,PRIVADO,URBANA,CERRADA DEFINITIVAMENTE,MONOLINGUE,MATUTINA,DIARIO(REGULAR),GUATEMALA NORTE
00-01-3049-46,01-310,CIUDAD CAPITAL,ZONA 1,ESCUELA NACIONAL DE MECANOGRAFIA,8A. AVENIDA 14-34,22323551,EDDY FRANCISCO RAMÍREZ MORALES,,DIVERSIFICADO,OFICIAL,URBANA,CERRADA TEMPORALMENTE,MONOLINGUE,DOBLE,DIARIO(REGULAR),GUATEMALA NORTE
00-01-3050-46,01-318,CIUDAD CAPITAL,ZONA 1,INSTITUTO NORMAL PARA MAESTROS DE EDUCACION FISICA  GOTTINGEN,12 CALLE 2-31 ZONA 1,,SANDRA CAROLINA PÉREZ DONDIEGO DE CHOC,------,DIVERSIFICADO,PRIVADO,URBANA,CERRADA TEMPORALMENTE,MONOLINGUE,DOBLE,DIARIO(REGULAR),GUATEMALA NORTE
00-01-3060-42,,CIUDAD CAPITAL,ZONA 1,COLEGIO MIXTO 'NUEVA CANCION',16 CALLE 2-25,22535159,,,PARVULOS,PRIVADO,URBANA,CERRADA TEMPORALMENTE,MONOLINGUE,MATUTINA,DIARIO(REGULAR),GUATEMALA NORTE
00-01-3061-43,,CIUDAD CAPITAL,ZONA 1,CPMI 'JOSE ORTEGA Y GASSET',3A. AVENIDA 'A' 3-35,22320760,,,PRIMARIA,PRIVADO,URBANA,CERRADA DEFINITIVAMENTE,MONOLINGUE,MATUTINA,DIARIO(REGULAR),GUATEMALA NORTE
00-01-3061-45,01-315,CIUDAD CAPITAL,ZONA 1,CENTRO DE ESTUDIOS TECNOLOGICOS 'TECNO PRO',11 CALLE 10-28,22326796,LILIAN YOLANDA RODRÍGUEZ PINTO DE CASTRO,,BASICO,PRIVADO,URBANA,CERRADA TEMPORALMENTE,MONOLINGUE,INTERMEDIA,DIARIO(REGULAR),GUATEMALA NORTE
00-01-3062-45,,CIUDAD CAPITAL,ZONA 1,INSTITUTO 'FEDERICO CROWE',4A. AV. 9-66,22517748,,,BASICO,PRIVADO,URBANA,CERRADA TEMPORALMENTE,MONOLINGUE,VESPERTINA,DIARIO(REGULAR),GUATEMALA NORTE
00-01-3066-46,01-312,CIUDAD CAPITAL,ZONA 1,INSTITUTO PRIVADO GUATEMALA DE LA ASUNCION,9A. CALLE 1-60,22539506,AMADO  SALOMON FLORES PEREZ,,DIVERSIFICADO,PRIVADO,URBANA,CERRADA DEFINITIVAMENTE,MONOLINGUE,NOCTURNA,DIARIO(REGULAR),GUATEMALA NORTE
00-01-3084-43,,CIUDAD CAPITAL,ZONA 1,CPMI 'LUIS CARDOZA Y ARAGON',20 CALLE 6-17,,,,PRIMARIA,PRIVADO,URBANA,CERRADA DEFINITIVAMENTE,MONOLINGUE,MATUTINA,DIARIO(REGULAR),GUATEMALA NORTE
00-01-3085-45,01-403,CIUDAD CAPITAL,ZONA 1,COLEGIO PARA ADULTOS 'AHALCAB',2AV. 5-37,,CARLOS HUMBERTO GONZÁLEZ DE LEÓN,,BASICO,PRIVADO,URBANA,CERRADA TEMPORALMENTE,MONOLINGUE,NOCTURNA,DOMINICAL,GUATEMALA NORTE
00-01-3085-46,01-,CIUDAD CAPITAL,ZONA 1,COLEGIO PARA ADULTOS  AHALCAB,2AV. 5-37 ZONA 1,,MARIA FELICITA ROQUE CARRERA,,DIVERSIFICADO,PRIVADO,URBANA,CERRADA TEMPORALMENTE,MONOLINGUE,NOCTURNA,DIARIO(REGULAR),GUATEMALA NORTE
00-01-3087-46,,CIUDAD CAPITAL,ZONA 1,INSTITUTO PRIVADO MIXTO DE EDUCACION DIVERSIFICADA LICEO PREUNIVERSITARIO DE COMPUTACION,5A. AVE 3-79 ZONA 1,"25763, 26725 Y 21568",,,DIVERSIFICADO,PRIVADO,URBANA,CERRADA DEFINITIVAMENTE,MONOLINGUE,VESPERTINA,DIARIO(REGULAR),GUATEMALA NORTE
00-01-3095-46,01-403,CIUDAD CAPITAL,ZONA 1,COLEGIO RAMA ADULTA GUATEMALTECA DE DESEO ESTUDIANTIL (RAGDE),1A. CALLE 18-34 ZONA 1,,CARLOS HUMBERTO GONZÁLEZ DE LEÓN,,DIVERSIFICADO,PRIVADO,URBANA,CERRADA TEMPORALMENTE,MONOLINGUE,MATUTINA,SABATINO,GUATEMALA NORTE
00-01-3096-45,,CIUDAD CAPITAL,ZONA 1,IPMB Y BACHILLERATO PORMADUREZ 'CAMPERO',2A. AVE 13-29,22209015,,,BASICO,PRIVADO,URBANA,CERRADA DEFINITIVAMENTE,MONOLINGUE,DOBLE,FIN DE SEMANA,GUATEMALA NORTE
00-01-3096-46,,CIUDAD CAPITAL,ZONA 1,INSTITUTO PRIVADO MIXTO DE EDUCACION BASICA Y BACHILLERATO PORMADUREZ 'CAMPERO',2A. AVE 13-29 ZONA 1,22209015,,,DIVERSIFICADO,PRIVADO,URBANA,CERRADA DEFINITIVAMENTE,MONOLINGUE,DOBLE,SABATINO,GUATEMALA NORTE
00-01-3105-43,,CIUDAD CAPITAL,ZONA 1,EPUM 'CENTRO EDUCATIVO EXPERIMENTAL NNAT DE SODIFAG',5A. Y 6A. CALLE ENTRE 13 Y 14 AV. 2DO. NIVEL MERCADO COLON,22512525,,,PRIMARIA,PRIVADO,URBANA,CERRADA DEFINITIVAMENTE,MONOLINGUE,MATUTINA,DIARIO(REGULAR),GUATEMALA NORTE
00-01-3111-43,,CIUDAD CAPITAL,ZONA 1,EPUM 'CENTRO EDUCATIVO EXPERIMENTAL NNAT DE SODIFAG',MERCADO CENTRAL,22512525,,,PRIMARIA,PRIVADO,URBANA,CERRADA DEFINITIVAMENTE,MONOLINGUE,MATUTINA,DIARIO(REGULAR),GUATEMALA NORTE
00-01-3112-43,,CIUDAD CAPITAL,ZONA 1,EPUM CENTRO EDUCATIVO EXPERIMENTAL NNAT DE SODIFAG,PARQUE CENTRAL,22512525,,,PRIMARIA,PRIVADO,URBANA,CERRADA DEFINITIVAMENTE,MONOLINGUE,MATUTINA,DIARIO(REGULAR),GUATEMALA NORTE
00-01-3113-43,,CIUDAD CAPITAL,ZONA 1,EPUM CENTRO EDUCATIVO EXPERIMENTAL NNAT DE SODIFAG,20 CALLE 'A' 6-17,,,,PRIMARIA,PRIVADO,URBANA,CERRADA DEFINITIVAMENTE,MONOLINGUE,MATUTINA,DIARIO(REGULAR),GUATEMALA NORTE
00-01-3114-43,,CIUDAD CAPITAL,ZONA 1,EPUM CENTRO EDUCATIVO EXPERIMENTAL NNAT DE SODIFAG,PARQUE CONCORDIA 6A. AV. CORREOS Y 9A. CALLE,22512525,,,PRIMARIA,PRIVADO,URBANA,CERRADA DEFINITIVAMENTE,MONOLINGUE,MATUTINA,DIARIO(REGULAR),GUATEMALA NORTE
00-01-3115-43,,CIUDAD CAPITAL,ZONA 1,EPUM CENTRO EDUCATIVO EXPERIMENTAL NNAT DE SODIFAG,6A. AV. 19-15,22512525,,,PRIMARIA,PRIVADO,URBANA,CERRADA DEFINITIVAMENTE,MONOLINGUE,MATUTINA,DIARIO(REGULAR),GUATEMALA NORTE
00-01-3116-43,,CIUDAD CAPITAL,ZONA 1,EPUM CENTRO EDUCATIVO EXPERIMENTAL NNAT DE SODIFAG,18 CALLE 5A. Y 6A. AV.,22512525,,,PRIMARIA,PRIVADO,URBANA,CERRADA DEFINITIVAMENTE,MONOLINGUE,MATUTINA,DIARIO(REGULAR),GUATEMALA NORTE
00-01-3124-43,,CIUDAD CAPITAL,ZONA 1,CPMI 'EDUCATIVO PREPRIMARIA Y PRIMARIA' (C. E. P. P.),12 AV. 13-48,,,,PRIMARIA,PRIVADO,URBANA,CERRADA DEFINITIVAMENTE,MONOLINGUE,MATUTINA,DIARIO(REGULAR),GUATEMALA NORTE
00-01-3157-46,,CIUDAD CAPITAL,ZONA 1,LICEO DE CIENCIAS TECNICAS,14 AV. 3-37 ZONA 1,,,,DIVERSIFICADO,PRIVADO,URBANA,CERRADA DEFINITIVAMENTE,MONOLINGUE,VESPERTINA,DIARIO(REGULAR),GUATEMALA NORTE
00-01-3160-45,01-403,CIUDAD CAPITAL,ZONA 1,CENTRO DE FORMACION PROFESIONAL,11 CALLE 9-33,,CARLOS HUMBERTO GONZÁLEZ DE LEÓN,,BASICO,PRIVADO,URBANA,CERRADA TEMPORALMENTE,MONOLINGUE,INTERMEDIA,DIARIO(REGULAR),GUATEMALA NORTE
00-01-3161-46,01-403,CIUDAD CAPITAL,ZONA 1,CENTRO DE FORMACION PROFESIONAL,11 CALLE 9-33,22324701,CARLOS HUMBERTO GONZÁLEZ DE LEÓN,,DIVERSIFICADO,PRIVADO,URBANA,CERRADA TEMPORALMENTE,MONOLINGUE,INTERMEDIA,DIARIO(REGULAR),GUATEMALA NORTE
00-01-4009-45,01-307,CIUDAD CAPITAL,ZONA 1,ESCUELA SUPERIOR DE INFORMATICA,11 CALLE 11-26,,NORMA ARACELY PALOMO FRANCO DE DIAZ,,BASICO,PRIVADO,URBANA,CERRADA TEMPORALMENTE,MONOLINGUE,VESPERTINA,DIARIO(REGULAR),GUATEMALA NORTE
00-01-4009-46,01-307,CIUDAD CAPITAL,ZONA 1,ESCUELA SUPERIOR DE INFORMATICA,11 CALLE 11-26,22323144,NORMA ARACELY PALOMO FRANCO DE DIAZ,--------------,DIVERSIFICADO,PRIVADO,URBANA,CERRADA TEMPORALMENTE,MONOLINGUE,VESPERTINA,DIARIO(REGULAR),GUATEMALA NORTE
00-01-4010-45,01-627,CIUDAD CAPITAL,ZONA 1,ESCUELA SUPERIOR DE INFORMATICA,11 CALLE 11-26,22323144,ISAURA AMPARO RECINOS CARRILLO,,BASICO,PRIVADO,URBANA,CERRADA TEMPORALMENTE,MONOLINGUE,INTERMEDIA,DIARIO(REGULAR),GUATEMALA NORTE
00-01-4010-46,01-403,CIUDAD CAPITAL,ZONA 1,ESCUELA SUPERIOR DE INFORMATICA,11 CALLE 11-26,,CARLOS HUMBERTO GONZÁLEZ DE LEÓN,---,DIVERSIFICADO,PRIVADO,URBANA,CERRADA TEMPORALMENTE,MONOLINGUE,INTERMEDIA,DIARIO(REGULAR),GUATEMALA NORTE
00-01-4012-45,,CIUDAD CAPITAL,ZONA 1,LICEO 'VICTORIA',6A. AVE. 'A' 1-30,,,,BASICO,PRIVADO,URBANA,CERRADA DEFINITIVAMENTE,MONOLINGUE,MATUTINA,DIARIO(REGULAR),GUATEMALA NORTE
00-01-4111-45,01-403,CIUDAD CAPITAL,ZONA 1,ESCUELA SISTEMATIZADA EN COMPUTACION,4A. AVENIDA 1-21,"2325732, 2320075, 2307014",CARLOS HUMBERTO GONZÁLEZ DE LEÓN,,BASICO,PRIVADO,URBANA,CERRADA TEMPORALMENTE,MONOLINGUE,MATUTINA,SABATINO,GUATEMALA NORTE
00-01-4112-46,01-403,CIUDAD CAPITAL,ZONA 1,ESCUELA SISTEMATIZADA EN COMPUTACION,4A. AVE. 1-21 ZONA 1,"2325732, 2320075, 2307014",CARLOS HUMBERTO GONZÁLEZ DE LEÓN,,DIVERSIFICADO,PRIVADO,URBANA,CERRADA TEMPORALMENTE,MONOLINGUE,MATUTINA,SABATINO,GUATEMALA NORTE
00-01-4174-42,,CIUDAD CAPITAL,ZONA 1,EODP NO.44,18 AVENIDA 'A' 1-23,,,,PARVULOS,OFICIAL,URBANA,CERRADA DEFINITIVAMENTE,MONOLINGUE,MATUTINA,DIARIO(REGULAR),GUATEMALA NORTE
00-01-4195-43,01-01-0028,CIUDAD CAPITAL,ZONA 1,CPMI 'CRISTIANO GUATEMALTECO',13 CALLE 2-30,22323228,AMADO SALOMON FLORES PEREZ,CAROLINA  FUNES ENRIQUEZ,PRIMARIA,PRIVADO,URBANA,ABIERTA,MONOLINGUE,MATUTINA,DIARIO(REGULAR),GUATEMALA NORTE
00-01-4303-46,,CIUDAD CAPITAL,ZONA 1,COLEGIO MIXTO CRISTIANO GUATEMALTECO,13 CALLE 2-30 ZONA 1,22323228,,,DIVERSIFICADO,PRIVADO,URBANA,CERRADA TEMPORALMENTE,MONOLINGUE,VESPERTINA,DIARIO(REGULAR),GUATEMALA NORTE
00-01-4320-46,01-317,CIUDAD CAPITAL,ZONA 1,COLEGIO  FRANCES AMERICANO,12 AVENIDA 11-69,22325117,MARIANO DOMINGO ESTRADA TELETOR,---,DIVERSIFICADO,PRIVADO,URBANA,CERRADA DEFINITIVAMENTE,MONOLINGUE,MATUTINA,DIARIO(REGULAR),GUATEMALA NORTE
00-01-4322-46,,CIUDAD CAPITAL,ZONA 1,COLEGIO PRIVADO MIXTO CULTURA Y TECNOLOGIA 'CCT',4A. CALLE 9-64 ZONA 1,,,,DIVERSIFICADO,PRIVADO,URBANA,CERRADA DEFINITIVAMENTE,MONOLINGUE,MATUTINA,DIARIO(REGULAR),GUATEMALA NORTE
00-01-4324-46,01-317,CIUDAD CAPITAL,ZONA 1,LICEO TECNICO DE COMPUTACION C.S.S.,11 AVENIDA 9-12,22205487,MARIANO DOMINGO ESTRADA TELETOR,,DIVERSIFICADO,PRIVADO,URBANA,TEMPORAL TITULOS,MONOLINGUE,DOBLE,DIARIO(REGULAR),GUATEMALA NORTE
00-01-4334-46,01-310,CIUDAD CAPITAL,ZONA 1,LICEO SAN GREGORIO MAGNO,8A. AVE. 9-60,22536913,EDDY FRANCISCO RAMÍREZ MORALES,,DIVERSIFICADO,PRIVADO,URBANA,CERRADA TEMPORALMENTE,MONOLINGUE,MATUTINA,DIARIO(REGULAR),GUATEMALA NORTE
00-01-4336-46,01-318,CIUDAD CAPITAL,ZONA 1,LICEO SAN ANTONIO,2A. AVENIDA 2-13,22201482,SANDRA CAROLINA PÉREZ DONDIEGO DE CHOC,IRMA LETICIA BOLAÑOS SAMAYOA,DIVERSIFICADO,PRIVADO,URBANA,CERRADA DEFINITIVAMENTE,MONOLINGUE,MATUTINA,DIARIO(REGULAR),GUATEMALA NORTE
00-01-4337-46,,CIUDAD CAPITAL,ZONA 1,COLEGIO Y CENTRO ACADEMICO 'SANTA VICTORIA',9A. AVENIDA 2-82 ZONA 1,22510388,,,DIVERSIFICADO,PRIVADO,URBANA,CERRADA DEFINITIVAMENTE,MONOLINGUE,MATUTINA,DIARIO(REGULAR),GUATEMALA NORTE
00-01-4338-46,01-318,CIUDAD CAPITAL,ZONA 1,LICEO  GUATEMALTECO DE COMPUTACION,4A. AVENIDA 15-57,22326419,SANDRA CAROLINA PÉREZ DONDIEGO DE CHOC,JOSE FRANCISCO HERNÁNDEZ RODAS,DIVERSIFICADO,PRIVADO,URBANA,CERRADA TEMPORALMENTE,MONOLINGUE,VESPERTINA,DIARIO(REGULAR),GUATEMALA NORTE
00-01-4339-46,01-318,CIUDAD CAPITAL,ZONA 1,LICEO  GUATEMALTECO DE COMPUTACION,4A. AVENIDA 15-57,22326419,SANDRA CAROLINA PÉREZ DONDIEGO DE CHOC,IRIS NINETH RUEDA ARRIOLA,DIVERSIFICADO,PRIVADO,URBANA,CERRADA TEMPORALMENTE,MONOLINGUE,MATUTINA,DIARIO(REGULAR),GUATEMALA NORTE
00-01-4346-45,,CIUDAD CAPITAL,ZONA 1,INSTITUTO PRIVADO DE EDUCACION BASICA COLEGIO 'TECNICO SUPERIOR',13 AV. 4-72,,,,BASICO,PRIVADO,URBANA,CERRADA TEMPORALMENTE,MONOLINGUE,VESPERTINA,DIARIO(REGULAR),GUATEMALA NORTE
00-01-4348-46,01-102,CIUDAD CAPITAL,ZONA 1,INSTITUTO DE EDUCACION DIVERSIFICADA COLEGIO TECNICO SUPERIOR,13 AVENIDA 4-72 ZONA 1,,ZIZI ARELY LOPEZ CHINCHILLA,,DIVERSIFICADO,PRIVADO,URBANA,CERRADA TEMPORALMENTE,MONOLINGUE,MATUTINA,DIARIO(REGULAR),GUATEMALA NORTE
00-01-4350-46,01-,CIUDAD CAPITAL,ZONA 1,INSTITUTO PRIVADO DE EDUCACION DIVERSIFICADA COLEGIO 'TECNICO SUPERIOR',13 AVENIDA 4-72 ZONA 1,,MARIA FELICITA ROQUE CARRERA,,DIVERSIFICADO,PRIVADO,URBANA,CERRADA DEFINITIVAMENTE,MONOLINGUE,VESPERTINA,DIARIO(REGULAR),GUATEMALA NORTE
00-01-4351-45,,CIUDAD CAPITAL,ZONA 1,INSTITUTO PRIVADO DE EDUCACION BASICA COLEGIO 'TECNICO SUPERIOR',13 AVENIDA 4-72,,,,BASICO,PRIVADO,URBANA,CERRADA DEFINITIVAMENTE,MONOLINGUE,MATUTINA,DIARIO(REGULAR),GUATEMALA NORTE
00-01-4353-45,01-317,CIUDAD CAPITAL,ZONA 1,COLEGIO 'FRANCES AMERICANO',12 CALLE 11-18,22537368,MARIANO DOMINGO ESTRADA TELETOR,,BASICO,PRIVADO,URBANA,CERRADA DEFINITIVAMENTE,MONOLINGUE,MATUTINA,DIARIO(REGULAR),GUATEMALA NORTE
00-01-4354-45,,CIUDAD CAPITAL,ZONA 1,LICEO JUVENIL DE COMPUTACION C.S.S.,10A. AVENIDA 5-21,,,,BASICO,PRIVADO,URBANA,CERRADA DEFINITIVAMENTE,MONOLINGUE,MATUTINA,DIARIO(REGULAR),GUATEMALA NORTE
00-01-4355-45,,CIUDAD CAPITAL,ZONA 1,LICEO DE CIENCIAS TECNICAS,1A. CALLE 13-59,,,,BASICO,PRIVADO,URBANA,CERRADA DEFINITIVAMENTE,MONOLINGUE,MATUTINA,DIARIO(REGULAR),GUATEMALA NORTE
00-01-4363-42,01-307,CIUDAD CAPITAL,ZONA 1,CENTRO EDUCATIVO DEMING,18 CALLE 1-20,24595015,NORMA ARACELY PALOMO FRANCO DE DIAZ,,PARVULOS,PRIVADO,URBANA,CERRADA TEMPORALMENTE,MONOLINGUE,MATUTINA,DIARIO(REGULAR),GUATEMALA NORTE
00-01-4364-42,01-318,CIUDAD CAPITAL,ZONA 1,LICEO  MONTESSORI,7A. CALLE 12-51,22305869,SANDRA CAROLINA PÉREZ DONDIEGO DE CHOC,HECTOR GERARDO MUÑIZ BONILLA,PARVULOS,PRIVADO,URBANA,CERRADA TEMPORALMENTE,MONOLINGUE,MATUTINA,DIARIO(REGULAR),GUATEMALA NORTE
00-01-4367-44,,CIUDAD CAPITAL,ZONA 1,EPPA 'EL SEMBRADOR',12 CALLE 3-64,22325044,,,PRIMARIA DE ADULTOS,PRIVADO,URBANA,CERRADA DEFINITIVAMENTE,MONOLINGUE,MATUTINA,DOMINICAL,GUATEMALA NORTE
00-01-4376-46,01-403,CIUDAD CAPITAL,ZONA 1,INSTITUTO PARTICULAR MIXTO CIENCIA Y DESARROLLO,10A. CALLE 3-15,22534181,CARLOS HUMBERTO GONZÁLEZ DE LEÓN,,DIVERSIFICADO,PRIVADO,URBANA,CERRADA DEFINITIVAMENTE,MONOLINGUE,DOBLE,DOMINICAL,GUATEMALA NORTE
00-01-4384-46,01-308,CIUDAD CAPITAL,ZONA 1,LICEO DE COMPUTACION 'SIGLO 21' NO.1,8A. AVENIDAD 13-30 ZONA 1,22383471,JORGE MYNOR SOL HERNÁNDEZ,-----------------------------,DIVERSIFICADO,PRIVADO,URBANA,CERRADA DEFINITIVAMENTE,MONOLINGUE,MATUTINA,DIARIO(REGULAR),GUATEMALA NORTE
00-01-4387-46,,CIUDAD CAPITAL,ZONA 1,LICEO DE COMPUTACION 'C.S.S',10A. AVENIDA 11-46 ZONA 1,22519670,,,DIVERSIFICADO,PRIVADO,URBANA,CERRADA TEMPORALMENTE,MONOLINGUE,NOCTURNA,DIARIO(REGULAR),GUATEMALA NORTE
00-01-4388-46,01-304,CIUDAD CAPITAL,ZONA 1,CENTRO DE COMPUTACION IMB-PC,14 CALLE 2-04 Y 13 CALLE 2-08,23773092,AMADO SALOMON FLORES PEREZ,-------,DIVERSIFICADO,PRIVADO,URBANA,CERRADA DEFINITIVAMENTE,MONOLINGUE,MATUTINA,DIARIO(REGULAR),GUATEMALA NORTE
00-01-4393-46,,CIUDAD CAPITAL,ZONA 1,INSTITUTO TECNICO SUPERIOR,13 AVENIDA 4-72 ZONA 1,,,,DIVERSIFICADO,PRIVADO,URBANA,CERRADA DEFINITIVAMENTE,MONOLINGUE,NOCTURNA,DIARIO(REGULAR),GUATEMALA NORTE
00-01-4395-46,01-403,CIUDAD CAPITAL,ZONA 1,LICEO GUATEMALTECO DE COMPUTACION,4A. AVENIDA 15-57,22326419,CARLOS HUMBERTO GONZÁLEZ DE LEÓN,ZOILA AMERICA PARADA CÓRDOVA,DIVERSIFICADO,PRIVADO,URBANA,CERRADA TEMPORALMENTE,MONOLINGUE,INTERMEDIA,DIARIO(REGULAR),GUATEMALA NORTE
00-01-4396-46,01-01-0037,CIUDAD CAPITAL,ZONA 1,LICEO GUATEMALTECO DE COMPUTACION,4A. AVENIDA 15-57,22326419,CARLOS HUMBERTO GONZALEZ DE LEON,LUZ ELENA GARCIA GALVEZ,DIVERSIFICADO,PRIVADO,URBANA,CERRADA TEMPORALMENTE,MONOLINGUE,DOBLE,FIN DE SEMANA,GUATEMALA NORTE
00-01-4397-42,,CIUDAD CAPITAL,ZONA 1,CENTRO DE CAPACITACION 'CECAP',11 CALLE 2-54,,,,PARVULOS,PRIVADO,URBANA,CERRADA TEMPORALMENTE,MONOLINGUE,MATUTINA,DIARIO(REGULAR),GUATEMALA NORTE
00-01-4401-46,,CIUDAD CAPITAL,ZONA 1,LICEO 'GUATEMALTECO DE COMPUTACION',4A. AVENIDA 15-57 ZONA 1,,,,DIVERSIFICADO,PRIVADO,URBANA,CERRADA DEFINITIVAMENTE,MONOLINGUE,VESPERTINA,SABATINO,GUATEMALA NORTE
00-01-4403-46,01-01-0042,CIUDAD CAPITAL,ZONA 1,INSTITUTO TECNOLOGICO DIGITALES COMERCIALES,9A. CALLE 0-44,22382722,CARLOS HUMBERTO GONZALEZ DE LEON,ISAAC  GÓMEZ ESQUIT,DIVERSIFICADO,PRIVADO,URBANA,ABIERTA,MONOLINGUE,DOBLE,FIN DE SEMANA,GUATEMALA NORTE
00-01-4405-46,01-,CIUDAD CAPITAL,ZONA 1,COLEGIO  JOHANNES PAVLVS  II,6A. AVENIDA 1-87 ZONA 1,,MARIA FELICITA ROQUE CARRERA,,DIVERSIFICADO,PRIVADO,URBANA,CERRADA TEMPORALMENTE,MONOLINGUE,DOBLE,SABATINO,GUATEMALA NORTE
00-01-4406-46,,CIUDAD CAPITAL,ZONA 1,INSTITUTO AMERICANO EN CIENCIAS DE COMPUTACION,6A. AVENIDA 18-23 ZONA 1,,,,DIVERSIFICADO,PRIVADO,URBANA,CERRADA DEFINITIVAMENTE,MONOLINGUE,MATUTINA,FIN DE SEMANA,GUATEMALA NORTE
00-01-4408-46,,CIUDAD CAPITAL,ZONA 1,INSTITUTO GUATEMALTECO DE EDUCACION INTEGRAL 'PAIDOS',11 CALLE 11-28 ZONA 1,,,,DIVERSIFICADO,PRIVADO,URBANA,CERRADA DEFINITIVAMENTE,MONOLINGUE,DOBLE,SABATINO,GUATEMALA NORTE
00-01-4410-46,01-627,CIUDAD CAPITAL,ZONA 1,LICEO DE COMPUTACION  C.S.S,11 CALLE 9-62 ZONA 1,22517771,ISAURA AMPARO RECINOS CARRILLO,NORMA LUCRECIA CORDOVA HEREDIA DE ALVAREZ,DIVERSIFICADO,PRIVADO,URBANA,CERRADA DEFINITIVAMENTE,MONOLINGUE,DOBLE,SABATINO,GUATEMALA NORTE
00-01-4411-46,01-627,CIUDAD CAPITAL,ZONA 1,LICEO  IBERO GUATEMALTECO,7A. AVENIDA 3-75,22519212,ISAURA AMPARO RECINOS CARRILLO,EDNA ALICIA MONTIEL CUSTODIO,DIVERSIFICADO,PRIVADO,URBANA,CERRADA TEMPORALMENTE,MONOLINGUE,MATUTINA,FIN DE SEMANA,GUATEMALA NORTE
00-01-4412-46,,CIUDAD CAPITAL,ZONA 1,INSTITUTO DE BACHILLERATO POR MADUREZ 'FEDERICO CROWE',4A. AVENIDA 9-66 ZONA 1,,,,DIVERSIFICADO,PRIVADO,URBANA,CERRADA TEMPORALMENTE,MONOLINGUE,NOCTURNA,DIARIO(REGULAR),GUATEMALA NORTE
00-01-4414-46,,CIUDAD CAPITAL,ZONA 1,INSTITUTO PRIVADO MIXTO DE EDUCACION DIVERSIFICADA LICEO 'PREUNIVERSITARIO DE COMPUTACION',5A. AVENIDA 3-79 ZONA 1,"26725,25763 Y 21568",,,DIVERSIFICADO,PRIVADO,URBANA,CERRADA DEFINITIVAMENTE,MONOLINGUE,DOBLE,SABATINO,GUATEMALA NORTE
00-01-4422-45,,CIUDAD CAPITAL,ZONA 1,LICEO 'GUATEMALTECO DE COMPUTACION',4A. AVENIDA 15-57,,,,BASICO,PRIVADO,URBANA,CERRADA TEMPORALMENTE,MONOLINGUE,INTERMEDIA,DIARIO(REGULAR),GUATEMALA NORTE
00-01-4423-45,,CIUDAD CAPITAL,ZONA 1,INSTITUTO 'TECNICO SUPERIOR',13 AVENIDA 4-72,,,,BASICO,PRIVADO,URBANA,CERRADA DEFINITIVAMENTE,MONOLINGUE,NOCTURNA,DIARIO(REGULAR),GUATEMALA NORTE
00-01-4426-45,01-01-0044,CIUDAD CAPITAL,ZONA 1,LICEO DE COMPUTACION  SIGLO 21,12 AVENIDA 13-67,25087494,MARIANO DOMINGO ESTRADA TELETOR,JESÚS EDUARDO ARGUETA ESCOBEDO,BASICO,PRIVADO,URBANA,ABIERTA,MONOLINGUE,MATUTINA,DIARIO(REGULAR),GUATEMALA NORTE
00-01-4427-45,01-01-0037,CIUDAD CAPITAL,ZONA 1,LICEO  GUATEMALTECO DE COMPUTACION,4A. AVENIDA 15-57,22326419,CARLOS HUMBERTO GONZALEZ DE LEON,LUZ ELENA GARCÍA GÁLVEZ DE VILLA LOBOS,BASICO,PRIVADO,URBANA,CERRADA TEMPORALMENTE,MONOLINGUE,DOBLE,FIN DE SEMANA,GUATEMALA NORTE
00-01-4428-45,01-401,CIUDAD CAPITAL,ZONA 1,INSTITUTO PSICOPEDAGOGICO DE GUATEMALA 'JOSE MARIA VALERO',15 CALLE 1-19,,IXMUCANE ALDANA VILLAVICENCIO,,BASICO,PRIVADO,URBANA,CERRADA TEMPORALMENTE,MONOLINGUE,DOBLE,SABATINO,GUATEMALA NORTE
00-01-4429-45,01-401,CIUDAD CAPITAL,ZONA 1,CENTRO DE FORMACION PROFESIONAL,11 CALLE 9-33,,IXMUCANE ALDANA VILLAVICENCIO,,BASICO,PRIVADO,URBANA,CERRADA TEMPORALMENTE,MONOLINGUE,MATUTINA,SABATINO,GUATEMALA NORTE
00-01-4431-45,,CIUDAD CAPITAL,ZONA 1,LICEO DE COMPUTACION 'C.S.S',4A. AVENIDA 13-47,,,,BASICO,PRIVADO,URBANA,CERRADA TEMPORALMENTE,MONOLINGUE,MATUTINA,SABATINO,GUATEMALA NORTE
00-01-4432-45,01-401,CIUDAD CAPITAL,ZONA 1,COLEGIO 'INTERNACIONAL AMERICANO' C.I.A,9A. CALLE 0-50,,IXMUCANE ALDANA VILLAVICENCIO,,BASICO,PRIVADO,URBANA,CERRADA TEMPORALMENTE,MONOLINGUE,DOBLE,SABATINO,GUATEMALA NORTE
00-01-4433-45,01-401,CIUDAD CAPITAL,ZONA 1,COLEGIO RAMA ADULTA GUATEMALTECA DE DESEO ESTUDIANTIL (R.A.G.D.E),1A. CALLE 18-34,22539349,IXMUCANE ALDANA VILLAVICENCIO,,BASICO,PRIVADO,URBANA,CERRADA TEMPORALMENTE,MONOLINGUE,MATUTINA,SABATINO,GUATEMALA NORTE
00-01-4435-45,,CIUDAD CAPITAL,ZONA 1,COLEGIO 'JOHANNES PAVLVS II',"6A. AVENIDA 1-87 (SE TRASLADO A 25 AV. 23-16 Z 7, SAN MIGUEL PETAPA)",54181635,,,BASICO,PRIVADO,URBANA,CERRADA TEMPORALMENTE,MONOLINGUE,DOBLE,SABATINO,GUATEMALA NORTE
00-01-4437-45,01-401,CIUDAD CAPITAL,ZONA 1,CENTRO DE COMPUTACION IMB-PC,14 CALLE 2-04 Y 13 CALLE 2-08,23773092,IXMUCANE ALDANA VILLAVICENCIO,,BASICO,PRIVADO,URBANA,CERRADA DEFINITIVAMENTE,MONOLINGUE,MATUTINA,SABATINO,GUATEMALA NORTE
00-01-4439-46,,CIUDAD CAPITAL,ZONA 1,COLEGIO EVANGELICO 'HOGAR DE FE',"20 AVENIDA FINAL 20-00 ZONA 18, COLONIA PARAISO I",,,,DIVERSIFICADO,PRIVADO,URBANA,CERRADA DEFINITIVAMENTE,MONOLINGUE,NOCTURNA,DIARIO(REGULAR),GUATEMALA NORTE
00-01-4441-45,,CIUDAD CAPITAL,ZONA 1,INSTITUTO GUATEMALTECO DE EDUCACION INTEGRAL 'PAIDOS',11 CALLE 11-28,,,,BASICO,PRIVADO,URBANA,CERRADA DEFINITIVAMENTE,MONOLINGUE,NOCTURNA,SABATINO,GUATEMALA NORTE
00-01-4442-45,01-627,CIUDAD CAPITAL,ZONA 1,LICEO IBERO GUATEMALTECO,7A. AVENIDA 3-75,22519212,ISAURA AMPARO RECINOS CARRILLO,EDNA ALICIA MONTIEL CUSTODIO,BASICO,PRIVADO,URBANA,CERRADA TEMPORALMENTE,MONOLINGUE,MATUTINA,FIN DE SEMANA,GUATEMALA NORTE
00-01-4443-45,,CIUDAD CAPITAL,ZONA 1,INSTITUTO 'FEDERICO CROWE',4A. AVENIDA 9-66,,,,BASICO,PRIVADO,URBANA,CERRADA TEMPORALMENTE,MONOLINGUE,NOCTURNA,DIARIO(REGULAR),GUATEMALA NORTE
00-01-4457-46,01-402,CIUDAD CAPITAL,ZONA 1,COLEGIO 'INTERNACIONAL GUATEMALTECO',9A. CALLE 0-50 ZONA 1,,CARLOS HUMBERTO GONZALEZ DE LEON,,DIVERSIFICADO,PRIVADO,URBANA,CERRADA TEMPORALMENTE,MONOLINGUE,INTERMEDIA,DIARIO(REGULAR),GUATEMALA NORTE
00-01-4458-46,,CIUDAD CAPITAL,ZONA 1,CENTRO DE FORMACION PROFESIONAL,11 CALLE 9-33 ZONA 1,,,,DIVERSIFICADO,PRIVADO,URBANA,CERRADA DEFINITIVAMENTE,MONOLINGUE,MATUTINA,FIN DE SEMANA,GUATEMALA NORTE
00-01-4552-46,,CIUDAD CAPITAL,ZONA 1,INSTITUTO 'FEDERICO CROWE',4A. AVENIDA 9-66 ZONA 1,22517748,,,DIVERSIFICADO,PRIVADO,URBANA,CERRADA DEFINITIVAMENTE,MONOLINGUE,MATUTINA,SABATINO,GUATEMALA NORTE
00-01-4553-46,01-627,CIUDAD CAPITAL,ZONA 1,INSTITUTO AMERICANO EN CIENCIAS DE COMPUTACION POR MADUREZ,6A. AVENIDA 18-23 ZONA 1,,ISAURA AMPARO RECINOS CARRILLO,,DIVERSIFICADO,PRIVADO,URBANA,CERRADA TEMPORALMENTE,MONOLINGUE,INTERMEDIA,DIARIO(REGULAR),GUATEMALA NORTE
00-01-4555-46,,CIUDAD CAPITAL,ZONA 1,'INSTITUTO PARTICULARA MIXTO JOSE MARTI',8A CALLE 12-41 ZONA 1,,,,DIVERSIFICADO,PRIVADO,URBANA,CERRADA DEFINITIVAMENTE,MONOLINGUE,MATUTINA,DIARIO(REGULAR),GUATEMALA NORTE
00-01-4561-46,01-315,CIUDAD CAPITAL,ZONA 1,CENTRO DE ESTUDIOS TECNOLOGICOS  TECNO PRO,11 CALLE 10-28 ZONA 1,22326796,LILIAN YOLANDA RODRÍGUEZ PINTO DE CASTRO,------,DIVERSIFICADO,PRIVADO,URBANA,CERRADA TEMPORALMENTE,MONOLINGUE,INTERMEDIA,DIARIO(REGULAR),GUATEMALA NORTE
00-01-4607-45,,CIUDAD CAPITAL,ZONA 1,COLEGIO 'INTERNACIONAL AMERICANO' C.I.A.,1RA. CALLE 'B' 1-85,,,,BASICO,PRIVADO,URBANA,CERRADA DEFINITIVAMENTE,MONOLINGUE,VESPERTINA,DIARIO(REGULAR),GUATEMALA NORTE
00-01-4609-46,,CIUDAD CAPITAL,ZONA 1,COLEGIO 'INTERNACIONAL AMERICANO ' C.I.A.,"1ERA CALLE 'B' 1-85, ZONA 1",,,,DIVERSIFICADO,PRIVADO,URBANA,CERRADA DEFINITIVAMENTE,MONOLINGUE,VESPERTINA,DIARIO(REGULAR),GUATEMALA NORTE
00-01-4610-46,,CIUDAD CAPITAL,ZONA 1,INSTITUTO PRIVADO MIXTO DE EDUCACION DIVERSIFICADA COLEGIO BROW'S,11 CALLE 10-50 ZONA 1,,,,DIVERSIFICADO,PRIVADO,URBANA,CERRADA DEFINITIVAMENTE,MONOLINGUE,INTERMEDIA,DIARIO(REGULAR),GUATEMALA NORTE
00-01-4612-46,01-102,CIUDAD CAPITAL,ZONA 1,INSTITUTO PRIVADO TECNICO AMERICANO,4A AVENIDA 12-20 ZONA 1,,ZIZI ARELY LOPEZ CHINCHILLA,-----,DIVERSIFICADO,PRIVADO,URBANA,TEMPORAL TITULOS,MONOLINGUE,MATUTINA,DIARIO(REGULAR),GUATEMALA NORTE
00-01-4619-44,01-402,CIUDAD CAPITAL,ZONA 1,ESCUELA EXPERIMENTAL DEL DIA DOMINGO PARA NIÑAS TRABAJADORAS,10 CALLE 10-49,22541311,CARLOS HUMBERTO GONZALEZ DE LEON,,PRIMARIA DE ADULTOS,PRIVADO,URBANA,CERRADA TEMPORALMENTE,MONOLINGUE,MATUTINA,DOMINICAL,GUATEMALA NORTE
00-01-4621-45,01-403,CIUDAD CAPITAL,ZONA 1,"INSTITUTO PARTICULAR MIXTO ""CIENCIA Y DESARROLLO""",10 CALLE 3-15,36117881,CARLOS HUMBERTO GONZÁLEZ DE LEÓN,MYRIAM JEANNETTE CIFUENTES ORTIZ,BASICO,PRIVADO,URBANA,CERRADA TEMPORALMENTE,MONOLINGUE,DOBLE,FIN DE SEMANA,GUATEMALA NORTE
00-01-4632-45,,CIUDAD CAPITAL,ZONA 1,'LICEO DE CIENCIAS TECNICAS',1A. CALLE 13-59,,,,BASICO,PRIVADO,URBANA,CERRADA DEFINITIVAMENTE,MONOLINGUE,VESPERTINA,DIARIO(REGULAR),GUATEMALA NORTE
00-01-4662-43,,CIUDAD CAPITAL,ZONA 1,"EPUM CECAP, SERVICIOS EDUCATIVOS PARA LA PAZ",11 CALLE 2-54,,,,PRIMARIA,PRIVADO,URBANA,CERRADA DEFINITIVAMENTE,MONOLINGUE,MATUTINA,DIARIO(REGULAR),GUATEMALA NORTE
00-01-4663-43,,CIUDAD CAPITAL,ZONA 1,"EPUM CENTRO DE EDUCACION CONTINUADA PARA SORDOS ADULTOS, COMITE PRO-CIEGOS Y SORDOS DE GUATEMALA",10 CALLE 3-41,,,,PRIMARIA,PRIVADO,URBANA,CERRADA TEMPORALMENTE,MONOLINGUE,VESPERTINA,DIARIO(REGULAR),GUATEMALA NORTE
00-01-4704-42,,CIUDAD CAPITAL,ZONA 1,CENTRO DE EDUCACION CONTINUADA PARA SORDOS ADULTOS. (COMITE PRO CIEGOS Y SORDOS DE GUATEMALA),10 CALLE 3-41,,,,PARVULOS,PRIVADO,URBANA,CERRADA DEFINITIVAMENTE,MONOLINGUE,VESPERTINA,DIARIO(REGULAR),GUATEMALA NORTE
00-01-4708-42,01-310,CIUDAD CAPITAL,ZONA 1,COLEGIO 'LOYOLA',12 AVE 3-69,22323379,EDDY FRANCISCO RAMÍREZ MORALES,,PARVULOS,PRIVADO,URBANA,CERRADA DEFINITIVAMENTE,MONOLINGUE,VESPERTINA,DIARIO(REGULAR),GUATEMALA NORTE
00-01-4715-45,,CIUDAD CAPITAL,ZONA 1,INSTITUTO 'TECNICO AMERICANO',4AV. 12-20,,,,BASICO,PRIVADO,URBANA,CERRADA DEFINITIVAMENTE,MONOLINGUE,MATUTINA,DIARIO(REGULAR),GUATEMALA NORTE
00-01-4723-44,01-01-0041,CIUDAD CAPITAL,ZONA 1,CENTRO DE EDUCACIÓN CONTINUADA PARA ADOLESCENTES CON DISCAPACIDAD AUDITIVA,2A. AVENIDA 8-53,22534953,CARLOS HUMBERTO GONZALEZ DE LEON,JANELVA ZUSELLY BARAHONA DOMINGUEZ,PRIMARIA DE ADULTOS,PRIVADO,URBANA,ABIERTA,MONOLINGUE,DOBLE,FIN DE SEMANA,GUATEMALA NORTE
00-01-4732-46,01-312,CIUDAD CAPITAL,ZONA 1,CENTRO INTEGRADO DE COMPUTACION Y TURISMO,11 CALLE 1-56,22326732,AMADO  SALOMON FLORES PEREZ,---,DIVERSIFICADO,PRIVADO,URBANA,CERRADA TEMPORALMENTE,MONOLINGUE,MATUTINA,DIARIO(REGULAR),GUATEMALA NORTE
00-01-4733-46,01-312,CIUDAD CAPITAL,ZONA 1,CENTRO INTEGRADO DE COMPUTACION Y TURISMO,14 CALLE 1-52,22532302,AMADO  SALOMON FLORES PEREZ,-----,DIVERSIFICADO,PRIVADO,URBANA,CERRADA DEFINITIVAMENTE,MONOLINGUE,MATUTINA,DIARIO(REGULAR),GUATEMALA NORTE
00-01-4735-46,01-01-0032,CIUDAD CAPITAL,ZONA 1,COLEGIO MIXTO 'SANTA INFANCIA',9A. AVENIDA 4-29,22200140,LUDIBEL AMARILIS GALICIA DE FLORES,OMAYRA LUCRECIA DÍAZ,DIVERSIFICADO,PRIVADO,URBANA,ABIERTA,MONOLINGUE,VESPERTINA,DIARIO(REGULAR),GUATEMALA NORTE
00-01-4742-45,01-312,CIUDAD CAPITAL,ZONA 1,CENTRO INTEGRADO DE COMPUTACION Y TURISMO,11 CALLE 1-56,22326732,AMADO  SALOMON FLORES PEREZ,,BASICO,PRIVADO,URBANA,CERRADA TEMPORALMENTE,MONOLINGUE,MATUTINA,DIARIO(REGULAR),GUATEMALA NORTE
00-01-4756-46,01-,CIUDAD CAPITAL,ZONA 1,CENTRO CULTURAL DE AMERICA,"15 CALLE 2-59, ZONA 1",,MARIA FELICITA ROQUE CARRERA,,DIVERSIFICADO,PRIVADO,URBANA,CERRADA DEFINITIVAMENTE,MONOLINGUE,VESPERTINA,DIARIO(REGULAR),GUATEMALA NORTE
00-01-6836-43,,CIUDAD CAPITAL,ZONA 1,EOUV NO. 14 'MARIANO NAVARRETE',12 CALLE 0-24,,,,PRIMARIA,OFICIAL,URBANA,CERRADA DEFINITIVAMENTE,MONOLINGUE,MATUTINA,DIARIO(REGULAR),GUATEMALA NORTE
00-01-6894-42,,CIUDAD CAPITAL,ZONA 1,EODP ANEXA A EOUN NO.19 'VICENTE RIVAS',23 CALLE 1-42,22533566,,,PARVULOS,OFICIAL,URBANA,CERRADA DEFINITIVAMENTE,MONOLINGUE,MATUTINA,DIARIO(REGULAR),GUATEMALA NORTE
00-01-6895-43,,CIUDAD CAPITAL,ZONA 1,EODA CENTRO INDUSTRIAL #5 ANEXO A EOUN NO.15 'REPUBLICA DE CUBA',AVENIDA ELENA 21-51,,,,PRIMARIA,OFICIAL,URBANA,CERRADA DEFINITIVAMENTE,MONOLINGUE,VESPERTINA,DIARIO(REGULAR),GUATEMALA NORTE
00-01-6914-42,,CIUDAD CAPITAL,ZONA 1,LICEO CAPERNAUM,9A. CALLE 'A' 3-27,22513023,,,PARVULOS,PRIVADO,URBANA,CERRADA DEFINITIVAMENTE,MONOLINGUE,MATUTINA,DIARIO(REGULAR),GUATEMALA NORTE
00-01-6915-46,01-,CIUDAD CAPITAL,ZONA 1,"ROYALTY, ESCUELA INTERNACIONAL DE VIAJES TURISMO Y COMERCIO",4A. CALLE 6-17 ZONA 1,,MARIA FELICITA ROQUE CARRERA,--------------,DIVERSIFICADO,PRIVADO,URBANA,CERRADA DEFINITIVAMENTE,MONOLINGUE,MATUTINA,DIARIO(REGULAR),GUATEMALA NORTE
00-01-6916-46,99-001,CIUDAD CAPITAL,ZONA 1,COLEGIO MIXTO BILINGUE AMANECER,6A. AVENIDA 2-62 ZONA 1,,SILVIA EUGENIA VALDEZ MONTERROSO DE CARBALLO,,DIVERSIFICADO,PRIVADO,URBANA,TEMPORAL TITULOS,MONOLINGUE,MATUTINA,DIARIO(REGULAR),GUATEMALA NORTE
00-01-6943-43,,CIUDAD CAPITAL,ZONA 1,CPMI 'LICEO MIXTO CAPERNAUM',9A. CALLE 'A' 3-27,22513023,,,PRIMARIA,PRIVADO,URBANA,CERRADA DEFINITIVAMENTE,BILINGUE,MATUTINA,DIARIO(REGULAR),GUATEMALA NORTE
00-01-6944-43,,CIUDAD CAPITAL,ZONA 1,EPUM CENTRO DE APRENDIZAJE INTEGRAL 'CEDAPRI',6AV. 2-62,22895102,,,PRIMARIA,PRIVADO,URBANA,CERRADA DEFINITIVAMENTE,MONOLINGUE,MATUTINA,DIARIO(REGULAR),GUATEMALA NORTE
00-01-6945-43,01-01-0026,CIUDAD CAPITAL,ZONA 1,EOUM COMPLEJO ESCOLAR PARA LA PAZ,3A. AVENIDA 1-46,22384596,LUDIBEL AMARILIS GALICIA DE FLORES,SILVIA MAGALI CASASOLA REYES,PRIMARIA,OFICIAL,URBANA,ABIERTA,MONOLINGUE,MATUTINA,DIARIO(REGULAR),GUATEMALA NORTE
00-01-6946-45,01-310,CIUDAD CAPITAL,ZONA 1,COLEGIO MIXTO NAZARETH,11 AVENIDA 5-67,22384758,EDDY FRANCISCO RAMÍREZ MORALES,ROSA  NOJ TUQUER,BASICO,PRIVADO,URBANA,CERRADA TEMPORALMENTE,MONOLINGUE,MATUTINA,DIARIO(REGULAR),GUATEMALA NORTE
00-01-6947-45,,CIUDAD CAPITAL,ZONA 1,CENTRO DE APRENDIZAJE INTEGRAL (CEDAPRI),6A. AVENIDA 2-62,22895078,,,BASICO,PRIVADO,URBANA,CERRADA DEFINITIVAMENTE,MONOLINGUE,MATUTINA,DIARIO(REGULAR),GUATEMALA NORTE
00-01-6956-46,01-,CIUDAD CAPITAL,ZONA 1,INSTITUTO POR MADUREZ  SUPERACION,9A. CALLE 1-58 ZONA 1,,MARIA FELICITA ROQUE CARRERA,,DIVERSIFICADO,PRIVADO,URBANA,CERRADA DEFINITIVAMENTE,MONOLINGUE,INTERMEDIA,DIARIO(REGULAR),GUATEMALA NORTE
00-01-6970-42,,CIUDAD CAPITAL,ZONA 1,JARDIN INFANTIL 'MIS PRIMEROS SUEÑOS',10A. AVE. 4-18,22320732,,,PARVULOS,PRIVADO,URBANA,CERRADA DEFINITIVAMENTE,MONOLINGUE,MATUTINA,DIARIO(REGULAR),GUATEMALA NORTE
00-01-6973-42,01-315,CIUDAD CAPITAL,ZONA 1,ESCUELA 'SANTA MARIA',15 AVENIDA 1-95,22518474,LILIAN YOLANDA RODRÍGUEZ PINTO DE CASTRO,,PARVULOS,PRIVADO,URBANA,CERRADA DEFINITIVAMENTE,MONOLINGUE,MATUTINA,DIARIO(REGULAR),GUATEMALA NORTE
00-01-6978-46,01-403,CIUDAD CAPITAL,ZONA 1,INSTITUTO MIXTO 'MIGUEL DE CERVANTES',2A. CALLE 9-81,42473635,CARLOS HUMBERTO GONZÁLEZ DE LEÓN,,DIVERSIFICADO,PRIVADO,URBANA,CERRADA TEMPORALMENTE,MONOLINGUE,DOBLE,FIN DE SEMANA,GUATEMALA NORTE
00-01-6979-45,01-01-0042,CIUDAD CAPITAL,ZONA 1,"INSTITUTO MIXTO  ""MIGUEL DE CERVANTES""",10ª.  CALLE 1-47,24583860,CARLOS HUMBERTO GONZALEZ DE LEON,AURA RAQUEL DE LEON HERNANDEZ,BASICO,PRIVADO,URBANA,ABIERTA,MONOLINGUE,DOBLE,FIN DE SEMANA,GUATEMALA NORTE
00-01-6980-45,01-01-0041,CIUDAD CAPITAL,ZONA 1,CENTRO DE EDUCACIÓN CONTINUADA PARA ADOLESCENTES CON DISCAPACIDAD AUDITIVA,2A. AVENIDA 8-53,22534953,CARLOS HUMBERTO GONZALEZ DE LEON,JANELVA ZUSELLY BARAHONA DOMINGUEZ,BASICO,PRIVADO,URBANA,ABIERTA,MONOLINGUE,DOBLE,FIN DE SEMANA,GUATEMALA NORTE
00-01-6981-45,,CIUDAD CAPITAL,ZONA 1,INSTITUTO GUATEMALTECO DE EDUCACION INTEGRAL 'PAIDOS',11 CALLE 11-28,,,,BASICO,PRIVADO,URBANA,CERRADA TEMPORALMENTE,MONOLINGUE,DOBLE,SABATINO,GUATEMALA NORTE
00-01-6984-42,01-316,CIUDAD CAPITAL,ZONA 1,COLEGIO 'MI PEQUEÑO BOSQUE',10A. CALLE 18-40,22382127,LILIAN YOLANDA RODRIGUEZ PINTO DE CASTRO,,PARVULOS,PRIVADO,URBANA,CERRADA TEMPORALMENTE,MONOLINGUE,MATUTINA,DIARIO(REGULAR),GUATEMALA NORTE
00-01-6988-46,01-403,CIUDAD CAPITAL,ZONA 1,INSTITUTO  AMERICANO EN CIENCIAS DE COMPUTACION,6A AVENIDA 18-23,22322912,CARLOS HUMBERTO GONZÁLEZ DE LEÓN,MARCO ANTONIO CASTAÑEDA FLORES,DIVERSIFICADO,PRIVADO,URBANA,CERRADA TEMPORALMENTE,MONOLINGUE,MATUTINA,FIN DE SEMANA,GUATEMALA NORTE
00-01-6989-45,,CIUDAD CAPITAL,ZONA 1,CENTRO ACADEMICO 'SANTA VICTORIA',9A. AVE 2-82,22510388,,,BASICO,PRIVADO,URBANA,CERRADA DEFINITIVAMENTE,MONOLINGUE,MATUTINA,DIARIO(REGULAR),GUATEMALA NORTE
00-01-6990-46,01-627,CIUDAD CAPITAL,ZONA 1,"CENTRO DE EDUCACION CONTINUADA PARA SORDOS ADULTOS, DEL COMITE PRO-CIEGOS Y SORDOS DE GUATEMALA",2A. AVENIDA 8-53,22534953,ISAURA AMPARO RECINOS CARRILLO,JANELVA ZUSELLY BARAHONA DOMINGUEZ,DIVERSIFICADO,PRIVADO,URBANA,CERRADA DEFINITIVAMENTE,MONOLINGUE,DOBLE,FIN DE SEMANA,GUATEMALA NORTE
00-01-6991-46,,CIUDAD CAPITAL,ZONA 1,ESCUELA NACIONAL DE RADIOTELEGRAFIA,"7A. AVE. 11-67 ZONA 1, TERCER NIVEL, EDIFICIO DE CORREOS Y TELEGRAFOS",,,,DIVERSIFICADO,OFICIAL,URBANA,CERRADA DEFINITIVAMENTE,MONOLINGUE,MATUTINA,DIARIO(REGULAR),GUATEMALA NORTE
00-01-6992-46,01-312,CIUDAD CAPITAL,ZONA 1,COLEGIO ACTIVO BILINGUE MIXTO STERLING,3A. AVENIDA 13-61,22302880,AMADO  SALOMON FLORES PEREZ,JOSE EDUARDO GOMEZ RIVAS,DIVERSIFICADO,PRIVADO,URBANA,CERRADA TEMPORALMENTE,MONOLINGUE,DOBLE,DIARIO(REGULAR),GUATEMALA NORTE
00-01-6994-46,01-305,CIUDAD CAPITAL,ZONA 1,INSTITUTO Y ACADEMIA 'PRACTICA COMERCIAL',5A. CALLE 5-18,22325696,CELESTINA  ARLETTY HERNÁNDEZ AGUILAR,,DIVERSIFICADO,PRIVADO,URBANA,CERRADA TEMPORALMENTE,MONOLINGUE,MATUTINA,DIARIO(REGULAR),GUATEMALA NORTE
00-01-6999-46,01-01-0028,CIUDAD CAPITAL,ZONA 1,CENTRO CULTURAL DE LAS AMERICAS NO. 3,2A. AV. 12-23,22384217,AMADO SALOMON FLORES PEREZ,HUGO VALDEMAR RIVAS MORALES,DIVERSIFICADO,PRIVADO,URBANA,ABIERTA,MONOLINGUE,MATUTINA,DIARIO(REGULAR),GUATEMALA NORTE
00-01-7003-46,01-305,CIUDAD CAPITAL,ZONA 1,COLEGIO MIXTO PRIVADO EL DEBER,3A. AVENIDA A 3-42,22328473,CELESTINA  ARLETTY HERNÁNDEZ AGUILAR,,DIVERSIFICADO,PRIVADO,URBANA,CERRADA DEFINITIVAMENTE,MONOLINGUE,MATUTINA,DIARIO(REGULAR),GUATEMALA NORTE
00-01-7004-43,,CIUDAD CAPITAL,ZONA 1,CPMI LICEO TECNICO COMERCIAL MIRAMUNDO,2A. AVE. 15-13,22320186,,,PRIMARIA,PRIVADO,URBANA,CERRADA DEFINITIVAMENTE,MONOLINGUE,MATUTINA,DIARIO(REGULAR),GUATEMALA NORTE
00-01-7008-45,,CIUDAD CAPITAL,ZONA 1,LICEO EN COMPUTACION IXCHEL,5AV. 3-79,22500944,,,BASICO,PRIVADO,URBANA,CERRADA TEMPORALMENTE,MONOLINGUE,VESPERTINA,DIARIO(REGULAR),GUATEMALA NORTE
00-01-7009-46,01-01-0031,CIUDAD CAPITAL,ZONA 1,LICEO MIXTO EN COMPUTACION IXCHEL,5A. AVENIDA  3-79,23164224,LUDIBEL AMARILIS GALICIA DE FLORES,HECTOR ARNULFO CASTELLANOS,DIVERSIFICADO,PRIVADO,URBANA,ABIERTA,MONOLINGUE,MATUTINA,DIARIO(REGULAR),GUATEMALA NORTE
00-01-7010-46,01-,CIUDAD CAPITAL,ZONA 1,LICEO EN COMPUTACION IXCHEL,5AV. 3-79 ZONA 1,23267252-09442325,MARIA FELICITA ROQUE CARRERA,,DIVERSIFICADO,PRIVADO,URBANA,CERRADA TEMPORALMENTE,MONOLINGUE,VESPERTINA,DIARIO(REGULAR),GUATEMALA NORTE
00-01-7011-45,01-01-0031,CIUDAD CAPITAL,ZONA 1,LICEO MIXTO EN COMPUTACION  IXCHEL,5A. AVENIDA  3-79,23164224,LUDIBEL AMARILIS GALICIA DE FLORES,HECTOR ARNULFO CASTELLANOS,BASICO,PRIVADO,URBANA,ABIERTA,MONOLINGUE,MATUTINA,DIARIO(REGULAR),GUATEMALA NORTE
00-01-7023-45,,CIUDAD CAPITAL,ZONA 1,LICEO TECNICO COMERCIAL MIRAMUNDO,2DA AVENIDA 15-13,,,,BASICO,PRIVADO,URBANA,CERRADA DEFINITIVAMENTE,MONOLINGUE,MATUTINA,DIARIO(REGULAR),GUATEMALA NORTE
00-01-7025-46,,CIUDAD CAPITAL,ZONA 1,LICEO TECNICO COMERCIAL MIRAMUNDO,2DA. AVENIDA 15-13 ZONA 1,,,,DIVERSIFICADO,PRIVADO,URBANA,CERRADA DEFINITIVAMENTE,MONOLINGUE,MATUTINA,DIARIO(REGULAR),GUATEMALA NORTE
00-01-7041-46,01-317,CIUDAD CAPITAL,ZONA 1,LICEO DE COMPUTACION SIGLO 21 NO.2,11 AVENIDA 9-53,22321938,MARIANO DOMINGO ESTRADA TELETOR,-------,DIVERSIFICADO,PRIVADO,URBANA,CERRADA DEFINITIVAMENTE,MONOLINGUE,MATUTINA,DIARIO(REGULAR),GUATEMALA NORTE
00-01-7052-46,01-01-0040,CIUDAD CAPITAL,ZONA 1,INSTITUTO  FEDERICO CROWE,4 AVENIDA 9-66,22517748,AMADO SALOMON FLORES PEREZ,ANGELA REBECA PACAJOJ CHUC,DIVERSIFICADO,PRIVADO,URBANA,ABIERTA,MONOLINGUE,MATUTINA,DIARIO(REGULAR),GUATEMALA NORTE
00-01-7053-45,01-01-0040,CIUDAD CAPITAL,ZONA 1,INSTITUTO  FEDERICO CROWE,4A AVENIDA 9-66,22517748,AMADO SALOMON FLORES PEREZ,ANGELA REBECA PACAJOJ CHUC,BASICO,PRIVADO,URBANA,ABIERTA,MONOLINGUE,MATUTINA,DIARIO(REGULAR),GUATEMALA NORTE
00-01-7054-42,,CIUDAD CAPITAL,ZONA 1,ESCUELA SISTEMATIZADA DE COMPUTACION 'E.S.C',4TA AVE 1-62,22325732,,,PARVULOS,PRIVADO,URBANA,CERRADA TEMPORALMENTE,MONOLINGUE,MATUTINA,DIARIO(REGULAR),GUATEMALA NORTE
00-01-7055-43,,CIUDAD CAPITAL,ZONA 1,ESCUELA SISTEMATIZADA EN COMPUTACION 'E S C',4TA AVE 1-62,22320075,,,PRIMARIA,PRIVADO,URBANA,CERRADA TEMPORALMENTE,MONOLINGUE,MATUTINA,DIARIO(REGULAR),GUATEMALA NORTE
00-01-7069-46,,CIUDAD CAPITAL,ZONA 1,"CENTRO INDUSTRIAL NO. 2, ANEXO ESC. NO. 11 'J. MARIANO GONZALEZ'",16 AVE 11-47,,,,DIVERSIFICADO,OFICIAL,URBANA,CERRADA TEMPORALMENTE,MONOLINGUE,DOBLE,DIARIO(REGULAR),GUATEMALA NORTE
00-01-7073-42,01-01-0030,CIUDAD CAPITAL,ZONA 1,EODP NO.52,24 CALLE Y 3A. AV.  C  24-24,52056938,NORMA ARACELY PALOMO FRANCO DE DÍAZ,LESBIA ELIZABETH ZAMORA ABADÍA,PARVULOS,OFICIAL,URBANA,ABIERTA,MONOLINGUE,MATUTINA,DIARIO(REGULAR),GUATEMALA NORTE
00-01-7080-46,01-01-0044,CIUDAD CAPITAL,ZONA 1,LICEO DE COMPUTACION 'SIGLO 21' NO.3,13 CALLE 9-60,22959172,MARIANO DOMINGO ESTRADA TELETOR,JORGE ROLANDO MORALES PAZ,DIVERSIFICADO,PRIVADO,URBANA,ABIERTA,MONOLINGUE,MATUTINA,DIARIO(REGULAR),GUATEMALA NORTE
00-01-7086-46,01-01-0032,CIUDAD CAPITAL,ZONA 1,CENTRO TECNOLOGICO DE COMPUTACION 'LA MERCED' S. A.,5A CALLE 10-22,22325857,LUDIBEL AMARILIS GALICIA DE FLORES,MARCO TULIO VARGAS ALVARADO,DIVERSIFICADO,PRIVADO,URBANA,ABIERTA,MONOLINGUE,MATUTINA,DIARIO(REGULAR),GUATEMALA NORTE
00-01-7087-45,01-01-0032,CIUDAD CAPITAL,ZONA 1,CENTRO TECNOLOGICO DE COMPUTACION 'LA MERCED' S. A.,5A CALLE 10-22,22325857,LUDIBEL AMARILIS GALICIA DE FLORES,MARCO TULIO VARGAS ALVARADO,BASICO,PRIVADO,URBANA,ABIERTA,MONOLINGUE,MATUTINA,DIARIO(REGULAR),GUATEMALA NORTE
00-01-7093-46,01-305,CIUDAD CAPITAL,ZONA 1,"CENTRO TECNICO DE TURISMO, BANCA Y COMERCIO  JOHN GLENN",2A. AVENIDA 3-59,22321168,CELESTINA  ARLETTY HERNÁNDEZ AGUILAR,-----------,DIVERSIFICADO,PRIVADO,URBANA,CERRADA TEMPORALMENTE,MONOLINGUE,MATUTINA,DIARIO(REGULAR),GUATEMALA NORTE
00-01-7095-45,,CIUDAD CAPITAL,ZONA 1,LICEO MIXTO EN COMPUTACION 'IXCHEL',5AV. 3-79,22326725,,,BASICO,PRIVADO,URBANA,CERRADA TEMPORALMENTE,MONOLINGUE,NOCTURNA,DIARIO(REGULAR),GUATEMALA NORTE
00-01-7096-46,01-,CIUDAD CAPITAL,ZONA 1,LICEO MIXTO EN COMPUTACION  IXCHEL,5AV. 3-79 ZONA1,23267252-09442325,MARIA FELICITA ROQUE CARRERA,----,DIVERSIFICADO,PRIVADO,URBANA,CERRADA DEFINITIVAMENTE,MONOLINGUE,NOCTURNA,DIARIO(REGULAR),GUATEMALA NORTE
00-01-7097-45,,CIUDAD CAPITAL,ZONA 1,INSTITUTO PRIVADO POR MADUREZ 'SUPERACION',9A. CALLE 0-50,22327928,,,BASICO,PRIVADO,URBANA,CERRADA DEFINITIVAMENTE,MONOLINGUE,NOCTURNA,DIARIO(REGULAR),GUATEMALA NORTE
00-01-7098-46,,CIUDAD CAPITAL,ZONA 1,INSTITUTO PRIVADO POR MADUREZ 'SUPERIOR',9A. CALLE 0-50 ZONA 1,22327928,,,DIVERSIFICADO,PRIVADO,URBANA,CERRADA DEFINITIVAMENTE,MONOLINGUE,NOCTURNA,DIARIO(REGULAR),GUATEMALA NORTE
00-01-7099-46,01-,CIUDAD CAPITAL,ZONA 1,INSTITUTO PRIVADO 'SUPERACION',9A. CALLE 0-50 ZONA 1,22327928,MARIA FELICITA ROQUE CARRERA,--------------------,DIVERSIFICADO,PRIVADO,URBANA,CERRADA DEFINITIVAMENTE,MONOLINGUE,INTERMEDIA,DIARIO(REGULAR),GUATEMALA NORTE
00-01-7100-44,,CIUDAD CAPITAL,ZONA 1,CENTRO DE EDUCACION Y CULTURA MIRTHALA DE HURTADO,12 CALLE 10-37,,,,PRIMARIA DE ADULTOS,PRIVADO,URBANA,CERRADA DEFINITIVAMENTE,MONOLINGUE,MATUTINA,FIN DE SEMANA,GUATEMALA NORTE
00-01-7101-44,01-401,CIUDAD CAPITAL,ZONA 1,CENTRO DE EDUCACION Y CULTURA MIRTHALA DE HURTADO,12 AV. 12-11,,IXMUCANE ALDANA VILLAVICENCIO,,PRIMARIA DE ADULTOS,PRIVADO,URBANA,CERRADA TEMPORALMENTE,MONOLINGUE,VESPERTINA,FIN DE SEMANA,GUATEMALA NORTE
00-01-7102-46,01-01-0037,CIUDAD CAPITAL,ZONA 1,INSTITUTO FEDERICO CROWE,4A. AV. 9-66,22517748,CARLOS HUMBERTO GONZALEZ DE LEON,MANUEL ALEJANDRO AGUILAR ROMERO,DIVERSIFICADO,PRIVADO,URBANA,ABIERTA,MONOLINGUE,DOBLE,FIN DE SEMANA,GUATEMALA NORTE
00-01-7111-45,01-308,CIUDAD CAPITAL,ZONA 1,COLEGIO MAYB'AL,5A. CALLE 0-65,22323065,JORGE MYNOR SOL HERNÁNDEZ,,BASICO,PRIVADO,URBANA,CERRADA TEMPORALMENTE,MONOLINGUE,MATUTINA,DIARIO(REGULAR),GUATEMALA NORTE
00-01-7112-46,01-308,CIUDAD CAPITAL,ZONA 1,COLEGIO MAYB AL,5A. CALLE 0-65,22323065,JORGE MYNOR SOL HERNÁNDEZ,,DIVERSIFICADO,PRIVADO,URBANA,CERRADA TEMPORALMENTE,MONOLINGUE,MATUTINA,DIARIO(REGULAR),GUATEMALA NORTE
00-01-7113-45,01-315,CIUDAD CAPITAL,ZONA 1,ESCUELA SANTA MARIA,15 AV. 1-95,22518474,LILIAN YOLANDA RODRÍGUEZ PINTO DE CASTRO,,BASICO,PRIVADO,URBANA,CERRADA DEFINITIVAMENTE,MONOLINGUE,MATUTINA,DIARIO(REGULAR),GUATEMALA NORTE
00-01-7114-46,,CIUDAD CAPITAL,ZONA 1,ESCUELA SANTA MARIA,15 AV. 1-95 ZONA 1,22518474,,,DIVERSIFICADO,PRIVADO,URBANA,CERRADA DEFINITIVAMENTE,MONOLINGUE,MATUTINA,DIARIO(REGULAR),GUATEMALA NORTE
00-01-7115-43,01-01-0026,CIUDAD CAPITAL,ZONA 1,"ESCUELA OFICIAL URBANA PARA NIÑAS NO.7 ""REPUBLICA DE ARGENTINA""",6A CALLE 2-20,22530957,LUDIBEL AMARILIS GALICIA DE FLORES,MARÍA TERESA AROCHE DE LA ROSA,PRIMARIA,OFICIAL,URBANA,ABIERTA,MONOLINGUE,MATUTINA,DIARIO(REGULAR),GUATEMALA NORTE
00-01-7118-45,01-317,CIUDAD CAPITAL,ZONA 1,"LICEO DE COMPUTACION 'SIGLO 21, N.2'",11 AV. 9-53,"22321938, 22213239",MARIANO DOMINGO ESTRADA TELETOR,,BASICO,PRIVADO,URBANA,CERRADA DEFINITIVAMENTE,MONOLINGUE,MATUTINA,DIARIO(REGULAR),GUATEMALA NORTE
00-01-7119-43,,CIUDAD CAPITAL,ZONA 1,COLEGIO MIXTO 'HELVETIA',11 CALLE 1-56,22326732,,,PRIMARIA,PRIVADO,URBANA,CERRADA DEFINITIVAMENTE,MONOLINGUE,MATUTINA,DIARIO(REGULAR),GUATEMALA NORTE
00-01-7124-42,01-01-0035,CIUDAD CAPITAL,ZONA 1,EODP ANEXA EOUN NO.5 MIGUEL GARCIA GRANADOS,13 AVENIDA 4-78,22538664,NORMA ARACELY PALOMO FRANCO DE DÍAZ,ALMA LIZETH RODRIGUEZ ARRIOLA,PARVULOS,OFICIAL,URBANA,ABIERTA,MONOLINGUE,MATUTINA,DIARIO(REGULAR),GUATEMALA NORTE
00-01-7126-45,,CIUDAD CAPITAL,ZONA 1,INSTITUTO PRIVADO 'SUPERACION',9A. CALLE 0-50,22327928,,,BASICO,PRIVADO,URBANA,CERRADA DEFINITIVAMENTE,MONOLINGUE,DOBLE,FIN DE SEMANA,GUATEMALA NORTE
00-01-7127-46,,CIUDAD CAPITAL,ZONA 1,INSTITUTO PRIVADO 'SUPERACION',9A. CALLE 0-50 ZONA 1,24710821,,,DIVERSIFICADO,PRIVADO,URBANA,CERRADA DEFINITIVAMENTE,MONOLINGUE,DOBLE,FIN DE SEMANA,GUATEMALA NORTE
00-01-7128-45,,CIUDAD CAPITAL,ZONA 1,INSTITUTO PRIVADO 'SUPERACION',25 CALLE 1-49 ZONA 3.,24710821,,,BASICO,PRIVADO,URBANA,CERRADA DEFINITIVAMENTE,MONOLINGUE,MATUTINA,DIARIO(REGULAR),GUATEMALA NORTE
00-01-7129-46,,CIUDAD CAPITAL,ZONA 1,INSTITUTO PRIVADO 'SUPERACION',9A. CALLE 0-50 ZONA 1,24710821,,,DIVERSIFICADO,PRIVADO,URBANA,CERRADA DEFINITIVAMENTE,MONOLINGUE,MATUTINA,DIARIO(REGULAR),GUATEMALA NORTE
00-01-7146-43,,CIUDAD CAPITAL,ZONA 1,COLEGIO MIXTO 'CRISTIANO GUATEMALTECO',13 CALLE 2-30,,,,PRIMARIA,PRIVADO,URBANA,CERRADA DEFINITIVAMENTE,MONOLINGUE,MATUTINA,DIARIO(REGULAR),GUATEMALA NORTE
00-01-7147-45,01-316,CIUDAD CAPITAL,ZONA 1,COLEGIO MIXTO 'CRISTIANO GUATEMALTECO',13 CALLE 2-30,22323228,LILIAN YOLANDA RODRIGUEZ PINTO DE CASTRO,,BASICO,PRIVADO,URBANA,CERRADA TEMPORALMENTE,MONOLINGUE,VESPERTINA,DIARIO(REGULAR),GUATEMALA NORTE
00-01-7148-46,01-01-0028,CIUDAD CAPITAL,ZONA 1,COLEGIO MIXTO 'CRISTIANO GUATEMALTECO',13 CALLE 2-30,22323228,AMADO SALOMON FLORES PEREZ,ANDREA CAROLINA VILLAGRAN FUNES,DIVERSIFICADO,PRIVADO,URBANA,ABIERTA,MONOLINGUE,MATUTINA,DIARIO(REGULAR),GUATEMALA NORTE
00-01-7151-46,01-01-0042,CIUDAD CAPITAL,ZONA 1,COLEGIO  PRACTICO SECRETARIAL,4A. CALLE 0-35,58117466,CARLOS HUMBERTO GONZALEZ DE LEON,HÉCTOR HUGO LIMA CONDE,DIVERSIFICADO,PRIVADO,URBANA,ABIERTA,MONOLINGUE,DOBLE,FIN DE SEMANA,GUATEMALA NORTE
00-01-7152-46,01-307,CIUDAD CAPITAL,ZONA 1,COLEGIO 'PRACTICO SECRETARIAL',4A. CALLE 0-35,22328643,NORMA ARACELY PALOMO FRANCO DE DIAZ,,DIVERSIFICADO,PRIVADO,URBANA,CERRADA TEMPORALMENTE,MONOLINGUE,MATUTINA,DIARIO(REGULAR),GUATEMALA NORTE
00-01-7153-46,01-307,CIUDAD CAPITAL,ZONA 1,COLEGIO 'PRACTICO SECRETARIAL',4A. CALLE 0-35 ZONA 1.,22328643,NORMA ARACELY PALOMO FRANCO DE DIAZ,,DIVERSIFICADO,PRIVADO,URBANA,CERRADA DEFINITIVAMENTE,MONOLINGUE,VESPERTINA,DIARIO(REGULAR),GUATEMALA NORTE
00-01-7154-46,01-01-0042,CIUDAD CAPITAL,ZONA 1,COLEGIO  PRACTICO SECRETARIAL,4A. CALLE 0-35,58117466,CARLOS HUMBERTO GONZALEZ DE LEON,HÉCTOR HUGO LIMA CONDE,DIVERSIFICADO,PRIVADO,URBANA,ABIERTA,MONOLINGUE,DOBLE,FIN DE SEMANA,GUATEMALA NORTE
00-01-7160-46,01-01-0040,CIUDAD CAPITAL,ZONA 1,LICEO PROFESIONAL EN COMPUTACION Y CIENCIAS COMERCIALES,2A. AV. 10-69,22320092,AMADO SALOMON FLORES PEREZ,ROBIN ALEXANDER MONTALVO HERNÁNDEZ,DIVERSIFICADO,PRIVADO,URBANA,ABIERTA,MONOLINGUE,VESPERTINA,DIARIO(REGULAR),GUATEMALA NORTE
00-01-7161-46,01-01-0040,CIUDAD CAPITAL,ZONA 1,LICEO PROFESIONAL EN COMPUTACION Y CIENCIAS COMERCIALES,2A. AV. 10-69,22320092,AMADO SALOMON FLORES PEREZ,ROBIN ALEXANDER MONTALVO HERNÁNDEZ,DIVERSIFICADO,PRIVADO,URBANA,ABIERTA,MONOLINGUE,MATUTINA,DIARIO(REGULAR),GUATEMALA NORTE
00-01-7162-46,,CIUDAD CAPITAL,ZONA 1,LICEO PROFESIONAL EN COMPUTACION Y CIENCIAS COMERCIALES,2A. AV. 10-69 ZONA 1,"251-7968,232-5955",,,DIVERSIFICADO,PRIVADO,URBANA,CERRADA DEFINITIVAMENTE,MONOLINGUE,NOCTURNA,DIARIO(REGULAR),GUATEMALA NORTE
00-01-7163-46,01-403,CIUDAD CAPITAL,ZONA 1,LICEO PROFESIONAL EN COMPUTACION Y CIENCIAS COMERCIALES,2A. AV. 10-69,22325955,CARLOS HUMBERTO GONZÁLEZ DE LEÓN,ROBIN ALEXANDER MONTALVO HERNANDEZ,DIVERSIFICADO,PRIVADO,URBANA,CERRADA TEMPORALMENTE,MONOLINGUE,DOBLE,FIN DE SEMANA,GUATEMALA NORTE
00-01-7164-46,,CIUDAD CAPITAL,ZONA 1,'CENTRO CULTURAL DE LAS AMERICAS',15 CALLE 2-59 ZONA 1,22321656,,,DIVERSIFICADO,PRIVADO,URBANA,CERRADA DEFINITIVAMENTE,MONOLINGUE,MATUTINA,DIARIO(REGULAR),GUATEMALA NORTE
00-01-7165-46,,CIUDAD CAPITAL,ZONA 1,CENTRO DE ENSEÑANZA SUPERIOR BILINGUE EN COMPUTACION 'C.E.S.B.I.C',4TA. CALLE 10-26 ZONA 1,22325851,,,DIVERSIFICADO,PRIVADO,URBANA,CERRADA DEFINITIVAMENTE,MONOLINGUE,MATUTINA,DIARIO(REGULAR),GUATEMALA NORTE
00-01-7166-45,,CIUDAD CAPITAL,ZONA 1,CENTRO DE ENSEÑANZA SUPERIOR BILINGUE EN COMPUTACION C.E.S.B.I.C,4TA. CALLE 10-26,22325851,,,BASICO,PRIVADO,URBANA,CERRADA DEFINITIVAMENTE,MONOLINGUE,MATUTINA,DIARIO(REGULAR),GUATEMALA NORTE
00-01-7169-45,01-403,CIUDAD CAPITAL,ZONA 1,LICEO TECNICO,11A. CALLE 11-26,22323144,CARLOS HUMBERTO GONZÁLEZ DE LEÓN,,BASICO,PRIVADO,URBANA,CERRADA TEMPORALMENTE,MONOLINGUE,DOBLE,FIN DE SEMANA,GUATEMALA NORTE
00-01-7174-42,01-309,CIUDAD CAPITAL,ZONA 1,COLEGIO SANTA MARIA DE JESUS,25 CALLE 0-73,22328447,EVELIN  ARMINDA ARRIOLA RAMÍREZ,,PARVULOS,PRIVADO,URBANA,CERRADA TEMPORALMENTE,MONOLINGUE,MATUTINA,DIARIO(REGULAR),GUATEMALA NORTE
00-01-7175-43,01-309,CIUDAD CAPITAL,ZONA 1,COLEGIO SANTA MARIA DE JESUS,25 CALLE 0-73,22328447,EVELIN  ARMINDA ARRIOLA RAMÍREZ,,PRIMARIA,PRIVADO,URBANA,CERRADA TEMPORALMENTE,MONOLINGUE,MATUTINA,DIARIO(REGULAR),GUATEMALA NORTE
00-01-7176-46,01-,CIUDAD CAPITAL,ZONA 1,"ESC.ROYALTY INTER. DE VIAJES, TURISMO Y COMERCIO",7A AV 14-40 ZONA 9,23602863,MARIA FELICITA ROQUE CARRERA,--------------,DIVERSIFICADO,PRIVADO,URBANA,CERRADA DEFINITIVAMENTE,MONOLINGUE,MATUTINA,DIARIO(REGULAR),GUATEMALA NORTE
00-01-7183-45,01-317,CIUDAD CAPITAL,ZONA 1,CENTRO DE APRENDIZAJE EN COMPUTACION,11 AV. 12-13,,MARIANO DOMINGO ESTRADA TELETOR,,BASICO,PRIVADO,URBANA,CERRADA TEMPORALMENTE,MONOLINGUE,MATUTINA,DIARIO(REGULAR),GUATEMALA NORTE
00-01-7184-46,01-317,CIUDAD CAPITAL,ZONA 1,CENTRO DE APRENDIZAJE INTEGRAL EN COMPUTACION  C.A.I.C.,11 AV. 12-13,22533621,MARIANO DOMINGO ESTRADA TELETOR,--------------,DIVERSIFICADO,PRIVADO,URBANA,CERRADA TEMPORALMENTE,MONOLINGUE,MATUTINA,DIARIO(REGULAR),GUATEMALA NORTE
00-01-7187-45,01-316,CIUDAD CAPITAL,ZONA 1,CENTRO PROFESIONAL DE ESTUDIOS EN COMPUTACION,2A. CALLE 10-77,22384425,LILIAN YOLANDA RODRIGUEZ PINTO DE CASTRO,JOSÉ FRANCISCO HERNÁNDEZ RODAS,BASICO,PRIVADO,URBANA,CERRADA TEMPORALMENTE,MONOLINGUE,DOBLE,FIN DE SEMANA,GUATEMALA NORTE
00-01-7188-46,01-310,CIUDAD CAPITAL,ZONA 1,CENTRO PROFESIONAL DE ESTUDIOS EN COMPUTACION,2A. CALLE 10-77 ZONA 1,,EDDY FRANCISCO RAMÍREZ MORALES,,DIVERSIFICADO,PRIVADO,URBANA,CERRADA DEFINITIVAMENTE,MONOLINGUE,MATUTINA,DIARIO(REGULAR),GUATEMALA NORTE
00-01-7190-45,01-318,CIUDAD CAPITAL,ZONA 1,ESCUELA NACIONAL DE MECANOGRAFIA,8A. AVENIDA 14-34,23235512,SANDRA CAROLINA PÉREZ DONDIEGO DE CHOC,ELVIA LETICIA VELASQUEZ MEJIA,BASICO,OFICIAL,URBANA,CERRADA TEMPORALMENTE,MONOLINGUE,DOBLE,DIARIO(REGULAR),GUATEMALA NORTE
00-01-7200-43,,CIUDAD CAPITAL,ZONA 1,COLEGIO MIXTO NUEVO BILINGUE CONCEPCION NAVAS,15 CALLE A 11-24,,,,PRIMARIA,PRIVADO,URBANA,CERRADA DEFINITIVAMENTE,MONOLINGUE,MATUTINA,DIARIO(REGULAR),GUATEMALA NORTE
00-01-7202-42,,CIUDAD CAPITAL,ZONA 1,COLEGIO MIXTO BILINGUE 'CONCEPCION NAVAS',15 CALLE 'A' 11-24,,,,PARVULOS,PRIVADO,URBANA,CERRADA TEMPORALMENTE,MONOLINGUE,MATUTINA,DIARIO(REGULAR),GUATEMALA NORTE
00-01-7203-45,,CIUDAD CAPITAL,ZONA 1,COLEGIO MIXTO NUEVO BILINGUE 'CONCEPCION NAVAS',15 CALLE 'A' 11-24,22382591,,,BASICO,PRIVADO,URBANA,CERRADA TEMPORALMENTE,MONOLINGUE,VESPERTINA,DIARIO(REGULAR),GUATEMALA NORTE
00-01-7206-43,01-101,CIUDAD CAPITAL,ZONA 1,EOUN NO.62 REPUBLICAS AMERICANAS,3A. AV. 1-46 ZONA 1,,YENI XIOMARA CRÚZ SARCEÑO,,PRIMARIA,OFICIAL,URBANA,CERRADA TEMPORALMENTE,MONOLINGUE,VESPERTINA,DIARIO(REGULAR),GUATEMALA NORTE
00-01-7209-45,,CIUDAD CAPITAL,ZONA 1,COLEGIO 'LA VERDAD',9A. CALLE 3-19,22537837,,,BASICO,PRIVADO,URBANA,CERRADA DEFINITIVAMENTE,MONOLINGUE,MATUTINA,DIARIO(REGULAR),GUATEMALA NORTE
00-01-7210-46,,CIUDAD CAPITAL,ZONA 1,COLEGIO 'LA VERDAD',9A. CALLE 3-19 ZONA 1,22537837,,,DIVERSIFICADO,PRIVADO,URBANA,CERRADA DEFINITIVAMENTE,MONOLINGUE,MATUTINA,DIARIO(REGULAR),GUATEMALA NORTE
00-01-7215-45,01-301,CIUDAD CAPITAL,ZONA 1,LICEO TECNICO COMERCIAL,4A. AVENIDA 5-26 ZONA 1,22329118,LUCRECIA MARISOL CERMEÑO GONZÁLEZ,OSCAR LEONEL CHARÚC CHOGUIS,BASICO,PRIVADO,URBANA,CERRADA TEMPORALMENTE,MONOLINGUE,MATUTINA,DIARIO(REGULAR),GUATEMALA NORTE
00-01-7216-46,,CIUDAD CAPITAL,ZONA 1,LICEO TECNICO COMERCIAL,12 CALLE 10-37 ZONA 1,22300479,,,DIVERSIFICADO,PRIVADO,URBANA,CERRADA DEFINITIVAMENTE,MONOLINGUE,VESPERTINA,DIARIO(REGULAR),GUATEMALA NORTE
00-01-7217-45,01-315,CIUDAD CAPITAL,ZONA 1,LICEO TECNICO MERCANTIL,4A. AVENIDA 5-26,22329118,LILIAN YOLANDA RODRÍGUEZ PINTO DE CASTRO,,BASICO,PRIVADO,URBANA,CERRADA DEFINITIVAMENTE,MONOLINGUE,MATUTINA,DIARIO(REGULAR),GUATEMALA NORTE
00-01-7218-46,01-01-0040,CIUDAD CAPITAL,ZONA 1,LICEO TECNICO COMERCIAL,4TA. AV. 5-26,22329118,AMADO SALOMON FLORES PEREZ,VICTOR HUGO OROZCO RUIZ,DIVERSIFICADO,PRIVADO,URBANA,ABIERTA,MONOLINGUE,MATUTINA,DIARIO(REGULAR),GUATEMALA NORTE
00-01-7219-46,,CIUDAD CAPITAL,ZONA 1,LICEO TECNICO COMERCIAL,12 CALLE 10-37 ZONA 1,22300479,,,DIVERSIFICADO,PRIVADO,URBANA,CERRADA DEFINITIVAMENTE,MONOLINGUE,MATUTINA,DIARIO(REGULAR),GUATEMALA NORTE
00-01-7220-45,01-01-0037,CIUDAD CAPITAL,ZONA 1,LICEO TECNICO COMERCIAL,4A. AVENIDA 5-26,22329118,CARLOS HUMBERTO GONZALEZ DE LEON,VICTOR HUGO OROZCO RUIZ,BASICO,PRIVADO,URBANA,ABIERTA,MONOLINGUE,DOBLE,FIN DE SEMANA,GUATEMALA NORTE
00-01-7221-46,01-01-0037,CIUDAD CAPITAL,ZONA 1,LICEO TECNICO COMERCIAL,4A. AVENIDA 5-26,22329118,CARLOS HUMBERTO GONZALEZ DE LEON,VICTOR HUGO OROZCO RUIZ,DIVERSIFICADO,PRIVADO,URBANA,ABIERTA,MONOLINGUE,DOBLE,FIN DE SEMANA,GUATEMALA NORTE
00-01-7222-45,01-01-0037,CIUDAD CAPITAL,ZONA 1,LICEO TECNICO COMERCIAL,4TA AVENIDA 5-26,22329118,CARLOS HUMBERTO GONZALEZ DE LEON,VICTOR HUGO OROZCO RUIZ,BASICO,PRIVADO,URBANA,ABIERTA,MONOLINGUE,DOBLE,FIN DE SEMANA,GUATEMALA NORTE
00-01-7244-45,01-01-0048,CIUDAD CAPITAL,ZONA 1,LICEO PROFESIONAL DE COMPUTACION Y CIENCIAS COMERCIALES,2A. AVE. 10-69,22325955,AMADO SALOMON FLORES PEREZ,ROBIN ALEXANDER MONTALVO HERNÁNDEZ,BASICO,PRIVADO,URBANA,ABIERTA,MONOLINGUE,MATUTINA,DIARIO(REGULAR),GUATEMALA NORTE
00-01-7253-45,,CIUDAD CAPITAL,ZONA 1,CENTRO DE ESTUDIOS DIVERSIFICADOS 'DR.ALEJANDRO FLEMING,16 AV.'A' 3-40,22531211,,,BASICO,PRIVADO,URBANA,CERRADA TEMPORALMENTE,MONOLINGUE,MATUTINA,DIARIO(REGULAR),GUATEMALA NORTE
00-01-7256-46,01-01-0037,CIUDAD CAPITAL,ZONA 1,INSTITUTO AMERICANO EN CIENCIAS DE COMPUTACION,6A. AVENIDA 18-23,23120654,CARLOS HUMBERTO GONZALEZ DE LEON,MARCO ANTONIO CASTAÑEDA FLORES,DIVERSIFICADO,PRIVADO,URBANA,ABIERTA,MONOLINGUE,MATUTINA,FIN DE SEMANA,GUATEMALA NORTE
00-01-7258-45,01-01-0026,CIUDAD CAPITAL,ZONA 1,COLEGIO CIENTIFICO SECRETARIAL GUATEMALTECO,8A.CALLE 2-29,42082118,LUDIBEL AMARILIS GALICIA DE FLORES,JORGE HERIBERTO ESTRADA CASTILLO,BASICO,PRIVADO,URBANA,CERRADA TEMPORALMENTE,MONOLINGUE,MATUTINA,DIARIO(REGULAR),GUATEMALA NORTE
00-01-7259-45,01-627,CIUDAD CAPITAL,ZONA 1,COLEGIO CIENTIFICO SECRETARIAL GUATEMALTECO,8A. CALLE 2-29,42082118,ISAURA AMPARO RECINOS CARRILLO,JORGE HERIBERTO ESTRADA CASTILLO,BASICO,PRIVADO,URBANA,CERRADA TEMPORALMENTE,MONOLINGUE,DOBLE,FIN DE SEMANA,GUATEMALA NORTE
00-01-7260-46,01-627,CIUDAD CAPITAL,ZONA 1,COLEGIO CIENTIFICO SECRETARIAL GUATEMALTECO,8A. CALLE 2-29,42082118,ISAURA AMPARO RECINOS CARRILLO,JORGE HERIBERTO ESTRADA CASTILLO,DIVERSIFICADO,PRIVADO,URBANA,CERRADA TEMPORALMENTE,MONOLINGUE,DOBLE,FIN DE SEMANA,GUATEMALA NORTE
00-01-7261-46,01-627,CIUDAD CAPITAL,ZONA 1,COLEGIO CIENTIFICO SECRETARIAL GUATEMALTECO,8A. CALLE 2-29,42082118,ISAURA AMPARO RECINOS CARRILLO,JORGE HERIBERTO ESTRADA CASTILLO,DIVERSIFICADO,PRIVADO,URBANA,CERRADA TEMPORALMENTE,MONOLINGUE,DOBLE,FIN DE SEMANA,GUATEMALA NORTE
00-01-7262-46,01-01-0026,CIUDAD CAPITAL,ZONA 1,COLEGIO CIENTIFICO SECRETARIAL GUATEMALTECO,8A.CALLE 2-29,22515677,LUDIBEL AMARILIS GALICIA DE FLORES,JORGE HERIBERTO ESTRADA CASTILLO,DIVERSIFICADO,PRIVADO,URBANA,CERRADA TEMPORALMENTE,MONOLINGUE,MATUTINA,DIARIO(REGULAR),GUATEMALA NORTE
00-01-7263-46,,CIUDAD CAPITAL,ZONA 1,COLEGIO SECRETARIAL GUATEMALTECO,5A. CALLE 0-26 ZONA 1,22323368,,,DIVERSIFICADO,PRIVADO,URBANA,CERRADA TEMPORALMENTE,MONOLINGUE,VESPERTINA,DIARIO(REGULAR),GUATEMALA NORTE
00-01-7268-42,01-312,CIUDAD CAPITAL,ZONA 1,CEES ANEXO A EODP NO.1 'RAMONA GIL',2A. CALLE 4-28,22300572,AMADO  SALOMON FLORES PEREZ,,PARVULOS,OFICIAL,URBANA,CERRADA TEMPORALMENTE,MONOLINGUE,MATUTINA,DIARIO(REGULAR),GUATEMALA NORTE
00-01-7284-45,,CIUDAD CAPITAL,ZONA 1,COLEGIO MIXTO CATOLICO DE ESTUDIOS DE LA ADMINISTRACION 'SAN IYIGO',13 CALLE 3-35,2320559-2320560,,,BASICO,PRIVADO,URBANA,CERRADA DEFINITIVAMENTE,MONOLINGUE,MATUTINA,DIARIO(REGULAR),GUATEMALA NORTE
00-01-7285-46,,CIUDAD CAPITAL,ZONA 1,COLEGIO MIXTO CATOLICO DE ESTUDIOS DE LA ADMINISTRACION 'SAN IYIGO',13 CALLE 3-35 ZONA 1,2320559-2320560,,,DIVERSIFICADO,PRIVADO,URBANA,CERRADA DEFINITIVAMENTE,MONOLINGUE,MATUTINA,DIARIO(REGULAR),GUATEMALA NORTE
00-01-7289-43,,CIUDAD CAPITAL,ZONA 1,LICEO TIKAL,12 AVE. 'A' 20-43,22380144,,,PRIMARIA,PRIVADO,URBANA,CERRADA TEMPORALMENTE,MONOLINGUE,MATUTINA,DIARIO(REGULAR),GUATEMALA NORTE
00-01-7290-45,,CIUDAD CAPITAL,ZONA 1,LICEO TIKAL,12 AVE. 'A' 20-43,22380144,,,BASICO,PRIVADO,URBANA,CERRADA TEMPORALMENTE,MONOLINGUE,MATUTINA,DIARIO(REGULAR),GUATEMALA NORTE
00-01-7291-46,,CIUDAD CAPITAL,ZONA 1,LICEO TIKAL,12 AVE. 'A' 20-43 ZONA 1,22380144,,,DIVERSIFICADO,PRIVADO,URBANA,CERRADA TEMPORALMENTE,MONOLINGUE,MATUTINA,DIARIO(REGULAR),GUATEMALA NORTE
00-01-7293-46,,CIUDAD CAPITAL,ZONA 1,COLEGIO MAYBAL,5A CALLE 0-65 ZONA 1,22323065,,,DIVERSIFICADO,PRIVADO,URBANA,CERRADA TEMPORALMENTE,MONOLINGUE,VESPERTINA,DIARIO(REGULAR),GUATEMALA NORTE
00-01-7294-46,,CIUDAD CAPITAL,ZONA 1,COLEGIO MAYBAL,5A. CALLE 0-65 ZONA 1,,,,DIVERSIFICADO,PRIVADO,URBANA,CERRADA TEMPORALMENTE,MONOLINGUE,NOCTURNA,DIARIO(REGULAR),GUATEMALA NORTE
00-01-7295-46,01-627,CIUDAD CAPITAL,ZONA 1,COLEGIO MAYBAL,5A. CALLE 0-65,22323065,ISAURA AMPARO RECINOS CARRILLO,-----,DIVERSIFICADO,PRIVADO,URBANA,CERRADA TEMPORALMENTE,MONOLINGUE,DOBLE,FIN DE SEMANA,GUATEMALA NORTE
00-01-7297-46,,CIUDAD CAPITAL,ZONA 1,COLEGIO MAYBAL,5A. CALLE 0-65 ZONA 1,22323065,,,DIVERSIFICADO,PRIVADO,URBANA,CERRADA DEFINITIVAMENTE,MONOLINGUE,NOCTURNA,FIN DE SEMANA,GUATEMALA NORTE
00-01-7298-46,,CIUDAD CAPITAL,ZONA 1,COLEGIO MAYBAL,5A. CALLE 0-65 ZONA 1,22323065,,,DIVERSIFICADO,PRIVADO,URBANA,CERRADA DEFINITIVAMENTE,MONOLINGUE,NOCTURNA,FIN DE SEMANA,GUATEMALA NORTE
00-01-7299-44,,CIUDAD CAPITAL,ZONA 1,COLEGIO MAYBAL,5A. CALLE 0-65,22323065,,,PRIMARIA DE ADULTOS,PRIVADO,URBANA,CERRADA TEMPORALMENTE,MONOLINGUE,NOCTURNA,DIARIO(REGULAR),GUATEMALA NORTE
00-01-7300-44,01-403,CIUDAD CAPITAL,ZONA 1,COLEGIO MAYBAL,5A. CALLE 0-65,22323065,CARLOS HUMBERTO GONZÁLEZ DE LEÓN,,PRIMARIA DE ADULTOS,PRIVADO,URBANA,CERRADA TEMPORALMENTE,MONOLINGUE,VESPERTINA,FIN DE SEMANA,GUATEMALA NORTE
00-01-7301-44,,CIUDAD CAPITAL,ZONA 1,COLEGIO MAYBAL,5A. CALLE 0-65,22323065,,,PRIMARIA DE ADULTOS,PRIVADO,URBANA,CERRADA DEFINITIVAMENTE,MONOLINGUE,NOCTURNA,FIN DE SEMANA,GUATEMALA NORTE
00-01-7302-45,,CIUDAD CAPITAL,ZONA 1,COLEGIO MAYBAL,5A. CALLE 0-65,22323065,,,BASICO,PRIVADO,URBANA,CERRADA TEMPORALMENTE,MONOLINGUE,VESPERTINA,DIARIO(REGULAR),GUATEMALA NORTE
00-01-7303-45,,CIUDAD CAPITAL,ZONA 1,COLEGIO MAYBAL,5A. CALLE 0-65,22323065,,,BASICO,PRIVADO,URBANA,CERRADA TEMPORALMENTE,MONOLINGUE,NOCTURNA,DIARIO(REGULAR),GUATEMALA NORTE
00-01-7304-45,01-403,CIUDAD CAPITAL,ZONA 1,COLEGIO MAYBAL,5A. CALLE 0-65,22323065,CARLOS HUMBERTO GONZÁLEZ DE LEÓN,,BASICO,PRIVADO,URBANA,CERRADA TEMPORALMENTE,MONOLINGUE,MATUTINA,FIN DE SEMANA,GUATEMALA NORTE
00-01-7305-45,01-402,CIUDAD CAPITAL,ZONA 1,COLEGIO MAYBAL,5A. CALLE 0-65,22323065,CARLOS HUMBERTO GONZALEZ DE LEON,,BASICO,PRIVADO,URBANA,CERRADA TEMPORALMENTE,MONOLINGUE,VESPERTINA,FIN DE SEMANA,GUATEMALA NORTE
00-01-7306-44,01-402,CIUDAD CAPITAL,ZONA 1,COLEGIO MAYBAL,5A. CALLE 0-65,22323065,CARLOS HUMBERTO GONZALEZ DE LEON,,PRIMARIA DE ADULTOS,PRIVADO,URBANA,CERRADA TEMPORALMENTE,MONOLINGUE,MATUTINA,FIN DE SEMANA,GUATEMALA NORTE
00-01-7307-42,01-01-0032,CIUDAD CAPITAL,ZONA 1,INSTITUTO TECNOLOGICO DE COMPUTACION I.T.C.,2A. CALLE 11-65,22538385,LUDIBEL AMARILIS GALICIA DE FLORES,MARÍA JOSÉ CHINCHILLA GODOY,PARVULOS,PRIVADO,URBANA,ABIERTA,MONOLINGUE,MATUTINA,DIARIO(REGULAR),GUATEMALA NORTE
00-01-7308-43,01-01-0032,CIUDAD CAPITAL,ZONA 1,INSTITUTO TECNOLÓGICO DE COMPUTACION I.T.C,2A. CALLE 11-65,22200060,LUDIBEL AMARILIS GALICIA DE FLORES,MARÍA JOSÉ CHINCHILLA GODOY,PRIMARIA,PRIVADO,URBANA,ABIERTA,MONOLINGUE,MATUTINA,DIARIO(REGULAR),GUATEMALA NORTE
00-01-7309-46,,CIUDAD CAPITAL,ZONA 1,LICEO EMMANUEL S.A,3A. AVE. 3-33 ZONA 1,22323137,,,DIVERSIFICADO,PRIVADO,URBANA,CERRADA DEFINITIVAMENTE,MONOLINGUE,MATUTINA,DIARIO(REGULAR),GUATEMALA NORTE
00-01-7314-46,01-01-0031,CIUDAD CAPITAL,ZONA 1,"CENTRO DE FORMACION PREUNIVERSITARIA  ""DR. REICHMANN"" (CEFPRE)",5AV. 2-43,22325633,LUDIBEL AMARILIS GALICIA DE FLORES,ANA ISABEL CANTE RAMOS,DIVERSIFICADO,PRIVADO,URBANA,ABIERTA,MONOLINGUE,MATUTINA,DIARIO(REGULAR),GUATEMALA NORTE
00-01-7320-45,01-312,CIUDAD CAPITAL,ZONA 1,LICEO TÉCNICO  CIENCIA Y DESARROLLO,10  CALLE 3-15,36117881,AMADO  SALOMON FLORES PEREZ,MYRIAM JEANNETTE CIFUENTES ORTIZ,BASICO,PRIVADO,URBANA,CERRADA TEMPORALMENTE,MONOLINGUE,MATUTINA,DIARIO(REGULAR),GUATEMALA NORTE
00-01-7321-46,01-312,CIUDAD CAPITAL,ZONA 1,LICEO TÉCNICO  CIENCIA Y DESARROLLO,10 CALLE 3-15,36117881,AMADO  SALOMON FLORES PEREZ,MYRIAM JEANNETTE CIFUENTES ORTIZ,DIVERSIFICADO,PRIVADO,URBANA,CERRADA TEMPORALMENTE,MONOLINGUE,MATUTINA,DIARIO(REGULAR),GUATEMALA NORTE
00-01-7323-45,01-403,CIUDAD CAPITAL,ZONA 1,LICEO CRISTIANO CANTARES,12 AVE. C 3-03,22211142,CARLOS HUMBERTO GONZÁLEZ DE LEÓN,EVA  MARROQUÍN COY,BASICO,PRIVADO,URBANA,CERRADA DEFINITIVAMENTE,MONOLINGUE,MATUTINA,FIN DE SEMANA,GUATEMALA NORTE
00-01-7324-46,01-403,CIUDAD CAPITAL,ZONA 1,LICEO CRISTIANO CANTARES,12 AVE. 3-03,22211142,CARLOS HUMBERTO GONZÁLEZ DE LEÓN,EVA  MARROQUÍN COY,DIVERSIFICADO,PRIVADO,URBANA,CERRADA DEFINITIVAMENTE,MONOLINGUE,MATUTINA,FIN DE SEMANA,GUATEMALA NORTE
00-01-7325-45,,CIUDAD CAPITAL,ZONA 1,CENTRO PROFESIONAL DE ESTUDIOS DE COMPUTACION,2A. CALLE 10-77,"238-4425,251-4792",,,BASICO,PRIVADO,URBANA,CERRADA TEMPORALMENTE,MONOLINGUE,INTERMEDIA,DIARIO(REGULAR),GUATEMALA NORTE
00-01-7326-46,,CIUDAD CAPITAL,ZONA 1,CENTRO PROFESIONAL DE ESTUDIOS DE COMPUTACION,2A. CALLE 10-77 ZONA 1,"238-4425,251-4792",,,DIVERSIFICADO,PRIVADO,URBANA,CERRADA TEMPORALMENTE,MONOLINGUE,INTERMEDIA,DIARIO(REGULAR),GUATEMALA NORTE
00-01-7328-45,01-403,CIUDAD CAPITAL,ZONA 1,CENTRO PROFESIONAL DE ESTUDIOS DE COMPUTACION,2A. CALLE 10-77,22384425,CARLOS HUMBERTO GONZÁLEZ DE LEÓN,JOSÉ FRANCISCO HERNÁNDEZ RODAS,BASICO,PRIVADO,URBANA,CERRADA TEMPORALMENTE,MONOLINGUE,DOBLE,FIN DE SEMANA,GUATEMALA NORTE
00-01-7329-46,01-316,CIUDAD CAPITAL,ZONA 1,CENTRO PROFESIONAL DE ESTUDIOS DE COMPUTACION,2A. CALLE 10-77,22384425,LILIAN YOLANDA RODRIGUEZ PINTO DE CASTRO,JOSÉ FRANCISCO HERNÁNDEZ RODAS,DIVERSIFICADO,PRIVADO,URBANA,CERRADA TEMPORALMENTE,MONOLINGUE,DOBLE,FIN DE SEMANA,GUATEMALA NORTE
00-01-7331-43,01-305,CIUDAD CAPITAL,ZONA 1,COLEGIO 'JARDIN PRIMAVERA',2AV. 6-42,22326318,CELESTINA  ARLETTY HERNÁNDEZ AGUILAR,,PRIMARIA,PRIVADO,URBANA,CERRADA TEMPORALMENTE,MONOLINGUE,MATUTINA,DIARIO(REGULAR),GUATEMALA NORTE
00-01-7336-45,01-308,CIUDAD CAPITAL,ZONA 1,COLEGIO PANAMERICANO,11 AVENIDA 7-35,22207754,JORGE MYNOR SOL HERNÁNDEZ,,BASICO,PRIVADO,URBANA,CERRADA DEFINITIVAMENTE,MONOLINGUE,MATUTINA,DIARIO(REGULAR),GUATEMALA NORTE
00-01-7337-46,01-308,CIUDAD CAPITAL,ZONA 1,COLEGIO PANAMERICANO,11 AVENIDA 7-35,22207754,JORGE MYNOR SOL HERNÁNDEZ,,DIVERSIFICADO,PRIVADO,URBANA,CERRADA DEFINITIVAMENTE,MONOLINGUE,MATUTINA,DIARIO(REGULAR),GUATEMALA NORTE
00-01-7338-44,01-402,CIUDAD CAPITAL,ZONA 1,EOPA #13  CARMEN RODRIGUEZ BOCANEGRA,6A. CALLE 2-20,22201768,CARLOS HUMBERTO GONZALEZ DE LEON,,PRIMARIA DE ADULTOS,OFICIAL,URBANA,CERRADA TEMPORALMENTE,MONOLINGUE,NOCTURNA,DIARIO(REGULAR),GUATEMALA NORTE
00-01-7343-41,,CIUDAD CAPITAL,ZONA 1,COLEGIO GUATEMALTECO INFANTIL,11 CALLE 11-12,22383232,,,PREPRIMARIA BILINGUE,PRIVADO,URBANA,CERRADA DEFINITIVAMENTE,BILINGUE,MATUTINA,DIARIO(REGULAR),GUATEMALA NORTE
00-01-7359-43,,CIUDAD CAPITAL,ZONA 1,CEES ANEXO A EOUM COMPLEJO PARA LA PAZ,3A. 1-46,,,,PRIMARIA,OFICIAL,URBANA,CERRADA DEFINITIVAMENTE,MONOLINGUE,VESPERTINA,DIARIO(REGULAR),GUATEMALA NORTE
00-01-7361-46,01-01-0026,CIUDAD CAPITAL,ZONA 1,INSTITUTO NORMAL PARA SEÑORITAS  CENTRO AMERICA  (I.N.C.A.),1A. CALLE  C  2-29,22200329,LUDIBEL AMARILIS GALICIA DE FLORES,FERNANDO MAURICIO RUANO MARROQUIN,DIVERSIFICADO,OFICIAL,URBANA,ABIERTA,MONOLINGUE,VESPERTINA,DIARIO(REGULAR),GUATEMALA NORTE
00-01-7369-45,01-01-0026,CIUDAD CAPITAL,ZONA 1,INEB PARA SEÑORITAS VICTOR MANUEL DE LA ROCA SANTA CRUZ,3A. CALLE 1-33,22381990,LUDIBEL AMARILIS GALICIA DE FLORES,MÓNICA  PINOT GALINDO,BASICO,OFICIAL,URBANA,ABIERTA,MONOLINGUE,MATUTINA,DIARIO(REGULAR),GUATEMALA NORTE
00-01-7376-46,01-403,CIUDAD CAPITAL,ZONA 1,CENTRO PROFESIONAL DE ESTUDIOS DE COMPUTACION,2A. CALLE 10-77,22384425,CARLOS HUMBERTO GONZÁLEZ DE LEÓN,IRIS NINETH RUEDA ARRIOLA,DIVERSIFICADO,PRIVADO,URBANA,CERRADA TEMPORALMENTE,MONOLINGUE,VESPERTINA,DIARIO(REGULAR),GUATEMALA NORTE
00-01-7377-45,01-403,CIUDAD CAPITAL,ZONA 1,CENTRO PROFESIONAL DE ESTUDIOS DE COMPUTACION,2A. CALLE 10-77,22384425,CARLOS HUMBERTO GONZÁLEZ DE LEÓN,JOSÉ FRANCISCO HERNÁNDEZ RODAS,BASICO,PRIVADO,URBANA,CERRADA TEMPORALMENTE,MONOLINGUE,MATUTINA,DIARIO(REGULAR),GUATEMALA NORTE
00-01-7378-46,01-403,CIUDAD CAPITAL,ZONA 1,CENTRO PROFESIONAL DE ESTUDIOS DE COMPUTACION,2A. CALLE 10-77,22384425,CARLOS HUMBERTO GONZÁLEZ DE LEÓN,JOSÉ FRANCISCO HERNÁNDEZ RODAS,DIVERSIFICADO,PRIVADO,URBANA,CERRADA TEMPORALMENTE,MONOLINGUE,MATUTINA,DIARIO(REGULAR),GUATEMALA NORTE
00-01-7383-42,01-309,CIUDAD CAPITAL,ZONA 1,COLEGIO GUATEMALTECO INFANTIL,11 CALLE 11-12,22383232,EVELIN  ARMINDA ARRIOLA RAMÍREZ,,PARVULOS,PRIVADO,URBANA,CERRADA TEMPORALMENTE,MONOLINGUE,MATUTINA,DIARIO(REGULAR),GUATEMALA NORTE
00-01-7388-46,01-403,CIUDAD CAPITAL,ZONA 1,CENTRO DE ESTUDIOS COMERCIALES EN INFORMATICA,12 CALLE 10-37 27/01/2022,,CARLOS HUMBERTO GONZÁLEZ DE LEÓN,-------------------,DIVERSIFICADO,PRIVADO,URBANA,CERRADA TEMPORALMENTE,MONOLINGUE,DOBLE,FIN DE SEMANA,GUATEMALA NORTE
00-01-7396-42,,CIUDAD CAPITAL,ZONA 1,EORM 'MANUEL MARCOS MARTINEZ',,,,,PARVULOS,OFICIAL,URBANA,CERRADA DEFINITIVAMENTE,MONOLINGUE,MATUTINA,DIARIO(REGULAR),GUATEMALA NORTE
00-01-7399-42,,CIUDAD CAPITAL,ZONA 1,EODP 'AMERICA',,,,,PARVULOS,OFICIAL,URBANA,CERRADA DEFINITIVAMENTE,MONOLINGUE,MATUTINA,DIARIO(REGULAR),GUATEMALA NORTE
00-01-7400-42,01-318,CIUDAD CAPITAL,ZONA 1,EODP NO.68,AVENIDA BOLIVAR 25-00,22323833,SANDRA CAROLINA PÉREZ DONDIEGO DE CHOC,MIRZA HERICELA RODRÍGUEZ ESTRADA,PARVULOS,OFICIAL,URBANA,CERRADA TEMPORALMENTE,MONOLINGUE,MATUTINA,DIARIO(REGULAR),GUATEMALA NORTE
00-01-7403-42,01-305,CIUDAD CAPITAL,ZONA 1,EODP ANEXA CASA DEL NIÑO NO.3,,,CELESTINA  ARLETTY HERNÁNDEZ AGUILAR,,PARVULOS,OFICIAL,URBANA,CERRADA TEMPORALMENTE,MONOLINGUE,MATUTINA,DIARIO(REGULAR),GUATEMALA NORTE
00-01-7521-45,01-01-0028,CIUDAD CAPITAL,ZONA 1,COLEGIO MIXTO CRISTIANO GUATEMALTECO,13 CALLE 2-30,22323228,AMADO SALOMON FLORES PEREZ,ANDREA CAROLINA VILLAGRAN FUNES,BASICO,PRIVADO,URBANA,ABIERTA,MONOLINGUE,MATUTINA,DIARIO(REGULAR),GUATEMALA NORTE
00-01-7525-45,01-403,CIUDAD CAPITAL,ZONA 1,ESCUELA TECNICA CIENCIA APLICADA,10 CALLE 3-15,56963328,CARLOS HUMBERTO GONZÁLEZ DE LEÓN,,BASICO,PRIVADO,URBANA,CERRADA TEMPORALMENTE,MONOLINGUE,DOBLE,FIN DE SEMANA,GUATEMALA NORTE
00-01-7526-46,01-403,CIUDAD CAPITAL,ZONA 1,ESCUELA TECNICA CIENCIA APLICADA,10 CALLE 3-15,,CARLOS HUMBERTO GONZÁLEZ DE LEÓN,---,DIVERSIFICADO,PRIVADO,URBANA,CERRADA DEFINITIVAMENTE,MONOLINGUE,DOBLE,FIN DE SEMANA,GUATEMALA NORTE
00-01-7528-44,01-01-0037,CIUDAD CAPITAL,ZONA 1,CENTRO DE ESTUDIOS MERCADOLOGICOS Y PUBLICITARIOS CEMP,8A. AVE. 3-50,22322152,CARLOS HUMBERTO GONZALEZ DE LEON,SERGIO ALEJANDRO VILLATORO VILLAGRAN,PRIMARIA DE ADULTOS,PRIVADO,URBANA,ABIERTA,MONOLINGUE,MATUTINA,FIN DE SEMANA,GUATEMALA NORTE
00-01-7559-43,,CIUDAD CAPITAL,ZONA 1,COLEGIO PROFESIONAL DE TURISMO PANAMERICANO NO.2,11 AV. 11-11,22327321,,,PRIMARIA,PRIVADO,URBANA,CERRADA TEMPORALMENTE,MONOLINGUE,MATUTINA,DIARIO(REGULAR),GUATEMALA NORTE
00-01-7573-46,01-01-0026,CIUDAD CAPITAL,ZONA 1,ESCUELA NACIONAL DE FORMACION SECRETARIAL NO. 2,3A. CALLE 1-33,22200302,LUDIBEL AMARILIS GALICIA DE FLORES,SILVIA  URRUTIA GARCIA,DIVERSIFICADO,OFICIAL,URBANA,ABIERTA,MONOLINGUE,VESPERTINA,DIARIO(REGULAR),GUATEMALA NORTE
00-01-7574-46,01-102,CIUDAD CAPITAL,ZONA 1,ESCUELA PRIVADA PARA SEÑORITAS  SILOHE,"9A. AVENIDA 4-20, ZONA 1",24765847,ZIZI ARELY LOPEZ CHINCHILLA,,DIVERSIFICADO,PRIVADO,URBANA,CERRADA DEFINITIVAMENTE,MONOLINGUE,MATUTINA,DIARIO(REGULAR),GUATEMALA NORTE
00-01-7576-45,,CIUDAD CAPITAL,ZONA 1,COLEGIO O'MEANY,15 AVE. 2-63,22530372,,,BASICO,PRIVADO,URBANA,CERRADA TEMPORALMENTE,MONOLINGUE,MATUTINA,DIARIO(REGULAR),GUATEMALA NORTE
00-01-7577-46,01-102,CIUDAD CAPITAL,ZONA 1,COLEGIO O MEANY,15 AVE. 2-63,22530372,ZIZI ARELY LOPEZ CHINCHILLA,,DIVERSIFICADO,PRIVADO,URBANA,TEMPORAL TITULOS,MONOLINGUE,MATUTINA,DIARIO(REGULAR),GUATEMALA NORTE
00-01-7588-46,01-01-0030,CIUDAD CAPITAL,ZONA 1,COLEGIO DE COMPUTACION ELECTRONICA Y ELECTRICIDAD,15 CALLE 'A' 12-37,22517616,NORMA ARACELY PALOMO FRANCO DE DÍAZ,VERÓNICA AZUCENA CONDE CASTRO,DIVERSIFICADO,PRIVADO,URBANA,ABIERTA,MONOLINGUE,MATUTINA,DIARIO(REGULAR),GUATEMALA NORTE
00-01-7589-46,,CIUDAD CAPITAL,ZONA 1,COLEGIO DE COMPUTACION ELECTRONICA Y ELECTRICIDAD,15 CALLE 'A' 12-37,22517616,,,DIVERSIFICADO,PRIVADO,URBANA,CERRADA DEFINITIVAMENTE,MONOLINGUE,VESPERTINA,DIARIO(REGULAR),GUATEMALA NORTE
00-01-7597-46,01-01-0038,CIUDAD CAPITAL,ZONA 1,CENTRO TECNOLOGICO DE COMPUTACION LA MERCED S.A.,5A. CALLE 10-22,22325857,CARLOS HUMBERTO GONZALEZ DE LEON,MARCO TULIO VARGAS ALVARADO,DIVERSIFICADO,PRIVADO,URBANA,ABIERTA,MONOLINGUE,DOBLE,FIN DE SEMANA,GUATEMALA NORTE
00-01-7604-45,01-01-0038,CIUDAD CAPITAL,ZONA 1,"CENTRO TECNOLOGICO DE COMPUTACION LA MERCED S. A,",5A. CALLE 10-22,22325857,CARLOS HUMBERTO GONZALEZ DE LEON,MARCO TULIO VARGAS ALVARADO,BASICO,PRIVADO,URBANA,ABIERTA,MONOLINGUE,DOBLE,FIN DE SEMANA,GUATEMALA NORTE
00-01-7611-46,01-305,CIUDAD CAPITAL,ZONA 1,CENTRO EDUCATIVO 'ALTO DESARROLLO',11 AVENIDA 10-67,22539153,CELESTINA  ARLETTY HERNÁNDEZ AGUILAR,,DIVERSIFICADO,PRIVADO,URBANA,CERRADA TEMPORALMENTE,MONOLINGUE,VESPERTINA,DIARIO(REGULAR),GUATEMALA NORTE
00-01-7631-45,01-106,CIUDAD CAPITAL,ZONA 1,CPUM COLEGIO PRIVADO MIXTO EN COMPUTACION 'VERSALLES',2A.CALLE 6-33,22325833,CESAR ARNOLDO MARTINEZ GARCIA,,BASICO,PRIVADO,URBANA,CERRADA TEMPORALMENTE,MONOLINGUE,MATUTINA,MIXTO,GUATEMALA NORTE
00-01-7632-46,01-407,CIUDAD CAPITAL,ZONA 1,CPUM COLEGIO PRIVADO MIXTO EN COMPUTACION 'VERSALLES',2A.CALLE 6-33,,LILIAN YOLANDA RODRIGUEZ PINTO DE CASTRO,,DIVERSIFICADO,PRIVADO,URBANA,CERRADA TEMPORALMENTE,MONOLINGUE,MATUTINA,MIXTO,GUATEMALA NORTE
00-01-7641-44,01-01-0038,CIUDAD CAPITAL,ZONA 1,LICEO CRISTIANO RENUEVO,15 CALLE 8-39,22886463,CARLOS HUMBERTO GONZALEZ DE LEON,ISABEL EUNICE ROJAS CASTILLO,PRIMARIA DE ADULTOS,PRIVADO,URBANA,ABIERTA,MONOLINGUE,DOBLE,FIN DE SEMANA,GUATEMALA NORTE
00-01-7642-45,01-01-0037,CIUDAD CAPITAL,ZONA 1,LICEO MIXTO EN COMPUTACION IXCHEL,5A. AVENIDA 3-79,23164224,CARLOS HUMBERTO GONZALEZ DE LEON,HECTOR ARNULFO CASTELLANOS,BASICO,PRIVADO,URBANA,ABIERTA,MONOLINGUE,MATUTINA,FIN DE SEMANA,GUATEMALA NORTE
00-01-7644-46,01-01-0037,CIUDAD CAPITAL,ZONA 1,LICEO MIXTO EN COMPUTACION IXCHEL,5AV. 3-79,23164224,CARLOS HUMBERTO GONZALEZ DE LEON,HECTOR ARNULFO CASTELLANOS,DIVERSIFICADO,PRIVADO,URBANA,ABIERTA,MONOLINGUE,MATUTINA,FIN DE SEMANA,GUATEMALA NORTE
00-01-7652-45,01-627,CIUDAD CAPITAL,ZONA 1,"COLEGIO  MIXTO ""INDO LATINO""",4AV. 13-35,22380338,ISAURA AMPARO RECINOS CARRILLO,SONIA ESTELA RAMÍREZ MORALES,BASICO,PRIVADO,URBANA,CERRADA TEMPORALMENTE,MONOLINGUE,MATUTINA,FIN DE SEMANA,GUATEMALA NORTE
00-01-7653-45,01-01-0037,CIUDAD CAPITAL,ZONA 1,INSTITUTO MIXTO INDO  LATINO,4AV. 13-35,22380338,CARLOS HUMBERTO GONZALEZ DE LEON,UBENCE MARCELINO DE LEÓN LÓPEZ,BASICO,PRIVADO,URBANA,ABIERTA,MONOLINGUE,MATUTINA,SEMIPRESENCIAL,GUATEMALA NORTE
00-01-7654-46,01-01-0037,CIUDAD CAPITAL,ZONA 1,"COLEGIO MIXTO ""INDO LATINO""",4AV. 13-35,22380338,CARLOS HUMBERTO GONZALEZ DE LEON,UBENCE MARCELINO DE LEÓN LÓPEZ,DIVERSIFICADO,PRIVADO,URBANA,ABIERTA,MONOLINGUE,MATUTINA,FIN DE SEMANA,GUATEMALA NORTE
00-01-7655-46,01-627,CIUDAD CAPITAL,ZONA 1,"COLEGIO MIXTO ""INDO LATINO""",4AV. 13-35,22380338,ISAURA AMPARO RECINOS CARRILLO,SONIA ESTELA RAMÍREZ MORALES,DIVERSIFICADO,PRIVADO,URBANA,CERRADA TEMPORALMENTE,MONOLINGUE,MATUTINA,FIN DE SEMANA,GUATEMALA NORTE
00-01-7656-44,01-01-0037,CIUDAD CAPITAL,ZONA 1,"COLEGIO MIXTO ""INDO LATINO""",4AV. 13-35,22380338,CARLOS HUMBERTO GONZALEZ DE LEON,BORIS ROLANDO SILVA SÁNCHEZ,PRIMARIA DE ADULTOS,PRIVADO,URBANA,ABIERTA,MONOLINGUE,MATUTINA,SEMIPRESENCIAL,GUATEMALA NORTE
00-01-7666-45,01-01-0040,CIUDAD CAPITAL,ZONA 1,LICEO CLASICO EN COMPUTACION,4A. CALLE 5-52,23041515,AMADO SALOMON FLORES PEREZ,MIGUEL ALFONSO LEMUS ALTÁN,BASICO,PRIVADO,URBANA,ABIERTA,MONOLINGUE,MATUTINA,DIARIO(REGULAR),GUATEMALA NORTE
00-01-7667-46,01-01-0040,CIUDAD CAPITAL,ZONA 1,LICEO CLASICO EN COMPUTACION,4A. CALLE 5-52,23041515,AMADO SALOMON FLORES PEREZ,MIGUEL ALFONSO LEMUS ALTÁN,DIVERSIFICADO,PRIVADO,URBANA,ABIERTA,MONOLINGUE,MATUTINA,DIARIO(REGULAR),GUATEMALA NORTE
00-01-7668-45,,CIUDAD CAPITAL,ZONA 1,LICEO CLASICO DE COMPUTACION,4A. CALLE 5-52,2512449/2514657/2384648,,,BASICO,PRIVADO,URBANA,CERRADA TEMPORALMENTE,MONOLINGUE,VESPERTINA,DIARIO(REGULAR),GUATEMALA NORTE
00-01-7670-46,01-315,CIUDAD CAPITAL,ZONA 1,LICEO CLASICO EN COMPUTACION,4A. CALLE 5-52 ZONA 1,22512449,LILIAN YOLANDA RODRÍGUEZ PINTO DE CASTRO,,DIVERSIFICADO,PRIVADO,URBANA,CERRADA TEMPORALMENTE,MONOLINGUE,VESPERTINA,DIARIO(REGULAR),GUATEMALA NORTE
00-01-7681-42,01-316,CIUDAD CAPITAL,ZONA 1,COLEGIO 'NUESTRA SEÑORA DEL CARMEN',11 AVENIDA 3-17,"2329875,2210696",LILIAN YOLANDA RODRIGUEZ PINTO DE CASTRO,,PARVULOS,PRIVADO,URBANA,CERRADA TEMPORALMENTE,MONOLINGUE,MATUTINA,DIARIO(REGULAR),GUATEMALA NORTE
00-01-7693-42,,CIUDAD CAPITAL,ZONA 1,EODP ANEXA A EOUM NO.616 'AMERICANA',,,,,PARVULOS,OFICIAL,URBANA,CERRADA DEFINITIVAMENTE,MONOLINGUE,VESPERTINA,DIARIO(REGULAR),GUATEMALA NORTE
00-01-7704-43,,CIUDAD CAPITAL,ZONA 1,EOUM 'REPUBLICA DE CUBA',AVENIDA ELENA 21-51,,,,PRIMARIA,OFICIAL,URBANA,CERRADA DEFINITIVAMENTE,MONOLINGUE,VESPERTINA,DIARIO(REGULAR),GUATEMALA NORTE
00-01-7705-45,01-01-0026,CIUDAD CAPITAL,ZONA 1,INSTITUTO DE ESTUDIOS ESPECIALIZADOS EN CIENCIAS DE LA COMPUTACION,3A. CALLE 3-59,42239146,LUDIBEL AMARILIS GALICIA DE FLORES,DELFINO HERIBERTO HERNÁNDEZ CASTILLO,BASICO,PRIVADO,URBANA,ABIERTA,MONOLINGUE,MATUTINA,DIARIO(REGULAR),GUATEMALA NORTE
00-01-7706-46,01-01-0026,CIUDAD CAPITAL,ZONA 1,INSTITUTO DE ESTUDIOS ESPECIALIZADOS EN CIENCIAS DE LA COMPUTACION,3A. CALLE 3-59,42239146,LUDIBEL AMARILIS GALICIA DE FLORES,DELFINO HERIBERTO HERNÁNDEZ CASTILLO,DIVERSIFICADO,PRIVADO,URBANA,ABIERTA,MONOLINGUE,MATUTINA,DIARIO(REGULAR),GUATEMALA NORTE
00-01-7707-46,01-317,CIUDAD CAPITAL,ZONA 1,INSTITUTO DE ESTUDIOS ESPECIALIZADOS EN CIENCIAS DE LA COMPUTACION,3A. CALLE 3-59,22326648,MARIANO DOMINGO ESTRADA TELETOR,DELFINO HERIBERTO HERNÁNDEZ CASTILLO,DIVERSIFICADO,PRIVADO,URBANA,CERRADA TEMPORALMENTE,MONOLINGUE,VESPERTINA,DIARIO(REGULAR),GUATEMALA NORTE
00-01-7708-45,01-627,CIUDAD CAPITAL,ZONA 1,INSTITUTO DE ESTUDIOS ESPECIALIZADOS EN CIENCIAS DE LA COMPUTACION,3A. CALLE 3-59,22381161,ISAURA AMPARO RECINOS CARRILLO,DELFINO HERIBERTO HERNÁNDEZ CASTILLO,BASICO,PRIVADO,URBANA,CERRADA TEMPORALMENTE,MONOLINGUE,MATUTINA,FIN DE SEMANA,GUATEMALA NORTE
00-01-7709-45,01-402,CIUDAD CAPITAL,ZONA 1,INSTITUTO DE ESTUDIOS ESPECIALIZADOS EN CIENCIAS DE LA COMPUTACION,3A. CALLE 3-59,22326648,CARLOS HUMBERTO GONZALEZ DE LEON,,BASICO,PRIVADO,URBANA,CERRADA TEMPORALMENTE,MONOLINGUE,VESPERTINA,FIN DE SEMANA,GUATEMALA NORTE
00-01-7710-46,01-627,CIUDAD CAPITAL,ZONA 1,INSTITUTO DE ESTUDIOS ESPECIALIZADOS EN CIENCIAS DE LA COMPUTACION,3A. CALLE 3-59,22381161,ISAURA AMPARO RECINOS CARRILLO,DELFINO HERIBERTO HERNÁNDEZ CASTILLO,DIVERSIFICADO,PRIVADO,URBANA,CERRADA TEMPORALMENTE,MONOLINGUE,MATUTINA,FIN DE SEMANA,GUATEMALA NORTE
00-01-7711-46,01-402,CIUDAD CAPITAL,ZONA 1,INSTITUTO DE ESTUDIOS ESPECIALIZADOS EN CIENCIAS DE LA COMPUTACION,3A. CALLE 3-59,22326648,CARLOS HUMBERTO GONZALEZ DE LEON,,DIVERSIFICADO,PRIVADO,URBANA,CERRADA TEMPORALMENTE,MONOLINGUE,VESPERTINA,FIN DE SEMANA,GUATEMALA NORTE
00-01-7712-45,01-317,CIUDAD CAPITAL,ZONA 1,INSTITUTO DE ESTUDIOS ESPECIALIZADOS EN CIENCIAS DE LA COMPUTACION,3A. CALLE 3-59,22326648,MARIANO DOMINGO ESTRADA TELETOR,,BASICO,PRIVADO,URBANA,CERRADA TEMPORALMENTE,MONOLINGUE,VESPERTINA,DIARIO(REGULAR),GUATEMALA NORTE
00-01-7714-42,01-318,CIUDAD CAPITAL,ZONA 1,LICEO BILINGUE  LA PUERTA,6A AVENIDA 2-34,55565615,SANDRA CAROLINA PÉREZ DONDIEGO DE CHOC,MAGDA GLADYS BARRIOS LEIVA,PARVULOS,PRIVADO,URBANA,CERRADA TEMPORALMENTE,MONOLINGUE,MATUTINA,DIARIO(REGULAR),GUATEMALA NORTE
00-01-7715-43,01-01-0031,CIUDAD CAPITAL,ZONA 1,LICEO BILINGUE  LA PUERTA,6A AVENIDA 2-34,55565651,LUDIBEL AMARILIS GALICIA DE FLORES,EVELYN PATRICIA DONADO BARRIOS,PRIMARIA,PRIVADO,URBANA,ABIERTA,MONOLINGUE,MATUTINA,DIARIO(REGULAR),GUATEMALA NORTE
00-01-7716-44,01-01-0037,CIUDAD CAPITAL,ZONA 1,LICEO MIXTO EN COMPUTACION IXCHEL,5A. AVENIDA  3-79,23164224,CARLOS HUMBERTO GONZALEZ DE LEON,HECTOR ARNULFO CASTELLANOS,PRIMARIA DE ADULTOS,PRIVADO,URBANA,ABIERTA,MONOLINGUE,MATUTINA,FIN DE SEMANA,GUATEMALA NORTE
00-01-7720-45,01-01-0033,CIUDAD CAPITAL,ZONA 1,LICEO DE COMPUTACION SIGLO 21 NO. 3,13 CALLE 9-60,22959172,CARLOS HUMBERTO GONZALEZ DE LEON,JORGE ROLANDO MORALES PAZ,BASICO,PRIVADO,URBANA,ABIERTA,MONOLINGUE,MATUTINA,FIN DE SEMANA,GUATEMALA NORTE
00-01-7721-46,01-01-0033,CIUDAD CAPITAL,ZONA 1,LICEO DE COMPUTACION  SIGLO 21  NO.3,13 CALLE 9-60,54727957,CARLOS HUMBERTO GONZALEZ DE LEON,JORGE ROLANDO MORALES PAZ,DIVERSIFICADO,PRIVADO,URBANA,ABIERTA,MONOLINGUE,MATUTINA,FIN DE SEMANA,GUATEMALA NORTE
00-01-7728-46,,CIUDAD CAPITAL,ZONA 1,LICEO CLASICO EN COMPUTACION,4A. CALLE 5-52,2384648-2512449-2514657,,,DIVERSIFICADO,PRIVADO,URBANA,CERRADA DEFINITIVAMENTE,MONOLINGUE,NOCTURNA,FIN DE SEMANA,GUATEMALA NORTE
00-01-7729-46,01-01-0033,CIUDAD CAPITAL,ZONA 1,LICEO CLASICO DE COMPUTACION,4A. CALLE 5-52,23041515,CARLOS HUMBERTO GONZALEZ DE LEON,MIGUEL ALFONSO LEMUS ALTÁN,DIVERSIFICADO,PRIVADO,URBANA,ABIERTA,MONOLINGUE,DOBLE,FIN DE SEMANA,GUATEMALA NORTE
00-01-7741-45,01-318,CIUDAD CAPITAL,ZONA 1,COLEGIO MIXTO PADRE BETANZOS,10 CALLE 12-90,22384283,SANDRA CAROLINA PÉREZ DONDIEGO DE CHOC,ROBERTO CASTILLO GIRON,BASICO,PRIVADO,URBANA,CERRADA DEFINITIVAMENTE,MONOLINGUE,MATUTINA,DIARIO(REGULAR),GUATEMALA NORTE
00-01-7742-46,01-303,CIUDAD CAPITAL,ZONA 1,COLEGIO MIXTO PADRE BETANZOS,10 CALLE 12-90,22384283,GLORIA GABRIELA LARIOS GARCÍA,,DIVERSIFICADO,PRIVADO,URBANA,CERRADA TEMPORALMENTE,MONOLINGUE,MATUTINA,DIARIO(REGULAR),GUATEMALA NORTE
00-01-7743-45,,CIUDAD CAPITAL,ZONA 1,COLEGIO MIXTO PADRE BETANZOS,10 CALLE 12-90,2384283/2384284,,,BASICO,PRIVADO,URBANA,CERRADA DEFINITIVAMENTE,MONOLINGUE,VESPERTINA,DIARIO(REGULAR),GUATEMALA NORTE
00-01-7744-46,,CIUDAD CAPITAL,ZONA 1,COLEGIO MIXTO PADRE BETANZOS,10 CALLE 12-90 ZONA 1,238-4283/2384284,,,DIVERSIFICADO,PRIVADO,URBANA,CERRADA TEMPORALMENTE,MONOLINGUE,VESPERTINA,DIARIO(REGULAR),GUATEMALA NORTE
00-01-7753-43,01-01-0032,CIUDAD CAPITAL,ZONA 1,COLEGIO CELESTE Y ROSA,1A. CALLE 18-44,22538631,LUDIBEL AMARILIS GALICIA DE FLORES,MARÍA JOSÉ PORTILLO RODRÍGUEZ,PRIMARIA,PRIVADO,URBANA,ABIERTA,MONOLINGUE,MATUTINA,DIARIO(REGULAR),GUATEMALA NORTE
00-01-7802-45,01-402,CIUDAD CAPITAL,ZONA 1,INSTITUTO RAFAEL LANDIVAR,8A. CALLE 2-46,22514714,CARLOS HUMBERTO GONZALEZ DE LEON,,BASICO,PRIVADO,URBANA,CERRADA TEMPORALMENTE,MONOLINGUE,VESPERTINA,FIN DE SEMANA,GUATEMALA NORTE
00-01-7803-46,01-403,CIUDAD CAPITAL,ZONA 1,INSTITUTO RAFAEL LANDIVAR,8A. CALLE 2-46,22514714,CARLOS HUMBERTO GONZÁLEZ DE LEÓN,,DIVERSIFICADO,PRIVADO,URBANA,CERRADA DEFINITIVAMENTE,MONOLINGUE,VESPERTINA,FIN DE SEMANA,GUATEMALA NORTE
00-01-7804-45,01-403,CIUDAD CAPITAL,ZONA 1,INSTITUTO RAFAEL LANDIVAR,8A. CALLE 2-46,22516035,CARLOS HUMBERTO GONZÁLEZ DE LEÓN,,BASICO,PRIVADO,URBANA,CERRADA TEMPORALMENTE,MONOLINGUE,MATUTINA,FIN DE SEMANA,GUATEMALA NORTE
00-01-7809-46,01-403,CIUDAD CAPITAL,ZONA 1,INSTITUTO RAFAEL LANDIVAR,8A. CALLE 2-46,22516035,CARLOS HUMBERTO GONZÁLEZ DE LEÓN,ARMANDO RODERICO SOSA ESTRADA,DIVERSIFICADO,PRIVADO,URBANA,CERRADA TEMPORALMENTE,MONOLINGUE,MATUTINA,FIN DE SEMANA,GUATEMALA NORTE
00-01-7813-45,,CIUDAD CAPITAL,ZONA 1,COLEGIO O'MEANY,15 AVE. 2-63 ZONA 1,22530372,,,BASICO,PRIVADO,URBANA,CERRADA TEMPORALMENTE,MONOLINGUE,MATUTINA,DIARIO(REGULAR),GUATEMALA NORTE
00-01-7814-46,,CIUDAD CAPITAL,ZONA 1,COLEGIO O'MEANY,15 AVE. 2-63,,,,DIVERSIFICADO,PRIVADO,URBANA,CERRADA TEMPORALMENTE,MONOLINGUE,MATUTINA,SABATINO,GUATEMALA NORTE
00-01-7817-42,,CIUDAD CAPITAL,ZONA 1,COLEGIO PROFESIONAL DE TURISMO PANAMERICANO N.2,11 AV. 11-11,22327321,,,PARVULOS,PRIVADO,URBANA,CERRADA TEMPORALMENTE,MONOLINGUE,MATUTINA,DIARIO(REGULAR),GUATEMALA NORTE
00-01-7818-45,01-403,CIUDAD CAPITAL,ZONA 1,LICEO PROFESIONAL DE COMPUTACION Y CIENCIAS COMERCIALES,2A. AVENIDA 10-69,22325955,CARLOS HUMBERTO GONZÁLEZ DE LEÓN,ROBIN ALEXANDER MONTALVO HERNANDEZ,BASICO,PRIVADO,URBANA,CERRADA TEMPORALMENTE,MONOLINGUE,DOBLE,FIN DE SEMANA,GUATEMALA NORTE
00-01-7820-46,01-403,CIUDAD CAPITAL,ZONA 1,COLEGIO SISTEMATIZADO EN COMPUTACION,4A. AVENIDA 1-21 ZONA 1,"2325732, 2320075, 2307014",CARLOS HUMBERTO GONZÁLEZ DE LEÓN,,DIVERSIFICADO,PRIVADO,URBANA,CERRADA TEMPORALMENTE,MONOLINGUE,DOBLE,DOMINICAL,GUATEMALA NORTE
00-01-7821-46,01-403,CIUDAD CAPITAL,ZONA 1,COLEGIO SISTEMATIZADO EN COMPUTACION,4A. AVENIDA 1-21 ZONA 1,"2325732, 2320075, 2307014",CARLOS HUMBERTO GONZÁLEZ DE LEÓN,,DIVERSIFICADO,PRIVADO,URBANA,CERRADA TEMPORALMENTE,MONOLINGUE,DOBLE,SABATINO,GUATEMALA NORTE
00-01-7822-45,,CIUDAD CAPITAL,ZONA 1,COLEGIO SISTEMATIZADO EN COMPUTACION,4A. AVENIDA 1-21 ZONA 1,22325732,,,BASICO,PRIVADO,URBANA,CERRADA DEFINITIVAMENTE,MONOLINGUE,DOBLE,SABATINO,GUATEMALA NORTE
00-01-7823-45,01-403,CIUDAD CAPITAL,ZONA 1,COLEGIO SISTEMATIZADO EN COMPUTACION,4A. AVENIDA 1-21 ZONA 1,22325732,CARLOS HUMBERTO GONZÁLEZ DE LEÓN,,BASICO,PRIVADO,URBANA,CERRADA TEMPORALMENTE,MONOLINGUE,DOBLE,DOMINICAL,GUATEMALA NORTE
00-01-7824-44,,CIUDAD CAPITAL,ZONA 1,COLEGIO SECRETARIAL GUATEMALTECO,5A. CALLE 0-26,22323368,,,PRIMARIA DE ADULTOS,PRIVADO,URBANA,CERRADA DEFINITIVAMENTE,MONOLINGUE,MATUTINA,FIN DE SEMANA,GUATEMALA NORTE
00-01-7825-44,01-627,CIUDAD CAPITAL,ZONA 1,COLEGIO CIENTIFICO SECRETARIAL GUATEMALTECO,8A. CALLE 2-29,22515577,ISAURA AMPARO RECINOS CARRILLO,JORGE HERIBERTO ESTRADA CASTILLO,PRIMARIA DE ADULTOS,PRIVADO,URBANA,CERRADA TEMPORALMENTE,MONOLINGUE,DOBLE,FIN DE SEMANA,GUATEMALA NORTE
00-01-7826-45,01-403,CIUDAD CAPITAL,ZONA 1,LICEO CANADIENSE,11 CALLE 1-53,23750055,CARLOS HUMBERTO GONZÁLEZ DE LEÓN,ADA LUCRECIA MIJANGOS TEO,BASICO,PRIVADO,URBANA,CERRADA TEMPORALMENTE,MONOLINGUE,DOBLE,FIN DE SEMANA,GUATEMALA NORTE
00-01-7836-45,01-01-0048,CIUDAD CAPITAL,ZONA 1,LICEO PROFESIONAL DE INFORMATICA Y TECNOLOGIA,9A. CALLE 0-39,22329566,AMADO SALOMON FLORES PEREZ,MANUEL DE JESÚS JUÁREZ GARCÍA,BASICO,PRIVADO,URBANA,ABIERTA,MONOLINGUE,MATUTINA,DIARIO(REGULAR),GUATEMALA NORTE
00-01-7837-45,,CIUDAD CAPITAL,ZONA 1,LICEO PROFESIONAL DE INFORMATICA Y TECNOLOGIA,9A. CALLE 0-39,"2532566, 2329566",,,BASICO,PRIVADO,URBANA,CERRADA TEMPORALMENTE,MONOLINGUE,NOCTURNA,DIARIO(REGULAR),GUATEMALA NORTE
00-01-7838-45,01-01-0042,CIUDAD CAPITAL,ZONA 1,LICEO PROFESIONAL DE INFORMATICA Y TECNOLOGIA,9A. CALLE 0-39,52331784,CARLOS HUMBERTO GONZALEZ DE LEON,MANUEL DE JESÚS JUÁREZ GARCÍA,BASICO,PRIVADO,URBANA,ABIERTA,MONOLINGUE,DOBLE,FIN DE SEMANA,GUATEMALA NORTE
00-01-7839-46,01-01-0048,CIUDAD CAPITAL,ZONA 1,LICEO PROFESIONAL DE INFORMATICA Y TECNOLOGIA,9A. CALLE 0-39,22329566,AMADO SALOMON FLORES PEREZ,MANUEL DE JESÚS JUÁREZ GARCÍA,DIVERSIFICADO,PRIVADO,URBANA,ABIERTA,MONOLINGUE,MATUTINA,DIARIO(REGULAR),GUATEMALA NORTE
00-01-7840-46,,CIUDAD CAPITAL,ZONA 1,LICEO PROFESIONAL DE INFORMATICA Y TECNOLOGIA,9A. CALLE 0-39,"2532566,2329566",,,DIVERSIFICADO,PRIVADO,URBANA,CERRADA TEMPORALMENTE,MONOLINGUE,NOCTURNA,DIARIO(REGULAR),GUATEMALA NORTE
00-01-7841-46,01-01-0042,CIUDAD CAPITAL,ZONA 1,LICEO PROFESIONAL DE INFORMATICA Y TECNOLOGIA,9A. CALLE 0-39,52331784,CARLOS HUMBERTO GONZALEZ DE LEON,MANUEL DE JESÚS JUÁREZ GARCÍA,DIVERSIFICADO,PRIVADO,URBANA,ABIERTA,MONOLINGUE,DOBLE,FIN DE SEMANA,GUATEMALA NORTE
00-01-7849-46,,CIUDAD CAPITAL,ZONA 1,INSTITUTO 'RAFAEL LANDIVAR',8A. CALLE 2-46 ZONA 1,22514714,,,DIVERSIFICADO,PRIVADO,URBANA,CERRADA TEMPORALMENTE,MONOLINGUE,MATUTINA,DIARIO(REGULAR),GUATEMALA NORTE
00-01-7854-45,01-403,CIUDAD CAPITAL,ZONA 1,COLEGIO SISTEMATIZADO EN COMPUTACION,4A. AVENIDA 1-21,,CARLOS HUMBERTO GONZÁLEZ DE LEÓN,,BASICO,PRIVADO,URBANA,CERRADA TEMPORALMENTE,MONOLINGUE,DOBLE,FIN DE SEMANA,GUATEMALA NORTE
00-01-7862-45,,CIUDAD CAPITAL,ZONA 1,CENTRO TECNOLOGICO EN COMPUTACION LA MERCED,5A. CALLE 10-22 ZONA 1,22325857,,,BASICO,PRIVADO,URBANA,CERRADA DEFINITIVAMENTE,MONOLINGUE,INTERMEDIA,DIARIO(REGULAR),GUATEMALA NORTE
00-01-7863-46,01-,CIUDAD CAPITAL,ZONA 1,CENTRO TECNOLOGICO EN COMPUTACION LA MERCED,5A. CALLE 10-22 ZONA 1,22325857,MARIA FELICITA ROQUE CARRERA,----,DIVERSIFICADO,PRIVADO,URBANA,CERRADA DEFINITIVAMENTE,MONOLINGUE,INTERMEDIA,DIARIO(REGULAR),GUATEMALA NORTE
00-01-7906-42,01-305,CIUDAD CAPITAL,ZONA 1,COLEGIO CATOLICO MIXTO SAN PIO V DE PROYECTO SOCIAL,3A. CALLE A 0-68,22324277,CELESTINA  ARLETTY HERNÁNDEZ AGUILAR,,PARVULOS,PRIVADO,URBANA,CERRADA TEMPORALMENTE,MONOLINGUE,MATUTINA,DIARIO(REGULAR),GUATEMALA NORTE
00-01-7907-43,01-318,CIUDAD CAPITAL,ZONA 1,COLEGIO CATOLICO MIXTO SAN PIO V DE PROYECTO SOCIAL,3A. CALLE A 0-68,22518682,SANDRA CAROLINA PÉREZ DONDIEGO DE CHOC,AUGUSTO ROLANDO SANTIZO MÉNDEZ,PRIMARIA,PRIVADO,URBANA,CERRADA TEMPORALMENTE,MONOLINGUE,MATUTINA,DIARIO(REGULAR),GUATEMALA NORTE
00-01-7909-45,01-402,CIUDAD CAPITAL,ZONA 1,LICEO 'JOSE DE SAN MARTIN',6A. AVENIDA 1-73,22322807,CARLOS HUMBERTO GONZALEZ DE LEON,,BASICO,PRIVADO,URBANA,CERRADA TEMPORALMENTE,MONOLINGUE,MATUTINA,FIN DE SEMANA,GUATEMALA NORTE
00-01-7910-46,01-402,CIUDAD CAPITAL,ZONA 1,LICEO  JOSE DE SAN MARTIN,6A. AVENIDA 1-73,22322807,CARLOS HUMBERTO GONZALEZ DE LEON,,DIVERSIFICADO,PRIVADO,URBANA,CERRADA TEMPORALMENTE,MONOLINGUE,MATUTINA,FIN DE SEMANA,GUATEMALA NORTE
00-01-7911-46,01-01-0028,CIUDAD CAPITAL,ZONA 1,LICEO CANADIENSE,11 CALLE 1-53,23750055,AMADO SALOMON FLORES PEREZ,ADA LUCRECIA MIJANGOS TEO,DIVERSIFICADO,PRIVADO,URBANA,ABIERTA,MONOLINGUE,MATUTINA,DIARIO(REGULAR),GUATEMALA NORTE
00-01-7912-46,01-403,CIUDAD CAPITAL,ZONA 1,LICEO CANADIENSE,11 CALLE 1-53,23750055,CARLOS HUMBERTO GONZÁLEZ DE LEÓN,ADA LUCRECIA MIJANGOS TEO,DIVERSIFICADO,PRIVADO,URBANA,CERRADA TEMPORALMENTE,MONOLINGUE,DOBLE,FIN DE SEMANA,GUATEMALA NORTE
00-01-7933-45,01-401,CIUDAD CAPITAL,ZONA 1,COLEGIO LA VERDAD (POR MADUREZ),9A. CALLE 3-19,22537837,IXMUCANE ALDANA VILLAVICENCIO,,BASICO,PRIVADO,URBANA,CERRADA TEMPORALMENTE,MONOLINGUE,DOBLE,FIN DE SEMANA,GUATEMALA NORTE
00-01-7934-46,01-403,CIUDAD CAPITAL,ZONA 1,COLEGIO LA VERDAD,9A. CALLE 3-19,22537837,CARLOS HUMBERTO GONZÁLEZ DE LEÓN,-----,DIVERSIFICADO,PRIVADO,URBANA,CERRADA TEMPORALMENTE,MONOLINGUE,DOBLE,FIN DE SEMANA,GUATEMALA NORTE
00-01-7940-43,01-01-0026,CIUDAD CAPITAL,ZONA 1,COLEGIO  LUISIANA,AV. ELENA 7-33,22326097,LUDIBEL AMARILIS GALICIA DE FLORES,,PRIMARIA,PRIVADO,URBANA,ABIERTA,MONOLINGUE,MATUTINA,DIARIO(REGULAR),GUATEMALA NORTE
00-01-7946-42,01-01-0048,CIUDAD CAPITAL,ZONA 1,EODP NO.13 'AMERICA',14 CALLE 2-04,30085307,AMADO SALOMON FLORES PEREZ,HEIDI CAROLINA MOSCOSO BELTRAN,PARVULOS,OFICIAL,URBANA,ABIERTA,MONOLINGUE,MATUTINA,DIARIO(REGULAR),GUATEMALA NORTE
00-01-7954-43,,CIUDAD CAPITAL,ZONA 1,COLEGIO O'MEANY,15 AVENIDA 2-63,22530372,,,PRIMARIA,PRIVADO,URBANA,CERRADA TEMPORALMENTE,MONOLINGUE,MATUTINA,DIARIO(REGULAR),GUATEMALA NORTE
00-01-7962-43,,CIUDAD CAPITAL,ZONA 1,COLEGIO PROFESIONAL EN COMPUTACION S.A,11 AVE. 11-41,22322208,,,PRIMARIA,PRIVADO,URBANA,CERRADA TEMPORALMENTE,MONOLINGUE,MATUTINA,DIARIO(REGULAR),GUATEMALA NORTE
00-01-7963-45,01-317,CIUDAD CAPITAL,ZONA 1,COLEGIO PROFESIONAL EN COMPUTACION S.A,11AVE. 11-41,22322208,MARIANO DOMINGO ESTRADA TELETOR,,BASICO,PRIVADO,URBANA,CERRADA TEMPORALMENTE,MONOLINGUE,MATUTINA,DIARIO(REGULAR),GUATEMALA NORTE
00-01-7964-46,01-317,CIUDAD CAPITAL,ZONA 1,COLEGIO PROFESIONAL EN COMPUTACION S.A.,11 AVE. 11-41,22322208,MARIANO DOMINGO ESTRADA TELETOR,----------------,DIVERSIFICADO,PRIVADO,URBANA,CERRADA TEMPORALMENTE,MONOLINGUE,MATUTINA,DIARIO(REGULAR),GUATEMALA NORTE
00-01-7993-45,01-303,CIUDAD CAPITAL,ZONA 1,ESCUELA TECNICA SUPERIOR ALINARI,5A. CALLE 5-61,2204272-2326035,GLORIA GABRIELA LARIOS GARCÍA,,BASICO,PRIVADO,URBANA,CERRADA DEFINITIVAMENTE,MONOLINGUE,MATUTINA,DIARIO(REGULAR),GUATEMALA NORTE
00-01-8001-42,01-316,CIUDAD CAPITAL,ZONA 1,COLEGIO INTEGRAL CHIQUITITOS,3A. CALLE 'A' 0-73,22325079,LILIAN YOLANDA RODRIGUEZ PINTO DE CASTRO,,PARVULOS,PRIVADO,URBANA,CERRADA TEMPORALMENTE,MONOLINGUE,MATUTINA,DIARIO(REGULAR),GUATEMALA NORTE
00-01-8017-42,,CIUDAD CAPITAL,ZONA 1,LICEO BILINGUE CENTROAMERICANO,4A. AV. 2-78 ZONA 1,22382855,,,PARVULOS,PRIVADO,URBANA,CERRADA TEMPORALMENTE,MONOLINGUE,MATUTINA,DIARIO(REGULAR),GUATEMALA NORTE
00-01-8018-43,01-305,CIUDAD CAPITAL,ZONA 1,LICEO BILINGUE CENTROAMERICANO,4A. 2-78 ZONA 1,22382855,CELESTINA  ARLETTY HERNÁNDEZ AGUILAR,,PRIMARIA,PRIVADO,URBANA,CERRADA TEMPORALMENTE,MONOLINGUE,MATUTINA,DIARIO(REGULAR),GUATEMALA NORTE
00-01-8019-43,01-305,CIUDAD CAPITAL,ZONA 1,"CENTRO TECNICO DE TURISMO, BANCA Y COMERCIO 'JOHN GLENN'",2A. AVENIDA 3-59,22321168,CELESTINA  ARLETTY HERNÁNDEZ AGUILAR,,PRIMARIA,PRIVADO,URBANA,CERRADA TEMPORALMENTE,MONOLINGUE,MATUTINA,DIARIO(REGULAR),GUATEMALA NORTE
00-01-8027-44,01-403,CIUDAD CAPITAL,ZONA 1,"INSTITUTO PARTICULAR MIXTO ""CIENCIA Y DESARROLLO""",10A. CALLE 3-15,22531962,CARLOS HUMBERTO GONZÁLEZ DE LEÓN,FREDY RENÉ CABRERA Y CABRERA,PRIMARIA DE ADULTOS,PRIVADO,URBANA,CERRADA TEMPORALMENTE,MONOLINGUE,DOBLE,FIN DE SEMANA,GUATEMALA NORTE
00-01-8028-45,01-01-0040,CIUDAD CAPITAL,ZONA 1,COLEGIO BILINGÜE ESPECIALIZADO EN COMPUTACIÓN YULIMAY´PC,12 CALLE 4-17,22091400,AMADO SALOMON FLORES PEREZ,OBDUVER UBALDO DOMINGO CASTAÑÓN,BASICO,PRIVADO,URBANA,ABIERTA,MONOLINGUE,MATUTINA,DIARIO(REGULAR),GUATEMALA NORTE
00-01-8029-45,,CIUDAD CAPITAL,ZONA 1,COLEGIO BILINGUE ESPECIALIZADO EN COMPUTACION YULIMAY'PC,3ERA. AVE. 13-23 ZONA 1,2329664-2500774,,,BASICO,PRIVADO,URBANA,CERRADA TEMPORALMENTE,MONOLINGUE,VESPERTINA,DIARIO(REGULAR),GUATEMALA NORTE
00-01-8030-46,01-01-0040,CIUDAD CAPITAL,ZONA 1,COLEGIO BILINGÜE ESPECIALIZADO EN COMPUTACIÓN YULIMAY´PC,12 CALLE 4-17,22091400,AMADO SALOMON FLORES PEREZ,OBDUVER UBALDO DOMINGO CASTAÑÓN,DIVERSIFICADO,PRIVADO,URBANA,ABIERTA,MONOLINGUE,MATUTINA,DIARIO(REGULAR),GUATEMALA NORTE
00-01-8031-46,,CIUDAD CAPITAL,ZONA 1,COLEGIO BILINGUE ESPECIALIZADO EN COMPUTACION YULIMAY'PC,3ERA. AVE. 13-23 ZONA 1,2329664-2500774,,,DIVERSIFICADO,PRIVADO,URBANA,CERRADA TEMPORALMENTE,MONOLINGUE,VESPERTINA,DIARIO(REGULAR),GUATEMALA NORTE
00-01-8032-45,01-01-0037,CIUDAD CAPITAL,ZONA 1,COLEGIO BILINGÜE ESPECIALIZADO EN COMPUTACIÓN YULIMAY´PC,12 CALLE 4-17,22091400,CARLOS HUMBERTO GONZALEZ DE LEON,OBDUVER UBALDO DOMINGO CASTAÑÓN,BASICO,PRIVADO,URBANA,ABIERTA,MONOLINGUE,MATUTINA,FIN DE SEMANA,GUATEMALA NORTE
00-01-8033-46,01-01-0033,CIUDAD CAPITAL,ZONA 1,COLEGIO BILINGÜE ESPECIALIZADO EN COMPUTACIÓN YULIMAY´PC,12 CALLE 4-17,22091400,CARLOS HUMBERTO GONZALEZ DE LEON,OBDUVER UBALDO DOMINGO CASTAÑÓN,DIVERSIFICADO,PRIVADO,URBANA,ABIERTA,MONOLINGUE,DOBLE,FIN DE SEMANA,GUATEMALA NORTE
00-01-8034-45,01-402,CIUDAD CAPITAL,ZONA 1,COLEGIO BILINGUE ESPECIALIZADO EN COMPUTACION YULIMAY'PC,3ERA. AVE. 13-23,22205283,CARLOS HUMBERTO GONZALEZ DE LEON,,BASICO,PRIVADO,URBANA,CERRADA DEFINITIVAMENTE,MONOLINGUE,VESPERTINA,SABATINO,GUATEMALA NORTE
00-01-8035-46,01-402,CIUDAD CAPITAL,ZONA 1,COLEGIO BILINGUE ESPECIALIZADO EN COMPUTACION YULIMAY'PC,4A. AVENIDA 12-39,22205283  2500774,CARLOS HUMBERTO GONZALEZ DE LEON,,DIVERSIFICADO,PRIVADO,URBANA,CERRADA DEFINITIVAMENTE,MONOLINGUE,VESPERTINA,SABATINO,GUATEMALA NORTE
00-01-8038-42,,CIUDAD CAPITAL,ZONA 1,COLEGIO JARDIN INFANTIL PINOCHO,16 CALLE 13-23,55933738,,,PARVULOS,PRIVADO,URBANA,CERRADA DEFINITIVAMENTE,MONOLINGUE,MATUTINA,DIARIO(REGULAR),GUATEMALA NORTE
00-01-8047-43,01-305,CIUDAD CAPITAL,ZONA 1,CENTRO ESCOLAR BILINGUE GUATEMALTECO,6A. AVENIDA 2-34,22516977,CELESTINA  ARLETTY HERNÁNDEZ AGUILAR,,PRIMARIA,PRIVADO,URBANA,CERRADA DEFINITIVAMENTE,MONOLINGUE,MATUTINA,DIARIO(REGULAR),GUATEMALA NORTE
00-01-8048-42,01-305,CIUDAD CAPITAL,ZONA 1,CENTRO ESCOLAR BILINGUE GUATEMALTECO,6A. AVENIDA 2-34,22516977,CELESTINA  ARLETTY HERNÁNDEZ AGUILAR,,PARVULOS,PRIVADO,URBANA,CERRADA DEFINITIVAMENTE,MONOLINGUE,MATUTINA,DIARIO(REGULAR),GUATEMALA NORTE
00-01-8049-46,01-001,CIUDAD CAPITAL,ZONA 1,INSTITUTO BILINGUE GUATEMALTECO,6A. AVENIDA 2-34 ZONA 1,22516977,SANDRA LIZZETH CRUZ IZAGUIRRE,----,DIVERSIFICADO,PRIVADO,URBANA,CERRADA TEMPORALMENTE,MONOLINGUE,VESPERTINA,DIARIO(REGULAR),GUATEMALA NORTE
00-01-8056-43,01-01-0035,CIUDAD CAPITAL,ZONA 1,COLEGIO COMERCIAL GUATEMALTECO,10 CALLE 11-44,22534824,NORMA ARACELY PALOMO FRANCO DE DÍAZ,CHARLOTTE ANN AFRE PYATT,PRIMARIA,PRIVADO,URBANA,ABIERTA,BILINGUE,MATUTINA,DIARIO(REGULAR),GUATEMALA NORTE
00-01-8075-45,01-317,CIUDAD CAPITAL,ZONA 1,LICEO TECNICO INTEGRAL EN COMPUTACION Y TURISMO,9A. CALLE 3-25,22328164,MARIANO DOMINGO ESTRADA TELETOR,JUAN CARLOS CABALLEROS CIFUENTES,BASICO,PRIVADO,URBANA,CERRADA TEMPORALMENTE,MONOLINGUE,MATUTINA,DIARIO(REGULAR),GUATEMALA NORTE
00-01-8076-46,01-317,CIUDAD CAPITAL,ZONA 1,LICEO TECNICO INTEGRAL EN COMPUTACION Y TURISMO,9A. CALLE 3-25,22328164,MARIANO DOMINGO ESTRADA TELETOR,JUAN CARLOS CABALLEROS CIFUENTES,DIVERSIFICADO,PRIVADO,URBANA,CERRADA TEMPORALMENTE,MONOLINGUE,MATUTINA,DIARIO(REGULAR),GUATEMALA NORTE
00-01-8077-46,01-317,CIUDAD CAPITAL,ZONA 1,LICEO TECNICO INTEGRAL EN COMPUTACION Y TURISMO,9A. CALLE 3-25,22328164,MARIANO DOMINGO ESTRADA TELETOR,,DIVERSIFICADO,PRIVADO,URBANA,CERRADA DEFINITIVAMENTE,MONOLINGUE,VESPERTINA,DIARIO(REGULAR),GUATEMALA NORTE
00-01-8081-45,01-403,CIUDAD CAPITAL,ZONA 1,"CENTRO TECNICO DE TURISMO, BANCA Y COMERCIO 'JOHN GLENN'",2A. AVENIDA 3-59,22321168,CARLOS HUMBERTO GONZÁLEZ DE LEÓN,,BASICO,PRIVADO,URBANA,CERRADA TEMPORALMENTE,MONOLINGUE,DOBLE,FIN DE SEMANA,GUATEMALA NORTE
00-01-8082-46,01-403,CIUDAD CAPITAL,ZONA 1,"CENTRO TECNICO DE TURISMO, BANCA Y COMERCIO 'JOHN GLENN'",2A. AVENIDA 3-59,22321168,CARLOS HUMBERTO GONZÁLEZ DE LEÓN,,DIVERSIFICADO,PRIVADO,URBANA,CERRADA TEMPORALMENTE,MONOLINGUE,DOBLE,FIN DE SEMANA,GUATEMALA NORTE
00-01-8083-45,01-403,CIUDAD CAPITAL,ZONA 1,CENTRO EDUCATIVO PAULO FREIRE,8A. AVENIDA 2-19,22320173,CARLOS HUMBERTO GONZÁLEZ DE LEÓN,,BASICO,PRIVADO,URBANA,CERRADA TEMPORALMENTE,MONOLINGUE,DOBLE,FIN DE SEMANA,GUATEMALA NORTE
00-01-8084-46,01-403,CIUDAD CAPITAL,ZONA 1,CENTRO EDUCATIVO PAULO FREIRE,8A. AVENIDA 2-19,22320173,CARLOS HUMBERTO GONZÁLEZ DE LEÓN,----,DIVERSIFICADO,PRIVADO,URBANA,CERRADA TEMPORALMENTE,MONOLINGUE,DOBLE,FIN DE SEMANA,GUATEMALA NORTE
00-01-8086-45,01-01-0031,CIUDAD CAPITAL,ZONA 1,LICEO TECNOLOGICO MAYA DE GUATEMALA II,8 CALLE 2-29,22425238,LUDIBEL AMARILIS GALICIA DE FLORES,ELFIR DARÍO MAYÉN LÓPEZ,BASICO,PRIVADO,URBANA,ABIERTA,MONOLINGUE,MATUTINA,DIARIO(REGULAR),GUATEMALA NORTE
00-01-8087-46,01-307,CIUDAD CAPITAL,ZONA 1,LICEO TECNOLOGICO METROPOLITANO DE GUATEMALA,5A.AVENIDA 3-55,22200542,NORMA ARACELY PALOMO FRANCO DE DIAZ,FREDY AMILCAR CRUZ,DIVERSIFICADO,PRIVADO,URBANA,CERRADA TEMPORALMENTE,MONOLINGUE,MATUTINA,DIARIO(REGULAR),GUATEMALA NORTE
00-01-8095-45,01-403,CIUDAD CAPITAL,ZONA 1,LICEO TECNOLOGICO MAYA DE GUATEMALA II,5A AVENIDA 3-55,22327022,CARLOS HUMBERTO GONZÁLEZ DE LEÓN,FREDY AMILCAR CRUZ,BASICO,PRIVADO,URBANA,CERRADA DEFINITIVAMENTE,MONOLINGUE,DOBLE,FIN DE SEMANA,GUATEMALA NORTE
00-01-8096-46,01-403,CIUDAD CAPITAL,ZONA 1,LICEO TECNOLÓGICO METROPOLITANO  DE GUATEMALA,5A. AVENIDA 3-55,22327022,CARLOS HUMBERTO GONZÁLEZ DE LEÓN,FREDY AMILCAR CRUZ,DIVERSIFICADO,PRIVADO,URBANA,CERRADA TEMPORALMENTE,MONOLINGUE,DOBLE,FIN DE SEMANA,GUATEMALA NORTE
00-01-8097-44,01-403,CIUDAD CAPITAL,ZONA 1,LICEO TECNOLOGICO METROPOLITANO DE GUATEMALA,5A. AVENIDA 3-55 ZONA 1,23270222-0542,CARLOS HUMBERTO GONZÁLEZ DE LEÓN,JULIO CESAR ALEJANDRO,PRIMARIA DE ADULTOS,PRIVADO,URBANA,CERRADA TEMPORALMENTE,MONOLINGUE,DOBLE,FIN DE SEMANA,GUATEMALA NORTE
00-01-8098-46,,CIUDAD CAPITAL,ZONA 1,INSTITUTO 'FEDERICO CROWE',4A. AVE. 9-66,2517748-2384159,,,DIVERSIFICADO,PRIVADO,URBANA,CERRADA TEMPORALMENTE,MONOLINGUE,VESPERTINA,DIARIO(REGULAR),GUATEMALA NORTE
00-01-8100-45,01-403,CIUDAD CAPITAL,ZONA 1,LICEO TECNICO INTEGRAL EN COMPUTACION Y TURISMO,11 CALLE 10-55,22328164,CARLOS HUMBERTO GONZÁLEZ DE LEÓN,,BASICO,PRIVADO,URBANA,CERRADA TEMPORALMENTE,MONOLINGUE,DOBLE,FIN DE SEMANA,GUATEMALA NORTE
00-01-8101-46,01-403,CIUDAD CAPITAL,ZONA 1,LICEO TECNICO INTEGRAL EN COMPUTACION Y TURISMO,11 CALLE 10-55,22328164,CARLOS HUMBERTO GONZÁLEZ DE LEÓN,,DIVERSIFICADO,PRIVADO,URBANA,CERRADA TEMPORALMENTE,MONOLINGUE,DOBLE,FIN DE SEMANA,GUATEMALA NORTE
00-01-8125-45,01-402,CIUDAD CAPITAL,ZONA 1,ESCUELA EXPERIMENTAL DEL DIA DOMINGO PARA NIÑAS TRABAJADORAS POR MADUREZ,10 CALLE 10-49,22541311,CARLOS HUMBERTO GONZALEZ DE LEON,,BASICO,PRIVADO,URBANA,CERRADA TEMPORALMENTE,MONOLINGUE,MATUTINA,DOMINICAL,GUATEMALA NORTE
00-01-8126-46,01-402,CIUDAD CAPITAL,ZONA 1,ESCUELA EXPERIMENTAL DEL DIA DOMINGO PARA NIÑAS TRABAJADORAS,10 CALLE 10-49,22541311,CARLOS HUMBERTO GONZALEZ DE LEON,,DIVERSIFICADO,PRIVADO,URBANA,CERRADA TEMPORALMENTE,MONOLINGUE,MATUTINA,DOMINICAL,GUATEMALA NORTE
00-01-8127-42,01-01-0044,CIUDAD CAPITAL,ZONA 1,COLEGIO MIXTO BILINGUE LAURENT ADAMIS,14 CALLE 8-73,40340641,MARIANO DOMINGO ESTRADA TELETOR,LUIS ARMANDO ROQUE,PARVULOS,PRIVADO,URBANA,ABIERTA,MONOLINGUE,MATUTINA,DIARIO(REGULAR),GUATEMALA NORTE
00-01-8128-43,01-01-0044,CIUDAD CAPITAL,ZONA 1,COLEGIO MIXTO BILINGUE LAURENT ADAMIS,14 CALLE 8-73,40340641,MARIANO DOMINGO ESTRADA TELETOR,LUIS ARMANDO ROQUE,PRIMARIA,PRIVADO,URBANA,ABIERTA,MONOLINGUE,MATUTINA,DIARIO(REGULAR),GUATEMALA NORTE
00-01-8155-45,01-312,CIUDAD CAPITAL,ZONA 1,COLEGIO INTEGRADO DE COMPUTACION LA ASUNCION,9A. CALLE 1-60,22539506,AMADO  SALOMON FLORES PEREZ,,BASICO,PRIVADO,URBANA,CERRADA TEMPORALMENTE,MONOLINGUE,NOCTURNA,FIN DE SEMANA,GUATEMALA NORTE
00-01-8156-44,01-312,CIUDAD CAPITAL,ZONA 1,COLEGIO INTEGRADO DE COMPUTACION LA ASUNCION,9A. CALLE 1-60,22539506,AMADO  SALOMON FLORES PEREZ,,PRIMARIA DE ADULTOS,PRIVADO,URBANA,CERRADA TEMPORALMENTE,MONOLINGUE,DOBLE,FIN DE SEMANA,GUATEMALA NORTE
00-01-8158-46,01-312,CIUDAD CAPITAL,ZONA 1,CENTRO DE ESTUDIOS COMERCIALES EN INFORMATICA,12 CALLE 10-37,22501016,AMADO  SALOMON FLORES PEREZ,---,DIVERSIFICADO,PRIVADO,URBANA,CERRADA TEMPORALMENTE,MONOLINGUE,MATUTINA,DIARIO(REGULAR),GUATEMALA NORTE
00-01-8159-45,01-312,CIUDAD CAPITAL,ZONA 1,CENTRO DE ESTUDIOS COMERCIALES EN INFORMATICA,12 CALLE 10-37,22501016,AMADO  SALOMON FLORES PEREZ,,BASICO,PRIVADO,URBANA,CERRADA TEMPORALMENTE,MONOLINGUE,MATUTINA,DIARIO(REGULAR),GUATEMALA NORTE
00-01-8162-45,,CIUDAD CAPITAL,ZONA 1,LICEO 'JIREH',"6A. AVENIDA 3-24, ZONA 1",22327132,,,BASICO,PRIVADO,URBANA,CERRADA TEMPORALMENTE,MONOLINGUE,VESPERTINA,DIARIO(REGULAR),GUATEMALA NORTE
00-01-8163-46,,CIUDAD CAPITAL,ZONA 1,LICEO 'JIREH',"6A. AVENIDA 3-24, ZONA 1",22327132,,,DIVERSIFICADO,PRIVADO,URBANA,CERRADA TEMPORALMENTE,MONOLINGUE,VESPERTINA,DIARIO(REGULAR),GUATEMALA NORTE
00-01-8164-45,01-401,CIUDAD CAPITAL,ZONA 1,LICEO 'JIREH',"6A. AVENIDA 3-24, ZONA 1",22327132,IXMUCANE ALDANA VILLAVICENCIO,,BASICO,PRIVADO,URBANA,CERRADA TEMPORALMENTE,MONOLINGUE,VESPERTINA,SABATINO,GUATEMALA NORTE
00-01-8165-46,01-401,CIUDAD CAPITAL,ZONA 1,LICEO 'JIREH',6A. AVENIDA 3-24,22327132,IXMUCANE ALDANA VILLAVICENCIO,,DIVERSIFICADO,PRIVADO,URBANA,CERRADA TEMPORALMENTE,MONOLINGUE,VESPERTINA,SABATINO,GUATEMALA NORTE
00-01-8170-42,,CIUDAD CAPITAL,ZONA 1,LICEO TECNOLOGICO BILINGUE,12 AVE. 8-35,22381292,,,PARVULOS,PRIVADO,URBANA,CERRADA TEMPORALMENTE,MONOLINGUE,MATUTINA,DIARIO(REGULAR),GUATEMALA NORTE
00-01-8171-43,,CIUDAD CAPITAL,ZONA 1,LICEO TECNOLOGICO BILINGUE,12 AVE. 8-35,22381292,,,PRIMARIA,PRIVADO,URBANA,CERRADA TEMPORALMENTE,MONOLINGUE,MATUTINA,DIARIO(REGULAR),GUATEMALA NORTE
00-01-8172-45,,CIUDAD CAPITAL,ZONA 1,LICEO TECNOLOGICO BILINGUE,12 AVE. 8-35,22381292,,,BASICO,PRIVADO,URBANA,CERRADA TEMPORALMENTE,MONOLINGUE,MATUTINA,DIARIO(REGULAR),GUATEMALA NORTE
00-01-8173-46,,CIUDAD CAPITAL,ZONA 1,LICEO TECNOLOGICO BILINGUE,12 AVE. 8-35,22381292,,,DIVERSIFICADO,PRIVADO,URBANA,CERRADA TEMPORALMENTE,MONOLINGUE,MATUTINA,DIARIO(REGULAR),GUATEMALA NORTE
00-01-8174-46,01-316,CIUDAD CAPITAL,ZONA 1,COLEGIO DE COMPUTACION Y SISTEMAS ELECTRONICOS,9A. AVE. 12-73,22510252,LILIAN YOLANDA RODRIGUEZ PINTO DE CASTRO,-------,DIVERSIFICADO,PRIVADO,URBANA,CERRADA TEMPORALMENTE,MONOLINGUE,MATUTINA,DIARIO(REGULAR),GUATEMALA NORTE
00-01-8175-45,01-316,CIUDAD CAPITAL,ZONA 1,COLEGIO DE COMPUTACION Y SISTEMAS ELECTRONICOS,9A. AVE. 12-73,22510252,LILIAN YOLANDA RODRIGUEZ PINTO DE CASTRO,,BASICO,PRIVADO,URBANA,CERRADA DEFINITIVAMENTE,MONOLINGUE,MATUTINA,DIARIO(REGULAR),GUATEMALA NORTE
00-01-8176-46,01-403,CIUDAD CAPITAL,ZONA 1,COLEGIO DE COMPUTACION Y SISTEMAS ELECTRONICOS,9A. AVE 12-73,22510252,CARLOS HUMBERTO GONZÁLEZ DE LEÓN,----,DIVERSIFICADO,PRIVADO,URBANA,CERRADA TEMPORALMENTE,MONOLINGUE,DOBLE,FIN DE SEMANA,GUATEMALA NORTE
00-01-8186-45,01-307,CIUDAD CAPITAL,ZONA 1,COLEGIO PRACTICO SECRETARIAL,4TA. CALLE 0-35,22328643,NORMA ARACELY PALOMO FRANCO DE DIAZ,,BASICO,PRIVADO,URBANA,CERRADA TEMPORALMENTE,MONOLINGUE,MATUTINA,DIARIO(REGULAR),GUATEMALA NORTE
00-01-8187-45,01-307,CIUDAD CAPITAL,ZONA 1,COLEGIO PRACTICO SECRETARIAL,4A. CALLE 0-35,22328643,NORMA ARACELY PALOMO FRANCO DE DIAZ,,BASICO,PRIVADO,URBANA,CERRADA TEMPORALMENTE,MONOLINGUE,VESPERTINA,DIARIO(REGULAR),GUATEMALA NORTE
00-01-8188-44,01-01-0042,CIUDAD CAPITAL,ZONA 1,COLEGIO PRACTICO SECRETARIAL,4A. CALLE 0-35,22328643,CARLOS HUMBERTO GONZALEZ DE LEON,HÉCTOR HUGO LIMA CONDE,PRIMARIA DE ADULTOS,PRIVADO,URBANA,ABIERTA,MONOLINGUE,MATUTINA,FIN DE SEMANA,GUATEMALA NORTE
00-01-8189-45,01-627,CIUDAD CAPITAL,ZONA 1,COLEGIO PRACTICO SECRETARIAL (POR MADUREZ),4A. CALLE 0-35,22328643,ISAURA AMPARO RECINOS CARRILLO,HÉCTOR HUGO LIMA CONDE,BASICO,PRIVADO,URBANA,CERRADA TEMPORALMENTE,MONOLINGUE,MATUTINA,FIN DE SEMANA,GUATEMALA NORTE
00-01-8197-45,01-315,CIUDAD CAPITAL,ZONA 1,INSTITUTO CIENTIFICO COMERCIAL EN COMPUTACION,6AV. 1-34,22538736,LILIAN YOLANDA RODRÍGUEZ PINTO DE CASTRO,,BASICO,PRIVADO,URBANA,CERRADA TEMPORALMENTE,MONOLINGUE,MATUTINA,DIARIO(REGULAR),GUATEMALA NORTE
00-01-8198-45,01-401,CIUDAD CAPITAL,ZONA 1,INSTITUTO CIENTIFICO COMERCIAL EN COMPUTACION,6AV. 1-34,22538736,IXMUCANE ALDANA VILLAVICENCIO,,BASICO,PRIVADO,URBANA,CERRADA TEMPORALMENTE,MONOLINGUE,DOBLE,FIN DE SEMANA,GUATEMALA NORTE
00-01-8199-46,01-403,CIUDAD CAPITAL,ZONA 1,INSTITUTO CIENTIFICO COMERCIAL EN COMPUTACION,6AV. 1-34,22538736,CARLOS HUMBERTO GONZÁLEZ DE LEÓN,,DIVERSIFICADO,PRIVADO,URBANA,TEMPORAL TITULOS,MONOLINGUE,DOBLE,FIN DE SEMANA,GUATEMALA NORTE
00-01-8200-45,01-310,CIUDAD CAPITAL,ZONA 1,CENTRO EDUCATIVO 'PAULO FREIRE',15 AVENIDA 2-63,22322971 22539001,EDDY FRANCISCO RAMÍREZ MORALES,,BASICO,PRIVADO,URBANA,CERRADA TEMPORALMENTE,MONOLINGUE,MATUTINA,DIARIO(REGULAR),GUATEMALA NORTE
00-01-8201-46,01-310,CIUDAD CAPITAL,ZONA 1,CENTRO EDUCATIVO  PAULO FREIRE,15 AVENIDA 2-63 22/0209/02/20209,22322971,EDDY FRANCISCO RAMÍREZ MORALES,------,DIVERSIFICADO,PRIVADO,URBANA,CERRADA TEMPORALMENTE,MONOLINGUE,MATUTINA,DIARIO(REGULAR),GUATEMALA NORTE
00-01-8203-45,01-,CIUDAD CAPITAL,ZONA 1,INSTITUTO AMERICANO EN CIENCIAS DE COMPUTACION,"6A. AVENIDA 18-23, ZONA 1",22322912,MARIA FELICITA ROQUE CARRERA,,BASICO,PRIVADO,URBANA,CERRADA TEMPORALMENTE,MONOLINGUE,INTERMEDIA,DIARIO(REGULAR),GUATEMALA NORTE
00-01-8204-45,01-316,CIUDAD CAPITAL,ZONA 1,INSTITUTO PARTICUALR MIXTO  COACTEMALAN,11 CALLE 10-48 Y 10-43,22327383,LILIAN YOLANDA RODRIGUEZ PINTO DE CASTRO,MARÍA DEL CARMEN MONTERROSO MELGAR,BASICO,PRIVADO,URBANA,CERRADA TEMPORALMENTE,MONOLINGUE,MATUTINA,DIARIO(REGULAR),GUATEMALA NORTE
00-01-8205-45,01-317,CIUDAD CAPITAL,ZONA 1,COLEGIO DE COMPUTACION ELECTRONICA Y ELECTRICIDAD,15 CALLE A 12-37,22517616,MARIANO DOMINGO ESTRADA TELETOR,,BASICO,PRIVADO,URBANA,CERRADA TEMPORALMENTE,MONOLINGUE,MATUTINA,DIARIO(REGULAR),GUATEMALA NORTE
00-01-8207-45,01-403,CIUDAD CAPITAL,ZONA 1,INSTITUTO AMERICANO EN CIENCIAS DE COMPUTACION,6A. AVENIDA 18-23,22322912,CARLOS HUMBERTO GONZÁLEZ DE LEÓN,MARCO ANTONIO CASTAÑEDA FLORES,BASICO,PRIVADO,URBANA,CERRADA TEMPORALMENTE,MONOLINGUE,VESPERTINA,FIN DE SEMANA,GUATEMALA NORTE
00-01-8209-46,01-403,CIUDAD CAPITAL,ZONA 1,INSTITUTO AMERICANO EN CIENCIAS DE COMPUTACION,6A.AVENIDA 18-23,22322912,CARLOS HUMBERTO GONZÁLEZ DE LEÓN,MARCO ANTONIO CASTAÑEDA FLORES,DIVERSIFICADO,PRIVADO,URBANA,CERRADA DEFINITIVAMENTE,MONOLINGUE,VESPERTINA,FIN DE SEMANA,GUATEMALA NORTE
00-01-8213-45,01-402,CIUDAD CAPITAL,ZONA 1,COLEGIO BILINGUE ESPECIALIZADO EN COMPUTACION YULIMAY PC,3A. AVENIDA 13-23,22205283,CARLOS HUMBERTO GONZALEZ DE LEON,,BASICO,PRIVADO,URBANA,CERRADA DEFINITIVAMENTE,MONOLINGUE,MATUTINA,DOMINICAL,GUATEMALA NORTE
00-01-8214-45,,CIUDAD CAPITAL,ZONA 1,COLEGIO BILINGUE ESPECIALIZADO EN COMPUTACION YULIMAY PC,3A. AVENIDA 13-23 ZONA 1,,,,BASICO,PRIVADO,URBANA,CERRADA TEMPORALMENTE,MONOLINGUE,VESPERTINA,DOMINICAL,GUATEMALA NORTE
00-01-8215-46,01-402,CIUDAD CAPITAL,ZONA 1,COLEGIO BILINGUE ESPECIALIZADO EN COMPUTACION YULIMAY PC,4A. AVENIDA 12-39,22205283,CARLOS HUMBERTO GONZALEZ DE LEON,,DIVERSIFICADO,PRIVADO,URBANA,CERRADA DEFINITIVAMENTE,MONOLINGUE,MATUTINA,DOMINICAL,GUATEMALA NORTE
00-01-8216-46,,CIUDAD CAPITAL,ZONA 1,COLEGIO BILINGUE ESPECIALIZADO EN COMPUTACION YULIMAY PC,3A. AVENIDA 13-23 ZONA 1,,,,DIVERSIFICADO,PRIVADO,URBANA,CERRADA TEMPORALMENTE,MONOLINGUE,VESPERTINA,DOMINICAL,GUATEMALA NORTE
00-01-8221-45,01-01-0033,CIUDAD CAPITAL,ZONA 1,LICEO CLASICO EN COMPUTACION,4A. CALLE 5-52,23041515,CARLOS HUMBERTO GONZALEZ DE LEON,MIGUEL ALFONSO LEMUS ALTÁN,BASICO,PRIVADO,URBANA,ABIERTA,MONOLINGUE,DOBLE,FIN DE SEMANA,GUATEMALA NORTE
00-01-8223-44,01-627,CIUDAD CAPITAL,ZONA 1,INSTITUTO PARTICULAR MIXTO DIURNO  JOSE MARTI,8A. CALLE 12-41,22539053,ISAURA AMPARO RECINOS CARRILLO,REGINA CORALIA GARCÍA CONTRERAS,PRIMARIA DE ADULTOS,PRIVADO,URBANA,CERRADA TEMPORALMENTE,MONOLINGUE,MATUTINA,FIN DE SEMANA,GUATEMALA NORTE
00-01-8224-45,01-627,CIUDAD CAPITAL,ZONA 1,INSTITUTO PARTICULAR MIXTO DIURNO  JOSE MARTI  (POR MADUREZ),8A. CALLE 12-41,22539053,ISAURA AMPARO RECINOS CARRILLO,REGINA CORALIA GARCÍA CONTRERAS,BASICO,PRIVADO,URBANA,CERRADA TEMPORALMENTE,MONOLINGUE,MATUTINA,FIN DE SEMANA,GUATEMALA NORTE
00-01-8225-46,01-627,CIUDAD CAPITAL,ZONA 1,INSTITUTO PARTICULAR MIXTO DIURNO  JOSE MARTI  (POR MADUREZ),8A. CALLE 12-41,22539053,ISAURA AMPARO RECINOS CARRILLO,REGINA CORALIA GARCÍA CONTRERAS,DIVERSIFICADO,PRIVADO,URBANA,CERRADA TEMPORALMENTE,MONOLINGUE,MATUTINA,FIN DE SEMANA,GUATEMALA NORTE
00-01-8228-45,01-403,CIUDAD CAPITAL,ZONA 1,COLEGIO MAYB AL,5TA. CALLE 0-65,22323065,CARLOS HUMBERTO GONZÁLEZ DE LEÓN,,BASICO,PRIVADO,URBANA,CERRADA TEMPORALMENTE,MONOLINGUE,MATUTINA,FIN DE SEMANA,GUATEMALA NORTE
00-01-8229-45,01-402,CIUDAD CAPITAL,ZONA 1,COLEGIO MAYB'AL,5TA. CALLE 0-65,22323065,CARLOS HUMBERTO GONZALEZ DE LEON,,BASICO,PRIVADO,URBANA,CERRADA TEMPORALMENTE,MONOLINGUE,VESPERTINA,FIN DE SEMANA,GUATEMALA NORTE
00-01-8230-46,01-403,CIUDAD CAPITAL,ZONA 1,COLEGIO MAYB AL,5TA. CALLE 0-65,22323065,CARLOS HUMBERTO GONZÁLEZ DE LEÓN,,DIVERSIFICADO,PRIVADO,URBANA,CERRADA TEMPORALMENTE,MONOLINGUE,MATUTINA,FIN DE SEMANA,GUATEMALA NORTE
00-01-8231-46,01-402,CIUDAD CAPITAL,ZONA 1,COLEGIO MAYB'AL,5TA. CALLE 0-65,22323065,CARLOS HUMBERTO GONZALEZ DE LEON,,DIVERSIFICADO,PRIVADO,URBANA,CERRADA TEMPORALMENTE,MONOLINGUE,VESPERTINA,FIN DE SEMANA,GUATEMALA NORTE
00-01-8239-42,01-01-0030,CIUDAD CAPITAL,ZONA 1,COLEGIO MIXTO RAFAEL AYAU,16 CALLE 3-61,22328916,NORMA ARACELY PALOMO FRANCO DE DÍAZ,INÉS  AYAU GARCIA,PARVULOS,PRIVADO,URBANA,ABIERTA,MONOLINGUE,MATUTINA,DIARIO(REGULAR),GUATEMALA NORTE
00-01-8240-43,01-01-0030,CIUDAD CAPITAL,ZONA 1,COLEGIO MIXTO RAFAEL AYAU,16 CALLE 3-61,22328916,NORMA ARACELY PALOMO FRANCO DE DÍAZ,INÉS  AYAU GARCIA,PRIMARIA,PRIVADO,URBANA,ABIERTA,MONOLINGUE,MATUTINA,DIARIO(REGULAR),GUATEMALA NORTE
00-01-8241-43,,CIUDAD CAPITAL,ZONA 1,COLEGIO GUATEMALTECO INFANTIL,11 CALLE 11-12,22383132,,,PRIMARIA,PRIVADO,URBANA,CERRADA TEMPORALMENTE,MONOLINGUE,MATUTINA,DIARIO(REGULAR),GUATEMALA NORTE
00-01-8259-42,01-319,CIUDAD CAPITAL,ZONA 1,COLEGIO ADVENTISTA GUATEMALTECO,15 AVENIDA 4-12,22329228,ROSSY AMARILIS GARCIA TORRES,ALBA MARINA SANTISTEBAN LOPEZ,PARVULOS,PRIVADO,URBANA,CERRADA DEFINITIVAMENTE,MONOLINGUE,MATUTINA,DIARIO(REGULAR),GUATEMALA NORTE
00-01-8261-45,,CIUDAD CAPITAL,ZONA 1,LICEO TECNICO INTEGRAL EN COMPUTACION Y TURISMO,11 CALLE 10-55,22321142,,,BASICO,PRIVADO,URBANA,CERRADA DEFINITIVAMENTE,MONOLINGUE,NOCTURNA,DIARIO(REGULAR),GUATEMALA NORTE
00-01-8262-46,,CIUDAD CAPITAL,ZONA 1,LICEO TECNICO INTEGRAL EN COMPUTACION Y TURISMO,11 CALLE 10-55,22321142,,,DIVERSIFICADO,PRIVADO,URBANA,CERRADA DEFINITIVAMENTE,MONOLINGUE,NOCTURNA,DIARIO(REGULAR),GUATEMALA NORTE
00-01-8270-46,01-01-0026,CIUDAD CAPITAL,ZONA 1,ESCUELA NORMAL DE PARVULOS ADSCRITO AL I.N.C.A,1A. CALLE 2-64,22518431,LUDIBEL AMARILIS GALICIA DE FLORES,FERNANDO MAURICIO RUANO MARROQUIN,DIVERSIFICADO,OFICIAL,URBANA,ABIERTA,MONOLINGUE,VESPERTINA,DIARIO(REGULAR),GUATEMALA NORTE
00-01-8295-42,,CIUDAD CAPITAL,ZONA 1,CENTRO TECNICO DE TURISMO BANCA Y COMERCIO 'JOHN GLENN',2A. AVE. 3-59,22321168,,,PARVULOS,PRIVADO,URBANA,CERRADA TEMPORALMENTE,MONOLINGUE,MATUTINA,DIARIO(REGULAR),GUATEMALA NORTE
00-01-8296-45,01-305,CIUDAD CAPITAL,ZONA 1,CENTRO TECNICO DE TURISMO BANCA Y COMERCIO 'JOHN GLENN',2A. AVE. 3-59,22321168,CELESTINA  ARLETTY HERNÁNDEZ AGUILAR,,BASICO,PRIVADO,URBANA,CERRADA TEMPORALMENTE,MONOLINGUE,MATUTINA,DIARIO(REGULAR),GUATEMALA NORTE
00-01-8298-45,01-403,CIUDAD CAPITAL,ZONA 1,INSTITUTO AMERICANO EN CIENCIAS DE COMPUTACION,6A. AVENIDA 18-23,22322912,CARLOS HUMBERTO GONZÁLEZ DE LEÓN,MARCO ANTONIO CASTAÑEDA FLORES,BASICO,PRIVADO,URBANA,CERRADA TEMPORALMENTE,MONOLINGUE,MATUTINA,FIN DE SEMANA,GUATEMALA NORTE
00-01-8299-46,01-403,CIUDAD CAPITAL,ZONA 1,INSTITUTO AMERICANO EN CIENCIAS DE COMPUTACION,6A. AVENIDA 18-23,22322912,CARLOS HUMBERTO GONZÁLEZ DE LEÓN,MARCO ANTONIO CASTAÑEDA FLORES,DIVERSIFICADO,PRIVADO,URBANA,CERRADA TEMPORALMENTE,MONOLINGUE,MATUTINA,FIN DE SEMANA,GUATEMALA NORTE
00-01-8305-45,01-303,CIUDAD CAPITAL,ZONA 1,COLEGIO LA VERDAD,9A. CALLE 3-19,22329759,GLORIA GABRIELA LARIOS GARCÍA,,BASICO,PRIVADO,URBANA,CERRADA TEMPORALMENTE,MONOLINGUE,MATUTINA,DIARIO(REGULAR),GUATEMALA NORTE
00-01-8306-46,01-303,CIUDAD CAPITAL,ZONA 1,COLEGIO LA VERDAD,9A. CALLE 3-44,22329759,GLORIA GABRIELA LARIOS GARCÍA,,DIVERSIFICADO,PRIVADO,URBANA,TEMPORAL TITULOS,MONOLINGUE,MATUTINA,DIARIO(REGULAR),GUATEMALA NORTE
00-01-8322-45,01-01-0031,CIUDAD CAPITAL,ZONA 1,LICEO BILINGUE  LA PUERTA,6A AVENIDA 2-34,55565651,LUDIBEL AMARILIS GALICIA DE FLORES,MARIA GRISELDA CABRERA CASTILLO,BASICO,PRIVADO,URBANA,ABIERTA,MONOLINGUE,MATUTINA,DIARIO(REGULAR),GUATEMALA NORTE
00-01-8323-46,01-01-0031,CIUDAD CAPITAL,ZONA 1,LICEO BILINGUE LA PUERTA,6A AVENIDA 2-34,55565651,LUDIBEL AMARILIS GALICIA DE FLORES,MARIA GRISELDA CABRERA CASTILLO,DIVERSIFICADO,PRIVADO,URBANA,ABIERTA,MONOLINGUE,MATUTINA,DIARIO(REGULAR),GUATEMALA NORTE
00-01-8334-45,01-01-0044,CIUDAD CAPITAL,ZONA 1,LICEO DE COMPUTACION SIGLO 21 NO. 3,13 CALLE 9-60,54727957,MARIANO DOMINGO ESTRADA TELETOR,JORGE ROLANDO MORALES PAZ,BASICO,PRIVADO,URBANA,ABIERTA,MONOLINGUE,MATUTINA,DIARIO(REGULAR),GUATEMALA NORTE
00-01-8336-45,01-402,CIUDAD CAPITAL,ZONA 1,CENTRO DE ESTUDIOS MERCADOLOGICOS Y PUBLICITARIOS,8A. AVENIDA 3-50,22329819,CARLOS HUMBERTO GONZALEZ DE LEON,,BASICO,PRIVADO,URBANA,CERRADA TEMPORALMENTE,MONOLINGUE,DOBLE,FIN DE SEMANA,GUATEMALA NORTE
00-01-8337-46,01-402,CIUDAD CAPITAL,ZONA 1,CENTRO DE ESTUDIOS MERCADLOGICOS Y PUBLICITARIOS,8A. AVENIDA 3-50,22329819,CARLOS HUMBERTO GONZALEZ DE LEON,,DIVERSIFICADO,PRIVADO,URBANA,CERRADA TEMPORALMENTE,MONOLINGUE,DOBLE,FIN DE SEMANA,GUATEMALA NORTE
00-01-8338-46,01-402,CIUDAD CAPITAL,ZONA 1,CENTRO DE ESTUDIOS MERCADOLOGICOS Y PUBLICITARIOS,8A. AVENIDA 3-50,22329819,CARLOS HUMBERTO GONZALEZ DE LEON,----,DIVERSIFICADO,PRIVADO,URBANA,CERRADA TEMPORALMENTE,MONOLINGUE,DOBLE,FIN DE SEMANA,GUATEMALA NORTE
00-01-8350-45,01-403,CIUDAD CAPITAL,ZONA 1,LICEO EN INFORMATICA Y CIENCIAS COMERCIALES (POR MADUREZ),4TA. AVE. 17-55,"22321726,22383643",CARLOS HUMBERTO GONZÁLEZ DE LEÓN,FRANCISCO GUSTAVO GUEVARA PARADA,BASICO,PRIVADO,URBANA,CERRADA TEMPORALMENTE,MONOLINGUE,DOBLE,FIN DE SEMANA,GUATEMALA NORTE
00-01-8351-46,01-403,CIUDAD CAPITAL,ZONA 1,LICEO DE INFORMATICA Y CIENCIAS COMERCIALES (POR MADUREZ),4TA. AVE. 17-55,22205215,CARLOS HUMBERTO GONZÁLEZ DE LEÓN,FRANCISCO GUSTAVO GUEVARA PARADA,DIVERSIFICADO,PRIVADO,URBANA,CERRADA TEMPORALMENTE,MONOLINGUE,DOBLE,FIN DE SEMANA,GUATEMALA NORTE
00-01-8352-46,01-403,CIUDAD CAPITAL,ZONA 1,LICEO DE INFORMATICA Y CIENCIAS COMERCIALES,4TA. AVE. 17-55,22321726,CARLOS HUMBERTO GONZÁLEZ DE LEÓN,FRANCISCO GUSTAVO GUEVARA PARADA,DIVERSIFICADO,PRIVADO,URBANA,CERRADA TEMPORALMENTE,MONOLINGUE,DOBLE,FIN DE SEMANA,GUATEMALA NORTE
00-01-8370-45,,CIUDAD CAPITAL,ZONA 1,INSTITUTO PROFESIONAL EM COMPUTACION 'EL AMIGO DE LA PATRIA',9A. CALLE O-50,22539938,,,BASICO,PRIVADO,URBANA,CERRADA DEFINITIVAMENTE,MONOLINGUE,MATUTINA,DIARIO(REGULAR),GUATEMALA NORTE
00-01-8371-45,,CIUDAD CAPITAL,ZONA 1,INSTITUTO PROFESIONAL EN COMPUTACION 'EL AMIGO DE LA PATRIA',9A. CALLE 0-50,22539938,,,BASICO,PRIVADO,URBANA,CERRADA DEFINITIVAMENTE,MONOLINGUE,VESPERTINA,DIARIO(REGULAR),GUATEMALA NORTE
00-01-8372-45,01-401,CIUDAD CAPITAL,ZONA 1,INSTITUTO PROFESIONAL EN COMPUTACION 'EL AMIGO DE LA PATRIA' (POR MADUREZ),9A. CALLE 0-50,22539938,IXMUCANE ALDANA VILLAVICENCIO,,BASICO,PRIVADO,URBANA,CERRADA TEMPORALMENTE,MONOLINGUE,DOBLE,FIN DE SEMANA,GUATEMALA NORTE
00-01-8373-46,01-101,CIUDAD CAPITAL,ZONA 1,INSTITUTO PROFESIONAL EN COMPUTACION  EL AMIGO DE LA PATRIA,9A. CALLE 0-50,22539938,YENI XIOMARA CRÚZ SARCEÑO,,DIVERSIFICADO,PRIVADO,URBANA,CERRADA DEFINITIVAMENTE,MONOLINGUE,MATUTINA,DIARIO(REGULAR),GUATEMALA NORTE
00-01-8374-46,,CIUDAD CAPITAL,ZONA 1,INSTITUTO PROFESIONAL EN COMPUTACION 'EL AMIGO DE LA PATRIA',9A. CALLE 0-50,22539938,,,DIVERSIFICADO,PRIVADO,URBANA,CERRADA DEFINITIVAMENTE,MONOLINGUE,VESPERTINA,DIARIO(REGULAR),GUATEMALA NORTE
00-01-8375-46,01-401,CIUDAD CAPITAL,ZONA 1,INSTITUTO PROFESIONAL EN COMPUTACION  EL AMIGO DE LA PATRIA  (POR MADUREZ),9A. CALLE 0-50,22539938,IXMUCANE ALDANA VILLAVICENCIO,,DIVERSIFICADO,PRIVADO,URBANA,CERRADA TEMPORALMENTE,MONOLINGUE,DOBLE,FIN DE SEMANA,GUATEMALA NORTE
00-01-8379-46,01-01-0035,CIUDAD CAPITAL,ZONA 1,ESCUELA NACIONAL CENTRAL DE FORMACION SECRETARIAL,12 AVENIDA 9-27,22531686,NORMA ARACELY PALOMO FRANCO DE DÍAZ,ANSELMA  JUÁREZ NORIEGA,DIVERSIFICADO,OFICIAL,URBANA,ABIERTA,MONOLINGUE,VESPERTINA,DIARIO(REGULAR),GUATEMALA NORTE
00-01-8389-42,01-317,CIUDAD CAPITAL,ZONA 1,INSTITUTO TECNOLOGICO JHULES  (JOVENES HUMANISTAS LIDERES EN EDUCACION SUPERIOR),12 AVENIDA 15-19,22510938,MARIANO DOMINGO ESTRADA TELETOR,ROXANA CAROLINA CHÁVEZ CASTILLO,PARVULOS,PRIVADO,URBANA,CERRADA TEMPORALMENTE,MONOLINGUE,MATUTINA,DIARIO(REGULAR),GUATEMALA NORTE
00-01-8390-43,01-317,CIUDAD CAPITAL,ZONA 1,INSTITUTO TECNOLOGICO JHULES  (JOVENES HUMANISTAS LIDERES EN EDUCACION SUPERIOR),12 AVENIDA 15-19,22510938,MARIANO DOMINGO ESTRADA TELETOR,OTTONIEL  GUERRA DE LEÓN,PRIMARIA,PRIVADO,URBANA,CERRADA TEMPORALMENTE,MONOLINGUE,MATUTINA,DIARIO(REGULAR),GUATEMALA NORTE
00-01-8396-45,01-403,CIUDAD CAPITAL,ZONA 1,LICEO DE INFORMATICA Y CIENCIAS COMERCIALES,4TA. AV. 17-55-,22321726,CARLOS HUMBERTO GONZÁLEZ DE LEÓN,FRANCISCO GUSTAVO GUEVARA PARADA,BASICO,PRIVADO,URBANA,CERRADA TEMPORALMENTE,MONOLINGUE,DOBLE,FIN DE SEMANA,GUATEMALA NORTE
00-01-8397-45,01-01-0030,CIUDAD CAPITAL,ZONA 1,LICEO DE INFORMATICA Y CIENCIAS COMERCIALES,4TA. AV. 17-55,22205215,NORMA ARACELY PALOMO FRANCO DE DÍAZ,FRANCISCO GUSTAVO GUEVARA PARADA,BASICO,PRIVADO,URBANA,CERRADA TEMPORALMENTE,MONOLINGUE,MATUTINA,DIARIO(REGULAR),GUATEMALA NORTE
00-01-8398-45,01-403,CIUDAD CAPITAL,ZONA 1,LICEO DE INFORMATICA Y CIENCIAS COMERCIALES,4TA. AV. 17-55-ZONA 1,"22383643,22321726",CARLOS HUMBERTO GONZÁLEZ DE LEÓN,,BASICO,PRIVADO,URBANA,CERRADA TEMPORALMENTE,MONOLINGUE,NOCTURNA,DIARIO(REGULAR),GUATEMALA NORTE
00-01-8399-45,,CIUDAD CAPITAL,ZONA 1,LICEO DE INFORMATICA Y CIENCIAS COMERCIALES,4TA. AV. 17-55 ZONA 1,,,,BASICO,PRIVADO,URBANA,CERRADA DEFINITIVAMENTE,MONOLINGUE,NOCTURNA,DIARIO(REGULAR),GUATEMALA NORTE
00-01-8454-45,01-403,CIUDAD CAPITAL,ZONA 1,CENTRO DE COMPUTACION 'IMB-PC',14 CALLE 2-08,"2322303, 2324573",CARLOS HUMBERTO GONZÁLEZ DE LEÓN,,BASICO,PRIVADO,URBANA,CERRADA DEFINITIVAMENTE,MONOLINGUE,DOBLE,FIN DE SEMANA,GUATEMALA NORTE
00-01-8455-46,01-403,CIUDAD CAPITAL,ZONA 1,CENTRO DE COMPUTACION  IMB-PC,14 CALLE 2-08,22324573,CARLOS HUMBERTO GONZÁLEZ DE LEÓN,----,DIVERSIFICADO,PRIVADO,URBANA,CERRADA DEFINITIVAMENTE,MONOLINGUE,DOBLE,FIN DE SEMANA,GUATEMALA NORTE
00-01-8460-42,01-01-0028,CIUDAD CAPITAL,ZONA 1,COLEGIO MIXTO 'CRISTIANO GUATEMALTECO',13 CALLE 2-30,22323228,AMADO SALOMON FLORES PEREZ,CAROLINA  FUNES ENRIQUEZ,PARVULOS,PRIVADO,URBANA,ABIERTA,MONOLINGUE,MATUTINA,DIARIO(REGULAR),GUATEMALA NORTE
00-01-8470-46,01-307,CIUDAD CAPITAL,ZONA 1,COLEGIO MIXTO BILINGUE EN COMPUTACION 'BEHULA',4A. CALLE 10-26,22532477,NORMA ARACELY PALOMO FRANCO DE DIAZ,,DIVERSIFICADO,PRIVADO,URBANA,CERRADA TEMPORALMENTE,MONOLINGUE,MATUTINA,DIARIO(REGULAR),GUATEMALA NORTE
00-01-8471-42,01-307,CIUDAD CAPITAL,ZONA 1,COLEGIO MIXTO BILINGUE EN COMPUTACION 'BEHULA',4A. CALLE 10-26,22532477,NORMA ARACELY PALOMO FRANCO DE DIAZ,,PARVULOS,PRIVADO,URBANA,CERRADA TEMPORALMENTE,MONOLINGUE,MATUTINA,DIARIO(REGULAR),GUATEMALA NORTE
00-01-8472-43,01-307,CIUDAD CAPITAL,ZONA 1,COLEGIO MIXTO BILINGUE EN COMPUTACION 'BEHULA',4A. CALLE 10-26,22532477,NORMA ARACELY PALOMO FRANCO DE DIAZ,,PRIMARIA,PRIVADO,URBANA,CERRADA TEMPORALMENTE,MONOLINGUE,MATUTINA,DIARIO(REGULAR),GUATEMALA NORTE
00-01-8473-45,01-307,CIUDAD CAPITAL,ZONA 1,COLEGIO MIXTO BILINGUE EN COMPUTACION 'BEHULA',4A. CALLE 10-26,22532477,NORMA ARACELY PALOMO FRANCO DE DIAZ,,BASICO,PRIVADO,URBANA,CERRADA TEMPORALMENTE,MONOLINGUE,MATUTINA,DIARIO(REGULAR),GUATEMALA NORTE
00-01-8477-45,01-401,CIUDAD CAPITAL,ZONA 1,INSTITUTO CIENTIFICO COMERCIAL EN COMPUTACION (POR MADUREZ),6A. AVENIDA 1-34,,IXMUCANE ALDANA VILLAVICENCIO,,BASICO,PRIVADO,URBANA,CERRADA TEMPORALMENTE,MONOLINGUE,DOBLE,FIN DE SEMANA,GUATEMALA NORTE
00-01-8478-46,01-643,CIUDAD CAPITAL,ZONA 1,INSTITUTO CIENTIFICO COMERCIAL EN COMPUTACION (POR MADUREZ),6A. AVENIDA 1-34 ZONA 1,,CESAR AUGUSTO ORTIZ HERNANDEZ,,DIVERSIFICADO,PRIVADO,URBANA,TEMPORAL TITULOS,MONOLINGUE,DOBLE,FIN DE SEMANA,GUATEMALA NORTE
00-01-8479-45,01-01-0042,CIUDAD CAPITAL,ZONA 1,COLEGIO PRACTICO SECRETARIAL,4A. CALLE 0-35,58117466,CARLOS HUMBERTO GONZALEZ DE LEON,HÉCTOR HUGO LIMA CONDE,BASICO,PRIVADO,URBANA,ABIERTA,MONOLINGUE,DOBLE,FIN DE SEMANA,GUATEMALA NORTE
00-01-8480-45,01-308,CIUDAD CAPITAL,ZONA 1,LICEO NUEVA GENERACION,11 AV. 12-73,22380239,JORGE MYNOR SOL HERNÁNDEZ,,BASICO,PRIVADO,URBANA,CERRADA DEFINITIVAMENTE,MONOLINGUE,MATUTINA,DIARIO(REGULAR),GUATEMALA NORTE
00-01-8481-46,01-308,CIUDAD CAPITAL,ZONA 1,LICEO NUEVA GENERACION,11 AV. 12-73,43884528,JORGE MYNOR SOL HERNÁNDEZ,,DIVERSIFICADO,PRIVADO,URBANA,CERRADA DEFINITIVAMENTE,MONOLINGUE,MATUTINA,DIARIO(REGULAR),GUATEMALA NORTE
00-01-8482-45,01-628,CIUDAD CAPITAL,ZONA 1,LICEO NUEVA GENERACION,11AV. 11-73,22207754,CARLOS HUMBERTO GONZALEZ DE LEON,,BASICO,PRIVADO,URBANA,CERRADA DEFINITIVAMENTE,MONOLINGUE,DOBLE,FIN DE SEMANA,GUATEMALA NORTE
00-01-8483-45,01-628,CIUDAD CAPITAL,ZONA 1,LICEO NUEVA GENERACION,11 AV. 11-41,22322208,CARLOS HUMBERTO GONZALEZ DE LEON,,BASICO,PRIVADO,URBANA,CERRADA TEMPORALMENTE,MONOLINGUE,DOBLE,FIN DE SEMANA,GUATEMALA NORTE
00-01-8484-46,01-628,CIUDAD CAPITAL,ZONA 1,LICEO NUEVA GENERACION,11 AVE 12-73,43884528,CARLOS HUMBERTO GONZALEZ DE LEON,--------------,DIVERSIFICADO,PRIVADO,URBANA,CERRADA DEFINITIVAMENTE,MONOLINGUE,DOBLE,FIN DE SEMANA,GUATEMALA NORTE
00-01-8485-46,01-628,CIUDAD CAPITAL,ZONA 1,LICEO NUEVA GENERACION,11 AV. 11-41,43884528,CARLOS HUMBERTO GONZALEZ DE LEON,------------,DIVERSIFICADO,PRIVADO,URBANA,CERRADA DEFINITIVAMENTE,MONOLINGUE,MATUTINA,FIN DE SEMANA,GUATEMALA NORTE
00-01-8497-45,01-401,CIUDAD CAPITAL,ZONA 1,CENTRO DE EDUCACION Y CULTURA MIRTHALA DE HURTADO,12 CALLE 10-37,22501016,IXMUCANE ALDANA VILLAVICENCIO,,BASICO,PRIVADO,URBANA,CERRADA TEMPORALMENTE,MONOLINGUE,MATUTINA,FIN DE SEMANA,GUATEMALA NORTE
00-01-8498-45,01-401,CIUDAD CAPITAL,ZONA 1,CENTRO DE EDUCACION Y CULTURA MIRTHALA DE HURTADO,12 CALLE 10-37,22501016,IXMUCANE ALDANA VILLAVICENCIO,,BASICO,PRIVADO,URBANA,CERRADA TEMPORALMENTE,MONOLINGUE,VESPERTINA,FIN DE SEMANA,GUATEMALA NORTE
00-01-8499-46,01-401,CIUDAD CAPITAL,ZONA 1,CENTRO DE EDUCACION Y CULTURA MIRTHALA HURTADO,12 CALLE 10-37,22501016,IXMUCANE ALDANA VILLAVICENCIO,,DIVERSIFICADO,PRIVADO,URBANA,CERRADA TEMPORALMENTE,MONOLINGUE,MATUTINA,FIN DE SEMANA,GUATEMALA NORTE
00-01-8500-46,01-401,CIUDAD CAPITAL,ZONA 1,CENTRO DE EDUCACION Y CULTURA MIRTHALA DE HURTADO,12 CALLE 10-37,22501016,IXMUCANE ALDANA VILLAVICENCIO,,DIVERSIFICADO,PRIVADO,URBANA,CERRADA TEMPORALMENTE,MONOLINGUE,VESPERTINA,FIN DE SEMANA,GUATEMALA NORTE
00-01-8503-45,01-403,CIUDAD CAPITAL,ZONA 1,ESCUELA TECNICA CIENCIA APLICADA (POR MADUREZ),10 CALLE 3-15,22203730,CARLOS HUMBERTO GONZÁLEZ DE LEÓN,,BASICO,PRIVADO,URBANA,CERRADA TEMPORALMENTE,MONOLINGUE,DOBLE,FIN DE SEMANA,GUATEMALA NORTE
00-01-8504-46,01-403,CIUDAD CAPITAL,ZONA 1,ESCUELA TECNICA CIENCIA APLICADA (POR MADUREZ),10 CALLE 3-15,22203730,CARLOS HUMBERTO GONZÁLEZ DE LEÓN,NORMA JUDITH HIDALGO CALDERÓN,DIVERSIFICADO,PRIVADO,URBANA,CERRADA TEMPORALMENTE,MONOLINGUE,DOBLE,FIN DE SEMANA,GUATEMALA NORTE
00-01-8508-45,01-403,CIUDAD CAPITAL,ZONA 1,LICEO TECNICO INTEGRAL EN COMPUTACION Y TURISMO (POR MADUREZ),11 CALLE 10-55,22328164,CARLOS HUMBERTO GONZÁLEZ DE LEÓN,JUAN CARLOS CABALLEROS CIFUENTES,BASICO,PRIVADO,URBANA,CERRADA TEMPORALMENTE,MONOLINGUE,DOBLE,FIN DE SEMANA,GUATEMALA NORTE
00-01-8509-46,01-403,CIUDAD CAPITAL,ZONA 1,LICEO TECNICO INTEGRAL EN COMPUTACION Y TURISMO (POR MADUREZ),9A. CALLE 3-25,22328164,CARLOS HUMBERTO GONZÁLEZ DE LEÓN,JUAN CARLOS CABALLEROS CIFUENTES,DIVERSIFICADO,PRIVADO,URBANA,CERRADA TEMPORALMENTE,MONOLINGUE,DOBLE,FIN DE SEMANA,GUATEMALA NORTE
00-01-8510-45,01-403,CIUDAD CAPITAL,ZONA 1,INSTITUTO TECNOLOGICO DIGITALES COMERCIALES,9A. CALLE 0-44,22382722,CARLOS HUMBERTO GONZÁLEZ DE LEÓN,ISAAC  GÓMEZ ESQUIT,BASICO,PRIVADO,URBANA,CERRADA DEFINITIVAMENTE,MONOLINGUE,DOBLE,FIN DE SEMANA,GUATEMALA NORTE
00-01-8511-46,01-403,CIUDAD CAPITAL,ZONA 1,INSTITUTO TECNOLOGICO DIGITALES COMERCIALES,9A. CALLE 0-44,22382722,CARLOS HUMBERTO GONZÁLEZ DE LEÓN,ISAAC  GÓMEZ ESQUIT,DIVERSIFICADO,PRIVADO,URBANA,CERRADA TEMPORALMENTE,MONOLINGUE,DOBLE,FIN DE SEMANA,GUATEMALA NORTE
00-01-8512-44,01-01-0042,CIUDAD CAPITAL,ZONA 1,INSTITUTO TECNOLOGICO DIGITALES COMERCIALES,9A. CALLE 0-44,22382722,CARLOS HUMBERTO GONZALEZ DE LEON,ISAAC  GÓMEZ ESQUIT,PRIMARIA DE ADULTOS,PRIVADO,URBANA,ABIERTA,MONOLINGUE,DOBLE,FIN DE SEMANA,GUATEMALA NORTE
00-01-8520-45,01-01-0031,CIUDAD CAPITAL,ZONA 1,LICEO MONTECARLO,4A. AVENIDA  2-28,58229935,LUDIBEL AMARILIS GALICIA DE FLORES,YOMARA DONINELI MALDONADO QUIROA,BASICO,PRIVADO,URBANA,ABIERTA,MONOLINGUE,MATUTINA,DIARIO(REGULAR),GUATEMALA NORTE
00-01-8521-46,01-01-0031,CIUDAD CAPITAL,ZONA 1,LICEO MONTECARLO,4A. AVENIDA 2-28,58229935,LUDIBEL AMARILIS GALICIA DE FLORES,YOMARA DONINELI MALDONADO QUIROA,DIVERSIFICADO,PRIVADO,URBANA,ABIERTA,MONOLINGUE,MATUTINA,DIARIO(REGULAR),GUATEMALA NORTE
00-01-8522-45,,CIUDAD CAPITAL,ZONA 1,LICEO MONTECARLO,5A. AVENIDA 4-36 ZONA 1,232-1011 Y 251-6422,,,BASICO,PRIVADO,URBANA,CERRADA TEMPORALMENTE,MONOLINGUE,VESPERTINA,DIARIO(REGULAR),GUATEMALA NORTE
00-01-8523-46,01-305,CIUDAD CAPITAL,ZONA 1,LICEO MONTECARLO,4A. AVENIDA 2-28,22212089,CELESTINA  ARLETTY HERNÁNDEZ AGUILAR,,DIVERSIFICADO,PRIVADO,URBANA,CERRADA TEMPORALMENTE,MONOLINGUE,VESPERTINA,DIARIO(REGULAR),GUATEMALA NORTE
00-01-8524-46,01-303,CIUDAD CAPITAL,ZONA 1,COLEGIO TECNOLOGICO EMPRESARIAL,11AV. 9-12 ZONA 1,22205485,GLORIA GABRIELA LARIOS GARCÍA,,DIVERSIFICADO,PRIVADO,URBANA,CERRADA TEMPORALMENTE,MONOLINGUE,MATUTINA,DIARIO(REGULAR),GUATEMALA NORTE
00-01-8525-45,,CIUDAD CAPITAL,ZONA 1,LICEO MONTECARLO,5A. AVENIDA 4-36 ZONA 1,232-1011 251-6422,,,BASICO,PRIVADO,URBANA,CERRADA TEMPORALMENTE,MONOLINGUE,MATUTINA,FIN DE SEMANA,GUATEMALA NORTE
00-01-8526-46,01-403,CIUDAD CAPITAL,ZONA 1,LICEO MONTECARLO,5A. AVENIDA 4-36 ZONA 1,232-1011 y 251-6422,CARLOS HUMBERTO GONZÁLEZ DE LEÓN,,DIVERSIFICADO,PRIVADO,URBANA,CERRADA TEMPORALMENTE,MONOLINGUE,MATUTINA,FIN DE SEMANA,GUATEMALA NORTE
00-01-8532-45,01-01-0037,CIUDAD CAPITAL,ZONA 1,LICEO MONTECARLO,4A. AVENIDA 2-28,58229935,CARLOS HUMBERTO GONZALEZ DE LEON,YOMARA DONINELI MALDONADO QUIROA,BASICO,PRIVADO,URBANA,ABIERTA,MONOLINGUE,DOBLE,FIN DE SEMANA,GUATEMALA NORTE
00-01-8533-46,01-01-0037,CIUDAD CAPITAL,ZONA 1,LICEO MONTECARLO,4A.  AVENIDA  2-28,58697161,CARLOS HUMBERTO GONZALEZ DE LEON,YOMARA DONINELI MALDONADO QUIROA,DIVERSIFICADO,PRIVADO,URBANA,ABIERTA,MONOLINGUE,DOBLE,FIN DE SEMANA,GUATEMALA NORTE
00-01-8534-45,01-403,CIUDAD CAPITAL,ZONA 1,LICEO MONTECARLO,4A.  AVENIDA  2-28,22212089-6422,CARLOS HUMBERTO GONZÁLEZ DE LEÓN,YOMARA DONINELI MALDONADO QUIROA,BASICO,PRIVADO,URBANA,CERRADA DEFINITIVAMENTE,MONOLINGUE,MATUTINA,FIN DE SEMANA,GUATEMALA NORTE
00-01-8535-46,01-01-0037,CIUDAD CAPITAL,ZONA 1,LICEO MONTECARLO,4A.  AVENIDA  2-28,45336574,CARLOS HUMBERTO GONZALEZ DE LEON,YOMARA DONINELI MALDONADO QUIROA,DIVERSIFICADO,PRIVADO,URBANA,ABIERTA,MONOLINGUE,MATUTINA,FIN DE SEMANA,GUATEMALA NORTE
00-01-8542-44,01-01-0033,CIUDAD CAPITAL,ZONA 1,LICEO DE COMPUTACION SIGLO 21 N. 3,13 CALLE 9-60,22959172,CARLOS HUMBERTO GONZALEZ DE LEON,JORGE ROLANDO MORALES PAZ,PRIMARIA DE ADULTOS,PRIVADO,URBANA,ABIERTA,MONOLINGUE,MATUTINA,FIN DE SEMANA,GUATEMALA NORTE
00-01-8543-45,01-403,CIUDAD CAPITAL,ZONA 1,ESCUELA TECNICA SUPERIOR ALINARI,5A. CALLE 5-61,22204272,CARLOS HUMBERTO GONZÁLEZ DE LEÓN,,BASICO,PRIVADO,URBANA,CERRADA DEFINITIVAMENTE,MONOLINGUE,MATUTINA,FIN DE SEMANA,GUATEMALA NORTE
00-01-8559-46,01-401,CIUDAD CAPITAL,ZONA 1,INSTITUTO TECNOLOGICO DE CENTRO AMERICA,11 CALLE 11-28 ZONA 1,22320202,IXMUCANE ALDANA VILLAVICENCIO,,DIVERSIFICADO,PRIVADO,URBANA,CERRADA TEMPORALMENTE,MONOLINGUE,MATUTINA,FIN DE SEMANA,GUATEMALA NORTE
00-01-8560-46,01-317,CIUDAD CAPITAL,ZONA 1,INSTITUTO TECNOLOGICO DE CENTROAMERICA (POR MADUREZ),11 CALLE 11-28 ZONA 1,22320202,MARIANO DOMINGO ESTRADA TELETOR,---,DIVERSIFICADO,PRIVADO,URBANA,CERRADA TEMPORALMENTE,MONOLINGUE,DOBLE,FIN DE SEMANA,GUATEMALA NORTE
00-01-8568-42,01-305,CIUDAD CAPITAL,ZONA 1,COLEGIO BILINGUE EN COMPUTACION EDUCARET,7A. CALLE 0-01,22510450  22322666,CELESTINA  ARLETTY HERNÁNDEZ AGUILAR,,PARVULOS,PRIVADO,URBANA,CERRADA TEMPORALMENTE,MONOLINGUE,MATUTINA,DIARIO(REGULAR),GUATEMALA NORTE
00-01-8569-43,01-305,CIUDAD CAPITAL,ZONA 1,COLEGIO BILINGUE EN COMPUTACION EDUCARET,7A. CALLE 0-01,22510450,CELESTINA  ARLETTY HERNÁNDEZ AGUILAR,,PRIMARIA,PRIVADO,URBANA,CERRADA TEMPORALMENTE,MONOLINGUE,MATUTINA,DIARIO(REGULAR),GUATEMALA NORTE
00-01-8596-46,01-401,CIUDAD CAPITAL,ZONA 1,ESCUELA TECNICA SUPERIOR ALINARI,5A. CALLE 5-61,22204272,IXMUCANE ALDANA VILLAVICENCIO,,DIVERSIFICADO,PRIVADO,URBANA,CERRADA DEFINITIVAMENTE,MONOLINGUE,DOBLE,FIN DE SEMANA,GUATEMALA NORTE
00-01-8597-46,01-403,CIUDAD CAPITAL,ZONA 1,ESCUELA TECNICA SUPERIOR ALINARI (POR MADUREZ),5A. CALLE 5-61,22204272,CARLOS HUMBERTO GONZÁLEZ DE LEÓN,-----------,DIVERSIFICADO,PRIVADO,URBANA,CERRADA TEMPORALMENTE,MONOLINGUE,DOBLE,FIN DE SEMANA,GUATEMALA NORTE
00-01-8598-45,01-312,CIUDAD CAPITAL,ZONA 1,INSTITUTO 'INDO LATINO',4A. AVENIDA 13-35,22380338,AMADO  SALOMON FLORES PEREZ,,BASICO,PRIVADO,URBANA,CERRADA TEMPORALMENTE,MONOLINGUE,VESPERTINA,DIARIO(REGULAR),GUATEMALA NORTE
00-01-8599-46,01-01-0040,CIUDAD CAPITAL,ZONA 1,"COLEGIO MIXTO  ""INDO LATINO""",4A. AVENIDA 13-35,22380338,AMADO SALOMON FLORES PEREZ,UBENCE MARCELINO DE LEÓN LÓPEZ,DIVERSIFICADO,PRIVADO,URBANA,ABIERTA,MONOLINGUE,MATUTINA,DIARIO(REGULAR),GUATEMALA NORTE
00-01-8600-45,01-403,CIUDAD CAPITAL,ZONA 1,LICEO MIXTO CIENCIAS SECRETARIALES,4A. AVENIDA 4-12,22380855,CARLOS HUMBERTO GONZÁLEZ DE LEÓN,ANGELA VERONICA SALAZAR MARROQUIN,BASICO,PRIVADO,URBANA,CERRADA DEFINITIVAMENTE,MONOLINGUE,MATUTINA,DIARIO(REGULAR),GUATEMALA NORTE
00-01-8606-45,01-305,CIUDAD CAPITAL,ZONA 1,CENTRO EDUCATIVO ALTO DESARROLLO,11AV. 10-67,22539153,CELESTINA  ARLETTY HERNÁNDEZ AGUILAR,,BASICO,PRIVADO,URBANA,CERRADA TEMPORALMENTE,MONOLINGUE,VESPERTINA,DIARIO(REGULAR),GUATEMALA NORTE
00-01-8607-45,01-316,CIUDAD CAPITAL,ZONA 1,COLEGIO SANTA MARGARITA,8A. CALLE 0-41,22516034 22510284,LILIAN YOLANDA RODRIGUEZ PINTO DE CASTRO,,BASICO,PRIVADO,URBANA,CERRADA TEMPORALMENTE,MONOLINGUE,MATUTINA,DIARIO(REGULAR),GUATEMALA NORTE
00-01-8618-46,01-317,CIUDAD CAPITAL,ZONA 1,"INSTITUTO PARTICULAR PARA SEÑORITAS ""NUESTRA SEÑORA DEL CARMEN""",11 AV. 3-17,22320696,MARIANO DOMINGO ESTRADA TELETOR,MARÍA DEL CARMEN TURCIOS DEL POZO,DIVERSIFICADO,PRIVADO,URBANA,CERRADA TEMPORALMENTE,MONOLINGUE,VESPERTINA,DIARIO(REGULAR),GUATEMALA NORTE
00-01-8620-42,01-01-0030,CIUDAD CAPITAL,ZONA 1,COLEGIO AVIGAL,13 CALLE 14-37,22301921- 22302665,NORMA ARACELY PALOMO FRANCO DE DÍAZ,,PARVULOS,PRIVADO,URBANA,ABIERTA,MONOLINGUE,MATUTINA,DIARIO(REGULAR),GUATEMALA NORTE
00-01-8621-43,01-01-0030,CIUDAD CAPITAL,ZONA 1,COLEGIO AVIGAL,13 CALLE 14-37,22301921 22302665,NORMA ARACELY PALOMO FRANCO DE DÍAZ,,PRIMARIA,PRIVADO,URBANA,ABIERTA,MONOLINGUE,MATUTINA,DIARIO(REGULAR),GUATEMALA NORTE
00-01-8623-46,01-304,CIUDAD CAPITAL,ZONA 1,INSTITUTO PRACTICO MODERNO,11 CALLE 2-52,22067425,AMADO SALOMON FLORES PEREZ,-----------,DIVERSIFICADO,PRIVADO,URBANA,CERRADA DEFINITIVAMENTE,MONOLINGUE,MATUTINA,DIARIO(REGULAR),GUATEMALA NORTE
00-01-8633-44,01-01-0037,CIUDAD CAPITAL,ZONA 1,INSTITUTO AMERICANO EN CIENCIAS DE COMPUTACION,6A. AVENIDA 18-23,23120654,CARLOS HUMBERTO GONZALEZ DE LEON,MARCO ANTONIO CASTAÑEDA FLORES,PRIMARIA DE ADULTOS,PRIVADO,URBANA,ABIERTA,MONOLINGUE,MATUTINA,FIN DE SEMANA,GUATEMALA NORTE
00-01-8636-45,01-01-0037,CIUDAD CAPITAL,ZONA 1,INSTITUTO GUILLERMO PUTZEYS ÁLVAREZ,11 CALLE 3-59,24637777,CARLOS HUMBERTO GONZALEZ DE LEON,JOSÉ RODERICO TELLO TELLO,BASICO,PRIVADO,URBANA,ABIERTA,MONOLINGUE,DOBLE,FIN DE SEMANA,GUATEMALA NORTE
00-01-8643-44,01-627,CIUDAD CAPITAL,ZONA 1,COLEGIO MIXTO BILINGUE EN COMPUTACION  BEHULA,2A. CALLE 10-14,22532477,ISAURA AMPARO RECINOS CARRILLO,ROSA MARÍA DE LEÓN GALLARDO,PRIMARIA DE ADULTOS,PRIVADO,URBANA,CERRADA TEMPORALMENTE,MONOLINGUE,MATUTINA,DIARIO(REGULAR),GUATEMALA NORTE
00-01-8644-45,01-627,CIUDAD CAPITAL,ZONA 1,COLEGIO MIXTO BILINGUE EN COMPUTACION BEHULA,2A. CALLE 10-14,22532477,ISAURA AMPARO RECINOS CARRILLO,JACOB JOSUÉ JUÁREZ OROZCO,BASICO,PRIVADO,URBANA,CERRADA TEMPORALMENTE,MONOLINGUE,DOBLE,FIN DE SEMANA,GUATEMALA NORTE
00-01-8645-46,01-627,CIUDAD CAPITAL,ZONA 1,COLEGIO MIXTO BILINGUE EN COMPUTACION BEHULA,7A. AV 4-35,22532477,ISAURA AMPARO RECINOS CARRILLO,JACOB JOSUÉ JUÁREZ OROZCO,DIVERSIFICADO,PRIVADO,URBANA,CERRADA TEMPORALMENTE,MONOLINGUE,DOBLE,FIN DE SEMANA,GUATEMALA NORTE
00-01-8650-45,01-401,CIUDAD CAPITAL,ZONA 1,INSTITUTO TECNOLOGICO DE CENTRO AMERICA,11 CALLE 11-28 ZONA 1,22320202,IXMUCANE ALDANA VILLAVICENCIO,,BASICO,PRIVADO,URBANA,CERRADA TEMPORALMENTE,MONOLINGUE,MATUTINA,FIN DE SEMANA,GUATEMALA NORTE
00-01-8651-45,01-401,CIUDAD CAPITAL,ZONA 1,INSTITUTO TECNOLOGICO DE CENTRO AMERICA (POR MADUREZ),11 CALLE 11-28 ZONA 1,22320202,IXMUCANE ALDANA VILLAVICENCIO,,BASICO,PRIVADO,URBANA,CERRADA TEMPORALMENTE,MONOLINGUE,MATUTINA,FIN DE SEMANA,GUATEMALA NORTE
00-01-8652-46,01-,CIUDAD CAPITAL,ZONA 1,INSTITUTO TECNOLOGICO DE CENTRO AMERICA,11 CALLE 11-28 ZONA 1,22320202,MARIA FELICITA ROQUE CARRERA,,DIVERSIFICADO,PRIVADO,URBANA,CERRADA TEMPORALMENTE,MONOLINGUE,MATUTINA,DIARIO(REGULAR),GUATEMALA NORTE
00-01-8662-45,01-318,CIUDAD CAPITAL,ZONA 1,COLEGIO TECNICO INTEGRADO,12 CALLE 9-47,54016593,SANDRA CAROLINA PÉREZ DONDIEGO DE CHOC,RUTH CECILIA JUÁREZ CORONADO,BASICO,PRIVADO,URBANA,CERRADA DEFINITIVAMENTE,MONOLINGUE,MATUTINA,DIARIO(REGULAR),GUATEMALA NORTE
00-01-8663-45,01-,CIUDAD CAPITAL,ZONA 1,COLEGIO TECNICO INTEGRADO,12 CALLE 9-47,52188194,MARIA FELICITA ROQUE CARRERA,,BASICO,PRIVADO,URBANA,CERRADA DEFINITIVAMENTE,MONOLINGUE,VESPERTINA,DIARIO(REGULAR),GUATEMALA NORTE
00-01-8664-45,01-403,CIUDAD CAPITAL,ZONA 1,COLEGIO TECNICO INTEGRADO,12 CALLE 9-47,22322152,CARLOS HUMBERTO GONZÁLEZ DE LEÓN,RUTH CECILIA JUÁREZ CORONADO,BASICO,PRIVADO,URBANA,CERRADA DEFINITIVAMENTE,MONOLINGUE,DOBLE,FIN DE SEMANA,GUATEMALA NORTE
00-01-8665-46,01-318,CIUDAD CAPITAL,ZONA 1,COLEGIO TECNICO INTEGRADO,12 CALLE 9-47,22322152,SANDRA CAROLINA PÉREZ DONDIEGO DE CHOC,RUTH CECILIA JUÁREZ CORONADO,DIVERSIFICADO,PRIVADO,URBANA,CERRADA DEFINITIVAMENTE,MONOLINGUE,DOBLE,DIARIO(REGULAR),GUATEMALA NORTE
00-01-8666-45,01-403,CIUDAD CAPITAL,ZONA 1,COLEGIO TECNICO INTEGRADO,12 CALLE 9-47,22322152,CARLOS HUMBERTO GONZÁLEZ DE LEÓN,RUTH CECILIA JUÁREZ CORONADO,BASICO,PRIVADO,URBANA,CERRADA DEFINITIVAMENTE,MONOLINGUE,DOBLE,FIN DE SEMANA,GUATEMALA NORTE
00-01-8667-46,01-318,CIUDAD CAPITAL,ZONA 1,COLEGIO TECNICO INTEGRADO,12 CALLE 9-47,22322152,SANDRA CAROLINA PÉREZ DONDIEGO DE CHOC,RUTH CECILIA JUÁREZ CORONADO,DIVERSIFICADO,PRIVADO,URBANA,CERRADA DEFINITIVAMENTE,MONOLINGUE,MATUTINA,DIARIO(REGULAR),GUATEMALA NORTE
00-01-8668-46,,CIUDAD CAPITAL,ZONA 1,COLEGIO TECNICO INTEGRADO,12 CALLE 9-47,52188194,,,DIVERSIFICADO,PRIVADO,URBANA,CERRADA DEFINITIVAMENTE,MONOLINGUE,VESPERTINA,DIARIO(REGULAR),GUATEMALA NORTE
00-01-8669-46,,CIUDAD CAPITAL,ZONA 1,COLEGIO TECNICO INTEGRADO,12 CALLE 9-47,52188194,,,DIVERSIFICADO,PRIVADO,URBANA,CERRADA DEFINITIVAMENTE,MONOLINGUE,DOBLE,FIN DE SEMANA,GUATEMALA NORTE
00-01-8670-46,01-403,CIUDAD CAPITAL,ZONA 1,COLEGIO TECNICO INTEGRADO,12 CALLE 9-47,54016593,CARLOS HUMBERTO GONZÁLEZ DE LEÓN,RUTH CECILIA JUÁREZ CORONADO,DIVERSIFICADO,PRIVADO,URBANA,CERRADA DEFINITIVAMENTE,MONOLINGUE,DOBLE,FIN DE SEMANA,GUATEMALA NORTE
00-01-8671-46,01-403,CIUDAD CAPITAL,ZONA 1,COLEGIO TECNICO INTEGRADO,12 CALLE 9-47,54016593,CARLOS HUMBERTO GONZÁLEZ DE LEÓN,RUTH CECILIA JUÁREZ CORONADO,DIVERSIFICADO,PRIVADO,URBANA,CERRADA DEFINITIVAMENTE,MONOLINGUE,DOBLE,DIARIO(REGULAR),GUATEMALA NORTE
00-01-8672-45,01-403,CIUDAD CAPITAL,ZONA 1,COLEGIO BILINGÜE ESPECIALIZADO EN COMPUTACIÓN YULIMAY´PC (POR MADUREZ),12 CALLE 4-17,22091400,CARLOS HUMBERTO GONZÁLEZ DE LEÓN,OBDUVER UBALDO DOMINGO CASTAÑÓN,BASICO,PRIVADO,URBANA,CERRADA TEMPORALMENTE,MONOLINGUE,MATUTINA,SABATINO,GUATEMALA NORTE
00-01-8673-46,01-403,CIUDAD CAPITAL,ZONA 1,COLEGIO BILINGÜE ESPECIALIZADO EN COMPUTACIÓN YULIMAY´PC  (POR MADUREZ),12 CALLE 4-17,22091400,CARLOS HUMBERTO GONZÁLEZ DE LEÓN,OBDUVER UBALDO DOMINGO CASTAÑÓN,DIVERSIFICADO,PRIVADO,URBANA,CERRADA TEMPORALMENTE,MONOLINGUE,DOBLE,FIN DE SEMANA,GUATEMALA NORTE
00-01-8674-45,01-402,CIUDAD CAPITAL,ZONA 1,COLEGIO BILINGUE ESPECIALIZADO EN COMPUTACION 'YULIMAY 'PC' (POR MADUREZ),4A. AVENIDA 12-39,22205283 2530023,CARLOS HUMBERTO GONZALEZ DE LEON,,BASICO,PRIVADO,URBANA,CERRADA DEFINITIVAMENTE,MONOLINGUE,VESPERTINA,SABATINO,GUATEMALA NORTE
00-01-8675-46,01-402,CIUDAD CAPITAL,ZONA 1,COLEGIO BILINGUE ESPECIALIZADO EN COMPUTACION 'YULIMAY 'PC' (POR MADUREZ),4A. AVENIDA 12-39,22205283 2530023,CARLOS HUMBERTO GONZALEZ DE LEON,,DIVERSIFICADO,PRIVADO,URBANA,CERRADA DEFINITIVAMENTE,MONOLINGUE,VESPERTINA,SABATINO,GUATEMALA NORTE
00-01-8676-45,01-402,CIUDAD CAPITAL,ZONA 1,COLEGIO BILINGUE ESPECIALIZADO EN COMPUTACION 'YULIMAY'PC' (POR MADUREZ),4A. AVENIDA 12-39,22205083 2530023,CARLOS HUMBERTO GONZALEZ DE LEON,,BASICO,PRIVADO,URBANA,CERRADA DEFINITIVAMENTE,MONOLINGUE,MATUTINA,DOMINICAL,GUATEMALA NORTE
00-01-8677-45,,CIUDAD CAPITAL,ZONA 1,COLEGIO BILINGUE ESPECIALIZADO EN COMPUTACION 'YULIMAY 'PC' (POR MADUREZ),4A. AVENIDA 12-39,"2324149, 2530023",,,BASICO,PRIVADO,URBANA,CERRADA TEMPORALMENTE,MONOLINGUE,VESPERTINA,DOMINICAL,GUATEMALA NORTE
00-01-8678-46,01-402,CIUDAD CAPITAL,ZONA 1,COLEGIO BILINGUE ESPECIALIZADO EN COMPUTACION 'YULIMAY 'PC' (POR MADUREZ),4A. AEVNIDA 12-39,22205283 2530023,CARLOS HUMBERTO GONZALEZ DE LEON,,DIVERSIFICADO,PRIVADO,URBANA,CERRADA DEFINITIVAMENTE,MONOLINGUE,MATUTINA,DOMINICAL,GUATEMALA NORTE
00-01-8679-46,01-,CIUDAD CAPITAL,ZONA 1,COELGIO BILINGUE ESPECIALIZADO EN COMPUTACION  YULIMAY  PC  (POR MADUREZ),4A. AVENIDA 12-39,23241492,MARIA FELICITA ROQUE CARRERA,,DIVERSIFICADO,PRIVADO,URBANA,CERRADA TEMPORALMENTE,MONOLINGUE,VESPERTINA,DOMINICAL,GUATEMALA NORTE
00-01-8684-45,01-403,CIUDAD CAPITAL,ZONA 1,COLEGIO DE COMPUTACION Y SISTEMAS ELECTRONICOS(POR MADUREZ),9AV. 12-73,22510252,CARLOS HUMBERTO GONZÁLEZ DE LEÓN,,BASICO,PRIVADO,URBANA,CERRADA DEFINITIVAMENTE,MONOLINGUE,DOBLE,FIN DE SEMANA,GUATEMALA NORTE
00-01-8685-46,01-403,CIUDAD CAPITAL,ZONA 1,COLEGIO DE COMPUTACION Y SISTEMAS ELECTRONICOS,9AV. 12-73,22510252,CARLOS HUMBERTO GONZÁLEZ DE LEÓN,,DIVERSIFICADO,PRIVADO,URBANA,CERRADA TEMPORALMENTE,MONOLINGUE,DOBLE,FIN DE SEMANA,GUATEMALA NORTE
00-01-8708-45,01-01-0026,CIUDAD CAPITAL,ZONA 1,LICEO JUVENTUD XXI,4TA. CALLE A 1-37,22539944,LUDIBEL AMARILIS GALICIA DE FLORES,GERARDO LEON HERNANDEZ HERNANDEZ,BASICO,PRIVADO,URBANA,ABIERTA,MONOLINGUE,MATUTINA,DIARIO(REGULAR),GUATEMALA NORTE
00-01-8709-46,01-305,CIUDAD CAPITAL,ZONA 1,LICEO JUVENTUD XXI,4TA. CALLE A 1-37,22325917,CELESTINA  ARLETTY HERNÁNDEZ AGUILAR,---,DIVERSIFICADO,PRIVADO,URBANA,CERRADA TEMPORALMENTE,MONOLINGUE,MATUTINA,DIARIO(REGULAR),GUATEMALA NORTE
00-01-8714-45,,CIUDAD CAPITAL,ZONA 1,INSTITUTO TECNOLOGICO DIGITALES COMERCIALES (POR MADUREZ),9A. CALLE 0-44 ZONA 1,22382722,,,BASICO,PRIVADO,URBANA,CERRADA TEMPORALMENTE,MONOLINGUE,MATUTINA,FIN DE SEMANA,GUATEMALA NORTE
00-01-8732-42,01-601,CIUDAD CAPITAL,ZONA 1,COLEGIO PROYECTO EDUCATIVO FUTURISTA,12 CALLE 'A' 14-56,54956612,CLAUDIO DANIEL YAC OROZCO,,PARVULOS,PRIVADO,URBANA,CERRADA TEMPORALMENTE,MONOLINGUE,MATUTINA,DIARIO(REGULAR),GUATEMALA NORTE
00-01-8733-43,01-601,CIUDAD CAPITAL,ZONA 1,COLEGIO PROYECTO EDUCATIVO FUTURISTA,12 CALLE 'A' 14-56,54956612,CLAUDIO DANIEL YAC OROZCO,,PRIMARIA,PRIVADO,URBANA,CERRADA TEMPORALMENTE,MONOLINGUE,MATUTINA,DIARIO(REGULAR),GUATEMALA NORTE
00-01-8734-45,01-316,CIUDAD CAPITAL,ZONA 1,COLEGIO PROYECTO EDUCATIVO FUTURISTA,12 CALLE 'A' 14-56 ZONA 1,54956612,LILIAN YOLANDA RODRIGUEZ PINTO DE CASTRO,,BASICO,PRIVADO,URBANA,CERRADA TEMPORALMENTE,MONOLINGUE,MATUTINA,DIARIO(REGULAR),GUATEMALA NORTE
00-01-8735-45,01-401,CIUDAD CAPITAL,ZONA 1,COLEGIO PROYECTO EDUCATIVO FUTURISTA,12 CALLE 'A' 14-56,54956612,IXMUCANE ALDANA VILLAVICENCIO,,BASICO,PRIVADO,URBANA,CERRADA TEMPORALMENTE,MONOLINGUE,MATUTINA,FIN DE SEMANA,GUATEMALA NORTE
00-01-8736-46,01-401,CIUDAD CAPITAL,ZONA 1,COLEGIO PROYECTO EDUCATIVO FUTURISTA,12 CALLE  A  14-56,54956612,IXMUCANE ALDANA VILLAVICENCIO,,DIVERSIFICADO,PRIVADO,URBANA,CERRADA TEMPORALMENTE,MONOLINGUE,MATUTINA,FIN DE SEMANA,GUATEMALA NORTE
00-01-8740-43,01-303,CIUDAD CAPITAL,ZONA 1,COLEGIO 'SANTA SOFIA DE JESUS',15 AVENIDA 1-19,"2212890, 2212891",GLORIA GABRIELA LARIOS GARCÍA,,PRIMARIA,PRIVADO,URBANA,CERRADA DEFINITIVAMENTE,MONOLINGUE,MATUTINA,DIARIO(REGULAR),GUATEMALA NORTE
00-01-8743-45,01-401,CIUDAD CAPITAL,ZONA 1,LICEO INTEGRAL MIXTO,2A. AV. 5-34,22326602,IXMUCANE ALDANA VILLAVICENCIO,,BASICO,PRIVADO,URBANA,CERRADA TEMPORALMENTE,MONOLINGUE,MATUTINA,FIN DE SEMANA,GUATEMALA NORTE
00-01-8744-46,01-401,CIUDAD CAPITAL,ZONA 1,LICEO INTEGRAL FEMENINO,2A. AV. 5-34,22326602,IXMUCANE ALDANA VILLAVICENCIO,--,DIVERSIFICADO,PRIVADO,URBANA,CERRADA TEMPORALMENTE,MONOLINGUE,MATUTINA,FIN DE SEMANA,GUATEMALA NORTE
00-01-8751-42,01-01-0035,CIUDAD CAPITAL,ZONA 1,COLEGIO COMERCIAL GUATEMALTECO,10A CALLE 11-44,22534824,NORMA ARACELY PALOMO FRANCO DE DÍAZ,CHARLOTTE ANN AFRE PYATT,PARVULOS,PRIVADO,URBANA,ABIERTA,MONOLINGUE,MATUTINA,DIARIO(REGULAR),GUATEMALA NORTE
00-01-8755-45,01-01-0030,CIUDAD CAPITAL,ZONA 1,INSTITUTO AMERICANO EN CIENCIAS DE COMPUTACION,6A. AVENIDA 18-23,23120654,NORMA ARACELY PALOMO FRANCO DE DÍAZ,MARCO ANTONIO CASTAÑEDA FLORES,BASICO,PRIVADO,URBANA,ABIERTA,MONOLINGUE,MATUTINA,DIARIO(REGULAR),GUATEMALA NORTE
00-01-8756-42,01-01-0028,CIUDAD CAPITAL,ZONA 1,ESCUELA HOGAR 'SAN FRANCISCO XAVIER',12 CALLE 'A' 2-45,24844535 22325211,AMADO SALOMON FLORES PEREZ,,PARVULOS,PRIVADO,URBANA,ABIERTA,MONOLINGUE,MATUTINA,DIARIO(REGULAR),GUATEMALA NORTE
00-01-8757-43,01-01-0028,CIUDAD CAPITAL,ZONA 1,ESCUELA HOGAR 'SAN FRANCISCO XAVIER',12 CALLE 'A' 2-45,24844535 22325211,AMADO SALOMON FLORES PEREZ,,PRIMARIA,PRIVADO,URBANA,ABIERTA,MONOLINGUE,MATUTINA,DIARIO(REGULAR),GUATEMALA NORTE
00-01-8758-45,01-01-0037,CIUDAD CAPITAL,ZONA 1,INSTITUTO AMERICANO EN CIENCIAS DE COMPUTACION,6A. AVENIDA 18-23,23120654,CARLOS HUMBERTO GONZALEZ DE LEON,MARCO ANTONIO CASTAÑEDA FLORES,BASICO,PRIVADO,URBANA,ABIERTA,MONOLINGUE,MATUTINA,FIN DE SEMANA,GUATEMALA NORTE
00-01-8761-42,,CIUDAD CAPITAL,ZONA 1,COLEGIO CRISTIANO CRECIENDO EN SABIDURIA,LOTE 2 MANZANA B SECTOR I COL. SANTA. BARBARA,,,,PARVULOS,PRIVADO,URBANA,CERRADA DEFINITIVAMENTE,MONOLINGUE,MATUTINA,DIARIO(REGULAR),GUATEMALA NORTE
00-01-8762-43,,CIUDAD CAPITAL,ZONA 1,COLEGIO CRISTIANO CRECIENDO EN SABIDURIA,LOTE 2 MANZANA B SECTOR 1 COL. STA. BARBARA,,,,PRIMARIA,PRIVADO,URBANA,CERRADA TEMPORALMENTE,MONOLINGUE,MATUTINA,DIARIO(REGULAR),GUATEMALA NORTE
00-01-8763-42,01-01-0030,CIUDAD CAPITAL,ZONA 1,JARDIN INFANTIL  LICENCIADA ALICIA HERRERA DE BETANCOURTH,9A. AV. 20-65,23228888,NORMA ARACELY PALOMO FRANCO DE DÍAZ,SANDRA LISSETTE GORDILLO ALAS,PARVULOS,OFICIAL,URBANA,ABIERTA,MONOLINGUE,MATUTINA,DIARIO(REGULAR),GUATEMALA NORTE
00-01-8772-45,01-403,CIUDAD CAPITAL,ZONA 1,COLEGIO TECNICO DE COMERCIO,1A. AV. 15-32,2380864-2500509,CARLOS HUMBERTO GONZÁLEZ DE LEÓN,,BASICO,PRIVADO,URBANA,CERRADA DEFINITIVAMENTE,MONOLINGUE,MATUTINA,FIN DE SEMANA,GUATEMALA NORTE
00-01-8773-46,01-403,CIUDAD CAPITAL,ZONA 1,COLEGIO TECNICO DE COMERCIO,1A. AV. 15-32,2380864-2500509,CARLOS HUMBERTO GONZÁLEZ DE LEÓN,,DIVERSIFICADO,PRIVADO,URBANA,CERRADA DEFINITIVAMENTE,MONOLINGUE,MATUTINA,FIN DE SEMANA,GUATEMALA NORTE
00-01-8791-46,01-301,CIUDAD CAPITAL,ZONA 1,COLEGIO TECNICO EL PORVENIR,6A. AV. 1-34,56925504,LUCRECIA MARISOL CERMEÑO GONZÁLEZ,,DIVERSIFICADO,PRIVADO,URBANA,CERRADA TEMPORALMENTE,MONOLINGUE,VESPERTINA,DIARIO(REGULAR),GUATEMALA NORTE
00-01-8795-45,01-401,CIUDAD CAPITAL,ZONA 1,COLEGIO PANAMERICANO,12 CALLE 12-06,22328682 22207755,IXMUCANE ALDANA VILLAVICENCIO,,BASICO,PRIVADO,URBANA,CERRADA DEFINITIVAMENTE,MONOLINGUE,MATUTINA,FIN DE SEMANA,GUATEMALA NORTE
00-01-8796-46,01-401,CIUDAD CAPITAL,ZONA 1,COLEGIO 'PANAMERICANO',12 CALLE 12-06,"22207754, 22207755",IXMUCANE ALDANA VILLAVICENCIO,,DIVERSIFICADO,PRIVADO,URBANA,CERRADA DEFINITIVAMENTE,MONOLINGUE,MATUTINA,FIN DE SEMANA,GUATEMALA NORTE
00-01-8804-42,01-01-0030,CIUDAD CAPITAL,ZONA 1,EODP ANEXA A EOUM NO.18  JOSE VENANCIO LOPEZ,6A. AVENIDA 19-14,55263058,NORMA ARACELY PALOMO FRANCO DE DÍAZ,JUAN CARLOS RAMÍREZ CRUZ,PARVULOS,OFICIAL,URBANA,ABIERTA,MONOLINGUE,VESPERTINA,DIARIO(REGULAR),GUATEMALA NORTE
00-01-8806-42,01-01-0028,CIUDAD CAPITAL,ZONA 1,COLEGIO KEPLER,2A. AV. 15-13,38145807,AMADO SALOMON FLORES PEREZ,NIDIA CAROLINA BARRIOS SOLIS,PARVULOS,PRIVADO,URBANA,ABIERTA,MONOLINGUE,MATUTINA,DIARIO(REGULAR),GUATEMALA NORTE
00-01-8807-43,01-01-0028,CIUDAD CAPITAL,ZONA 1,COLEGIO  KEPLER,2A. AVENIDA 15-25,38145807,AMADO SALOMON FLORES PEREZ,NIDIA CAROLINA BARRIOS SOLIS,PRIMARIA,PRIVADO,URBANA,ABIERTA,MONOLINGUE,MATUTINA,DIARIO(REGULAR),GUATEMALA NORTE
00-01-8808-44,01-627,CIUDAD CAPITAL,ZONA 1,COLEGIO KEPLER,2A. AV. 15-25,22208366,ISAURA AMPARO RECINOS CARRILLO,MANUEL FRANCISCO RUANO IRIARTE,PRIMARIA DE ADULTOS,PRIVADO,URBANA,CERRADA TEMPORALMENTE,MONOLINGUE,NOCTURNA,DIARIO(REGULAR),GUATEMALA NORTE
00-01-8809-45,01-01-0028,CIUDAD CAPITAL,ZONA 1,COLEGIO KEPLER,2A. AV. 15-13,38145807,AMADO SALOMON FLORES PEREZ,MANUEL FRANCISCO RUANO IRIARTE,BASICO,PRIVADO,URBANA,ABIERTA,MONOLINGUE,MATUTINA,DIARIO(REGULAR),GUATEMALA NORTE
00-01-8810-46,01-305,CIUDAD CAPITAL,ZONA 1,COLEGIO KEPLER,2A. AV. 15-25,22208366,CELESTINA  ARLETTY HERNÁNDEZ AGUILAR,,DIVERSIFICADO,PRIVADO,URBANA,CERRADA TEMPORALMENTE,MONOLINGUE,MATUTINA,DIARIO(REGULAR),GUATEMALA NORTE
00-01-8811-45,01-627,CIUDAD CAPITAL,ZONA 1,COLEGIO KEPLER,2A. AV. 15-25,22208366,ISAURA AMPARO RECINOS CARRILLO,MANUEL FRANCISCO RUANO IRIARTE,BASICO,PRIVADO,URBANA,CERRADA TEMPORALMENTE,MONOLINGUE,MATUTINA,FIN DE SEMANA,GUATEMALA NORTE
00-01-8812-46,01-316,CIUDAD CAPITAL,ZONA 1,COLEGIO KEPLER,2A. AV. 15-25,22208366,LILIAN YOLANDA RODRIGUEZ PINTO DE CASTRO,MANUEL FRANCISCO RUANO IRIARTE,DIVERSIFICADO,PRIVADO,URBANA,CERRADA TEMPORALMENTE,MONOLINGUE,MATUTINA,FIN DE SEMANA,GUATEMALA NORTE
00-01-8813-46,01-316,CIUDAD CAPITAL,ZONA 1,COLEGIO KEPLER,2A. AV. 15-25,22519040,LILIAN YOLANDA RODRIGUEZ PINTO DE CASTRO,MANUEL FRANCISCO RUANO IRIARTE,DIVERSIFICADO,PRIVADO,URBANA,CERRADA TEMPORALMENTE,MONOLINGUE,MATUTINA,FIN DE SEMANA,GUATEMALA NORTE
00-01-8814-45,01-401,CIUDAD CAPITAL,ZONA 1,INSTITUTO MIXTO PARTICULAR 'COACTEMALAN',11 CALLE 10-48,22327383,IXMUCANE ALDANA VILLAVICENCIO,,BASICO,PRIVADO,URBANA,CERRADA TEMPORALMENTE,MONOLINGUE,MATUTINA,FIN DE SEMANA,GUATEMALA NORTE
00-01-8815-46,01-401,CIUDAD CAPITAL,ZONA 1,INSTITUTO MIXTO PARTICULAR COACTEMALAN,11 CALLE 10-48,22327383,IXMUCANE ALDANA VILLAVICENCIO,,DIVERSIFICADO,PRIVADO,URBANA,TEMPORAL TITULOS,MONOLINGUE,MATUTINA,FIN DE SEMANA,GUATEMALA NORTE
00-01-8817-45,01-627,CIUDAD CAPITAL,ZONA 1,COLEGIO CIENTIFICO SECRETARIAL GUATEMALTECO,8A. CALLE 2-29,42082118,ISAURA AMPARO RECINOS CARRILLO,JORGE HERIBERTO ESTRADA CASTILLO,BASICO,PRIVADO,URBANA,CERRADA TEMPORALMENTE,MONOLINGUE,DOBLE,FIN DE SEMANA,GUATEMALA NORTE
00-01-8830-43,01-317,CIUDAD CAPITAL,ZONA 1,LICEO APLICADO EN COMPUTACION,2A. CALLE 6-77,"2516346, 2850549",MARIANO DOMINGO ESTRADA TELETOR,,PRIMARIA,PRIVADO,URBANA,CERRADA TEMPORALMENTE,MONOLINGUE,MATUTINA,DIARIO(REGULAR),GUATEMALA NORTE
00-01-8832-45,01-210,CIUDAD CAPITAL,ZONA 1,LICEO TECNICO VOCACIONAL GALILEI,2A. AV. 9-68,,DINIZ ORALIA MORALES MUÑOZ,,BASICO,PRIVADO,URBANA,CERRADA DEFINITIVAMENTE,MONOLINGUE,MATUTINA,DIARIO(REGULAR),GUATEMALA NORTE
00-01-8833-46,01-209,CIUDAD CAPITAL,ZONA 1,LICEO TECNICO VOCACIONAL GALILEI,2A. AV. 9-68,22383547,MIRIAM DEL CARMEN OROZCO HERNANDEZ,,DIVERSIFICADO,PRIVADO,URBANA,CERRADA DEFINITIVAMENTE,MONOLINGUE,MATUTINA,DIARIO(REGULAR),GUATEMALA NORTE
00-01-8834-46,01-209,CIUDAD CAPITAL,ZONA 1,LICEO TECNICO VOCACIONAL GALILEI,2A. AV. 9-68,22383547,MIRIAM DEL CARMEN OROZCO HERNANDEZ,,DIVERSIFICADO,PRIVADO,URBANA,CERRADA DEFINITIVAMENTE,MONOLINGUE,DOBLE,DIARIO(REGULAR),GUATEMALA NORTE
00-01-8836-45,01-01-0048,CIUDAD CAPITAL,ZONA 1,LICEO REGIOMONTANO,9A. CALLE 2-64,22536762,AMADO SALOMON FLORES PEREZ,NERY EDUARDO MALDONADO RUIZ,BASICO,PRIVADO,URBANA,ABIERTA,MONOLINGUE,MATUTINA,DIARIO(REGULAR),GUATEMALA NORTE
00-01-8837-45,01-307,CIUDAD CAPITAL,ZONA 1,LICEO 'GUAYACAN',9A. CALLE 2-55,,NORMA ARACELY PALOMO FRANCO DE DIAZ,,BASICO,PRIVADO,URBANA,CERRADA DEFINITIVAMENTE,MONOLINGUE,VESPERTINA,DIARIO(REGULAR),GUATEMALA NORTE
00-01-8838-46,01-01-0048,CIUDAD CAPITAL,ZONA 1,LICEO REGIOMONTANO,9A. CALLE 2-64,22536762,AMADO SALOMON FLORES PEREZ,NERY EDUARDO MALDONADO RUIZ,DIVERSIFICADO,PRIVADO,URBANA,ABIERTA,MONOLINGUE,MATUTINA,DIARIO(REGULAR),GUATEMALA NORTE
00-01-8839-46,01-01-0048,CIUDAD CAPITAL,ZONA 1,LICEO REGIOMONTANO,9A. CALLE 2-64,22202670,AMADO SALOMON FLORES PEREZ,NERY EDUARDO MALDONADO RUIZ,DIVERSIFICADO,PRIVADO,URBANA,ABIERTA,MONOLINGUE,VESPERTINA,DIARIO(REGULAR),GUATEMALA NORTE
00-01-8840-44,01-401,CIUDAD CAPITAL,ZONA 1,LICEO 'GUAYACAN',9A. CALLE 2-55,,IXMUCANE ALDANA VILLAVICENCIO,,PRIMARIA DE ADULTOS,PRIVADO,URBANA,CERRADA DEFINITIVAMENTE,MONOLINGUE,DOBLE,FIN DE SEMANA,GUATEMALA NORTE
00-01-8841-45,01-403,CIUDAD CAPITAL,ZONA 1,LICEO REGIOMONTANO,9A. CALLE 2-64,22202670,CARLOS HUMBERTO GONZÁLEZ DE LEÓN,VIVIAN LIZBET MORALES GIRÓN,BASICO,PRIVADO,URBANA,CERRADA TEMPORALMENTE,MONOLINGUE,DOBLE,FIN DE SEMANA,GUATEMALA NORTE
00-01-8842-46,01-403,CIUDAD CAPITAL,ZONA 1,LICEO REGIOMONTANO,9A. CALLE 2-64,22202670,CARLOS HUMBERTO GONZÁLEZ DE LEÓN,VIVIAN LIZBET MORALES GIRÓN,DIVERSIFICADO,PRIVADO,URBANA,CERRADA TEMPORALMENTE,MONOLINGUE,DOBLE,FIN DE SEMANA,GUATEMALA NORTE
00-01-8843-45,01-01-0040,CIUDAD CAPITAL,ZONA 1,CENTRO EDUCATIVO 'MONTENEVADO',3A. AV. 10-29,48610615,AMADO SALOMON FLORES PEREZ,SILVIA MARLENI ALVARADO GUARDADO,BASICO,PRIVADO,URBANA,ABIERTA,MONOLINGUE,MATUTINA,DIARIO(REGULAR),GUATEMALA NORTE
00-01-8844-46,01-01-0040,CIUDAD CAPITAL,ZONA 1,CENTRO EDUCATIVO  MONTENEVADO,3A. AV. 10-29,48610615,AMADO SALOMON FLORES PEREZ,SILVIA MARLENI ALVARADO GUARDADO,DIVERSIFICADO,PRIVADO,URBANA,ABIERTA,MONOLINGUE,MATUTINA,DIARIO(REGULAR),GUATEMALA NORTE
00-01-8845-46,01-01-0040,CIUDAD CAPITAL,ZONA 1,CENTRO EDUCATIVO 'MONTENEVADO',3A. AV. 10-29,48610615,AMADO SALOMON FLORES PEREZ,SILVIA MARLENI ALVARADO GUARDADO,DIVERSIFICADO,PRIVADO,URBANA,ABIERTA,MONOLINGUE,VESPERTINA,DIARIO(REGULAR),GUATEMALA NORTE
00-01-8867-44,01-402,CIUDAD CAPITAL,ZONA 1,LICEO APLICADO EN COMPUTACION,2A. CALLE 6-77 ZONA 1,,CARLOS HUMBERTO GONZALEZ DE LEON,,PRIMARIA DE ADULTOS,PRIVADO,URBANA,CERRADA TEMPORALMENTE,MONOLINGUE,MATUTINA,FIN DE SEMANA,GUATEMALA NORTE
00-01-8868-46,01-402,CIUDAD CAPITAL,ZONA 1,INSTITUTO GUATEMALTECO ESPA,2A. CALLE 6-77,22206556,CARLOS HUMBERTO GONZALEZ DE LEON,,DIVERSIFICADO,PRIVADO,URBANA,TEMPORAL TITULOS,MONOLINGUE,MATUTINA,FIN DE SEMANA,GUATEMALA NORTE
00-01-8875-46,01-303,CIUDAD CAPITAL,ZONA 1,INSTITUTO Y ACADEMIA GUATEMALA COMERCIAL,4A. AVENIDA 9-65,22534814,GLORIA GABRIELA LARIOS GARCÍA,-------,DIVERSIFICADO,PRIVADO,URBANA,TEMPORAL TITULOS,MONOLINGUE,MATUTINA,DIARIO(REGULAR),GUATEMALA NORTE
00-01-8887-45,01-407,CIUDAD CAPITAL,ZONA 1,CENTRO EDUCATIVO EN COMPUTACION GENESIS,3A. AVE. 10-29,22868188,LILIAN YOLANDA RODRIGUEZ PINTO DE CASTRO,,BASICO,PRIVADO,URBANA,CERRADA DEFINITIVAMENTE,MONOLINGUE,MATUTINA,FIN DE SEMANA,GUATEMALA NORTE
00-01-8888-45,01-402,CIUDAD CAPITAL,ZONA 1,LICEO APLICADO EN COMPUTACION (POR MADUREZ),2A. CALLE 6-77,22206556 Y 2251-6346,CARLOS HUMBERTO GONZALEZ DE LEON,,BASICO,PRIVADO,URBANA,CERRADA TEMPORALMENTE,MONOLINGUE,DOBLE,FIN DE SEMANA,GUATEMALA NORTE
00-01-8889-45,01-303,CIUDAD CAPITAL,ZONA 1,INSTITUTO Y ACADEMIA GUATEMALA COMERCIAL,4A. AVENIDA 9-65,22534814 y 2238-1691,GLORIA GABRIELA LARIOS GARCÍA,,BASICO,PRIVADO,URBANA,CERRADA TEMPORALMENTE,MONOLINGUE,MATUTINA,DIARIO(REGULAR),GUATEMALA NORTE
00-01-8891-46,01-402,CIUDAD CAPITAL,ZONA 1,LICEO APLICADO EN COMPUTACION,2A.CALLE 6-77,22206556,CARLOS HUMBERTO GONZALEZ DE LEON,--------------,DIVERSIFICADO,PRIVADO,URBANA,CERRADA TEMPORALMENTE,MONOLINGUE,DOBLE,FIN DE SEMANA,GUATEMALA NORTE
00-01-8930-45,01-317,CIUDAD CAPITAL,ZONA 1,LICEO MIXTO EN COMPUTACION 'MONTELIMAR',10 AV. 11-27,22517687,MARIANO DOMINGO ESTRADA TELETOR,,BASICO,PRIVADO,URBANA,CERRADA TEMPORALMENTE,MONOLINGUE,MATUTINA,DIARIO(REGULAR),GUATEMALA NORTE
00-01-8931-46,01-317,CIUDAD CAPITAL,ZONA 1,LICEO MIXTO EN COMPUTACION  MONTELIMAR,10 AV. 11-27,22380684,MARIANO DOMINGO ESTRADA TELETOR,GUILLERMO  CASTILLO,DIVERSIFICADO,PRIVADO,URBANA,CERRADA TEMPORALMENTE,MONOLINGUE,MATUTINA,DIARIO(REGULAR),GUATEMALA NORTE
00-01-8932-46,01-317,CIUDAD CAPITAL,ZONA 1,LICEO MIXTO EN COMPUTACION 'MONTELIMAR',10 AV. 11-27,22517687,MARIANO DOMINGO ESTRADA TELETOR,,DIVERSIFICADO,PRIVADO,URBANA,CERRADA TEMPORALMENTE,MONOLINGUE,VESPERTINA,DIARIO(REGULAR),GUATEMALA NORTE
00-01-8933-45,01-317,CIUDAD CAPITAL,ZONA 1,LICEO MIXTO EN COMPUTACION 'MONTELIMAR',10 AV. 11-27,22517687,MARIANO DOMINGO ESTRADA TELETOR,,BASICO,PRIVADO,URBANA,CERRADA TEMPORALMENTE,MONOLINGUE,VESPERTINA,DIARIO(REGULAR),GUATEMALA NORTE
00-01-8934-45,01-627,CIUDAD CAPITAL,ZONA 1,LICEO MIXTO EN COMPUTACION  MONTELIMAR,10 AV. 11-27,55340848,ISAURA AMPARO RECINOS CARRILLO,GUILLERMO  CASTILLO,BASICO,PRIVADO,URBANA,CERRADA TEMPORALMENTE,MONOLINGUE,DOBLE,FIN DE SEMANA,GUATEMALA NORTE
00-01-8935-46,01-627,CIUDAD CAPITAL,ZONA 1,LICEO MIXTO EN COMPUTACION  MONTELIMAR,10 AV. 11-27,22517687,ISAURA AMPARO RECINOS CARRILLO,GUILLERMO  CASTILLO,DIVERSIFICADO,PRIVADO,URBANA,CERRADA TEMPORALMENTE,MONOLINGUE,DOBLE,FIN DE SEMANA,GUATEMALA NORTE
00-01-8936-46,01-317,CIUDAD CAPITAL,ZONA 1,LICEO MIXTO EN COMPUTACION 'MONTELIMAR',10 AV. 11-27 ZONA 1,22517687,MARIANO DOMINGO ESTRADA TELETOR,LESLY LORENA SOLARES ANZUETO,DIVERSIFICADO,PRIVADO,URBANA,CERRADA TEMPORALMENTE,MONOLINGUE,DOBLE,DIARIO(REGULAR),GUATEMALA NORTE
00-01-8937-45,01-01-0042,CIUDAD CAPITAL,ZONA 1,LICEO CANADIENSE,11 CALLE 1-53,23750055,CARLOS HUMBERTO GONZALEZ DE LEON,ADA LUCRECIA MIJANGOS TEO,BASICO,PRIVADO,URBANA,ABIERTA,MONOLINGUE,DOBLE,FIN DE SEMANA,GUATEMALA NORTE
00-01-8938-46,01-01-0042,CIUDAD CAPITAL,ZONA 1,LICEO CANADIENSE,11 CALLE 1-53,23750055,CARLOS HUMBERTO GONZALEZ DE LEON,ADA LUCRECIA MIJANGOS TEO,DIVERSIFICADO,PRIVADO,URBANA,ABIERTA,MONOLINGUE,DOBLE,FIN DE SEMANA,GUATEMALA NORTE
00-01-8968-45,01-01-0028,CIUDAD CAPITAL,ZONA 1,LICEO JUAN MANTOVANI,12 CALLE 2-45,42152989,AMADO SALOMON FLORES PEREZ,INGRID LISSETTE MARTINEZ MALDONADO,BASICO,PRIVADO,URBANA,ABIERTA,MONOLINGUE,MATUTINA,DIARIO(REGULAR),GUATEMALA NORTE
00-01-8969-46,01-01-0028,CIUDAD CAPITAL,ZONA 1,LICEO JUAN MANTOVANI,12 CALLE 2-45,42152989,AMADO SALOMON FLORES PEREZ,INGRID LISSETTE MARTINEZ MALDONADO,DIVERSIFICADO,PRIVADO,URBANA,ABIERTA,MONOLINGUE,MATUTINA,DIARIO(REGULAR),GUATEMALA NORTE
00-01-8970-45,01-403,CIUDAD CAPITAL,ZONA 1,LICEO JUAN MANTOVANI,12 CALLE 2-45,22519398,CARLOS HUMBERTO GONZÁLEZ DE LEÓN,INGRID LISSETTE MARTINEZ MALDONADO,BASICO,PRIVADO,URBANA,CERRADA TEMPORALMENTE,MONOLINGUE,MATUTINA,FIN DE SEMANA,GUATEMALA NORTE
00-01-8971-46,01-01-0041,CIUDAD CAPITAL,ZONA 1,LICEO JUAN MANTOVANI,12 CALLE 2-45,42152989,CARLOS HUMBERTO GONZALEZ DE LEON,INGRID LISSETTE MARTINEZ MALDONADO,DIVERSIFICADO,PRIVADO,URBANA,ABIERTA,MONOLINGUE,DOBLE,FIN DE SEMANA,GUATEMALA NORTE
00-01-8974-46,01-627,CIUDAD CAPITAL,ZONA 1,COLEGIO MIXTO BILINGUE EN COMPUTACION  BEHULA,7A. AVENIDA 4-35,22532477,ISAURA AMPARO RECINOS CARRILLO,JACOB JOSUÉ JUÁREZ OROZCO,DIVERSIFICADO,PRIVADO,URBANA,CERRADA TEMPORALMENTE,MONOLINGUE,DOBLE,FIN DE SEMANA,GUATEMALA NORTE
00-01-8975-44,01-627,CIUDAD CAPITAL,ZONA 1,COLEGIO SALVA TERRA,2A. AVENIDA 14-60,22534347,ISAURA AMPARO RECINOS CARRILLO,MAGDA RAQUEL RECINOS BARAHONA,PRIMARIA DE ADULTOS,PRIVADO,URBANA,CERRADA TEMPORALMENTE,MONOLINGUE,DOBLE,FIN DE SEMANA,GUATEMALA NORTE
00-01-8976-45,01-627,CIUDAD CAPITAL,ZONA 1,COLEGIO SALVA TERRA,2A. AVENIDA 14-60,22534347,ISAURA AMPARO RECINOS CARRILLO,MAGDA RAQUEL RECINOS BARAHONA,BASICO,PRIVADO,URBANA,CERRADA TEMPORALMENTE,MONOLINGUE,DOBLE,FIN DE SEMANA,GUATEMALA NORTE
00-01-8977-46,01-627,CIUDAD CAPITAL,ZONA 1,COLEGIO SALVA TERRA (POR MADUREZ),2A. AVENIDA 14-60,22534347,ISAURA AMPARO RECINOS CARRILLO,MAGDA RAQUEL RECINOS BARAHONA,DIVERSIFICADO,PRIVADO,URBANA,CERRADA TEMPORALMENTE,MONOLINGUE,DOBLE,FIN DE SEMANA,GUATEMALA NORTE
00-01-8980-45,01-312,CIUDAD CAPITAL,ZONA 1,COLEGIO INTEGRADO DE COMPUTACION 'LA ASUNCION',9A. CALLE 1-60,22539506,AMADO  SALOMON FLORES PEREZ,,BASICO,PRIVADO,URBANA,CERRADA TEMPORALMENTE,MONOLINGUE,INTERMEDIA,DIARIO(REGULAR),GUATEMALA NORTE
00-01-8981-46,01-312,CIUDAD CAPITAL,ZONA 1,COLEGIO INTEGRADO DE COMPUTACION 'LA ASUNCION',9A. CALLE 1-60,22539506,AMADO  SALOMON FLORES PEREZ,,DIVERSIFICADO,PRIVADO,URBANA,CERRADA TEMPORALMENTE,MONOLINGUE,INTERMEDIA,DIARIO(REGULAR),GUATEMALA NORTE
00-01-8982-45,01-312,CIUDAD CAPITAL,ZONA 1,COLEGIO INTEGRADO DE COMPUTACION 'LA ASUNCION',9A. CALLE 1-60,22539506,AMADO  SALOMON FLORES PEREZ,,BASICO,PRIVADO,URBANA,CERRADA TEMPORALMENTE,MONOLINGUE,DOBLE,FIN DE SEMANA,GUATEMALA NORTE
00-01-8983-46,01-403,CIUDAD CAPITAL,ZONA 1,COLEGIO INTEGRADO DE COMPUTACION 'LA ASUNCION',9A. CALLE 1-60,22539506,CARLOS HUMBERTO GONZÁLEZ DE LEÓN,,DIVERSIFICADO,PRIVADO,URBANA,CERRADA TEMPORALMENTE,MONOLINGUE,DOBLE,FIN DE SEMANA,GUATEMALA NORTE
00-01-8984-46,01-403,CIUDAD CAPITAL,ZONA 1,INSTITUTO  RAFAEL LANDIVAR,8A. CALLE 2-46,22516035,CARLOS HUMBERTO GONZÁLEZ DE LEÓN,ARMANDO RODERICO SOSA ESTRADA,DIVERSIFICADO,PRIVADO,URBANA,CERRADA TEMPORALMENTE,MONOLINGUE,DOBLE,FIN DE SEMANA,GUATEMALA NORTE
00-01-8986-45,01-403,CIUDAD CAPITAL,ZONA 1,CENTRO TECNOLOGICO DE COMPUTACION LA MERCED,5A. CALLE 10-22,22325857,CARLOS HUMBERTO GONZÁLEZ DE LEÓN,MARÍA ROMELIA CARRERA ALVIZURES,BASICO,PRIVADO,URBANA,CERRADA TEMPORALMENTE,MONOLINGUE,DOBLE,FIN DE SEMANA,GUATEMALA NORTE
00-01-8996-42,01-312,CIUDAD CAPITAL,ZONA 1,COLEGIO ACTIVO BILINGUE,3A. AVENIDA 11-53,22302106,AMADO  SALOMON FLORES PEREZ,,PARVULOS,PRIVADO,URBANA,CERRADA TEMPORALMENTE,MONOLINGUE,MATUTINA,DIARIO(REGULAR),GUATEMALA NORTE
00-01-8997-43,01-01-0028,CIUDAD CAPITAL,ZONA 1,COLEGIO ACTIVO BILINGUE,3A. AVENIDA 11-53,22200166,AMADO SALOMON FLORES PEREZ,CARLOS ENRIQUE REYNOSO ALVARADO,PRIMARIA,PRIVADO,URBANA,ABIERTA,MONOLINGUE,MATUTINA,DIARIO(REGULAR),GUATEMALA NORTE
00-01-8998-45,01-01-0028,CIUDAD CAPITAL,ZONA 1,COLEGIO ACTIVO BILINGUE,3A. AVENIDA 11-53,22380831,AMADO SALOMON FLORES PEREZ,LILIANA MARÍA CRUZ ARMIJO,BASICO,PRIVADO,URBANA,ABIERTA,MONOLINGUE,MATUTINA,DIARIO(REGULAR),GUATEMALA NORTE
00-01-8999-46,01-312,CIUDAD CAPITAL,ZONA 1,COLEGIO ACTIVO BILINGUE,3A. AVENIDA 11-53,22380831,AMADO  SALOMON FLORES PEREZ,LILIANA MARÍA CRUZ ARMIJO,DIVERSIFICADO,PRIVADO,URBANA,CERRADA TEMPORALMENTE,MONOLINGUE,MATUTINA,DIARIO(REGULAR),GUATEMALA NORTE
00-01-9000-42,01-01-0028,CIUDAD CAPITAL,ZONA 1,COLEGIO 'EL ROSARIO',15 CALLE 'A' 2-46,22535560,AMADO SALOMON FLORES PEREZ,ANA IRENE ILLESCAS MEDRANO,PARVULOS,PRIVADO,URBANA,ABIERTA,MONOLINGUE,MATUTINA,DIARIO(REGULAR),GUATEMALA NORTE
00-01-9001-43,01-01-0028,CIUDAD CAPITAL,ZONA 1,COLEGIO 'EL ROSARIO',15 CALLE 'A' 2-46,22535560,AMADO SALOMON FLORES PEREZ,CRISTOBALINA DELIA MEDRANO DEL CID,PRIMARIA,PRIVADO,URBANA,ABIERTA,MONOLINGUE,MATUTINA,DIARIO(REGULAR),GUATEMALA NORTE
00-01-9019-43,01-01-0031,CIUDAD CAPITAL,ZONA 1,"COLEGIO PROMESA DE VIDA, PROVIDA",3A. CALLE  7-64,22384261,LUDIBEL AMARILIS GALICIA DE FLORES,ROSA ANABELA RABAY VICENTE,PRIMARIA,PRIVADO,URBANA,ABIERTA,MONOLINGUE,MATUTINA,DIARIO(REGULAR),GUATEMALA NORTE
00-01-9020-45,01-01-0026,CIUDAD CAPITAL,ZONA 1,INSTITUTO TECNOLOGICO DIGITALES COMERCIALES II,3A. CALLE  A  0-14,22322306,LUDIBEL AMARILIS GALICIA DE FLORES,DULCIRIA DE MARÍA MONROY SANDOVAL,BASICO,PRIVADO,URBANA,ABIERTA,MONOLINGUE,MATUTINA,DIARIO(REGULAR),GUATEMALA NORTE
00-01-9021-46,01-01-0030,CIUDAD CAPITAL,ZONA 1,INSTITUTO TECNOLOGICO DIGITALES COMERCIALES II,12AV. 13-25,22322306,NORMA ARACELY PALOMO FRANCO DE DÍAZ,DULCIRIA DE MARÍA MONROY SANDOVAL,DIVERSIFICADO,PRIVADO,URBANA,ABIERTA,MONOLINGUE,MATUTINA,DIARIO(REGULAR),GUATEMALA NORTE
00-01-9026-45,01-01-0037,CIUDAD CAPITAL,ZONA 1,LICEO TECNOLOGICO MAYA DE GUATEMALA II,5A. AVENIDA 3-55,22327022,CARLOS HUMBERTO GONZALEZ DE LEON,FREDY AMILCAR CRUZ,BASICO,PRIVADO,URBANA,ABIERTA,MONOLINGUE,DOBLE,FIN DE SEMANA,GUATEMALA NORTE
00-01-9027-46,01-403,CIUDAD CAPITAL,ZONA 1,LICEO TECNOLOGICO METROPOLITANO DE GUATEMALA,5A. AVENIDA 3-55,22327022,CARLOS HUMBERTO GONZÁLEZ DE LEÓN,FREDY AMILCAR CRUZ,DIVERSIFICADO,PRIVADO,URBANA,CERRADA TEMPORALMENTE,MONOLINGUE,DOBLE,FIN DE SEMANA,GUATEMALA NORTE
00-01-9035-46,01-01-0044,CIUDAD CAPITAL,ZONA 1,LICEO DE COMPUTACION SIGLO 21,12. AV. 13-67,25087494,MARIANO DOMINGO ESTRADA TELETOR,JESÚS EDUARDO ARGUETA ESCOBEDO,DIVERSIFICADO,PRIVADO,URBANA,ABIERTA,MONOLINGUE,MATUTINA,DIARIO(REGULAR),GUATEMALA NORTE
00-01-9036-45,01-403,CIUDAD CAPITAL,ZONA 1,LICEO DE COMPUTACION SIGLO 21,12 AVENIDA. 13-67,22513852,CARLOS HUMBERTO GONZÁLEZ DE LEÓN,JESÚS EDUARDO ARGUETA ESCOBEDO,BASICO,PRIVADO,URBANA,CERRADA TEMPORALMENTE,MONOLINGUE,MATUTINA,FIN DE SEMANA,GUATEMALA NORTE
00-01-9037-46,01-403,CIUDAD CAPITAL,ZONA 1,LICEO DE COMPUTACION SIGLO 21,12  AVENIDA. 13-67,22513852,CARLOS HUMBERTO GONZÁLEZ DE LEÓN,JESÚS EDUARDO ARGUETA ESCOBEDO,DIVERSIFICADO,PRIVADO,URBANA,CERRADA TEMPORALMENTE,MONOLINGUE,MATUTINA,FIN DE SEMANA,GUATEMALA NORTE
00-01-9042-45,01-627,CIUDAD CAPITAL,ZONA 1,COLEGIO MIXTO BILINGUE EN COMPUTACION BEHULA,7A. AVENIDA 4-35,22532477,ISAURA AMPARO RECINOS CARRILLO,JACOB JOSUÉ JUÁREZ OROZCO,BASICO,PRIVADO,URBANA,CERRADA TEMPORALMENTE,MONOLINGUE,DOBLE,FIN DE SEMANA,GUATEMALA NORTE
00-01-9044-44,01-01-0039,CIUDAD CAPITAL,ZONA 1,INSTITUTO TECNOLOGICO DIGITALES COMERCIALES NO.2,12 AVENIDA 13-25,22322306,CARLOS HUMBERTO GONZALEZ DE LEON,DULCIRIA DE MARÍA MONROY SANDOVAL,PRIMARIA DE ADULTOS,PRIVADO,URBANA,ABIERTA,MONOLINGUE,MATUTINA,FIN DE SEMANA,GUATEMALA NORTE
00-01-9045-46,01-01-0039,CIUDAD CAPITAL,ZONA 1,INSTITUTO TECNOLOGICO DIGITALES COMERCIALES II,12 AVENIDA 13-25,55947297,CARLOS HUMBERTO GONZALEZ DE LEON,EVELYN NOELIA MANZO SALAZAR,DIVERSIFICADO,PRIVADO,URBANA,ABIERTA,MONOLINGUE,DOBLE,FIN DE SEMANA,GUATEMALA NORTE
00-01-9046-45,01-01-0039,CIUDAD CAPITAL,ZONA 1,INSTITUTO TECNOLOGICO DIGITALES COMERCIALES NO.2,12 AVENIDA 13-25,22322306,CARLOS HUMBERTO GONZALEZ DE LEON,DULCIRIA DE MARÍA MONROY SANDOVAL,BASICO,PRIVADO,URBANA,ABIERTA,MONOLINGUE,DOBLE,FIN DE SEMANA,GUATEMALA NORTE
00-01-9047-46,01-01-0039,CIUDAD CAPITAL,ZONA 1,INSTITUTO TECNOLOGICO DIGITALES COMERCIALES II,12 AVENIDA 13-25,22322306,CARLOS HUMBERTO GONZALEZ DE LEON,DULCIRIA DE MARÍA MONROY SANDOVAL,DIVERSIFICADO,PRIVADO,URBANA,ABIERTA,MONOLINGUE,DOBLE,FIN DE SEMANA,GUATEMALA NORTE
00-01-9050-45,01-627,CIUDAD CAPITAL,ZONA 1,COLEGIO SALVA TERRA,2A. AV. 14-60,22534347,ISAURA AMPARO RECINOS CARRILLO,MAGDA RAQUEL RECINOS BARAHONA,BASICO,PRIVADO,URBANA,CERRADA TEMPORALMENTE,MONOLINGUE,DOBLE,FIN DE SEMANA,GUATEMALA NORTE
00-01-9057-46,01-305,CIUDAD CAPITAL,ZONA 1,COLEGIO TECNICO COMERCIAL  NAHUALA,3A. AVENIDA 13-23,22329664,CELESTINA  ARLETTY HERNÁNDEZ AGUILAR,,DIVERSIFICADO,PRIVADO,URBANA,CERRADA TEMPORALMENTE,MONOLINGUE,MATUTINA,DIARIO(REGULAR),GUATEMALA NORTE
00-01-9069-45,01-403,CIUDAD CAPITAL,ZONA 1,LICEO MIXTO CIENCIAS SECRETARIALES,4A. AVENIDA 4-12,22380855,CARLOS HUMBERTO GONZÁLEZ DE LEÓN,,BASICO,PRIVADO,URBANA,CERRADA DEFINITIVAMENTE,MONOLINGUE,DOBLE,FIN DE SEMANA,GUATEMALA NORTE
00-01-9070-46,01-403,CIUDAD CAPITAL,ZONA 1,LICEO MIXTO CIENCIAS SECRETARIALES,4A. AVENIDA 4-12,22380855,CARLOS HUMBERTO GONZÁLEZ DE LEÓN,,DIVERSIFICADO,PRIVADO,URBANA,CERRADA DEFINITIVAMENTE,MONOLINGUE,DOBLE,FIN DE SEMANA,GUATEMALA NORTE
00-01-9077-46,01-316,CIUDAD CAPITAL,ZONA 1,COLEGIO  SANTA MARGARITA,8A. CALLE 0-41 ZONA 1,25160342,LILIAN YOLANDA RODRIGUEZ PINTO DE CASTRO,,DIVERSIFICADO,PRIVADO,URBANA,CERRADA TEMPORALMENTE,MONOLINGUE,VESPERTINA,DIARIO(REGULAR),GUATEMALA NORTE
00-01-9082-43,01-01-0028,CIUDAD CAPITAL,ZONA 1,CENTRO BILINGUE DE DESARROLLO TOTAL  ZENITH,13 CALLE 0-07,50030076,AMADO SALOMON FLORES PEREZ,ELIZABETH DEL CARMEN FLORES PINEDA,PRIMARIA,PRIVADO,URBANA,ABIERTA,MONOLINGUE,MATUTINA,DIARIO(REGULAR),GUATEMALA NORTE
00-01-9087-45,01-403,CIUDAD CAPITAL,ZONA 1,LICEO MIXTO EN COMPUTACION IXCHEL,5A. AVENIDA 3-79,23164224,CARLOS HUMBERTO GONZÁLEZ DE LEÓN,HECTOR ARNULFO CASTELLANOS,BASICO,PRIVADO,URBANA,CERRADA TEMPORALMENTE,MONOLINGUE,DOBLE,FIN DE SEMANA,GUATEMALA NORTE
00-01-9088-46,01-403,CIUDAD CAPITAL,ZONA 1,LICEO MIXTO EN COMPUTACION IXCHEL,5A. AVENIDA 3-79,23164224,CARLOS HUMBERTO GONZÁLEZ DE LEÓN,HECTOR ARNULFO CASTELLANOS,DIVERSIFICADO,PRIVADO,URBANA,CERRADA TEMPORALMENTE,MONOLINGUE,DOBLE,FIN DE SEMANA,GUATEMALA NORTE
00-01-9114-45,01-01-0037,CIUDAD CAPITAL,ZONA 1,CENTRO EDUCATIVO MIXTO MONTENEVADO (POR MADUREZ),3A. AVENIDA 10-29,22381293,CARLOS HUMBERTO GONZALEZ DE LEON,SILVIA MARLENI ALVARADO GUARDADO,BASICO,PRIVADO,URBANA,ABIERTA,MONOLINGUE,DOBLE,FIN DE SEMANA,GUATEMALA NORTE
00-01-9115-44,01-01-0037,CIUDAD CAPITAL,ZONA 1,CENTRO EDUCATIVO MIXTO MONTENEVADO,3A. AVENIDA 10-29,48610615,CARLOS HUMBERTO GONZALEZ DE LEON,SILVIA MARLENI ALVARADO GUARDADO,PRIMARIA DE ADULTOS,PRIVADO,URBANA,ABIERTA,MONOLINGUE,DOBLE,FIN DE SEMANA,GUATEMALA NORTE
00-01-9116-46,01-01-0037,CIUDAD CAPITAL,ZONA 1,CENTRO EDUCATIVO MIXTO MONTENEVADO,3A. AVENIDA 10-29,48610615,CARLOS HUMBERTO GONZALEZ DE LEON,SILVIA MARLENI ALVARADO GUARDADO,DIVERSIFICADO,PRIVADO,URBANA,ABIERTA,MONOLINGUE,DOBLE,FIN DE SEMANA,GUATEMALA NORTE
00-01-9117-45,01-403,CIUDAD CAPITAL,ZONA 1,CENTRO DE ESTUDIOS COMERCIALES EN INFORMATICA,12 CALLE 10-37,22501016,CARLOS HUMBERTO GONZÁLEZ DE LEÓN,,BASICO,PRIVADO,URBANA,CERRADA TEMPORALMENTE,MONOLINGUE,DOBLE,FIN DE SEMANA,GUATEMALA NORTE
00-01-9121-42,01-308,CIUDAD CAPITAL,ZONA 1,COLEGIO PREESCOLAR 'RENATO ROSSI',7A. AVENIDA 2-62,22510843,JORGE MYNOR SOL HERNÁNDEZ,,PARVULOS,PRIVADO,URBANA,CERRADA DEFINITIVAMENTE,MONOLINGUE,MATUTINA,DIARIO(REGULAR),GUATEMALA NORTE
00-01-9122-43,01-308,CIUDAD CAPITAL,ZONA 1,COLEGIO PREESCOLAR 'RENATO ROSSI',7A. AVENIDA 2-62,22510843,JORGE MYNOR SOL HERNÁNDEZ,,PRIMARIA,PRIVADO,URBANA,CERRADA TEMPORALMENTE,MONOLINGUE,MATUTINA,DIARIO(REGULAR),GUATEMALA NORTE
00-01-9141-42,01-307,CIUDAD CAPITAL,ZONA 1,COLEGIO INFANTES DE MARIA,18 CALLE 0-13,22512839,NORMA ARACELY PALOMO FRANCO DE DIAZ,,PARVULOS,PRIVADO,URBANA,CERRADA TEMPORALMENTE,MONOLINGUE,MATUTINA,DIARIO(REGULAR),GUATEMALA NORTE
00-01-9142-43,01-307,CIUDAD CAPITAL,ZONA 1,COLEGIO INFANTES DE MARIA,18 CALLE 0-13,22512839,NORMA ARACELY PALOMO FRANCO DE DIAZ,,PRIMARIA,PRIVADO,URBANA,CERRADA TEMPORALMENTE,MONOLINGUE,MATUTINA,DIARIO(REGULAR),GUATEMALA NORTE
00-01-9143-45,01-307,CIUDAD CAPITAL,ZONA 1,COLEGIO INFANTES DE MARIA,18 CALLE 0-13,22512839,NORMA ARACELY PALOMO FRANCO DE DIAZ,,BASICO,PRIVADO,URBANA,CERRADA TEMPORALMENTE,MONOLINGUE,MATUTINA,DIARIO(REGULAR),GUATEMALA NORTE
00-01-9155-42,27-003,CIUDAD CAPITAL,ZONA 1,PROGRAMA HOGARES COMUNITARIOS (SOSEP),6A. AV. 4-54 ZONA 1,22325802,LESVIA AMPARO VELASQUEZ GOMEZ,,PARVULOS,OFICIAL,URBANA,CERRADA DEFINITIVAMENTE,MONOLINGUE,DOBLE,DIARIO(REGULAR),GUATEMALA NORTE
00-01-9167-45,01-01-0026,CIUDAD CAPITAL,ZONA 1,COLEGIO TECNICO INDUSTRIAL LUIS CARDOZA Y ARAGON,5A. CALLE 1-36,30117987,LUDIBEL AMARILIS GALICIA DE FLORES,AURA ELICIA CARTAGENA MONROY,BASICO,PRIVADO,URBANA,ABIERTA,MONOLINGUE,MATUTINA,DIARIO(REGULAR),GUATEMALA NORTE
00-01-9168-46,01-01-0026,CIUDAD CAPITAL,ZONA 1,COLEGIO TECNICO INDUSTRIAL LUIS CARDOZA Y ARAGON,5A. CALLE 1-36,22323410,LUDIBEL AMARILIS GALICIA DE FLORES,AURA ELICIA CARTAGENA MONROY,DIVERSIFICADO,PRIVADO,URBANA,ABIERTA,MONOLINGUE,DOBLE,DIARIO(REGULAR),GUATEMALA NORTE
00-01-9169-45,01-01-0033,CIUDAD CAPITAL,ZONA 1,COLEGIO  VALVERDE,5A. CALLE 5-14,22093200,CARLOS HUMBERTO GONZALEZ DE LEON,LESLIE ROCKSANDA CHONG VARELA,BASICO,PRIVADO,URBANA,ABIERTA,MONOLINGUE,DOBLE,FIN DE SEMANA,GUATEMALA NORTE
00-01-9170-46,01-01-0033,CIUDAD CAPITAL,ZONA 1,COLEGIO  VALVERDE,5A. CALLE 5-14,22093200,CARLOS HUMBERTO GONZALEZ DE LEON,LESLIE ROCKSANDA CHONG VARELA,DIVERSIFICADO,PRIVADO,URBANA,ABIERTA,MONOLINGUE,DOBLE,FIN DE SEMANA,GUATEMALA NORTE
00-01-9172-46,01-01-0040,CIUDAD CAPITAL,ZONA 1,COLEGIO VALVERDE,5A. CALLE 5-14,22093200,AMADO SALOMON FLORES PEREZ,LESLIE ROCKSANDA CHONG VARELA,DIVERSIFICADO,PRIVADO,URBANA,ABIERTA,MONOLINGUE,MATUTINA,DIARIO(REGULAR),GUATEMALA NORTE
00-01-9173-46,01-01-0040,CIUDAD CAPITAL,ZONA 1,COLEGIO  VALVERDE,5TA. CALLE 5-14,22093200,AMADO SALOMON FLORES PEREZ,LESLIE ROCKSANDA CHONG VARELA,DIVERSIFICADO,PRIVADO,URBANA,ABIERTA,MONOLINGUE,DOBLE,DIARIO(REGULAR),GUATEMALA NORTE
00-01-9175-42,01-01-0040,CIUDAD CAPITAL,ZONA 1,COLEGIO CATOLICO SAN LUCAS,14 CALLE 6-82,22302011,AMADO SALOMON FLORES PEREZ,ILEANNA JANETTE ROCA RUANO,PARVULOS,PRIVADO,URBANA,ABIERTA,MONOLINGUE,MATUTINA,DIARIO(REGULAR),GUATEMALA NORTE
00-01-9176-43,01-01-0040,CIUDAD CAPITAL,ZONA 1,COLEGIO CATOLICO SAN LUCAS,14 CALLE 6-82,22302011,AMADO SALOMON FLORES PEREZ,MARÍA OLGA MENDIZÁBAL ARRIOLA,PRIMARIA,PRIVADO,URBANA,ABIERTA,MONOLINGUE,MATUTINA,DIARIO(REGULAR),GUATEMALA NORTE
00-01-9178-45,01-01-0048,CIUDAD CAPITAL,ZONA 1,LICEO EN COMPUTACION 'DE LA ROCA',9A. CALLE 3-19,22537837,AMADO SALOMON FLORES PEREZ,,BASICO,PRIVADO,URBANA,ABIERTA,MONOLINGUE,MATUTINA,DIARIO(REGULAR),GUATEMALA NORTE
00-01-9179-46,01-01-0048,CIUDAD CAPITAL,ZONA 1,LICEO EN COMPUTACION 'DE LA ROCA',9A. CALLE 3-19,22537837,AMADO SALOMON FLORES PEREZ,,DIVERSIFICADO,PRIVADO,URBANA,ABIERTA,MONOLINGUE,MATUTINA,DIARIO(REGULAR),GUATEMALA NORTE
00-01-9180-43,01-01-0026,CIUDAD CAPITAL,ZONA 1,COLEGIO INTEGRAL EDUCAR (C.I.E),3A. CALLE 2-20,22516809,LUDIBEL AMARILIS GALICIA DE FLORES,ZILDA EMILENE AGUILAR ALFARO,PRIMARIA,PRIVADO,URBANA,ABIERTA,MONOLINGUE,DOBLE,DIARIO(REGULAR),GUATEMALA NORTE
00-01-9181-42,01-01-0035,CIUDAD CAPITAL,ZONA 1,EODP NO.4 DOMINGO FAUSTINO SARMIENTO,15 AVENIDA 3-30,55159337,NORMA ARACELY PALOMO FRANCO DE DÍAZ,AMELIA JUDITH YANES PEÑA,PARVULOS,OFICIAL,URBANA,ABIERTA,MONOLINGUE,MATUTINA,DIARIO(REGULAR),GUATEMALA NORTE
00-01-9186-45,01-01-0042,CIUDAD CAPITAL,ZONA 1,LICEO PROFESIONAL DE INFORMATICA Y TECNOLOGIA,9A. CALLE 0-39,52331784,CARLOS HUMBERTO GONZALEZ DE LEON,MANUEL DE JESÚS JUÁREZ GARCÍA,BASICO,PRIVADO,URBANA,ABIERTA,MONOLINGUE,DOBLE,FIN DE SEMANA,GUATEMALA NORTE
00-01-9187-46,01-01-0042,CIUDAD CAPITAL,ZONA 1,LICEO PROFESIONAL DE INFORMATICA Y TECNOLOGIA,9A. CALLE 0-39,52331784,CARLOS HUMBERTO GONZALEZ DE LEON,MANUEL DE JESÚS JUÁREZ GARCÍA,DIVERSIFICADO,PRIVADO,URBANA,ABIERTA,MONOLINGUE,DOBLE,FIN DE SEMANA,GUATEMALA NORTE
00-01-9190-45,01-01-0048,CIUDAD CAPITAL,ZONA 1,COLEGIO  WINBRIDGE,9A. CALLE 2-37,22146400,AMADO SALOMON FLORES PEREZ,MILDRED MARIELA MÉNDEZ LORENZANA,BASICO,PRIVADO,URBANA,ABIERTA,MONOLINGUE,MATUTINA,DIARIO(REGULAR),GUATEMALA NORTE
00-01-9191-45,01-627,CIUDAD CAPITAL,ZONA 1,LICEO MIXTO EN COMPUTACION  MONTELIMAR,10 AV. 11-27,22517687,ISAURA AMPARO RECINOS CARRILLO,GUILLERMO  CASTILLO,BASICO,PRIVADO,URBANA,CERRADA TEMPORALMENTE,MONOLINGUE,MATUTINA,FIN DE SEMANA,GUATEMALA NORTE
00-01-9192-46,01-627,CIUDAD CAPITAL,ZONA 1,LICEO MIXTO EN COMPUTACION  MONTELIMAR,10 AVENIDA 11-27,22517687,ISAURA AMPARO RECINOS CARRILLO,LESLY LORENA SOLARES ANZUETO,DIVERSIFICADO,PRIVADO,URBANA,CERRADA TEMPORALMENTE,MONOLINGUE,DOBLE,FIN DE SEMANA,GUATEMALA NORTE
00-01-9194-45,01-307,CIUDAD CAPITAL,ZONA 1,LICEO EN COMPUTACION 'DEL VALLE',10 AV. 10-72,22201783,NORMA ARACELY PALOMO FRANCO DE DIAZ,,BASICO,PRIVADO,URBANA,CERRADA TEMPORALMENTE,MONOLINGUE,MATUTINA,DIARIO(REGULAR),GUATEMALA NORTE
00-01-9195-46,01-307,CIUDAD CAPITAL,ZONA 1,LICEO EN COMPUTACION DEL VALLE,10 AV. 10-72,22201783,NORMA ARACELY PALOMO FRANCO DE DIAZ,,DIVERSIFICADO,PRIVADO,URBANA,TEMPORAL TITULOS,MONOLINGUE,MATUTINA,DIARIO(REGULAR),GUATEMALA NORTE
00-01-9196-45,01-403,CIUDAD CAPITAL,ZONA 1,LICEO EN COMPUTACION 'DEL VALLE',1O AV. 10-72,22201783,CARLOS HUMBERTO GONZÁLEZ DE LEÓN,,BASICO,PRIVADO,URBANA,CERRADA TEMPORALMENTE,MONOLINGUE,DOBLE,FIN DE SEMANA,GUATEMALA NORTE
00-01-9197-46,01-401,CIUDAD CAPITAL,ZONA 1,LICEO EN COMPUTACION 'DEL VALLE',10 AV. 10-72,22201783,IXMUCANE ALDANA VILLAVICENCIO,,DIVERSIFICADO,PRIVADO,URBANA,TEMPORAL TITULOS,MONOLINGUE,DOBLE,FIN DE SEMANA,GUATEMALA NORTE
00-01-9198-46,01-401,CIUDAD CAPITAL,ZONA 1,LICEO EN COMPUTACION 'DEL VALLE',10 AV. 10-72,22201783,IXMUCANE ALDANA VILLAVICENCIO,,DIVERSIFICADO,PRIVADO,URBANA,TEMPORAL TITULOS,MONOLINGUE,DOBLE,FIN DE SEMANA,GUATEMALA NORTE
00-01-9207-46,01-407,CIUDAD CAPITAL,ZONA 1,CENTRO EDUCATIVO EN COMPUTACION 'GENESIS',3A. AVENIDA 10-29,"2868188, 2069210",LILIAN YOLANDA RODRIGUEZ PINTO DE CASTRO,,DIVERSIFICADO,PRIVADO,URBANA,CERRADA DEFINITIVAMENTE,MONOLINGUE,MATUTINA,FIN DE SEMANA,GUATEMALA NORTE
00-01-9208-46,01-01-0030,CIUDAD CAPITAL,ZONA 1,LICEO DE INFORMATICA Y CIENCIAS COMERCIALES,4A. AVENIDA 17-55,22321726,NORMA ARACELY PALOMO FRANCO DE DÍAZ,FRANCISCO GUSTAVO GUEVARA PARADA,DIVERSIFICADO,PRIVADO,URBANA,CERRADA TEMPORALMENTE,MONOLINGUE,MATUTINA,DIARIO(REGULAR),GUATEMALA NORTE
00-01-9221-45,01-403,CIUDAD CAPITAL,ZONA 1,COLEGIO MIXTO EN COMPUTACION IMANOL,9A. CALLE 3-19,22201030,CARLOS HUMBERTO GONZÁLEZ DE LEÓN,SONIA HAYDÉE REYES MONTERROSO,BASICO,PRIVADO,URBANA,CERRADA TEMPORALMENTE,MONOLINGUE,DOBLE,FIN DE SEMANA,GUATEMALA NORTE
00-01-9222-45,01-01-0037,CIUDAD CAPITAL,ZONA 1,CENTRO EDUCATIVO MIXTO MONTENEVADO,3ERA. AV. 10-29,48610615,CARLOS HUMBERTO GONZALEZ DE LEON,SILVIA MARLENI ALVARADO GUARDADO,BASICO,PRIVADO,URBANA,ABIERTA,MONOLINGUE,DOBLE,FIN DE SEMANA,GUATEMALA NORTE
00-01-9223-46,01-403,CIUDAD CAPITAL,ZONA 1,COLEGIO MIXTO EN COMPUTACION IMANOL,10AV. 1-22,22201030,CARLOS HUMBERTO GONZÁLEZ DE LEÓN,SONIA HAYDÉE REYES MONTERROSO,DIVERSIFICADO,PRIVADO,URBANA,CERRADA TEMPORALMENTE,MONOLINGUE,DOBLE,FIN DE SEMANA,GUATEMALA NORTE
00-01-9229-46,01-316,CIUDAD CAPITAL,ZONA 1,COLEGIO DE COMPUTACION Y SISTEMAS ELECTRONICOS,9A. AVENIDA 12-73,22510252,LILIAN YOLANDA RODRIGUEZ PINTO DE CASTRO,,DIVERSIFICADO,PRIVADO,URBANA,CERRADA TEMPORALMENTE,MONOLINGUE,VESPERTINA,DIARIO(REGULAR),GUATEMALA NORTE
00-01-9232-42,01-312,CIUDAD CAPITAL,ZONA 1,COLEGIO EUROPEO,11 CALLE N. 3-38,22325512,AMADO  SALOMON FLORES PEREZ,,PARVULOS,PRIVADO,URBANA,CERRADA TEMPORALMENTE,MONOLINGUE,MATUTINA,DIARIO(REGULAR),GUATEMALA NORTE
00-01-9233-43,01-01-0028,CIUDAD CAPITAL,ZONA 1,COLEGIO EUROPEO,11 CALLE N. 3-38,22325512,AMADO SALOMON FLORES PEREZ,,PRIMARIA,PRIVADO,URBANA,CERRADA TEMPORALMENTE,MONOLINGUE,MATUTINA,DIARIO(REGULAR),GUATEMALA NORTE
00-01-9249-45,01-01-0031,CIUDAD CAPITAL,ZONA 1,LICEO SAN FRANCISCO DE BORJA,8A. AV. 3-50,22533791,LUDIBEL AMARILIS GALICIA DE FLORES,RUTH CRISTINA ARRAZOLA CUYUN,BASICO,PRIVADO,URBANA,ABIERTA,MONOLINGUE,MATUTINA,DIARIO(REGULAR),GUATEMALA NORTE
00-01-9251-46,01-01-0031,CIUDAD CAPITAL,ZONA 1,LICEO SAN FRANCISCO DE BORJA,8A. AV. 3-50,22533791,LUDIBEL AMARILIS GALICIA DE FLORES,RUTH CRISTINA ARRAZOLA CUYUN,DIVERSIFICADO,PRIVADO,URBANA,ABIERTA,MONOLINGUE,MATUTINA,DIARIO(REGULAR),GUATEMALA NORTE
00-01-9258-46,01-403,CIUDAD CAPITAL,ZONA 1,CENTRO TECNOLOGICO DE COMPUTACION LA MERCED,5A. CALLE 10-22,22325857,CARLOS HUMBERTO GONZÁLEZ DE LEÓN,MARÍA ROMELIA CARRERA ALVIZURES,DIVERSIFICADO,PRIVADO,URBANA,CERRADA DEFINITIVAMENTE,MONOLINGUE,DOBLE,FIN DE SEMANA,GUATEMALA NORTE
00-01-9279-42,01-01-0044,CIUDAD CAPITAL,ZONA 1,ESCUELA MIXTA DE EDUCACION PREPRIMARIA Y PRIMARIA DE LA POLICIA NACIONAL CIVIL,6A. AVENIDA 13-71,57534967,MARIANO DOMINGO ESTRADA TELETOR,DAICY LISETH CASTILLO JIMÉNEZ,PARVULOS,OFICIAL,URBANA,ABIERTA,MONOLINGUE,MATUTINA,DIARIO(REGULAR),GUATEMALA NORTE
00-01-9280-43,01-01-0044,CIUDAD CAPITAL,ZONA 1,ESCUELA MIXTA DE EDUCACION PREPRIMARIA Y PRIMARIA DE LA POLICIA NACIONAL CIVIL,6A. AVENIDA 13-71,57534967,MARIANO DOMINGO ESTRADA TELETOR,DAICY LISETH CASTILLO JIMÉNEZ,PRIMARIA,OFICIAL,URBANA,ABIERTA,MONOLINGUE,MATUTINA,DIARIO(REGULAR),GUATEMALA NORTE
00-01-9288-45,01-303,CIUDAD CAPITAL,ZONA 1,INSTITUTO TECNOLOGICO DE INVESTIGACION AVANZADA,6A. CALLE 2-17 ZONA 1,22382256,GLORIA GABRIELA LARIOS GARCÍA,,BASICO,PRIVADO,URBANA,CERRADA TEMPORALMENTE,MONOLINGUE,MATUTINA,DIARIO(REGULAR),GUATEMALA NORTE
00-01-9289-46,01-204,CIUDAD CAPITAL,ZONA 1,INSTITUTO TECNOLOGICO DE INVESTIGACION AVANZADA,6A. CALLE 2-12 ZONA 1,22382256,ALFREDO NOHELI TEMAJ MORALES,,DIVERSIFICADO,PRIVADO,URBANA,CERRADA TEMPORALMENTE,MONOLINGUE,DOBLE,DIARIO(REGULAR),GUATEMALA NORTE
00-01-9290-45,01-402,CIUDAD CAPITAL,ZONA 1,INSTITUO TECNOLOGICO DE INVESTIGACION AVANZADA,6A. CALLE 2-12 ZONA 1,22382256,CARLOS HUMBERTO GONZALEZ DE LEON,,BASICO,PRIVADO,URBANA,CERRADA TEMPORALMENTE,MONOLINGUE,DOBLE,FIN DE SEMANA,GUATEMALA NORTE
00-01-9291-46,01-402,CIUDAD CAPITAL,ZONA 1,INSTITUTO TECNOLOGICO DE INVESTIGACION AVANZADA,6A. CALLE 2-17 ZONA 1,22382256,CARLOS HUMBERTO GONZALEZ DE LEON,,DIVERSIFICADO,PRIVADO,URBANA,CERRADA TEMPORALMENTE,MONOLINGUE,DOBLE,FIN DE SEMANA,GUATEMALA NORTE
00-01-9292-43,01-01-0048,CIUDAD CAPITAL,ZONA 1,CENTRO DE ESTUDIOS WINBRIDGE,8A. CALLE 2-40,22324201,AMADO SALOMON FLORES PEREZ,JESÚS ISABEL ALVAREZ GARCÍA,PRIMARIA,PRIVADO,URBANA,ABIERTA,MONOLINGUE,MATUTINA,DIARIO(REGULAR),GUATEMALA NORTE
00-01-9307-43,01-307,CIUDAD CAPITAL,ZONA 1,CENTRO EDUCATIVO FUTURISTA,13 AVENIDA 4-60,78429850,NORMA ARACELY PALOMO FRANCO DE DIAZ,GLENDA GABRIELA GONZALEZ,PRIMARIA,PRIVADO,URBANA,CERRADA DEFINITIVAMENTE,MONOLINGUE,MATUTINA,DIARIO(REGULAR),GUATEMALA NORTE
00-01-9308-43,01-307,CIUDAD CAPITAL,ZONA 1,CENTRO EDUCATIVO FUTURISTA,13 AVENIDA 4-60,78429850,NORMA ARACELY PALOMO FRANCO DE DIAZ,,PRIMARIA,PRIVADO,URBANA,CERRADA DEFINITIVAMENTE,MONOLINGUE,VESPERTINA,DIARIO(REGULAR),GUATEMALA NORTE
00-01-9309-45,01-307,CIUDAD CAPITAL,ZONA 1,CENTRO EDUCATIVO FUTURISTA,13 AVENIDA 4-60,78429850,NORMA ARACELY PALOMO FRANCO DE DIAZ,,BASICO,PRIVADO,URBANA,CERRADA DEFINITIVAMENTE,MONOLINGUE,MATUTINA,DIARIO(REGULAR),GUATEMALA NORTE
00-01-9310-45,01-307,CIUDAD CAPITAL,ZONA 1,CENTRO EDUCATIVO FUTURISTA,13 AVENIDA 4-60,78429850,NORMA ARACELY PALOMO FRANCO DE DIAZ,,BASICO,PRIVADO,URBANA,CERRADA DEFINITIVAMENTE,MONOLINGUE,VESPERTINA,DIARIO(REGULAR),GUATEMALA NORTE
00-01-9311-46,01-307,CIUDAD CAPITAL,ZONA 1,CENTRO EDUCATIVO FUTURISTA,13 AVENIDA 4-60,78429850,NORMA ARACELY PALOMO FRANCO DE DIAZ,----------,DIVERSIFICADO,PRIVADO,URBANA,CERRADA DEFINITIVAMENTE,MONOLINGUE,MATUTINA,DIARIO(REGULAR),GUATEMALA NORTE
00-01-9312-46,01-307,CIUDAD CAPITAL,ZONA 1,CENTRO EDUCATIVO FUTURISTA,13 AVENIDA 4-60,78429850,NORMA ARACELY PALOMO FRANCO DE DIAZ,,DIVERSIFICADO,PRIVADO,URBANA,CERRADA DEFINITIVAMENTE,MONOLINGUE,VESPERTINA,DIARIO(REGULAR),GUATEMALA NORTE
00-01-9325-45,01-303,CIUDAD CAPITAL,ZONA 1,CENTRO EDUCATIVO LICEO EVANGELICO CAMINO Y VERDAD,9A. CALLE 3-53,22329759,GLORIA GABRIELA LARIOS GARCÍA,,BASICO,PRIVADO,URBANA,CERRADA TEMPORALMENTE,MONOLINGUE,MATUTINA,DIARIO(REGULAR),GUATEMALA NORTE
00-01-9326-46,01-303,CIUDAD CAPITAL,ZONA 1,CENTRO EDUCATIVO LICEO EVANGELICO CAMINO Y VERDAD,9A. CALLE 3-53,22329759,GLORIA GABRIELA LARIOS GARCÍA,,DIVERSIFICADO,PRIVADO,URBANA,CERRADA TEMPORALMENTE,MONOLINGUE,MATUTINA,DIARIO(REGULAR),GUATEMALA NORTE
00-01-9327-45,01-403,CIUDAD CAPITAL,ZONA 1,CENTRO EDUCATIVO LICEO EVANGELICO CAMINO Y VERDAD,9A CALLE 3-53,22329759,CARLOS HUMBERTO GONZÁLEZ DE LEÓN,FELIPE PATZAN PUR,BASICO,PRIVADO,URBANA,CERRADA DEFINITIVAMENTE,MONOLINGUE,DOBLE,FIN DE SEMANA,GUATEMALA NORTE
00-01-9328-46,01-403,CIUDAD CAPITAL,ZONA 1,CENTRO EDUCATIVO LICEO EVANGELICO CAMINO Y VERDAD,9A CALLE 3-53,22329759,CARLOS HUMBERTO GONZÁLEZ DE LEÓN,FELIPE PATZAN PUR,DIVERSIFICADO,PRIVADO,URBANA,CERRADA DEFINITIVAMENTE,MONOLINGUE,DOBLE,FIN DE SEMANA,GUATEMALA NORTE
00-01-9338-42,01-01-0026,CIUDAD CAPITAL,ZONA 1,COLEGIO INTEGRAL EDUCAR (C.E.I.),3A. CALLE 2-20,22516809,LUDIBEL AMARILIS GALICIA DE FLORES,ZILDA EMILENE AGUILAR ALFARO,PARVULOS,PRIVADO,URBANA,ABIERTA,MONOLINGUE,MATUTINA,DIARIO(REGULAR),GUATEMALA NORTE
00-01-9359-46,01-403,CIUDAD CAPITAL,ZONA 1,CENTRO PROFESIONAL DE ESTUDIOS DE COMPUTACION,2A. CALLE 10-77,22384425,CARLOS HUMBERTO GONZÁLEZ DE LEÓN,JOSÉ FRANCISCO HERNÁNDEZ RODAS,DIVERSIFICADO,PRIVADO,URBANA,CERRADA TEMPORALMENTE,MONOLINGUE,DOBLE,FIN DE SEMANA,GUATEMALA NORTE
00-01-9360-46,01-01-0041,CIUDAD CAPITAL,ZONA 1,COLEGIO MIXTO EN COMPUTACION  IMANOL,3ERA. AVENIDA 3-33,22201030,CARLOS HUMBERTO GONZALEZ DE LEON,SONIA HAYDÉE REYES MONTERROSO,DIVERSIFICADO,PRIVADO,URBANA,ABIERTA,MONOLINGUE,DOBLE,FIN DE SEMANA,GUATEMALA NORTE
00-01-9378-46,01-627,CIUDAD CAPITAL,ZONA 1,COLEGIO PRACTICO SECRETARIAL,4A. CALLE 0-35,22328643,ISAURA AMPARO RECINOS CARRILLO,HÉCTOR HUGO LIMA CONDE,DIVERSIFICADO,PRIVADO,URBANA,CERRADA DEFINITIVAMENTE,MONOLINGUE,DOBLE,FIN DE SEMANA,GUATEMALA NORTE
00-01-9380-45,01-403,CIUDAD CAPITAL,ZONA 1,INSTITUTO MIXTO MIGUEL DE CERVANTES,2A. CALLE 9-81,24593860,CARLOS HUMBERTO GONZÁLEZ DE LEÓN,,BASICO,PRIVADO,URBANA,CERRADA TEMPORALMENTE,MONOLINGUE,DOBLE,FIN DE SEMANA,GUATEMALA NORTE
00-01-9381-46,01-01-0042,CIUDAD CAPITAL,ZONA 1,"INSTITUTO MIXTO ""MIGUEL DE CERVANTES""",10ª.  CALLE 1-47,24593860,CARLOS HUMBERTO GONZALEZ DE LEON,AURA RAQUEL DE LEON HERNANDEZ,DIVERSIFICADO,PRIVADO,URBANA,ABIERTA,MONOLINGUE,DOBLE,FIN DE SEMANA,GUATEMALA NORTE
00-01-9383-45,01-402,CIUDAD CAPITAL,ZONA 1,COLEGIO MIXTO EN COMPUTACION 'IMANOL',10A. AVENIDA 1-22,22537837,CARLOS HUMBERTO GONZALEZ DE LEON,,BASICO,PRIVADO,URBANA,CERRADA TEMPORALMENTE,MONOLINGUE,VESPERTINA,DIARIO(REGULAR),GUATEMALA NORTE
00-01-9384-46,01-319,CIUDAD CAPITAL,ZONA 1,COLEGIO MIXTO EN COMPUTACION 'IMANOL',10A. AVENIDA 1-22,22537837,ROSSY AMARILIS GARCIA TORRES,,DIVERSIFICADO,PRIVADO,URBANA,CERRADA TEMPORALMENTE,MONOLINGUE,VESPERTINA,DIARIO(REGULAR),GUATEMALA NORTE
00-01-9386-44,01-627,CIUDAD CAPITAL,ZONA 1,LICEO MIXTO EN COMPUTACION  MONTELIMAR,10 AV. 11-27,22517687-52996052,ISAURA AMPARO RECINOS CARRILLO,GUILLERMO  CASTILLO,PRIMARIA DE ADULTOS,PRIVADO,URBANA,CERRADA TEMPORALMENTE,MONOLINGUE,MATUTINA,FIN DE SEMANA,GUATEMALA NORTE
00-01-9387-46,01-403,CIUDAD CAPITAL,ZONA 1,LICEO MIXTO CIENCIAS SECRETARIALES,4A. AV. 4-12,22380855,CARLOS HUMBERTO GONZÁLEZ DE LEÓN,ANGELA VERONICA SALAZAR MARROQUIN,DIVERSIFICADO,PRIVADO,URBANA,CERRADA TEMPORALMENTE,MONOLINGUE,DOBLE,FIN DE SEMANA,GUATEMALA NORTE
00-01-9408-45,01-403,CIUDAD CAPITAL,ZONA 1,INSTITUTO RAFAEL LANDIVAR,8A. CALLE 2-46,22516035,CARLOS HUMBERTO GONZÁLEZ DE LEÓN,,BASICO,PRIVADO,URBANA,CERRADA TEMPORALMENTE,MONOLINGUE,DOBLE,FIN DE SEMANA,GUATEMALA NORTE
00-01-9411-44,01-01-0041,CIUDAD CAPITAL,ZONA 1,LICEO JUAN MANTOVANI,12 CALLE 2-45,42152989,CARLOS HUMBERTO GONZALEZ DE LEON,INGRID LISSETTE MARTINEZ MALDONADO,PRIMARIA DE ADULTOS,PRIVADO,URBANA,ABIERTA,MONOLINGUE,INTERMEDIA,FIN DE SEMANA,GUATEMALA NORTE
00-01-9417-45,01-01-0041,CIUDAD CAPITAL,ZONA 1,LICEO JUAN MANTOVANI,12 CALLE 2-45,42152989,CARLOS HUMBERTO GONZALEZ DE LEON,INGRID LISSETTE MARTINEZ MALDONADO,BASICO,PRIVADO,URBANA,ABIERTA,MONOLINGUE,INTERMEDIA,FIN DE SEMANA,GUATEMALA NORTE
00-01-9418-45,01-401,CIUDAD CAPITAL,ZONA 1,COLEGIO PANAMERICANO,11 AVENIDA 7-35,22328682,IXMUCANE ALDANA VILLAVICENCIO,,BASICO,PRIVADO,URBANA,CERRADA DEFINITIVAMENTE,MONOLINGUE,DOBLE,FIN DE SEMANA,GUATEMALA NORTE
00-01-9419-46,01-401,CIUDAD CAPITAL,ZONA 1,COLEGIO PANAMERICANO,11 AVENIDA 7-35,22328682,IXMUCANE ALDANA VILLAVICENCIO,,DIVERSIFICADO,PRIVADO,URBANA,CERRADA DEFINITIVAMENTE,MONOLINGUE,DOBLE,FIN DE SEMANA,GUATEMALA NORTE
00-01-9451-45,01-627,CIUDAD CAPITAL,ZONA 1,LICEO DE COMPUTACION C.S.S.,11 CALLE 9-62,22517771,ISAURA AMPARO RECINOS CARRILLO,NORMA LUCRECIA CÓRDOVA HEREDIA,BASICO,PRIVADO,URBANA,CERRADA TEMPORALMENTE,MONOLINGUE,DOBLE,FIN DE SEMANA,GUATEMALA NORTE
00-01-9452-46,01-627,CIUDAD CAPITAL,ZONA 1,LICEO DE COMPUTACION C.S.S.,11 CALLE 9-62,22517771,ISAURA AMPARO RECINOS CARRILLO,NORMA LUCRECIA CÓRDOVA HEREDIA,DIVERSIFICADO,PRIVADO,URBANA,CERRADA TEMPORALMENTE,MONOLINGUE,DOBLE,FIN DE SEMANA,GUATEMALA NORTE
00-01-9453-45,01-01-0032,CIUDAD CAPITAL,ZONA 1,COLEGIO DE FORMACION PROFESIONAL EN COMPUTACION C.F.P.C.,15AV. 2-63,22501016,LUDIBEL AMARILIS GALICIA DE FLORES,DALIA ROXANA CASTRO JUÁREZ,BASICO,PRIVADO,URBANA,ABIERTA,MONOLINGUE,MATUTINA,DIARIO(REGULAR),GUATEMALA NORTE
00-01-9454-46,01-01-0032,CIUDAD CAPITAL,ZONA 1,COLEGIO DE FORMACION PROFESIONAL EN COMPUTACION C.F.P.C.,15AV. 2-63,22501016,LUDIBEL AMARILIS GALICIA DE FLORES,DALIA ROXANA CASTRO JUÁREZ,DIVERSIFICADO,PRIVADO,URBANA,ABIERTA,MONOLINGUE,MATUTINA,DIARIO(REGULAR),GUATEMALA NORTE
00-01-9455-46,01-403,CIUDAD CAPITAL,ZONA 1,COLEGIO DE FORMACION PROFESIONAL EN COMPUTACION C.F.P.C.,15AV. 2-63,22501016,CARLOS HUMBERTO GONZÁLEZ DE LEÓN,OTTO EDGAR SALGUERO PALMA,DIVERSIFICADO,PRIVADO,URBANA,TEMPORAL TITULOS,MONOLINGUE,DOBLE,FIN DE SEMANA,GUATEMALA NORTE
00-01-9456-45,01-403,CIUDAD CAPITAL,ZONA 1,COLEGIO DE FORMACION PROFESIONAL EN COMPUTACION C.F.P.C.,15AV. 2-63,22501016,CARLOS HUMBERTO GONZÁLEZ DE LEÓN,OTTO EDGAR SALGUERO PALMA,BASICO,PRIVADO,URBANA,CERRADA TEMPORALMENTE,MONOLINGUE,DOBLE,FIN DE SEMANA,GUATEMALA NORTE
00-01-9457-44,01-403,CIUDAD CAPITAL,ZONA 1,COLEGIO DE FORMACION PROFESIONAL EN COMPUTACION CFPC,15AV. 2-63,22539001,CARLOS HUMBERTO GONZÁLEZ DE LEÓN,,PRIMARIA DE ADULTOS,PRIVADO,URBANA,CERRADA TEMPORALMENTE,MONOLINGUE,NOCTURNA,DIARIO(REGULAR),GUATEMALA NORTE
00-01-9458-45,01-01-0039,CIUDAD CAPITAL,ZONA 1,COLEGIO DE FORMACION PROFESIONAL EN COMPUTACION,15AV. 2-63,22501016,CARLOS HUMBERTO GONZALEZ DE LEON,DALIA ROXANA CASTRO JUÁREZ,BASICO,PRIVADO,URBANA,ABIERTA,MONOLINGUE,DOBLE,FIN DE SEMANA,GUATEMALA NORTE
00-01-9464-46,01-01-0041,CIUDAD CAPITAL,ZONA 1,INSTITUTO DE ESTUDIOS ESPECIALIZADOS EN CIENCIAS DE LA COMPUTACION,3A. CALLE 3-59,42239146,CARLOS HUMBERTO GONZALEZ DE LEON,DELFINO HERIBERTO HERNÁNDEZ CASTILLO,DIVERSIFICADO,PRIVADO,URBANA,ABIERTA,MONOLINGUE,DOBLE,FIN DE SEMANA,GUATEMALA NORTE
00-01-9465-45,01-01-0026,CIUDAD CAPITAL,ZONA 1,COLEGIO ANGLO GUATEMALTECO,6A. CALLE 0-27,41466444,LUDIBEL AMARILIS GALICIA DE FLORES,FRYDA MARÍA SAUCEDO VILLEGAS,BASICO,PRIVADO,URBANA,ABIERTA,MONOLINGUE,MATUTINA,DIARIO(REGULAR),GUATEMALA NORTE
00-01-9466-46,01-01-0026,CIUDAD CAPITAL,ZONA 1,COLEGIO ANGLO GUATEMALTECO,6A. CALLE 0-27,47680127,LUDIBEL AMARILIS GALICIA DE FLORES,FRYDA MARÍA SAUCEDO VILLEGAS,DIVERSIFICADO,PRIVADO,URBANA,ABIERTA,MONOLINGUE,MATUTINA,DIARIO(REGULAR),GUATEMALA NORTE
00-01-9468-46,01-403,CIUDAD CAPITAL,ZONA 1,COLEGIO 'VALVERDE',5A. CALLE 5-14,22093200,CARLOS HUMBERTO GONZÁLEZ DE LEÓN,LESLIE ROCKSANDA CHONG VARELA,DIVERSIFICADO,PRIVADO,URBANA,CERRADA TEMPORALMENTE,MONOLINGUE,DOBLE,FIN DE SEMANA,GUATEMALA NORTE
00-01-9469-46,01-01-0032,CIUDAD CAPITAL,ZONA 1,LICEO MIXTO BECKET,10A AVENIDA 04-36,22302737,LUDIBEL AMARILIS GALICIA DE FLORES,MANUEL DE JESUS PAREDES VALDIVIEZO,DIVERSIFICADO,PRIVADO,URBANA,ABIERTA,MONOLINGUE,MATUTINA,DIARIO(REGULAR),GUATEMALA NORTE
00-01-9470-46,01-01-0026,CIUDAD CAPITAL,ZONA 1,LICEO HISPANOAMERICANO,1ERA. AV. 7-12,22381342,LUDIBEL AMARILIS GALICIA DE FLORES,ROSA ANGÉLICA SIGUENZA CORADO,DIVERSIFICADO,PRIVADO,URBANA,ABIERTA,MONOLINGUE,MATUTINA,DIARIO(REGULAR),GUATEMALA NORTE
00-01-9471-46,01-403,CIUDAD CAPITAL,ZONA 1,LICEO HISPANOAMERICANO,1ERA. AV. 7-12 ZONA 1,22381342,CARLOS HUMBERTO GONZÁLEZ DE LEÓN,,DIVERSIFICADO,PRIVADO,URBANA,CERRADA TEMPORALMENTE,MONOLINGUE,NOCTURNA,DIARIO(REGULAR),GUATEMALA NORTE
00-01-9472-45,01-403,CIUDAD CAPITAL,ZONA 1,LICEO HISPANOAMERICANO,1ERA. AV. 7-12 ZONA 1,22381342,CARLOS HUMBERTO GONZÁLEZ DE LEÓN,,BASICO,PRIVADO,URBANA,CERRADA TEMPORALMENTE,MONOLINGUE,NOCTURNA,DIARIO(REGULAR),GUATEMALA NORTE
00-01-9473-44,01-01-0042,CIUDAD CAPITAL,ZONA 1,LICEO HISPANOAMERICANO,1RA. AV. 7-12,22381342,CARLOS HUMBERTO GONZALEZ DE LEON,ROSA ANGÉLICA SIGUENZA CORADO,PRIMARIA DE ADULTOS,PRIVADO,URBANA,ABIERTA,MONOLINGUE,DOBLE,FIN DE SEMANA,GUATEMALA NORTE
00-01-9474-45,01-403,CIUDAD CAPITAL,ZONA 1,LICEO HISPANOAMERICANO,1ERA. AV. 7-12,22381342,CARLOS HUMBERTO GONZÁLEZ DE LEÓN,ROSA ANGÉLICA SIGUENZA CORADO,BASICO,PRIVADO,URBANA,CERRADA TEMPORALMENTE,MONOLINGUE,DOBLE,FIN DE SEMANA,GUATEMALA NORTE
00-01-9475-46,01-403,CIUDAD CAPITAL,ZONA 1,LICEO HISPANOAMERICANO,1ERA. AV. 7-12,22381342,CARLOS HUMBERTO GONZÁLEZ DE LEÓN,ROSA ANGÉLICA SIGUENZA CORADO,DIVERSIFICADO,PRIVADO,URBANA,CERRADA TEMPORALMENTE,MONOLINGUE,DOBLE,FIN DE SEMANA,GUATEMALA NORTE
00-01-9477-45,01-403,CIUDAD CAPITAL,ZONA 1,COLEGIO DE COMPUTACION Y SISTEMAS ELECTRONICOS,9A. AV. 12-73,22510252,CARLOS HUMBERTO GONZÁLEZ DE LEÓN,,BASICO,PRIVADO,URBANA,CERRADA DEFINITIVAMENTE,MONOLINGUE,MATUTINA,FIN DE SEMANA,GUATEMALA NORTE
00-01-9478-46,01-402,CIUDAD CAPITAL,ZONA 1,INSTITUTO DE DIBUJO Y PUBLICIDAD,14 CALLE 10-15,,CARLOS HUMBERTO GONZALEZ DE LEON,,DIVERSIFICADO,PRIVADO,URBANA,CERRADA TEMPORALMENTE,MONOLINGUE,MATUTINA,DIARIO(REGULAR),GUATEMALA NORTE
00-01-9479-45,01-01-0026,CIUDAD CAPITAL,ZONA 1,LICEO HISPANOAMERICANO,1A. CALLE 7-12,22381342,LUDIBEL AMARILIS GALICIA DE FLORES,ROSA ANGÉLICA SIGUENZA CORADO,BASICO,PRIVADO,URBANA,ABIERTA,MONOLINGUE,MATUTINA,DIARIO(REGULAR),GUATEMALA NORTE
00-01-9480-42,01-317,CIUDAD CAPITAL,ZONA 1,COLEGIO EVANGELICO MIXTO EJERCITO DE SALVACION,15 CALLE 8-39,22322964,MARIANO DOMINGO ESTRADA TELETOR,,PARVULOS,PRIVADO,URBANA,CERRADA TEMPORALMENTE,MONOLINGUE,MATUTINA,DIARIO(REGULAR),GUATEMALA NORTE
00-01-9481-43,01-307,CIUDAD CAPITAL,ZONA 1,CENTRO EDUCATIVO DEMING,18 CALLE 1-20 ZONA 1,22536571,NORMA ARACELY PALOMO FRANCO DE DIAZ,,PRIMARIA,PRIVADO,URBANA,CERRADA TEMPORALMENTE,MONOLINGUE,MATUTINA,DIARIO(REGULAR),GUATEMALA NORTE
00-01-9483-45,01-01-0032,CIUDAD CAPITAL,ZONA 1,LICEO MIXTO BECKET,10A. AVENIDA 04-36,47100654,LUDIBEL AMARILIS GALICIA DE FLORES,MANUEL DE JESUS PAREDES VALDIVIEZO,BASICO,PRIVADO,URBANA,ABIERTA,MONOLINGUE,MATUTINA,DIARIO(REGULAR),GUATEMALA NORTE
00-01-9513-46,01-310,CIUDAD CAPITAL,ZONA 1,ESCUELA DE ESTUDIOS PENITENCIARIOS,7A. CALLE 10-52,2220-1723,EDDY FRANCISCO RAMÍREZ MORALES,,DIVERSIFICADO,OFICIAL,URBANA,CERRADA TEMPORALMENTE,MONOLINGUE,MATUTINA,DIARIO(REGULAR),GUATEMALA NORTE
00-01-9518-43,01-210,CIUDAD CAPITAL,ZONA 1,COLEGIO SEMILLA DEL SABER,4A. CALLE 'A' 12-44 COLONIA ROOSEVELTH,24715630,DINIZ ORALIA MORALES MUÑOZ,,PRIMARIA,PRIVADO,URBANA,CERRADA DEFINITIVAMENTE,MONOLINGUE,MATUTINA,DIARIO(REGULAR),GUATEMALA NORTE
00-01-9520-42,01-01-0035,CIUDAD CAPITAL,ZONA 1,JARDIN INFANTIL CONGRESO DE LA REPUBLICA,11 CALLE 9-24,22978910,NORMA ARACELY PALOMO FRANCO DE DÍAZ,ANGÉLICA NOEMÍ LÓPEZ MANCILLA,PARVULOS,OFICIAL,URBANA,ABIERTA,MONOLINGUE,MATUTINA,DIARIO(REGULAR),GUATEMALA NORTE
00-01-9531-45,01-01-0040,CIUDAD CAPITAL,ZONA 1,COLEGIO VALVERDE,5TA. CALLE 5-14,22093200,AMADO SALOMON FLORES PEREZ,LESLIE ROCKSANDA CHONG VARELA,BASICO,PRIVADO,URBANA,ABIERTA,MONOLINGUE,MATUTINA,DIARIO(REGULAR),GUATEMALA NORTE
00-01-9532-45,01-403,CIUDAD CAPITAL,ZONA 1,COLEGIO 'VALVERDE',5A. CALLE 5-14,22093200,CARLOS HUMBERTO GONZÁLEZ DE LEÓN,LESLIE ROCKSANDA CHONG VARELA,BASICO,PRIVADO,URBANA,CERRADA TEMPORALMENTE,MONOLINGUE,DOBLE,FIN DE SEMANA,GUATEMALA NORTE
00-01-9538-42,01-317,CIUDAD CAPITAL,ZONA 1,COLEGIO PARVULARIO MI PEQUEÑO JARDIN,11 AVENIDA 13-05,59834428,MARIANO DOMINGO ESTRADA TELETOR,ERICKA IVONNE COLOMO ORTIZ,PARVULOS,PRIVADO,URBANA,CERRADA TEMPORALMENTE,MONOLINGUE,MATUTINA,DIARIO(REGULAR),GUATEMALA NORTE
00-01-9557-45,01-01-0039,CIUDAD CAPITAL,ZONA 1,LICEO DE COMPUTACION SIGLO 21,12. AVENIDA 13-67,25087494,CARLOS HUMBERTO GONZALEZ DE LEON,JESÚS EDUARDO ARGUETA ESCOBEDO,BASICO,PRIVADO,URBANA,ABIERTA,MONOLINGUE,MATUTINA,FIN DE SEMANA,GUATEMALA NORTE
00-01-9559-43,01-307,CIUDAD CAPITAL,ZONA 1,COLEGIO MIXTO EN COMPUTACION 'IMANOL',10. AVENIDA 1-22,22303316,NORMA ARACELY PALOMO FRANCO DE DIAZ,,PRIMARIA,PRIVADO,URBANA,CERRADA TEMPORALMENTE,MONOLINGUE,MATUTINA,DIARIO(REGULAR),GUATEMALA NORTE
00-01-9560-45,01-01-0026,CIUDAD CAPITAL,ZONA 1,COLEGIO MIXTO EN COMPUTACION 'IMANOL',3ERA. AVENIDA 3-33,22201030,LUDIBEL AMARILIS GALICIA DE FLORES,SONIA HAYDÉE REYES MONTERROSO,BASICO,PRIVADO,URBANA,ABIERTA,MONOLINGUE,MATUTINA,DIARIO(REGULAR),GUATEMALA NORTE
00-01-9561-46,01-01-0026,CIUDAD CAPITAL,ZONA 1,COLEGIO MIXTO EN COMPUTACION  IMANOL,3ERA. AVENIDA 3-33,22201030,LUDIBEL AMARILIS GALICIA DE FLORES,SONIA HAYDÉE REYES MONTERROSO,DIVERSIFICADO,PRIVADO,URBANA,ABIERTA,MONOLINGUE,MATUTINA,DIARIO(REGULAR),GUATEMALA NORTE
00-01-9563-46,01-01-0041,CIUDAD CAPITAL,ZONA 1,LICEO JUAN MANTOVANI,12 CALLE 2-45,22519398,CARLOS HUMBERTO GONZALEZ DE LEON,INGRID LISSETTE MARTINEZ MALDONADO,DIVERSIFICADO,PRIVADO,URBANA,ABIERTA,MONOLINGUE,DOBLE,FIN DE SEMANA,GUATEMALA NORTE
00-01-9591-42,01-307,CIUDAD CAPITAL,ZONA 1,COLEGIO DOS MUNDOS,14 CALLE 10-47,22322623,NORMA ARACELY PALOMO FRANCO DE DIAZ,,PARVULOS,PRIVADO,URBANA,CERRADA TEMPORALMENTE,MONOLINGUE,MATUTINA,DIARIO(REGULAR),GUATEMALA NORTE
00-01-9592-43,01-307,CIUDAD CAPITAL,ZONA 1,COLEGIO DOS MUNDOS,14 CALLE 10-47,22322623,NORMA ARACELY PALOMO FRANCO DE DIAZ,,PRIMARIA,PRIVADO,URBANA,CERRADA TEMPORALMENTE,MONOLINGUE,MATUTINA,DIARIO(REGULAR),GUATEMALA NORTE
00-01-9593-45,01-01-0048,CIUDAD CAPITAL,ZONA 1,LICEO TECNÓLOGICO MAYA DE GUATEMALA,8 CALLE 2-68,22425238,AMADO SALOMON FLORES PEREZ,EDGAR AROLDO ELÍAS GARCÍA,BASICO,PRIVADO,URBANA,ABIERTA,MONOLINGUE,MATUTINA,DIARIO(REGULAR),GUATEMALA NORTE
00-01-9594-46,01-01-0048,CIUDAD CAPITAL,ZONA 1,LICEO TECNÓLOGICO MAYA DE GUATEMALA,8 CALLE 2-68,22425238,AMADO SALOMON FLORES PEREZ,EDGAR AROLDO ELÍAS GARCÍA,DIVERSIFICADO,PRIVADO,URBANA,ABIERTA,MONOLINGUE,MATUTINA,DIARIO(REGULAR),GUATEMALA NORTE
00-01-9595-46,01-01-0048,CIUDAD CAPITAL,ZONA 1,LICEO TECNÓLOGICO MAYA DE GUATEMALA,8 CALLE 2-68,22425238,AMADO SALOMON FLORES PEREZ,EDGAR AROLDO ELÍAS GARCÍA,DIVERSIFICADO,PRIVADO,URBANA,ABIERTA,MONOLINGUE,DOBLE,DIARIO(REGULAR),GUATEMALA NORTE
00-01-9596-45,01-01-0037,CIUDAD CAPITAL,ZONA 1,LICEO TECNOLÓGICO MAYA DE GUATEMALA,8 CALLE 2-68,22322025,CARLOS HUMBERTO GONZALEZ DE LEON,EDGAR AROLDO ELÍAS GARCÍA,BASICO,PRIVADO,URBANA,ABIERTA,MONOLINGUE,DOBLE,FIN DE SEMANA,GUATEMALA NORTE
00-01-9597-45,01-627,CIUDAD CAPITAL,ZONA 1,LICEO TECNOLÓGICO MAYA DE GUATEMALA,9 CALLE 3-72,22322025,ISAURA AMPARO RECINOS CARRILLO,EDGAR AROLDO ELÍAS GARCÍA,BASICO,PRIVADO,URBANA,CERRADA TEMPORALMENTE,MONOLINGUE,DOBLE,FIN DE SEMANA,GUATEMALA NORTE
00-01-9598-46,01-403,CIUDAD CAPITAL,ZONA 1,LICEO ADMINISTRATIVO MAYA,11 CALLE 2-54,"66609219, 22305978",CARLOS HUMBERTO GONZÁLEZ DE LEÓN,,DIVERSIFICADO,PRIVADO,URBANA,CERRADA DEFINITIVAMENTE,MONOLINGUE,DOBLE,FIN DE SEMANA,GUATEMALA NORTE
00-01-9599-46,01-403,CIUDAD CAPITAL,ZONA 1,LICEO ADMINISTRATIVO MAYA,11 CALLE 2-54,"66609219, 22305978",CARLOS HUMBERTO GONZÁLEZ DE LEÓN,,DIVERSIFICADO,PRIVADO,URBANA,CERRADA DEFINITIVAMENTE,MONOLINGUE,DOBLE,FIN DE SEMANA,GUATEMALA NORTE
00-01-9600-46,01-01-0041,CIUDAD CAPITAL,ZONA 1,LICEO REGIOMONTANO,9A. CALLE 2-64,22202670,CARLOS HUMBERTO GONZALEZ DE LEON,NERY EDUARDO MALDONADO RUIZ,DIVERSIFICADO,PRIVADO,URBANA,ABIERTA,MONOLINGUE,DOBLE,FIN DE SEMANA,GUATEMALA NORTE
00-01-9609-44,01-01-0042,CIUDAD CAPITAL,ZONA 1,LICEO PROFESIONAL DE INFORMATICA Y TECNOLOGIA,9A. CALLE 0-39,52331784,CARLOS HUMBERTO GONZALEZ DE LEON,MANUEL DE JESÚS JUÁREZ GARCÍA,PRIMARIA DE ADULTOS,PRIVADO,URBANA,ABIERTA,MONOLINGUE,DOBLE,FIN DE SEMANA,GUATEMALA NORTE
00-01-9612-44,01-403,CIUDAD CAPITAL,ZONA 1,LICEO DE COMPUTACION SIGLO 21 NO.2,11 AVENIDA 9-53,22321938 22214562,CARLOS HUMBERTO GONZÁLEZ DE LEÓN,,PRIMARIA DE ADULTOS,PRIVADO,URBANA,CERRADA TEMPORALMENTE,MONOLINGUE,MATUTINA,FIN DE SEMANA,GUATEMALA NORTE
00-01-9613-45,01-628,CIUDAD CAPITAL,ZONA 1,LICEO DE COMPUTACION SIGLO 21 NO.2,11 AVENIDA 9-53,22321938,CARLOS HUMBERTO GONZALEZ DE LEON,,BASICO,PRIVADO,URBANA,CERRADA DEFINITIVAMENTE,MONOLINGUE,MATUTINA,FIN DE SEMANA,GUATEMALA NORTE
00-01-9614-45,01-628,CIUDAD CAPITAL,ZONA 1,LICEO DE COMPUTACION SIGLO 21 NO.2,11 AVENIDA 9-53,22321938,CARLOS HUMBERTO GONZALEZ DE LEON,,BASICO,PRIVADO,URBANA,CERRADA DEFINITIVAMENTE,MONOLINGUE,MATUTINA,FIN DE SEMANA,GUATEMALA NORTE
00-01-9615-46,01-628,CIUDAD CAPITAL,ZONA 1,LICEO DE COMPUTACION SIGLO 21 NO.2,11 AVENIDA 9-53,22321938,CARLOS HUMBERTO GONZALEZ DE LEON,,DIVERSIFICADO,PRIVADO,URBANA,CERRADA TEMPORALMENTE,MONOLINGUE,MATUTINA,FIN DE SEMANA,GUATEMALA NORTE
00-01-9616-46,01-628,CIUDAD CAPITAL,ZONA 1,LICEO DE COMPUTACION SIGLO 21 NO.2,11 AVENIDA 9-53,22321938,CARLOS HUMBERTO GONZALEZ DE LEON,,DIVERSIFICADO,PRIVADO,URBANA,CERRADA TEMPORALMENTE,MONOLINGUE,MATUTINA,FIN DE SEMANA,GUATEMALA NORTE
00-01-9622-46,01-01-0039,CIUDAD CAPITAL,ZONA 1,LICEO DE COMPUTACION SIGLO 21,12  AVENIDA 13-67,25087494,CARLOS HUMBERTO GONZALEZ DE LEON,JESÚS EDUARDO ARGUETA ESCOBEDO,DIVERSIFICADO,PRIVADO,URBANA,ABIERTA,MONOLINGUE,MATUTINA,FIN DE SEMANA,GUATEMALA NORTE
00-01-9623-45,01-403,CIUDAD CAPITAL,ZONA 1,LICEO CLASICO EN COMPUTACION,4A. CALLE 5-52,23041515,CARLOS HUMBERTO GONZÁLEZ DE LEÓN,,BASICO,PRIVADO,URBANA,CERRADA TEMPORALMENTE,MONOLINGUE,DOBLE,FIN DE SEMANA,GUATEMALA NORTE
00-01-9635-46,01-312,CIUDAD CAPITAL,ZONA 1,CENTRO DE ESTUDIOS PREUNIVERSITARIOS DR. BUCHNER,3A. AVENIDA 14-56,,AMADO  SALOMON FLORES PEREZ,,DIVERSIFICADO,PRIVADO,URBANA,TEMPORAL TITULOS,MONOLINGUE,DOBLE,FIN DE SEMANA,GUATEMALA NORTE
00-01-9636-45,01-312,CIUDAD CAPITAL,ZONA 1,CENTRO DE ESTUDIOS PREUNIVERSITARIOS DR. BUCHNER,3A. AVENIDA 14-56 ZONA 1,,AMADO  SALOMON FLORES PEREZ,,BASICO,PRIVADO,URBANA,CERRADA DEFINITIVAMENTE,MONOLINGUE,DOBLE,FIN DE SEMANA,GUATEMALA NORTE
00-01-9639-46,01-312,CIUDAD CAPITAL,ZONA 1,CENTRO DE ESTUDIOS PREUNIVERSITARIOS 'DR. BUCHNER',3A. AVENIDA 14-56 ZONA 1,,AMADO  SALOMON FLORES PEREZ,---,DIVERSIFICADO,PRIVADO,URBANA,TEMPORAL TITULOS,MONOLINGUE,MATUTINA,DIARIO(REGULAR),GUATEMALA NORTE
00-01-9643-44,01-403,CIUDAD CAPITAL,ZONA 1,COLEGIO TECNICO RENOIR,3A. AVENIDA 6-10,"22327654, 22306279",CARLOS HUMBERTO GONZÁLEZ DE LEÓN,,PRIMARIA DE ADULTOS,PRIVADO,URBANA,CERRADA TEMPORALMENTE,MONOLINGUE,DOBLE,FIN DE SEMANA,GUATEMALA NORTE
00-01-9644-45,01-403,CIUDAD CAPITAL,ZONA 1,COLEGIO TECNICO RENOIR,3A. AVENIDA 6-10,"22327654, 22306279",CARLOS HUMBERTO GONZÁLEZ DE LEÓN,,BASICO,PRIVADO,URBANA,CERRADA TEMPORALMENTE,MONOLINGUE,DOBLE,FIN DE SEMANA,GUATEMALA NORTE
00-01-9645-45,01-403,CIUDAD CAPITAL,ZONA 1,COLEGIO TECNICO RENOIR,3A. AVENIDA 6-10,"22327654, 22306279",CARLOS HUMBERTO GONZÁLEZ DE LEÓN,,BASICO,PRIVADO,URBANA,CERRADA TEMPORALMENTE,MONOLINGUE,DOBLE,FIN DE SEMANA,GUATEMALA NORTE
00-01-9646-46,01-403,CIUDAD CAPITAL,ZONA 1,COLEGIO TECNICO RENOIR,3A. AVENIDA 6-10,22327654,CARLOS HUMBERTO GONZÁLEZ DE LEÓN,,DIVERSIFICADO,PRIVADO,URBANA,CERRADA TEMPORALMENTE,MONOLINGUE,DOBLE,FIN DE SEMANA,GUATEMALA NORTE
00-01-9648-45,01-316,CIUDAD CAPITAL,ZONA 1,COLEGIO MIXTO RAFAEL AYAU,16 CALLE 3-61,22328916,LILIAN YOLANDA RODRIGUEZ PINTO DE CASTRO,INÉS  AYAU GARCIA,BASICO,PRIVADO,URBANA,CERRADA TEMPORALMENTE,MONOLINGUE,VESPERTINA,DIARIO(REGULAR),GUATEMALA NORTE
00-01-9661-45,01-01-0030,CIUDAD CAPITAL,ZONA 1,CENTRO DEL NUCLEO FAMILIAR EDUCATIVO PARA EL DESARROLLO -NUFED-,"14 CALLE 14-70, BARRIO GERONA",54349950,NORMA ARACELY PALOMO FRANCO DE DÍAZ,ARMANDO  TAHUICO CAMÓ,BASICO,OFICIAL,URBANA,ABIERTA,MONOLINGUE,VESPERTINA,DIARIO(REGULAR),GUATEMALA NORTE
00-01-9665-46,01-318,CIUDAD CAPITAL,ZONA 1,COLEGIO TECNOLOGICO EMPRESARIAL,11 AVENIDA 9-12,22203383,SANDRA CAROLINA PÉREZ DONDIEGO DE CHOC,JUSTO MANUEL ESTRADA VALDEZ,DIVERSIFICADO,PRIVADO,URBANA,CERRADA TEMPORALMENTE,MONOLINGUE,DOBLE,DIARIO(REGULAR),GUATEMALA NORTE
00-01-9666-45,01-01-0042,CIUDAD CAPITAL,ZONA 1,LICEO HISPANOAMERICANO,1A. AVENIDA 7-12,22381342,CARLOS HUMBERTO GONZALEZ DE LEON,ROSA ANGÉLICA SIGUENZA CORADO,BASICO,PRIVADO,URBANA,ABIERTA,MONOLINGUE,MATUTINA,FIN DE SEMANA,GUATEMALA NORTE
00-01-9667-46,01-01-0042,CIUDAD CAPITAL,ZONA 1,LICEO HISPANOAMERICANO,1A. AVENIDA 7-12,22381342,CARLOS HUMBERTO GONZALEZ DE LEON,ROSA ANGÉLICA SIGUENZA CORADO,DIVERSIFICADO,PRIVADO,URBANA,ABIERTA,MONOLINGUE,MATUTINA,FIN DE SEMANA,GUATEMALA NORTE
00-01-9668-46,01-317,CIUDAD CAPITAL,ZONA 1,LICEO HISPANOAMERICANO,1A. AVENIDA 7-12,22381342,MARIANO DOMINGO ESTRADA TELETOR,ROSA ANGÉLICA SIGUENZA CORADO,DIVERSIFICADO,PRIVADO,URBANA,CERRADA TEMPORALMENTE,MONOLINGUE,DOBLE,DIARIO(REGULAR),GUATEMALA NORTE
00-01-9688-46,01-312,CIUDAD CAPITAL,ZONA 1,COLEGIO PREUNIVERSITARIO DEL CENTRO HISTORICO,3A. AVENIDA 14-56,,AMADO  SALOMON FLORES PEREZ,,DIVERSIFICADO,PRIVADO,URBANA,TEMPORAL TITULOS,MONOLINGUE,MATUTINA,DIARIO(REGULAR),GUATEMALA NORTE
00-01-9690-46,01-403,CIUDAD CAPITAL,ZONA 1,COLEGIO  LA VERDAD,7A. AVENIDA 3-75,22329759,CARLOS HUMBERTO GONZÁLEZ DE LEÓN,,DIVERSIFICADO,PRIVADO,URBANA,CERRADA TEMPORALMENTE,MONOLINGUE,DOBLE,FIN DE SEMANA,GUATEMALA NORTE
00-01-9691-45,01-403,CIUDAD CAPITAL,ZONA 1,COLEGIO 'LA VERDAD',7A. AVENIDA 3-75,22329759,CARLOS HUMBERTO GONZÁLEZ DE LEÓN,,BASICO,PRIVADO,URBANA,CERRADA TEMPORALMENTE,MONOLINGUE,DOBLE,FIN DE SEMANA,GUATEMALA NORTE
00-01-9694-46,01-627,CIUDAD CAPITAL,ZONA 1,LICEO DE COMPUTACION SIGLO 21 NO.3,13 CALLE 9-60,22211863,ISAURA AMPARO RECINOS CARRILLO,JORGE ROLANDO MORALES PAZ,DIVERSIFICADO,PRIVADO,URBANA,CERRADA TEMPORALMENTE,MONOLINGUE,DOBLE,FIN DE SEMANA,GUATEMALA NORTE
00-01-9695-45,01-627,CIUDAD CAPITAL,ZONA 1,LICEO DE COMPUTACION SIGLO 21 NO.3,13 CALLE 9-60,22211863,ISAURA AMPARO RECINOS CARRILLO,JORGE ROLANDO MORALES PAZ,BASICO,PRIVADO,URBANA,CERRADA TEMPORALMENTE,MONOLINGUE,DOBLE,FIN DE SEMANA,GUATEMALA NORTE
00-01-9699-46,01-312,CIUDAD CAPITAL,ZONA 1,COLEGIO DEL CENTRO HISTORICO,3A. AVENIDA 14-56,22325513,AMADO  SALOMON FLORES PEREZ,,DIVERSIFICADO,PRIVADO,URBANA,CERRADA TEMPORALMENTE,MONOLINGUE,MATUTINA,DIARIO(REGULAR),GUATEMALA NORTE
00-01-9705-45,01-317,CIUDAD CAPITAL,ZONA 1,INSTITUTO TECNOLOGICO JHULES  (JOVENES HUMANISTAS LIDERES EN EDUCACION SUPERIOR),12 AVENIDA 15-19,22510938,MARIANO DOMINGO ESTRADA TELETOR,AMARILIS JACOBED CABRERA GAMARRO,BASICO,PRIVADO,URBANA,CERRADA TEMPORALMENTE,MONOLINGUE,MATUTINA,DIARIO(REGULAR),GUATEMALA NORTE
00-01-9708-45,01-01-0037,CIUDAD CAPITAL,ZONA 1,COLEGIO DE INVESTIGACION CIENTIFICA CONJUNTA DE GUATEMALA,4A. AVENIDA 3-64,22382723,CARLOS HUMBERTO GONZALEZ DE LEON,MARTA ARELY ESPAÑA SUCHINO,BASICO,PRIVADO,URBANA,ABIERTA,MONOLINGUE,DOBLE,FIN DE SEMANA,GUATEMALA NORTE
00-01-9709-46,01-01-0037,CIUDAD CAPITAL,ZONA 1,COLEGIO DE INVESTIGACION CIENTIFICA CONJUNTA DE GUATEMALA,4A. AVENIDA 3-64,22382723,CARLOS HUMBERTO GONZALEZ DE LEON,MARTA ARELY ESPAÑA SUCHINO,DIVERSIFICADO,PRIVADO,URBANA,ABIERTA,MONOLINGUE,DOBLE,FIN DE SEMANA,GUATEMALA NORTE
00-01-9710-46,01-627,CIUDAD CAPITAL,ZONA 1,COLEGIO DE INVESTIGACION CIENTIFICA CONJUNTA DE GUATEMALA,4A. AVENIDA 3-64,22382723,ISAURA AMPARO RECINOS CARRILLO,MARTA ARELY ESPAÑA SUCHINO,DIVERSIFICADO,PRIVADO,URBANA,CERRADA TEMPORALMENTE,MONOLINGUE,DOBLE,FIN DE SEMANA,GUATEMALA NORTE
00-01-9711-45,01-312,CIUDAD CAPITAL,ZONA 1,COLEGIO DE INVESTIGACION CIENTIFICA CONJUNTA DE GUATEMALA,4A. AVENIDA 3-64,22382723,AMADO  SALOMON FLORES PEREZ,,BASICO,PRIVADO,URBANA,CERRADA TEMPORALMENTE,MONOLINGUE,MATUTINA,DIARIO(REGULAR),GUATEMALA NORTE
00-01-9712-46,01-01-0031,CIUDAD CAPITAL,ZONA 1,COLEGIO DE INVESTIGACION CIENTIFICA CONJUNTA DE GUATEMALA,4A. AVENIDA 3-64,22382723,LUDIBEL AMARILIS GALICIA DE FLORES,MARTA ARELY ESPAÑA SUCHINO,DIVERSIFICADO,PRIVADO,URBANA,ABIERTA,MONOLINGUE,MATUTINA,DIARIO(REGULAR),GUATEMALA NORTE
00-01-9715-44,01-01-0041,CIUDAD CAPITAL,ZONA 1,INSTITUTO DE ESTUDIOS ESPECIALIZADOS EN CIENCIAS DE LA COMPUTACION,3A. CALLE 3-59,42239146,CARLOS HUMBERTO GONZALEZ DE LEON,DELFINO HERIBERTO HERNÁNDEZ CASTILLO,PRIMARIA DE ADULTOS,PRIVADO,URBANA,ABIERTA,MONOLINGUE,DOBLE,FIN DE SEMANA,GUATEMALA NORTE
00-01-9716-45,01-01-0041,CIUDAD CAPITAL,ZONA 1,INSTITUTO DE ESTUDIOS ESPECIALIZADOS EN CIENCIAS DE LA COMPUTACION,3A. CALLE 3-59,42239146,CARLOS HUMBERTO GONZALEZ DE LEON,DELFINO HERIBERTO HERNÁNDEZ CASTILLO,BASICO,PRIVADO,URBANA,ABIERTA,MONOLINGUE,DOBLE,FIN DE SEMANA,GUATEMALA NORTE
00-01-9717-45,01-403,CIUDAD CAPITAL,ZONA 1,LICEO GIORDANO BRUNO,3A. AVENIDA 13-49,22305411,CARLOS HUMBERTO GONZÁLEZ DE LEÓN,,BASICO,PRIVADO,URBANA,CERRADA TEMPORALMENTE,MONOLINGUE,DOBLE,FIN DE SEMANA,GUATEMALA NORTE
00-01-9718-46,01-403,CIUDAD CAPITAL,ZONA 1,LICEO GIORDANO BRUNO,3A. AVENIDA 13-49,22305411,CARLOS HUMBERTO GONZÁLEZ DE LEÓN,,DIVERSIFICADO,PRIVADO,URBANA,CERRADA TEMPORALMENTE,MONOLINGUE,DOBLE,FIN DE SEMANA,GUATEMALA NORTE
00-01-9719-46,01-312,CIUDAD CAPITAL,ZONA 1,LICEO GIORDANO BRUNO,3A. AVENIDA 13-49,22305411,AMADO  SALOMON FLORES PEREZ,,DIVERSIFICADO,PRIVADO,URBANA,CERRADA TEMPORALMENTE,MONOLINGUE,VESPERTINA,DIARIO(REGULAR),GUATEMALA NORTE
00-01-9722-42,01-312,CIUDAD CAPITAL,ZONA 1,LICEO GIORDANO BRUNO,3A. AVENIDA 13-49,22305411,AMADO  SALOMON FLORES PEREZ,,PARVULOS,PRIVADO,URBANA,CERRADA TEMPORALMENTE,MONOLINGUE,MATUTINA,DIARIO(REGULAR),GUATEMALA NORTE
00-01-9723-43,01-312,CIUDAD CAPITAL,ZONA 1,LICEO GIORDANO BRUNO,3A. AVENIDA 13-49,22305411,AMADO  SALOMON FLORES PEREZ,,PRIMARIA,PRIVADO,URBANA,CERRADA TEMPORALMENTE,MONOLINGUE,MATUTINA,DIARIO(REGULAR),GUATEMALA NORTE
00-01-9724-45,01-312,CIUDAD CAPITAL,ZONA 1,LICEO GIORDANO BRUNO,3A. AVENIDA 13-49,22305411,AMADO  SALOMON FLORES PEREZ,,BASICO,PRIVADO,URBANA,CERRADA TEMPORALMENTE,MONOLINGUE,MATUTINA,DIARIO(REGULAR),GUATEMALA NORTE
00-01-9725-46,01-312,CIUDAD CAPITAL,ZONA 1,LICEO GIORDANO BRUNO,3A. AVENIDA 13-49,22305411,AMADO  SALOMON FLORES PEREZ,,DIVERSIFICADO,PRIVADO,URBANA,CERRADA TEMPORALMENTE,MONOLINGUE,MATUTINA,DIARIO(REGULAR),GUATEMALA NORTE
00-01-9727-45,01-312,CIUDAD CAPITAL,ZONA 1,LICEO GIORDANO BRUNO,3A. AVENIDA 13-49,22305411,AMADO  SALOMON FLORES PEREZ,,BASICO,PRIVADO,URBANA,CERRADA TEMPORALMENTE,MONOLINGUE,VESPERTINA,DIARIO(REGULAR),GUATEMALA NORTE
00-01-9731-42,01-01-0044,CIUDAD CAPITAL,ZONA 1,CENTRO EDUCATIVO 'REAL DEL BOSQUE',15 CALLE  A  10-36,22322695,MARIANO DOMINGO ESTRADA TELETOR,,PARVULOS,PRIVADO,URBANA,ABIERTA,MONOLINGUE,MATUTINA,DIARIO(REGULAR),GUATEMALA NORTE
00-01-9732-43,01-01-0044,CIUDAD CAPITAL,ZONA 1,CENTRO EDUCATIVO 'REAL DEL BOSQUE',15 CALLE  A  10-36,22322695,MARIANO DOMINGO ESTRADA TELETOR,,PRIMARIA,PRIVADO,URBANA,ABIERTA,MONOLINGUE,MATUTINA,DIARIO(REGULAR),GUATEMALA NORTE
00-01-9741-42,01-01-0048,CIUDAD CAPITAL,ZONA 1,CENTRO DE ESTUDIOS WINBRIDGE,8A. CALLE 2-40,22324201,AMADO SALOMON FLORES PEREZ,MYRIAM ANTONIETA DIAZ CANO,PARVULOS,PRIVADO,URBANA,ABIERTA,MONOLINGUE,MATUTINA,DIARIO(REGULAR),GUATEMALA NORTE
00-01-9744-45,01-307,CIUDAD CAPITAL,ZONA 1,COLEGIO TENICO RENOIR,3A. AVENIDA 6-10,22327654-22306279,NORMA ARACELY PALOMO FRANCO DE DIAZ,,BASICO,PRIVADO,URBANA,CERRADA TEMPORALMENTE,MONOLINGUE,MATUTINA,DIARIO(REGULAR),GUATEMALA NORTE
00-01-9745-46,01-307,CIUDAD CAPITAL,ZONA 1,COLEGIO TECNICO RENOIR,3A. AVENIDA 6-10,22327654-22306279,NORMA ARACELY PALOMO FRANCO DE DIAZ,,DIVERSIFICADO,PRIVADO,URBANA,CERRADA TEMPORALMENTE,MONOLINGUE,MATUTINA,DIARIO(REGULAR),GUATEMALA NORTE
00-01-9773-46,01-01-0037,CIUDAD CAPITAL,ZONA 1,INSTITUTO  GUILLERMO PUTZEYS ÁLVAREZ,11 CALLE 3-59,24637777,CARLOS HUMBERTO GONZALEZ DE LEON,JOSÉ RODERICO TELLO TELLO,DIVERSIFICADO,PRIVADO,URBANA,ABIERTA,MONOLINGUE,DOBLE,FIN DE SEMANA,GUATEMALA NORTE
00-01-9780-46,01-01-0037,CIUDAD CAPITAL,ZONA 1,COLEGIO  VALVERDE NO.2,4A. AVENIDA 4-49,22093200,CARLOS HUMBERTO GONZALEZ DE LEON,SARA LIZBETH COLINDRES MILIÁN,DIVERSIFICADO,PRIVADO,URBANA,ABIERTA,MONOLINGUE,DOBLE,FIN DE SEMANA,GUATEMALA NORTE
00-01-9781-46,01-01-0037,CIUDAD CAPITAL,ZONA 1,LICEO GUATEMALTECO DE COMPUTACION,4A. AVENIDA 15-57,22326419,CARLOS HUMBERTO GONZALEZ DE LEON,LUZ ELENA GARCIA GALVEZ,DIVERSIFICADO,PRIVADO,URBANA,CERRADA TEMPORALMENTE,MONOLINGUE,DOBLE,FIN DE SEMANA,GUATEMALA NORTE
00-01-9782-45,01-01-0026,CIUDAD CAPITAL,ZONA 1,"INSTITUTO NORMAL CENTRO AMERICA, SECCION VESPERTINA",1A. CALLE  C  2-29,22518431,LUDIBEL AMARILIS GALICIA DE FLORES,FERNANDO MAURICIO RUANO MARROQUIN,BASICO,OFICIAL,URBANA,ABIERTA,MONOLINGUE,VESPERTINA,DIARIO(REGULAR),GUATEMALA NORTE
00-01-9784-42,01-303,CIUDAD CAPITAL,ZONA 1,JARDIN INFANTIL 'MI SEGUNDA CASITA',1A. CALLE 'B' 17-28,22531631,GLORIA GABRIELA LARIOS GARCÍA,,PARVULOS,PRIVADO,URBANA,CERRADA TEMPORALMENTE,MONOLINGUE,MATUTINA,DIARIO(REGULAR),GUATEMALA NORTE
00-01-9788-46,01-01-0040,CIUDAD CAPITAL,ZONA 1,COLEGIO VALVERDE NO.2,4A. AVENIDA 4-49,22093200,AMADO SALOMON FLORES PEREZ,SARA LIZBETH COLINDRES MILIÁN,DIVERSIFICADO,PRIVADO,URBANA,ABIERTA,MONOLINGUE,MATUTINA,DIARIO(REGULAR),GUATEMALA NORTE
00-01-9789-46,01-01-0040,CIUDAD CAPITAL,ZONA 1,COLEGIO VALVERDE NO.2,4A. AVENIDA 4-49,22093200,AMADO SALOMON FLORES PEREZ,SARA LIZBETH COLINDRES MILIÁN,DIVERSIFICADO,PRIVADO,URBANA,ABIERTA,MONOLINGUE,MATUTINA,DIARIO(REGULAR),GUATEMALA NORTE
00-01-9790-46,01-01-0040,CIUDAD CAPITAL,ZONA 1,COLEGIO  VALVERDE NO.2,4A. AVENIDA 4-49,22093200,AMADO SALOMON FLORES PEREZ,SARA LIZBETH COLINDRES MILIÁN,DIVERSIFICADO,PRIVADO,URBANA,ABIERTA,MONOLINGUE,DOBLE,DIARIO(REGULAR),GUATEMALA NORTE
00-01-9792-46,99-001,CIUDAD CAPITAL,ZONA 1,COLEGIO GUATEMALA,6A. AVENIDA,,SILVIA EUGENIA VALDEZ MONTERROSO DE CARBALLO,,DIVERSIFICADO,PRIVADO,URBANA,TEMPORAL TITULOS,MONOLINGUE,VESPERTINA,DIARIO(REGULAR),GUATEMALA NORTE
00-01-9798-46,99-001,CIUDAD CAPITAL,ZONA 1,INSTITUTO GUATEMALA (GUATEMALA INSTITUTE),"11 CALLE 2-52, ZONA 1",22067425,SILVIA EUGENIA VALDEZ MONTERROSO DE CARBALLO,----,DIVERSIFICADO,PRIVADO,URBANA,TEMPORAL TITULOS,MONOLINGUE,MATUTINA,DIARIO(REGULAR),GUATEMALA NORTE
00-01-9803-46,99-001,CIUDAD CAPITAL,ZONA 1,INSTITUTO MODELO,CIUDAD GUATEMALA,,SILVIA EUGENIA VALDEZ MONTERROSO DE CARBALLO,ENMY GLANDYS SALAZAR AJSIJTUJ,DIVERSIFICADO,PRIVADO,URBANA,TEMPORAL TITULOS,MONOLINGUE,MATUTINA,DIARIO(REGULAR),GUATEMALA NORTE
00-01-9804-46,99-001,CIUDAD CAPITAL,ZONA 1,LICEO PANAMERICANO,11 CALLE,,SILVIA EUGENIA VALDEZ MONTERROSO DE CARBALLO,,DIVERSIFICADO,PRIVADO,URBANA,TEMPORAL TITULOS,MONOLINGUE,MATUTINA,DIARIO(REGULAR),GUATEMALA NORTE
00-01-9811-42,01-01-0026,CIUDAD CAPITAL,ZONA 1,EODP ANEXA A EOUM  COMPLEJO ESCOLAR PARA LA PAZ,3A. AVENIDA 1-46,22201194,LUDIBEL AMARILIS GALICIA DE FLORES,MARÍA MAGDALENA COYOY Y COYOY,PARVULOS,OFICIAL,URBANA,ABIERTA,MONOLINGUE,VESPERTINA,DIARIO(REGULAR),GUATEMALA NORTE
00-01-9812-43,01-01-0032,CIUDAD CAPITAL,ZONA 1,CENTRO HUMANISTA DE ESTUDIOS TECNOLOGICOS ABRAHAM MASLOW,"1A. CALLE C 20-32, COLONIA LAS VICTORIAS",22510952,LUDIBEL AMARILIS GALICIA DE FLORES,NORMA DE LAS MERCEDES LÓPEZ CASTILLO,PRIMARIA,PRIVADO,URBANA,ABIERTA,MONOLINGUE,MATUTINA,DIARIO(REGULAR),GUATEMALA NORTE
00-01-9813-45,01-01-0032,CIUDAD CAPITAL,ZONA 1,CENTRO HUMANISTA DE ESTUDIOS TECNOLOGICOS ABRAHAM MASLOW,"1A. CALLE C 20-32, COLONIA LAS VICTORIAS",22510952,LUDIBEL AMARILIS GALICIA DE FLORES,NORMA  CASTILLO DURÁN,BASICO,PRIVADO,URBANA,ABIERTA,MONOLINGUE,MATUTINA,DIARIO(REGULAR),GUATEMALA NORTE
00-01-9814-46,01-01-0032,CIUDAD CAPITAL,ZONA 1,CENTRO HUMANISTA DE ESTUDIOS TECNOLOGICOS ABRAHAM MASLOW,"1A. CALLE C 20-32, COLONIA LAS VICTORIAS",22510952,LUDIBEL AMARILIS GALICIA DE FLORES,NORMA  CASTILLO DURÁN,DIVERSIFICADO,PRIVADO,URBANA,ABIERTA,MONOLINGUE,MATUTINA,DIARIO(REGULAR),GUATEMALA NORTE
00-01-9815-45,01-01-0039,CIUDAD CAPITAL,ZONA 1,CENTRO HUMANISTA DE ESTUDIOS TECNOLOGICOS ABRAHAM MASLOW,"1A. CALLE C 20-32, COLONIA LAS VICTORIAS",22510952,CARLOS HUMBERTO GONZALEZ DE LEON,NORMA  CASTILLO DURÁN,BASICO,PRIVADO,URBANA,ABIERTA,MONOLINGUE,DOBLE,FIN DE SEMANA,GUATEMALA NORTE
00-01-9816-46,01-01-0039,CIUDAD CAPITAL,ZONA 1,CENTRO HUMANISTA DE ESTUDIOS TECNOLOGICOS ABRAHAM MASLOW,"1A. CALLE C 20-32, COLONIA LAS VICTORIAS",22510952,CARLOS HUMBERTO GONZALEZ DE LEON,NORMA  CASTILLO DURÁN,DIVERSIFICADO,PRIVADO,URBANA,ABIERTA,MONOLINGUE,DOBLE,FIN DE SEMANA,GUATEMALA NORTE
00-01-9817-46,01-01-0039,CIUDAD CAPITAL,ZONA 1,CENTRO HUMANISTA DE ESTUDIOS TECNOLOGICOS ABRAHAM MASLOW,"1A. CALLE C 20-32, COLONIA LAS VICTORIAS",22510952,CARLOS HUMBERTO GONZALEZ DE LEON,NORMA  CASTILLO DURÁN,DIVERSIFICADO,PRIVADO,URBANA,ABIERTA,MONOLINGUE,DOBLE,FIN DE SEMANA,GUATEMALA NORTE
00-01-9821-46,01-316,CIUDAD CAPITAL,ZONA 1,INSTITUTO TECNOLOGICO  FRANCISCO MARROQUIN,8A. CALLE 0-30,22321894,LILIAN YOLANDA RODRIGUEZ PINTO DE CASTRO,---,DIVERSIFICADO,PRIVADO,URBANA,CERRADA TEMPORALMENTE,MONOLINGUE,MATUTINA,DIARIO(REGULAR),GUATEMALA NORTE
00-01-9822-42,01-01-0048,CIUDAD CAPITAL,ZONA 1,JARDIN INFANTIL 'LA CASITA DE LOS POLLITOS',8A. CALLE 0-23,22380700,AMADO SALOMON FLORES PEREZ,ERIKA ANABELLA MANSILLA MEJÍA,PARVULOS,PRIVADO,URBANA,ABIERTA,MONOLINGUE,MATUTINA,DIARIO(REGULAR),GUATEMALA NORTE
00-01-9823-43,01-01-0048,CIUDAD CAPITAL,ZONA 1,JARDIN INFANTIL 'LA CASITA DE LOS POLLITOS',8A. CALLE 0-23,22380700,AMADO SALOMON FLORES PEREZ,ERIKA ANABELLA MANSILLA MEJÍA,PRIMARIA,PRIVADO,URBANA,ABIERTA,MONOLINGUE,MATUTINA,DIARIO(REGULAR),GUATEMALA NORTE
00-01-9824-45,01-01-0048,CIUDAD CAPITAL,ZONA 1,LICEO VICTORIA Y LIBERTAD,8A. CALLE 0-23,22380700,AMADO SALOMON FLORES PEREZ,ERIKA ANABELLA MANSILLA MEJÍA,BASICO,PRIVADO,URBANA,ABIERTA,MONOLINGUE,MATUTINA,DIARIO(REGULAR),GUATEMALA NORTE
00-01-9825-46,01-01-0048,CIUDAD CAPITAL,ZONA 1,LICEO VICTORIA Y LIBERTAD,8A. CALLE 0-23,22380700,AMADO SALOMON FLORES PEREZ,ERIKA ANABELLA MANSILLA MEJÍA,DIVERSIFICADO,PRIVADO,URBANA,ABIERTA,MONOLINGUE,MATUTINA,DIARIO(REGULAR),GUATEMALA NORTE
00-01-9829-46,99-001,CIUDAD CAPITAL,ZONA 1,LICEO PANAMERICANO,11 CALLE Y 6A. AVENIDA,,SILVIA EUGENIA VALDEZ MONTERROSO DE CARBALLO,,DIVERSIFICADO,PRIVADO,URBANA,TEMPORAL TITULOS,MONOLINGUE,VESPERTINA,DIARIO(REGULAR),GUATEMALA NORTE
00-01-9830-46,99-001,CIUDAD CAPITAL,ZONA 1,COLEGIO SECRETARIAL GUATEMALTECO,5A. CALLE 0-26,,SILVIA EUGENIA VALDEZ MONTERROSO DE CARBALLO,,DIVERSIFICADO,PRIVADO,URBANA,TEMPORAL TITULOS,MONOLINGUE,DOBLE,FIN DE SEMANA,GUATEMALA NORTE
00-01-9831-46,99-001,CIUDAD CAPITAL,ZONA 1,LICEO JOSE DE SAN MARTIN,6A. AVENIDA 1-73,,SILVIA EUGENIA VALDEZ MONTERROSO DE CARBALLO,,DIVERSIFICADO,PRIVADO,URBANA,TEMPORAL TITULOS,MONOLINGUE,MATUTINA,DIARIO(REGULAR),GUATEMALA NORTE
00-01-9832-43,01-01-0048,CIUDAD CAPITAL,ZONA 1,CENTRO DE EDUCACIÓN CONTINUADA PARA ADOLESCENTES CON DISCAPACIDAD AUDITIVA,2A. AVENIDA 8-53,22534953,AMADO SALOMON FLORES PEREZ,SANDRA MARISOL CORDÓN SALGUERO,PRIMARIA,PRIVADO,URBANA,ABIERTA,MONOLINGUE,MATUTINA,DIARIO(REGULAR),GUATEMALA NORTE
00-01-9836-46,01-317,CIUDAD CAPITAL,ZONA 1,LICEO DE COMPUTACION SIGLO 21 NO.3,13 CALLE 9-60,22211863-22211864,MARIANO DOMINGO ESTRADA TELETOR,,DIVERSIFICADO,PRIVADO,URBANA,CERRADA DEFINITIVAMENTE,MONOLINGUE,DOBLE,DIARIO(REGULAR),GUATEMALA NORTE
00-01-9837-45,01-308,CIUDAD CAPITAL,ZONA 1,CENTRO EDUCATIVO 'REAL DEL BOSQUE',15 CALLE 'A' 10-36,22322695,JORGE MYNOR SOL HERNÁNDEZ,,BASICO,PRIVADO,URBANA,CERRADA TEMPORALMENTE,MONOLINGUE,VESPERTINA,DIARIO(REGULAR),GUATEMALA NORTE
00-01-9838-46,01-308,CIUDAD CAPITAL,ZONA 1,CENTRO EDUCATIVO 'REAL DEL BOSQUE',15 CALLE 'A' 10-36,22322695,JORGE MYNOR SOL HERNÁNDEZ,,DIVERSIFICADO,PRIVADO,URBANA,CERRADA TEMPORALMENTE,MONOLINGUE,VESPERTINA,DIARIO(REGULAR),GUATEMALA NORTE
00-01-9846-46,01-01-0031,CIUDAD CAPITAL,ZONA 1,LICEO MONTECARLO,4A. AVENIDA  2-28,58229935,LUDIBEL AMARILIS GALICIA DE FLORES,YOMARA DONINELI MALDONADO QUIROA,DIVERSIFICADO,PRIVADO,URBANA,ABIERTA,MONOLINGUE,DOBLE,DIARIO(REGULAR),GUATEMALA NORTE
00-01-9849-46,01-403,CIUDAD CAPITAL,ZONA 1,LICEO CLASICO EN COMPUTACION,4A. CALLE 5-52,23041515,CARLOS HUMBERTO GONZÁLEZ DE LEÓN,,DIVERSIFICADO,PRIVADO,URBANA,CERRADA TEMPORALMENTE,MONOLINGUE,DOBLE,FIN DE SEMANA,GUATEMALA NORTE
00-01-9850-46,01-01-0033,CIUDAD CAPITAL,ZONA 1,LICEO CLASICO EN COMPUTACION,4A. CALLE 5-52,44728526,CARLOS HUMBERTO GONZALEZ DE LEON,MIGUEL ALFONSO LEMUS ALTÁN,DIVERSIFICADO,PRIVADO,URBANA,ABIERTA,MONOLINGUE,NOCTURNA,DIARIO(REGULAR),GUATEMALA NORTE
00-01-9851-43,01-316,CIUDAD CAPITAL,ZONA 1,CEES ANEXO A EOUM LABORATORIO NO.2,10A. CALLE 2-37,22323589,LILIAN YOLANDA RODRIGUEZ PINTO DE CASTRO,,PRIMARIA,OFICIAL,URBANA,TEMPORAL NOMBRAMIENTO,MONOLINGUE,MATUTINA,DIARIO(REGULAR),GUATEMALA NORTE
00-02-0001-45,01-01-0001,CIUDAD CAPITAL,ZONA 2,COLEGIO DE SEÑORITAS SANTA INES,7A. AVENIDA 7-71,22541047,LUCRECIA MARISOL CERMEÑO GONZÁLEZ,CAROLINA BEATRIZ TURCIOS MALDONADO,BASICO,PRIVADO,URBANA,ABIERTA,MONOLINGUE,MATUTINA,DIARIO(REGULAR),GUATEMALA NORTE
00-02-0002-42,01-301,CIUDAD CAPITAL,ZONA 2,COLEGIO MIXTO PRIVADO EL DEBER,"AVENIDA SIMEON CAÑAS, 06-11",22541365,LUCRECIA MARISOL CERMEÑO GONZÁLEZ,MARIA ELENA CEBALLOS GUTIERREZ,PARVULOS,PRIVADO,URBANA,CERRADA TEMPORALMENTE,MONOLINGUE,MATUTINA,DIARIO(REGULAR),GUATEMALA NORTE
00-02-0003-43,01-301,CIUDAD CAPITAL,ZONA 2,COLEGIO MIXTO PRIVADO EL DEBER,"AVENIDA SIMEON CAÑAS, 06-11",22541365,LUCRECIA MARISOL CERMEÑO GONZÁLEZ,MARIA ELENA CEBALLOS DE RODRIGUEZ,PRIMARIA,PRIVADO,URBANA,CERRADA TEMPORALMENTE,MONOLINGUE,MATUTINA,DIARIO(REGULAR),GUATEMALA NORTE
00-02-0004-45,01-301,CIUDAD CAPITAL,ZONA 2,COLEGIO MIXTO PRIVADO EL DEBER,"AVENIDA SIMEON CAÑAS, 06-11",22541365,LUCRECIA MARISOL CERMEÑO GONZÁLEZ,MARIA ELENA CEBALLOS GUTIERREZ,BASICO,PRIVADO,URBANA,CERRADA TEMPORALMENTE,MONOLINGUE,MATUTINA,DIARIO(REGULAR),GUATEMALA NORTE
00-02-0005-46,01-301,CIUDAD CAPITAL,ZONA 2,COLEGIO MIXTO PRIVADO EL DEBER,"AVENIDA SIMEON CAÑAS, 06-11",22541365,LUCRECIA MARISOL CERMEÑO GONZÁLEZ,MARIA ELENA CEBALLOS GUTIERREZ,DIVERSIFICADO,PRIVADO,URBANA,CERRADA TEMPORALMENTE,MONOLINGUE,MATUTINA,DIARIO(REGULAR),GUATEMALA NORTE
00-02-0006-46,01-101,CIUDAD CAPITAL,ZONA 2,INSTITUTO CULTURAL AMERICANO,7A. AVENIDA,,YENI XIOMARA CRÚZ SARCEÑO,---,DIVERSIFICADO,PRIVADO,URBANA,TEMPORAL TITULOS,MONOLINGUE,DOBLE,FIN DE SEMANA,GUATEMALA NORTE
00-02-0007-43,01-301,CIUDAD CAPITAL,ZONA 2,COLEGIO PRIVADO UNIVERSIDAD INFANTIL,8A. AVENIDA 07-56,,LUCRECIA MARISOL CERMEÑO GONZÁLEZ,ONDINA DEL CARMEN BARRIOS,PRIMARIA,OFICIAL,URBANA,CERRADA DEFINITIVAMENTE,MONOLINGUE,MATUTINA,DIARIO(REGULAR),GUATEMALA NORTE
00-02-0008-45,01-301,CIUDAD CAPITAL,ZONA 2,COLEGIO PRIVADO UNIVERSIDAD INFANTIL,8A. AVENIDA 07-56,22541266,LUCRECIA MARISOL CERMEÑO GONZÁLEZ,,BASICO,PRIVADO,URBANA,CERRADA TEMPORALMENTE,MONOLINGUE,MATUTINA,DIARIO(REGULAR),GUATEMALA NORTE
00-02-0009-42,01-01-0001,CIUDAD CAPITAL,ZONA 2,"EODP ANEXA A EOUM ""DELFINO SANCHEZ""","12 AVENIDA ""B"" 8-41",22891347,LUCRECIA MARISOL CERMEÑO GONZÁLEZ,HECTOR GERARDO MUÑIZ BONILLA,PARVULOS,OFICIAL,URBANA,ABIERTA,MONOLINGUE,VESPERTINA,DIARIO(REGULAR),GUATEMALA NORTE
00-02-0010-43,01-01-0002,CIUDAD CAPITAL,ZONA 2,COLEGIO CRISTIANO EN TECNOLOGIA INFANTIL,4A. CALLE 7-558,22886988,LUCRECIA MARISOL CERMEÑO GONZÁLEZ,KARLA MERCEDES PINEDA CHÁVEZ,PRIMARIA,PRIVADO,URBANA,ABIERTA,MONOLINGUE,MATUTINA,DIARIO(REGULAR),GUATEMALA NORTE
00-02-0011-42,01-01-0002,CIUDAD CAPITAL,ZONA 2,COLEGIO CRISTIANO EN TECNOLOGIA INFANTIL,4A. CALLE 7-558,22886988,LUCRECIA MARISOL CERMEÑO GONZÁLEZ,KARLA MERCEDES PINEDA CHÁVEZ,PARVULOS,PRIVADO,URBANA,ABIERTA,MONOLINGUE,MATUTINA,DIARIO(REGULAR),GUATEMALA NORTE
00-02-0012-46,01-101,CIUDAD CAPITAL,ZONA 2,"COLEGIO EVANGELICO MIXTO ""LA PATRIA""",ZONA 2,,YENI XIOMARA CRÚZ SARCEÑO,---,DIVERSIFICADO,PRIVADO,URBANA,CERRADA DEFINITIVAMENTE,MONOLINGUE,VESPERTINA,DIARIO(REGULAR),GUATEMALA NORTE
00-02-0013-46,01-102,CIUDAD CAPITAL,ZONA 2,INSTITUTO MIXTO DE COMPUTACION IXCHEL,7A. AVENIDA ZONA 2,,ZIZI ARELY LOPEZ CHINCHILLA,---,DIVERSIFICADO,PRIVADO,URBANA,CERRADA DEFINITIVAMENTE,MONOLINGUE,NOCTURNA,DIARIO(REGULAR),GUATEMALA NORTE
00-02-0014-46,01-01-0002,CIUDAD CAPITAL,ZONA 2,"CENTRO EDUCATIVO ROTARIO ""BENITO JUAREZ""",4A. CALLE 8-80,22549485,LUCRECIA MARISOL CERMEÑO GONZÁLEZ,MAYRA LISSETTE SIERRA MORALES,DIVERSIFICADO,PRIVADO,URBANA,ABIERTA,MONOLINGUE,MATUTINA,DIARIO(REGULAR),GUATEMALA NORTE
00-02-0015-42,01-301,CIUDAD CAPITAL,ZONA 2,"COLEGIO AIRE, SOL Y AGUA",AVENIDA SIMEON CAÑAS 9-49,22703390,LUCRECIA MARISOL CERMEÑO GONZÁLEZ,MARIA JOSE VEGA LOPEZ,PARVULOS,PRIVADO,URBANA,CERRADA TEMPORALMENTE,MONOLINGUE,MATUTINA,DIARIO(REGULAR),GUATEMALA NORTE
00-02-0016-44,01-403,CIUDAD CAPITAL,ZONA 2,"COLEGIO DE NIÑAS ""SANTA INES""",7A. AVENIDA 7-71,22541047,CARLOS HUMBERTO GONZÁLEZ DE LEÓN,ELSA CEREZO SISNIEGA,PRIMARIA DE ADULTOS,PRIVADO,URBANA,CERRADA TEMPORALMENTE,MONOLINGUE,DOBLE,FIN DE SEMANA,GUATEMALA NORTE
00-02-0017-45,01-403,CIUDAD CAPITAL,ZONA 2,"COLEGIO DE NIÑAS ""SANTA INES""",7A. AVENIDA 7-71,22541047,CARLOS HUMBERTO GONZÁLEZ DE LEÓN,ELSA CEREZO SISNIEGA,BASICO,PRIVADO,URBANA,CERRADA TEMPORALMENTE,MONOLINGUE,DOBLE,FIN DE SEMANA,GUATEMALA NORTE
00-02-0018-46,01-403,CIUDAD CAPITAL,ZONA 2,"COLEGIO DE NIÑAS ""SANTA INES""",7A. AVENIDA 7-71,22541047,CARLOS HUMBERTO GONZÁLEZ DE LEÓN,ELSA CEREZO SISNIEGA,DIVERSIFICADO,PRIVADO,URBANA,CERRADA TEMPORALMENTE,MONOLINGUE,DOBLE,FIN DE SEMANA,GUATEMALA NORTE
00-02-0019-46,01-402,CIUDAD CAPITAL,ZONA 2,"COLEGIO ""SAN ANGEL""",14 CALLE 11-06 ZONA 2,22540314,CARLOS HUMBERTO GONZALEZ DE LEON,AURA ESTELA MONTUFAR LUNA DE HERNANDEZ,DIVERSIFICADO,PRIVADO,URBANA,CERRADA DEFINITIVAMENTE,MONOLINGUE,DOBLE,FIN DE SEMANA,GUATEMALA NORTE
00-02-0020-45,01-01-0001,CIUDAD CAPITAL,ZONA 2,CENTRO EDUCATIVO ESPERANZA JUVENIL,"12 AVENIDA 16-32, CIUDAD NUEVA",22549911,LUCRECIA MARISOL CERMEÑO GONZÁLEZ,WENDY EUGENIA CRUZ MALDONADO,BASICO,PRIVADO,URBANA,ABIERTA,MONOLINGUE,MATUTINA,DIARIO(REGULAR),GUATEMALA NORTE
00-02-0021-42,01-01-0002,CIUDAD CAPITAL,ZONA 2,CENTRO DE ESTUDIOS DIVERSIFICADOS CED,AVENIDA SIMEON CAÑAS 10-61 ZONA 2,24111800,LUCRECIA MARISOL CERMEÑO GONZÁLEZ,MIRTALA  SÁNCHEZ JUÁREZ,PARVULOS,PRIVADO,URBANA,ABIERTA,MONOLINGUE,MATUTINA,DIARIO(REGULAR),GUATEMALA NORTE
00-02-0022-43,01-01-0002,CIUDAD CAPITAL,ZONA 2,CENTRO DE ESTUDIOS DIVERSIFICADOS CED,AVENIDA SIMEON CAÑAS 10-61 ZONA 2,24111800,LUCRECIA MARISOL CERMEÑO GONZÁLEZ,MIRTALA  SÁNCHEZ JUÁREZ,PRIMARIA,PRIVADO,URBANA,ABIERTA,MONOLINGUE,MATUTINA,DIARIO(REGULAR),GUATEMALA NORTE
00-02-0023-46,01-301,CIUDAD CAPITAL,ZONA 2,LICEO CRISTIANO EXXITTO,AVENIDA SIMEON CAÑAS 7-73,22884422,LUCRECIA MARISOL CERMEÑO GONZÁLEZ,LESBIA LETICIA SANDOVAL ORELLANA,DIVERSIFICADO,PRIVADO,URBANA,CERRADA DEFINITIVAMENTE,MONOLINGUE,MATUTINA,DIARIO(REGULAR),GUATEMALA NORTE
00-02-0024-45,01-301,CIUDAD CAPITAL,ZONA 2,LICEO CRISTIANO EXXITTO,AVENIDA SIMEON CAÑAS 7-73,22884422,LUCRECIA MARISOL CERMEÑO GONZÁLEZ,LESBIA LETICIA SANDOVAL ORELLANA,BASICO,PRIVADO,URBANA,CERRADA TEMPORALMENTE,MONOLINGUE,MATUTINA,DIARIO(REGULAR),GUATEMALA NORTE
00-02-0025-45,01-403,CIUDAD CAPITAL,ZONA 2,LICEO CRISTIANO EXXITTO,AVENIDA SIMEON CAÑAS 7-73,22329566,CARLOS HUMBERTO GONZÁLEZ DE LEÓN,LESBIA LETICIA SANDOVAL ORELLANA,BASICO,PRIVADO,URBANA,CERRADA TEMPORALMENTE,MONOLINGUE,DOBLE,FIN DE SEMANA,GUATEMALA NORTE
00-02-0026-45,01-403,CIUDAD CAPITAL,ZONA 2,LICEO CRISTIANO EXXITTO,AVENIDA SIMEON CAÑAS 7-73,22884422,CARLOS HUMBERTO GONZÁLEZ DE LEÓN,LESBIA LETICIA SANDOVAL ORELLANA,BASICO,PRIVADO,URBANA,CERRADA TEMPORALMENTE,MONOLINGUE,DOBLE,FIN DE SEMANA,GUATEMALA NORTE
00-02-0027-46,01-403,CIUDAD CAPITAL,ZONA 2,LICEO CRISTIANO EXXITTO,AVENIDA SIMEÓN CAÑAS 7-73,22884422,CARLOS HUMBERTO GONZÁLEZ DE LEÓN,LESBIA LETICIA SANDOVAL ORELLANA,DIVERSIFICADO,PRIVADO,URBANA,CERRADA TEMPORALMENTE,MONOLINGUE,DOBLE,FIN DE SEMANA,GUATEMALA NORTE
00-02-0028-46,01-403,CIUDAD CAPITAL,ZONA 2,LICEO CRISTIANO EXXITTO,AVENIDA SIMEON CAÑAS 7-73,22884422,CARLOS HUMBERTO GONZÁLEZ DE LEÓN,LESBIA LETICIA SANDOVAL ORELLANA,DIVERSIFICADO,PRIVADO,URBANA,CERRADA TEMPORALMENTE,MONOLINGUE,DOBLE,FIN DE SEMANA,GUATEMALA NORTE
00-02-0029-44,01-403,CIUDAD CAPITAL,ZONA 2,COLEGIO EVANGELICO MIXTO LA PATRIA,7A AVENIDA 7-38,22541037,CARLOS HUMBERTO GONZÁLEZ DE LEÓN,ERIKA MARIA OLIVA CITAN,PRIMARIA DE ADULTOS,PRIVADO,URBANA,CERRADA TEMPORALMENTE,MONOLINGUE,DOBLE,FIN DE SEMANA,GUATEMALA NORTE
00-02-0030-45,01-403,CIUDAD CAPITAL,ZONA 2,COLEGIO EVANGELICO MIXTO LA PATRIA,7A AVENIDA 7-38,22541037,CARLOS HUMBERTO GONZÁLEZ DE LEÓN,SABRINA MIREA RAMIREZ CARRERA,BASICO,PRIVADO,URBANA,CERRADA TEMPORALMENTE,MONOLINGUE,DOBLE,FIN DE SEMANA,GUATEMALA NORTE
00-02-0031-46,01-403,CIUDAD CAPITAL,ZONA 2,COLEGIO EVANGELICO MIXTO LA PATRIA,7A AVENIDA 7-38,22541037,CARLOS HUMBERTO GONZÁLEZ DE LEÓN,SABRINA MIREA RAMIREZ CARRERA,DIVERSIFICADO,PRIVADO,URBANA,CERRADA TEMPORALMENTE,MONOLINGUE,DOBLE,FIN DE SEMANA,GUATEMALA NORTE
00-02-0032-46,01-403,CIUDAD CAPITAL,ZONA 2,COLEGIO EVANGELICO MIXTO LA PATRIA,7A AVENIDA 7-38,22541309,CARLOS HUMBERTO GONZÁLEZ DE LEÓN,MARIO SAMUEL FERNANDEZ RIVERA,DIVERSIFICADO,PRIVADO,URBANA,CERRADA TEMPORALMENTE,MONOLINGUE,DOBLE,FIN DE SEMANA,GUATEMALA NORTE
00-02-0033-45,01-01-0017,CIUDAD CAPITAL,ZONA 2,COLEGIO EVANGELICO MIXTO LA PATRIA,7A. AVENIDA 7-38,22541191,CARLOS HUMBERTO GONZALEZ DE LEON,SABRINA MIREA RAMIREZ CARRERA,BASICO,PRIVADO,URBANA,ABIERTA,MONOLINGUE,DOBLE,FIN DE SEMANA,GUATEMALA NORTE
00-02-0034-42,01-01-0002,CIUDAD CAPITAL,ZONA 2,COLEGIO HOPE PRESCHOOL,AVENIDA SIMEÓN CAÑAS  7-33,22549770,LUCRECIA MARISOL CERMEÑO GONZÁLEZ,DELMY ARACELY VASQUEZ AGUILAR,PARVULOS,PRIVADO,URBANA,ABIERTA,MONOLINGUE,MATUTINA,DIARIO(REGULAR),GUATEMALA NORTE
00-02-0035-44,01-101,CIUDAD CAPITAL,ZONA 2,CENTRO DE EDUCACION EXTRAESCOLAR -PEAC-,AVENIDA SIMEON CAÑAS 3-37,59225923,YENI XIOMARA CRÚZ SARCEÑO,ROSA GEORGINA RIOS CASTILLO,PRIMARIA DE ADULTOS,OFICIAL,URBANA,CERRADA TEMPORALMENTE,MONOLINGUE,DOBLE,A DISTANCIA,GUATEMALA NORTE
00-02-0036-44,01-101,CIUDAD CAPITAL,ZONA 2,CENTRO DE EDUCACION EXTRAESCOLAR -PEAC-,AVENIDA SIMEON CAÑAS 3-37 ZONA 2,59225923,YENI XIOMARA CRÚZ SARCEÑO,ROSA GEORGINA RIOS CASTILLO,PRIMARIA DE ADULTOS,OFICIAL,URBANA,CERRADA TEMPORALMENTE,MONOLINGUE,DOBLE,DIARIO(REGULAR),GUATEMALA NORTE
00-02-0037-44,01-01-0002,CIUDAD CAPITAL,ZONA 2,CENTRO DE EDUCACION EXTRAESCOLAR -PEAC-,AVENIDA SIMEON CAÑAS 3-37,59225929,LUCRECIA MARISOL CERMEÑO GONZÁLEZ,ROSA GEORGINA RIOS CASTILLO,PRIMARIA DE ADULTOS,OFICIAL,URBANA,ABIERTA,MONOLINGUE,VESPERTINA,DIARIO(REGULAR),GUATEMALA NORTE
00-02-0038-43,01-01-0002,CIUDAD CAPITAL,ZONA 2,COLEGIO EL CASTILLO DE MARIA,"3A. AVENIDA 8-31, EL ZAPOTE",22890451,LUCRECIA MARISOL CERMEÑO GONZÁLEZ,MARÍA DEL ROSARIO OCANO CASTILLO,PRIMARIA,PRIVADO,URBANA,ABIERTA,MONOLINGUE,MATUTINA,DIARIO(REGULAR),GUATEMALA NORTE
00-02-0039-43,01-301,CIUDAD CAPITAL,ZONA 2,COLEGIO EL CASTILLO DE MARIA,"3A. AVENIDA 8-31, EL ZAPOTE",22888906,LUCRECIA MARISOL CERMEÑO GONZÁLEZ,MARÍA DEL ROSARIO OCANO CASTILLO,PRIMARIA,PRIVADO,URBANA,CERRADA TEMPORALMENTE,MONOLINGUE,VESPERTINA,DIARIO(REGULAR),GUATEMALA NORTE
00-02-0040-42,01-01-0002,CIUDAD CAPITAL,ZONA 2,COLEGIO EL CASTILLO DE MARIA,"3A. AVENIDA 8-31, EL ZAPOTE",22890451,LUCRECIA MARISOL CERMEÑO GONZÁLEZ,MARÍA DEL ROSARIO OCANO CASTILLO,PARVULOS,PRIVADO,URBANA,ABIERTA,MONOLINGUE,MATUTINA,DIARIO(REGULAR),GUATEMALA NORTE
00-02-0041-42,01-301,CIUDAD CAPITAL,ZONA 2,COLEGIO EL CASTILLO DE MARIA,"3A. AVENIDA 8-31, EL ZAPOTE",22888906,LUCRECIA MARISOL CERMEÑO GONZÁLEZ,MARÍA DEL ROSARIO OCANO CASTILLO,PARVULOS,PRIVADO,URBANA,CERRADA TEMPORALMENTE,MONOLINGUE,VESPERTINA,DIARIO(REGULAR),GUATEMALA NORTE
00-02-0042-42,01-01-0001,CIUDAD CAPITAL,ZONA 2,"CENTRO DE EDUCACION ESPECIAL ""JEAN PIAGET""",14 AVENIDA 10-71,22091616,LUCRECIA MARISOL CERMEÑO GONZÁLEZ,MARÍA ALEJANDRA AGUILAR SOTO,PARVULOS,PRIVADO,URBANA,ABIERTA,MONOLINGUE,VESPERTINA,DIARIO(REGULAR),GUATEMALA NORTE
00-02-0043-43,01-01-0001,CIUDAD CAPITAL,ZONA 2,CENTRO DE EDUCACION ESPECIAL JEAN PIAGET,14 AVENIDA 10-71,22091616,LUCRECIA MARISOL CERMEÑO GONZÁLEZ,NORA EUGENIA SANTIBAÑEZ CALDERÓN,PRIMARIA,PRIVADO,URBANA,ABIERTA,MONOLINGUE,VESPERTINA,DIARIO(REGULAR),GUATEMALA NORTE
00-02-0044-46,01-01-0001,CIUDAD CAPITAL,ZONA 2,CENTRO DE APRENDIZAJE INTEGRAL EL CEDAPRI VESPERTINO,"13 AVENIDA 10-20, CIUDAD NUEVA",22091616,LUCRECIA MARISOL CERMEÑO GONZÁLEZ,ELSA DELIA CONTRERAS NÁJERA,DIVERSIFICADO,PRIVADO,URBANA,ABIERTA,MONOLINGUE,VESPERTINA,DIARIO(REGULAR),GUATEMALA NORTE
00-02-0045-43,01-301,CIUDAD CAPITAL,ZONA 2,JARDIN INFANTIL LOS PEQUES DE SAN ANGEL,KM. 4.5 CARRETERA CHINAUNTLA 6A. CALLE CASA 241 SAN ANGEL III,22549980,LUCRECIA MARISOL CERMEÑO GONZÁLEZ,PATRICIA DEL ROSARIO SOLARES DE LA ROCA DE MORALES,PRIMARIA,PRIVADO,URBANA,CERRADA TEMPORALMENTE,MONOLINGUE,MATUTINA,DIARIO(REGULAR),GUATEMALA NORTE
00-02-0046-44,01-627,CIUDAD CAPITAL,ZONA 2,"INSTITUTO PRIVADO MIXTO TECNOLÓGICO EXPERIMENTAL VOCACIONAL ""FEDERICO TAYLOR""",7A. AVENIDA 4-38,22201414,ISAURA AMPARO RECINOS CARRILLO,VICTOR MANUEL ESTRADA MARROQUÍN,PRIMARIA DE ADULTOS,PRIVADO,URBANA,CERRADA TEMPORALMENTE,MONOLINGUE,DOBLE,FIN DE SEMANA,GUATEMALA NORTE
00-02-0047-45,01-01-0017,CIUDAD CAPITAL,ZONA 2,"INSTITUTO PRIVADO MIXTO TECNOLOGICO EXPERIMENTAL VOCACIONAL ""FEDERICO TAYLOR""",7A. AVENIDA 4-38,25066767,CARLOS HUMBERTO GONZALEZ DE LEON,VICTOR MANUEL ESTRADA MARROQUÍN,BASICO,PRIVADO,URBANA,ABIERTA,MONOLINGUE,DOBLE,FIN DE SEMANA,GUATEMALA NORTE
00-02-0048-45,01-01-0017,CIUDAD CAPITAL,ZONA 2,"INSTITUTO PRIVADO MIXTO TECNOLOGICO EXPERIMENTAL VOCACIONAL ""FEDERICO TAYLOR""",7A. AVENIDA 4-38,25036767,CARLOS HUMBERTO GONZALEZ DE LEON,VICTOR MANUEL ESTRADA MARROQUÍN,BASICO,PRIVADO,URBANA,ABIERTA,MONOLINGUE,DOBLE,FIN DE SEMANA,GUATEMALA NORTE
00-02-0049-46,01-01-0017,CIUDAD CAPITAL,ZONA 2,"INSTITUTO PRIVADO MIXTO TECNOLOGICO EXPERIMENTAL VOCACIONAL ""FEDERICO TAYLOR""",7A. AVENIDA 4-38,25036767,CARLOS HUMBERTO GONZALEZ DE LEON,VICTOR MANUEL ESTRADA MARROQUÍN,DIVERSIFICADO,PRIVADO,URBANA,ABIERTA,MONOLINGUE,DOBLE,FIN DE SEMANA,GUATEMALA NORTE
00-02-0050-46,01-301,CIUDAD CAPITAL,ZONA 2,COLEGIO MARIANO DE SAN JOSÉ DE LA MONTAÑA,9A. AVENIDA 1-66 ZONA 2,22211889,LUCRECIA MARISOL CERMEÑO GONZÁLEZ,GUILLERMINA MUNGUIA GUZMAN,DIVERSIFICADO,PRIVADO,URBANA,CERRADA TEMPORALMENTE,MONOLINGUE,MATUTINA,DIARIO(REGULAR),GUATEMALA NORTE
00-02-0051-45,01-01-0002,CIUDAD CAPITAL,ZONA 2,COLEGIO CRISTIANO EN TECNOLOGÍA INFANTIL,4A. CALLE 7-58,22886988,LUCRECIA MARISOL CERMEÑO GONZÁLEZ,KARLA MERCEDES PINEDA CHÁVEZ,BASICO,PRIVADO,URBANA,ABIERTA,MONOLINGUE,MATUTINA,DIARIO(REGULAR),GUATEMALA NORTE
00-02-0052-46,01-301,CIUDAD CAPITAL,ZONA 2,LICEO FUENTE DE VIDA,AV. SIMEN CAÑAS 3-37,22067425,LUCRECIA MARISOL CERMEÑO GONZÁLEZ,THELMA ONDINA VASQUEZ REYES,DIVERSIFICADO,PRIVADO,URBANA,CERRADA DEFINITIVAMENTE,MONOLINGUE,MATUTINA,DIARIO(REGULAR),GUATEMALA NORTE
00-02-0053-46,01-301,CIUDAD CAPITAL,ZONA 2,INSTITUTO GUATEMALTECO COMERCIAL,AV. SIMEN CAÑAS 3-37,22067425,LUCRECIA MARISOL CERMEÑO GONZÁLEZ,THELMA ONDINA VASQUEZ,DIVERSIFICADO,PRIVADO,URBANA,CERRADA DEFINITIVAMENTE,MONOLINGUE,VESPERTINA,DIARIO(REGULAR),GUATEMALA NORTE
00-02-0054-46,01-301,CIUDAD CAPITAL,ZONA 2,ESCUELA SISTEMATIZADA EN COMPUTACIÓN,AV. SIMEN CAÑAS 3-37,22067425,LUCRECIA MARISOL CERMEÑO GONZÁLEZ,THELMA ONDINA VASQUEZ,DIVERSIFICADO,PRIVADO,URBANA,CERRADA DEFINITIVAMENTE,MONOLINGUE,MATUTINA,DIARIO(REGULAR),GUATEMALA NORTE
00-02-0055-46,01-301,CIUDAD CAPITAL,ZONA 2,INSTITUTO PRÁCTICO MODERNO,AV. SIMEN CAÑAS 3-37,22067425,LUCRECIA MARISOL CERMEÑO GONZÁLEZ,THELMA ONDINA VASQUEZ,DIVERSIFICADO,PRIVADO,URBANA,CERRADA DEFINITIVAMENTE,MONOLINGUE,MATUTINA,DIARIO(REGULAR),GUATEMALA NORTE
00-02-0056-46,01-301,CIUDAD CAPITAL,ZONA 2,INSTITUTO MIXTO GUATEMALTECO,AVENIDA SIMEON CANAS 3-37,22067425,LUCRECIA MARISOL CERMEÑO GONZÁLEZ,THELMA ONDINA VASQUEZ,DIVERSIFICADO,PRIVADO,URBANA,CERRADA DEFINITIVAMENTE,MONOLINGUE,NOCTURNA,DIARIO(REGULAR),GUATEMALA NORTE
00-02-0057-46,01-301,CIUDAD CAPITAL,ZONA 2,ESCUELA SISTEMATIZADA EN COMPUTACIÓN,AVENIDA SIMEONCAÑAS 3-37,22067425,LUCRECIA MARISOL CERMEÑO GONZÁLEZ,THELMA ONDINA VASQUEZ,DIVERSIFICADO,PRIVADO,URBANA,CERRADA DEFINITIVAMENTE,MONOLINGUE,MATUTINA,DIARIO(REGULAR),GUATEMALA NORTE
00-02-0058-46,01-301,CIUDAD CAPITAL,ZONA 2,INSTITUTO PRÁCTICO MODERNO,AVENIDA SIMEON CAÑAS,22067425,LUCRECIA MARISOL CERMEÑO GONZÁLEZ,THELMA ONDINA VASQUEZ,DIVERSIFICADO,PRIVADO,URBANA,CERRADA DEFINITIVAMENTE,MONOLINGUE,MATUTINA,DIARIO(REGULAR),GUATEMALA NORTE
00-02-0059-46,01-301,CIUDAD CAPITAL,ZONA 2,ESCUELA JUANA DE ARCO MIXTA,AVENIDA SIMEON CAÑAS 3-37,22067425,LUCRECIA MARISOL CERMEÑO GONZÁLEZ,THELMA ONDINA VASQUEZ,DIVERSIFICADO,PRIVADO,URBANA,CERRADA DEFINITIVAMENTE,MONOLINGUE,VESPERTINA,DIARIO(REGULAR),GUATEMALA NORTE
00-02-0060-46,01-301,CIUDAD CAPITAL,ZONA 2,INSTITUTO TÉCNICO PRIVADO AMERICANO,AVENIDA SIMEON CAÑAS 3-37,22067425,LUCRECIA MARISOL CERMEÑO GONZÁLEZ,THELMA ONDINA VASQUEZ,DIVERSIFICADO,PRIVADO,URBANA,CERRADA DEFINITIVAMENTE,MONOLINGUE,MATUTINA,DIARIO(REGULAR),GUATEMALA NORTE
00-02-0061-46,01-301,CIUDAD CAPITAL,ZONA 2,INSTITUTO AMÉRICA,AV. LSIMEN CÑAS 3-37,22067425,LUCRECIA MARISOL CERMEÑO GONZÁLEZ,THELMA ONDINA VASQUEZ,DIVERSIFICADO,PRIVADO,URBANA,CERRADA DEFINITIVAMENTE,MONOLINGUE,MATUTINA,DIARIO(REGULAR),GUATEMALA NORTE
00-02-0062-46,01-301,CIUDAD CAPITAL,ZONA 2,ESCUELA SUPERIOR DE INFORMÁTICA,AV. SIMEON CAÑAS 3-37,22067425,LUCRECIA MARISOL CERMEÑO GONZÁLEZ,THELMA ONDINA  VASQUEZ,DIVERSIFICADO,PRIVADO,URBANA,CERRADA DEFINITIVAMENTE,MONOLINGUE,INTERMEDIA,DIARIO(REGULAR),GUATEMALA NORTE
00-02-0063-46,01-301,CIUDAD CAPITAL,ZONA 2,COLEGIO MIXTO LA ENSEÑANZA,AV. SIMEON CAÑAS 3-37,22067425,LUCRECIA MARISOL CERMEÑO GONZÁLEZ,THELMA ONDINA VASQUEZ,DIVERSIFICADO,PRIVADO,URBANA,CERRADA DEFINITIVAMENTE,MONOLINGUE,VESPERTINA,DIARIO(REGULAR),GUATEMALA NORTE
00-02-0064-46,01-301,CIUDAD CAPITAL,ZONA 2,ESCUELA SUPERIOR DE INFORMÁTICA,AV. SIMEON CAÑAS 3-37,22067425,LUCRECIA MARISOL CERMEÑO GONZÁLEZ,THELMA ONDINA VASQUEZ,DIVERSIFICADO,PRIVADO,URBANA,CERRADA DEFINITIVAMENTE,BILINGUE,DOBLE,FIN DE SEMANA,GUATEMALA NORTE
00-02-0065-46,01-301,CIUDAD CAPITAL,ZONA 2,INSTITUTO MIXTO GUATEMALTECO,AV. SIMEON CAÑAS 3-37,22067425,LUCRECIA MARISOL CERMEÑO GONZÁLEZ,THELMA ONDINA VASQUEZ,DIVERSIFICADO,PRIVADO,URBANA,CERRADA DEFINITIVAMENTE,MONOLINGUE,NOCTURNA,DIARIO(REGULAR),GUATEMALA NORTE
00-02-0066-46,01-301,CIUDAD CAPITAL,ZONA 2,CENTRO DE ESTUDIOS EN CIENCIAS DE LA COMUNICACIÓN,AV. SIMEON CAÑAS 3-37,22067425,LUCRECIA MARISOL CERMEÑO GONZÁLEZ,THELMA ONDINA VASQUEZ,DIVERSIFICADO,PRIVADO,URBANA,CERRADA DEFINITIVAMENTE,MONOLINGUE,VESPERTINA,DIARIO(REGULAR),GUATEMALA NORTE
00-02-0067-46,01-301,CIUDAD CAPITAL,ZONA 2,CENTRO DE ESTUDIOS Y SISTEMAS DE COMPUTACIÓN,AV. SIMEON CAÑAS 3-37,22067425,LUCRECIA MARISOL CERMEÑO GONZÁLEZ,THELMA ONDINA VASQUEZ,DIVERSIFICADO,PRIVADO,URBANA,CERRADA DEFINITIVAMENTE,MONOLINGUE,MATUTINA,DIARIO(REGULAR),GUATEMALA NORTE
00-02-0068-46,01-301,CIUDAD CAPITAL,ZONA 2,INSTITUTO PRIVADO TÉCNICO AMERICANO,AV. SIMEON CAÑAS 3-37,22067425,LUCRECIA MARISOL CERMEÑO GONZÁLEZ,THELMA ONDINA VASQUEZ,DIVERSIFICADO,PRIVADO,URBANA,CERRADA DEFINITIVAMENTE,MONOLINGUE,MATUTINA,DIARIO(REGULAR),GUATEMALA NORTE
00-02-0069-46,01-319,CIUDAD CAPITAL,ZONA 2,INSTITUTO PRÁCTICO MODERNO,AVENIDA SIMENCAÑAS3-37,22067425,ROSSY AMARILIS GARCIA TORRES,THELMA ONDINA VASQUEZ,DIVERSIFICADO,PRIVADO,URBANA,CERRADA DEFINITIVAMENTE,MONOLINGUE,MATUTINA,DIARIO(REGULAR),GUATEMALA NORTE
00-02-0070-46,01-319,CIUDAD CAPITAL,ZONA 2,INSTITUTO AMÉRICA,AVENIDA SIMENCAÑAS 3-37,22067425,ROSSY AMARILIS GARCIA TORRES,THELMA ONDINA VASQUEZ,DIVERSIFICADO,PRIVADO,URBANA,CERRADA DEFINITIVAMENTE,MONOLINGUE,MATUTINA,DIARIO(REGULAR),GUATEMALA NORTE
00-02-0071-46,01-319,CIUDAD CAPITAL,ZONA 2,COLEGIO MIXTO LA ENSEÑANZA,AVENIDA SIMEON CAÑAS -3-37,22067425,ROSSY AMARILIS GARCIA TORRES,THELMA ONDINA VASQUEZ,DIVERSIFICADO,PRIVADO,URBANA,CERRADA DEFINITIVAMENTE,MONOLINGUE,VESPERTINA,DIARIO(REGULAR),GUATEMALA NORTE
00-02-0072-46,01-319,CIUDAD CAPITAL,ZONA 2,ESCUELA SUPERIOR DE INFORMÁTICA,AVENIDA SIMEON CAÑAS,22067425,ROSSY AMARILIS GARCIA TORRES,,DIVERSIFICADO,PRIVADO,URBANA,CERRADA DEFINITIVAMENTE,MONOLINGUE,DOBLE,FIN DE SEMANA,GUATEMALA NORTE
00-02-0073-43,01-01-0001,CIUDAD CAPITAL,ZONA 2,"ESCUELA OFICIAL URBANA PARA  VARONES ""LOS CEDROS""","12 AVENIDA 9-26, CIUDAD NUEVA",22701906,LUCRECIA MARISOL CERMEÑO GONZÁLEZ,LINDA OMERY GÓMEZ DE PAZ,PRIMARIA,OFICIAL,URBANA,ABIERTA,MONOLINGUE,DOBLE,DIARIO(REGULAR),GUATEMALA NORTE
00-02-0074-43,01-01-0001,CIUDAD CAPITAL,ZONA 2,"ESCUELA OFICIAL URBANA PARA NIÑAS ""LAS ROSAS""","12 AVENIDA 9-26, CIUDAD NUEVA",56234012,LUCRECIA MARISOL CERMEÑO GONZÁLEZ,EVELYN AMARILIS BENAVENTE MEZA,PRIMARIA,OFICIAL,URBANA,ABIERTA,MONOLINGUE,DOBLE,DIARIO(REGULAR),GUATEMALA NORTE
00-02-0075-42,01-01-0001,CIUDAD CAPITAL,ZONA 2,"ESCUELA OFICIAL MIXTA DE PÁRVULOS ""LOS PATITOS""","12 AVENIDA 9-26, CIUDAD NUEVA",22886080,LUCRECIA MARISOL CERMEÑO GONZÁLEZ,ANGELA GABRIELA ALDANA CANDIDO,PARVULOS,OFICIAL,URBANA,ABIERTA,MONOLINGUE,DOBLE,DIARIO(REGULAR),GUATEMALA NORTE
00-02-0076-46,01-301,CIUDAD CAPITAL,ZONA 2,LICEO SAN RAFAEL ARCÀNGEL,AVENIDA SIMEON CAÑAS 3-37,22067425,LUCRECIA MARISOL CERMEÑO GONZÁLEZ,THELMA ONDINA VASQUEZ,DIVERSIFICADO,PRIVADO,URBANA,CERRADA DEFINITIVAMENTE,MONOLINGUE,VESPERTINA,DIARIO(REGULAR),GUATEMALA NORTE
00-02-0077-46,01-301,CIUDAD CAPITAL,ZONA 2,COLEGIO EVANGÉLICO MIXTO LA PATRIA,AVENIDA SIMEON CAÑAS 3-37,22067425,LUCRECIA MARISOL CERMEÑO GONZÁLEZ,THELMA ONDINA VASQUEZ,DIVERSIFICADO,PRIVADO,URBANA,CERRADA DEFINITIVAMENTE,MONOLINGUE,VESPERTINA,DIARIO(REGULAR),GUATEMALA NORTE
00-02-0078-46,01-301,CIUDAD CAPITAL,ZONA 2,INSTITUTO PRÁCTICO MODERNO,AVENIDA SIMEON CAÑAS 3-37,22067425,LUCRECIA MARISOL CERMEÑO GONZÁLEZ,THELMA ONDINA VASQUEZ,DIVERSIFICADO,PRIVADO,URBANA,CERRADA DEFINITIVAMENTE,MONOLINGUE,DOBLE,FIN DE SEMANA,GUATEMALA NORTE
00-02-0079-46,01-301,CIUDAD CAPITAL,ZONA 2,"ESCUELA TÉCNICA SUPERIOR ""ALINARI""",AVENIDA SIMEON CAÑAS 3-37,22067425,LUCRECIA MARISOL CERMEÑO GONZÁLEZ,THELMA ONDINA VASQUEZ,DIVERSIFICADO,PRIVADO,URBANA,CERRADA DEFINITIVAMENTE,MONOLINGUE,MATUTINA,DIARIO(REGULAR),GUATEMALA NORTE
00-02-0080-46,01-301,CIUDAD CAPITAL,ZONA 2,ESCUELA SUPERIOR DE INFORMÁTICA,AVENIDA SIMEON CAÑAS 3-37,22067425,LUCRECIA MARISOL CERMEÑO GONZÁLEZ,THELMA ONDINA VASQUEZ,DIVERSIFICADO,PRIVADO,URBANA,CERRADA DEFINITIVAMENTE,MONOLINGUE,DOBLE,FIN DE SEMANA,GUATEMALA NORTE
00-02-0081-46,01-301,CIUDAD CAPITAL,ZONA 2,INSTITUTO TÉCNICO SUPERIOR,AVENIDA SIMEON CAÑAS 3-37,22067425,LUCRECIA MARISOL CERMEÑO GONZÁLEZ,THELMA ONDINA VASQUEZ,DIVERSIFICADO,PRIVADO,URBANA,CERRADA DEFINITIVAMENTE,MONOLINGUE,NOCTURNA,DIARIO(REGULAR),GUATEMALA NORTE
00-02-0082-46,01-301,CIUDAD CAPITAL,ZONA 2,COLEGIO SUPERIOR GUATEMALTECO,AVENIDA SIMEON CAÑAS 3-37,22067425,LUCRECIA MARISOL CERMEÑO GONZÁLEZ,THELMA ONDINA VASQUEZ,DIVERSIFICADO,PRIVADO,URBANA,CERRADA DEFINITIVAMENTE,MONOLINGUE,MATUTINA,DIARIO(REGULAR),GUATEMALA NORTE
00-02-0083-46,01-317,CIUDAD CAPITAL,ZONA 2,INSTITUTO PRACTICO MODERNO,7A. AVE. 1-92,22067425,MARIANO DOMINGO ESTRADA TELETOR,THELMA ONDINA VASQUEZ,DIVERSIFICADO,PRIVADO,URBANA,CERRADA DEFINITIVAMENTE,MONOLINGUE,MATUTINA,DIARIO(REGULAR),GUATEMALA NORTE
00-02-0084-43,01-01-0002,CIUDAD CAPITAL,ZONA 2,LICEO ADVENTISTA GUATEMALTECO,"3A. AVENIDA 4-17, LA FLORESTA",56874884,LUCRECIA MARISOL CERMEÑO GONZÁLEZ,EMMA SUCELY ARRIOLA ALDANA,PRIMARIA,PRIVADO,URBANA,ABIERTA,MONOLINGUE,MATUTINA,DIARIO(REGULAR),GUATEMALA NORTE
00-02-0085-42,01-01-0002,CIUDAD CAPITAL,ZONA 2,LICEO ADVENTISTA GUATEMALTECO,"3A. AVENIDA 4-17, LA FLORESTA",56874884,LUCRECIA MARISOL CERMEÑO GONZÁLEZ,SARA NOEMÍ CHACÓN BARAHONA,PARVULOS,PRIVADO,URBANA,ABIERTA,MONOLINGUE,MATUTINA,DIARIO(REGULAR),GUATEMALA NORTE
00-02-0086-45,01-01-0002,CIUDAD CAPITAL,ZONA 2,LICEO ADVENTISTA GUATEMALTECO,"3A. AVENIDA 4-17, LA FLORESTA",56874884,LUCRECIA MARISOL CERMEÑO GONZÁLEZ,LESVIA LILIANA CHACATE TICURÚ,BASICO,PRIVADO,URBANA,ABIERTA,MONOLINGUE,MATUTINA,DIARIO(REGULAR),GUATEMALA NORTE
00-02-0087-42,01-301,CIUDAD CAPITAL,ZONA 2,COLEGIO INTEGRAL LA CUMBRE,9A. AVENIDA 1-66,23098132,LUCRECIA MARISOL CERMEÑO GONZÁLEZ,ARACELY SOLAGNE MORALES BARCO,PARVULOS,PRIVADO,URBANA,CERRADA TEMPORALMENTE,MONOLINGUE,MATUTINA,DIARIO(REGULAR),GUATEMALA NORTE
00-02-0088-43,01-301,CIUDAD CAPITAL,ZONA 2,COLEGIO INTEGRAL LA CUMBRE,9A. AVENIDA 1-66,23098132,LUCRECIA MARISOL CERMEÑO GONZÁLEZ,ARACELY SOLAGNE MORALES BARCO,PRIMARIA,PRIVADO,URBANA,CERRADA TEMPORALMENTE,MONOLINGUE,MATUTINA,DIARIO(REGULAR),GUATEMALA NORTE
00-02-0089-45,01-301,CIUDAD CAPITAL,ZONA 2,COLEGIO INTEGRAL LA CUMBRE,9A. AVE. 1-66,23098132,LUCRECIA MARISOL CERMEÑO GONZÁLEZ,SUSAN GLORIANA SALAZAR FIGUEROA,BASICO,PRIVADO,URBANA,CERRADA TEMPORALMENTE,MONOLINGUE,MATUTINA,DIARIO(REGULAR),GUATEMALA NORTE
00-02-0090-46,01-318,CIUDAD CAPITAL,ZONA 2,INSTITUTO BILINGÜE ANGLOAMERICANO,AV. SIMEN CAÑAS 3-37,22067425,SANDRA CAROLINA PÉREZ DONDIEGO DE CHOC,THELMA ONDINA VASQUEZ,DIVERSIFICADO,PRIVADO,URBANA,CERRADA DEFINITIVAMENTE,MONOLINGUE,MATUTINA,DIARIO(REGULAR),GUATEMALA NORTE
00-02-0091-46,01-01-0001,CIUDAD CAPITAL,ZONA 2,COLEGIO DE SEÑORITAS SANTA INÉS,7A. AVENIDA 7-71,22541047,LUCRECIA MARISOL CERMEÑO GONZÁLEZ,CAROLINA BEATRIZ TURCIOS MALDONADO,DIVERSIFICADO,PRIVADO,URBANA,ABIERTA,MONOLINGUE,VESPERTINA,DIARIO(REGULAR),GUATEMALA NORTE
00-02-0092-46,01-01-0001,CIUDAD CAPITAL,ZONA 2,COLEGIO DE SEÑORITAS SANTA INÉS,7A. AVENIDA 7-71,22541047,LUCRECIA MARISOL CERMEÑO GONZÁLEZ,CAROLINA BEATRIZ TURCIOS MALDONADO,DIVERSIFICADO,PRIVADO,URBANA,ABIERTA,MONOLINGUE,VESPERTINA,DIARIO(REGULAR),GUATEMALA NORTE
00-02-0093-45,01-01-0001,CIUDAD CAPITAL,ZONA 2,"COLEGIO EVANGÉLICO MIXTO ""LA PATRIA""",7A. AVE. 7-38,22541191,LUCRECIA MARISOL CERMEÑO GONZÁLEZ,LUIS FERNANDO AGUILAR,BASICO,PRIVADO,URBANA,ABIERTA,MONOLINGUE,VESPERTINA,DIARIO(REGULAR),GUATEMALA NORTE
00-02-0094-46,01-01-0001,CIUDAD CAPITAL,ZONA 2,"COLEGIO EVANGÉLICO MIXTO ""LA PATRIA""",7A. AVE. 7-38,22541191,LUCRECIA MARISOL CERMEÑO GONZÁLEZ,LUIS FERNANDO AGUILAR,DIVERSIFICADO,PRIVADO,URBANA,ABIERTA,MONOLINGUE,VESPERTINA,DIARIO(REGULAR),GUATEMALA NORTE
00-02-0095-43,01-301,CIUDAD CAPITAL,ZONA 2,COLEGIO MUNDO MARAVILLOSO,9A. AVENIDA 1-47,42152970,LUCRECIA MARISOL CERMEÑO GONZÁLEZ,MARÍA DEL ROSARIO DE LEÓN CABRERA,PRIMARIA,PRIVADO,URBANA,CERRADA TEMPORALMENTE,MONOLINGUE,MATUTINA,DIARIO(REGULAR),GUATEMALA NORTE
00-02-0096-42,01-301,CIUDAD CAPITAL,ZONA 2,COLEGIO MUNDO MARAVILLOSO,9A. AVENIDA 1-47,42152970,LUCRECIA MARISOL CERMEÑO GONZÁLEZ,MARÍA DEL ROSARIO DE LEÓN CABRERA,PARVULOS,PRIVADO,URBANA,CERRADA TEMPORALMENTE,MONOLINGUE,MATUTINA,DIARIO(REGULAR),GUATEMALA NORTE
00-02-0097-43,01-01-0001,CIUDAD CAPITAL,ZONA 2,"COLEGIO EVANGÉLICO MIXTA ""LA PATRIA""",7A. AVENIDA 7-38,22541191,LUCRECIA MARISOL CERMEÑO GONZÁLEZ,ERIK ESTUARDO ARROYAVE GALDAMÉZ,PRIMARIA,PRIVADO,URBANA,ABIERTA,MONOLINGUE,VESPERTINA,DIARIO(REGULAR),GUATEMALA NORTE
00-02-0098-46,01-301,CIUDAD CAPITAL,ZONA 2,INSTITUTO CULTURAL AMERICANO,"7A. AVENIDA, ZONA 2",22067,LUCRECIA MARISOL CERMEÑO GONZÁLEZ,---------,DIVERSIFICADO,PRIVADO,URBANA,CERRADA DEFINITIVAMENTE,MONOLINGUE,VESPERTINA,DIARIO(REGULAR),GUATEMALA NORTE
00-02-0099-42,01-301,CIUDAD CAPITAL,ZONA 2,COLEGIO EL NUEVO MANANTIAL,11 AVENIDA 9-58,22894901,LUCRECIA MARISOL CERMEÑO GONZÁLEZ,MYRIAM LISETTE PÉREZ,PARVULOS,PRIVADO,URBANA,CERRADA TEMPORALMENTE,MONOLINGUE,MATUTINA,DIARIO(REGULAR),GUATEMALA NORTE
00-02-0100-43,01-301,CIUDAD CAPITAL,ZONA 2,COLEGIO EL NUEVO MANANTIAL,"11 AVENIDA 11-56, CIUDAD NUEVA",22894901,LUCRECIA MARISOL CERMEÑO GONZÁLEZ,MYRIAM LISETTE PÉREZ,PRIMARIA,PRIVADO,URBANA,CERRADA TEMPORALMENTE,MONOLINGUE,MATUTINA,DIARIO(REGULAR),GUATEMALA NORTE
00-02-0101-45,01-301,CIUDAD CAPITAL,ZONA 2,COLEGIO EL NUEVO MANANTIAL,11 AV. 9-58 CIUDAD NUEVA,22894901,LUCRECIA MARISOL CERMEÑO GONZÁLEZ,ETELVINA  CARRILLO ALVAREZ,BASICO,PRIVADO,URBANA,CERRADA TEMPORALMENTE,MONOLINGUE,MATUTINA,DIARIO(REGULAR),GUATEMALA NORTE
00-02-0102-46,01-301,CIUDAD CAPITAL,ZONA 2,COLEGIO EL NUEVO MANANTIAL,"11 AV. 9-58, CIUDAD NUEVA",22894901,LUCRECIA MARISOL CERMEÑO GONZÁLEZ,ETELVINA  CARRILLO ALVAREZ,DIVERSIFICADO,PRIVADO,URBANA,CERRADA TEMPORALMENTE,MONOLINGUE,MATUTINA,DIARIO(REGULAR),GUATEMALA NORTE
00-02-0103-45,01-01-0002,CIUDAD CAPITAL,ZONA 2,COLEGIO SANTA SOFÍA DE JESÚS,"7A. AVENIDA ""A"" 7-60",22541111,LUCRECIA MARISOL CERMEÑO GONZÁLEZ,YESENIA ESMERALDA SARAVIA CRUZ,BASICO,PRIVADO,URBANA,ABIERTA,BILINGUE,MATUTINA,DIARIO(REGULAR),GUATEMALA NORTE
00-02-0104-46,01-01-0002,CIUDAD CAPITAL,ZONA 2,COLEGIO SANTA SOFÍA DE JESÚS,"7A. AVENIDA ""A"" 7-60",22541111,LUCRECIA MARISOL CERMEÑO GONZÁLEZ,YESENIA ESMERALDA SARAVIA CRUZ,DIVERSIFICADO,PRIVADO,URBANA,ABIERTA,BILINGUE,MATUTINA,DIARIO(REGULAR),GUATEMALA NORTE
00-02-0105-45,01-110,CIUDAD CAPITAL,ZONA 2,COORDINACIÓN DEPARTAMENTAL DE TELESECUNDARIA GUATEMALA NORTE,AVENIDA   SIMEON  CAÑAS  3-37,22067433,ZUHILEM YESENIA ESTRADA ORTIZ,LUIS  ALBERTO ORELLANA  ANDURAY,BASICO,OFICIAL,URBANA,CERRADA DEFINITIVAMENTE,MONOLINGUE,VESPERTINA,DIARIO(REGULAR),GUATEMALA NORTE
00-02-0106-46,01-01-0001,CIUDAD CAPITAL,ZONA 2,CENTRO EDUCATIVO ESPERANZA JUVENIL,"12 AVENIDA 16-32, CIUDAD NUEVA",22549911,LUCRECIA MARISOL CERMEÑO GONZÁLEZ,WENDY EUGENIA CRUZ MALDONADO,DIVERSIFICADO,PRIVADO,URBANA,ABIERTA,MONOLINGUE,MATUTINA,DIARIO(REGULAR),GUATEMALA NORTE
00-02-0107-43,01-01-0001,CIUDAD CAPITAL,ZONA 2,CENTRO EDUCATIVO ESPERANZA  JUVENIL,"12 AVENIDA 16-32, CIUDAD NUEVA",22549911,LUCRECIA MARISOL CERMEÑO GONZÁLEZ,JENIFER JOHANA ALVARADO VALDES,PRIMARIA,PRIVADO,URBANA,ABIERTA,MONOLINGUE,MATUTINA,DIARIO(REGULAR),GUATEMALA NORTE
00-02-0108-44,01-01-0012,CIUDAD CAPITAL,ZONA 2,INSTITUTO GUATEMALTECO DE EDUCACION RADIOFONICA IGER,11 AVENIDA 18-45 ZONA 2,23051120,CARLOS HUMBERTO GONZALEZ DE LEON,MÓNICA EUGENIA OBANDO VILLATORO,PRIMARIA DE ADULTOS,PRIVADO,RURAL,ABIERTA,MONOLINGUE,MATUTINA,A DISTANCIA,GUATEMALA NORTE
00-02-0109-43,01-01-0002,CIUDAD CAPITAL,ZONA 2,"INSTITUTO PRIVADO MIXTO TECNOLÓGICO EXPERIMENTAL ""FEDERICO TAYLOR""",7A. AVENIDA 4-38,25036800,LUCRECIA MARISOL CERMEÑO GONZÁLEZ,EDUARDO RAFAEL OROZCO CASTILLO,PRIMARIA,PRIVADO,URBANA,ABIERTA,MONOLINGUE,MATUTINA,DIARIO(REGULAR),GUATEMALA NORTE
00-02-0110-45,01-01-0001,CIUDAD CAPITAL,ZONA 2,CENTRO TECNOLOGICO LOS OLIVOS,"12A. AVENIDA 9-26 ZONA 2, CIUDAD NUEVA",22577553,LUCRECIA MARISOL CERMEÑO GONZÁLEZ,FLOR DE MARÍA DE LA GUERRERO ABASCAL,BASICO,PRIVADO,URBANA,ABIERTA,MONOLINGUE,MATUTINA,DIARIO(REGULAR),GUATEMALA NORTE
00-02-0111-46,01-01-0012,CIUDAD CAPITAL,ZONA 2,"PROGRAMA NACIONAL DE EDUCACION ALTERNATIVA,  PRONEA",AVENIDA SIMEÓN CAÑAS 3-37 ZONA 2,30109472,CARLOS HUMBERTO GONZALEZ DE LEON,----,DIVERSIFICADO,OFICIAL,URBANA,ABIERTA,MONOLINGUE,DOBLE,A DISTANCIA,GUATEMALA NORTE
00-02-0112-42,01-102,CIUDAD CAPITAL,ZONA 2,LICEO MIXTO SAN ÁNGEL,"LOTE 1-01, BOULEVARD PEÑÓN DE SAN ÁNGEL, KM. 4.5 ANTIGUA CARRETERA A CHINAUTLA",41990300,ZIZI ARELY LOPEZ CHINCHILLA,CARMEN ELIZABETH VERGARA MALDONADO DE WOHLERS,PARVULOS,PRIVADO,URBANA,CERRADA TEMPORALMENTE,MONOLINGUE,MATUTINA,DIARIO(REGULAR),GUATEMALA NORTE
00-02-0113-43,01-102,CIUDAD CAPITAL,ZONA 2,LICEO MIXTO SAN ÁNGEL,"LOTE 1-01, BOULEVARD PEÑÓN DE SAN ÁNGEL, KM. 4.5 ANTIGUA CARRETERA A CHINAUTLA",41990300,ZIZI ARELY LOPEZ CHINCHILLA,ANA RAQUEL RAMÍREZ GÓMEZ,PRIMARIA,PRIVADO,URBANA,CERRADA TEMPORALMENTE,MONOLINGUE,MATUTINA,DIARIO(REGULAR),GUATEMALA NORTE
00-02-0114-45,01-102,CIUDAD CAPITAL,ZONA 2,LICEO MIXTO SAN ÁNGEL,"LOTE 1-01, BOULEVARD PEÑÓN DE SAN ÁNGEL, KM. 4.5 ANTIGUA CARRETERA A CHINAUTLA",41990300,ZIZI ARELY LOPEZ CHINCHILLA,SUSAN JACQUELINE DE LEÓN DE LEÓN DE BARRERA,BASICO,PRIVADO,URBANA,CERRADA TEMPORALMENTE,MONOLINGUE,VESPERTINA,DIARIO(REGULAR),GUATEMALA NORTE
00-02-0115-46,01-001,CIUDAD CAPITAL,ZONA 2,INSTITUTO PRACTICO MODERNO,7A. AVENIDA 1-92,22067425,SANDRA LIZZETH CRUZ IZAGUIRRE,THELMA ONDINA VASQUEZ REYES,DIVERSIFICADO,PRIVADO,URBANA,CERRADA TEMPORALMENTE,MONOLINGUE,DOBLE,FIN DE SEMANA,GUATEMALA NORTE
00-02-0116-46,01-01-0002,CIUDAD CAPITAL,ZONA 2,PROGRAMA MODALIDADES FLEXIBLES,AVENIDA SIMEÓN CAÑAS 3-37,30109472,LUCRECIA MARISOL CERMEÑO GONZÁLEZ,ROSA GEORGINA RIOS CASTILLO,DIVERSIFICADO,OFICIAL,URBANA,ABIERTA,MONOLINGUE,DOBLE,DIARIO(REGULAR),GUATEMALA NORTE
00-02-0117-46,01-01-0017,CIUDAD CAPITAL,ZONA 2,CENTRO DE EDUCACIÓN EXTRAESCOLAR - CEEX,12 AVENIDA 9-26 CIUDAD NUEVA,42739215,CARLOS HUMBERTO GONZALEZ DE LEON,SINDY LISETH ESCOBAR CATALÁN,DIVERSIFICADO,OFICIAL,URBANA,ABIERTA,MONOLINGUE,MATUTINA,FIN DE SEMANA,GUATEMALA NORTE
00-02-0118-46,01-01-0012,CIUDAD CAPITAL,ZONA 2,INSTITUTO GUATEMALTECO DE EDUCACIÓN RADIOFÓNICA IGER,"11 AVENIDA 18-45, CIUDAD NUEVA",23051120,CARLOS HUMBERTO GONZALEZ DE LEON,MÓNICA EUGENIA OBANDO VILLATORO,DIVERSIFICADO,PRIVADO,URBANA,ABIERTA,MONOLINGUE,MATUTINA,A DISTANCIA,GUATEMALA NORTE
00-02-0119-42,01-01-0001,CIUDAD CAPITAL,ZONA 2,COLEGIO PEQUEÑA ABEJITA,"14 AVENIDA 38-34, RESIDENCIALES SAN ÁNGEL IV",46876710,LUCRECIA MARISOL CERMEÑO GONZÁLEZ,INGRID MARGARITA BARRIOS CASTILLO,PARVULOS,PRIVADO,URBANA,ABIERTA,MONOLINGUE,MATUTINA,DIARIO(REGULAR),GUATEMALA NORTE
00-02-0120-45,01-01-0017,CIUDAD CAPITAL,ZONA 2,"COLEGIO EVANGÉLICO MIXTO ""LA PATRIA""",7A. AVENIDA 7-38,22541191,CARLOS HUMBERTO GONZALEZ DE LEON,SABRINA MIREA RAMIREZ CARRERA,BASICO,PRIVADO,URBANA,ABIERTA,MONOLINGUE,SIN JORNADA,SEMIPRESENCIAL (UN DÍA A LA SEMANA),GUATEMALA NORTE
00-02-0121-46,01-01-0017,CIUDAD CAPITAL,ZONA 2,"COLEGIO EVANGÉLICO MIXTO ""LA PATRIA""",7A. AVENIDA 7-38,22541191,CARLOS HUMBERTO GONZALEZ DE LEON,SABRINA MIREA RAMIREZ CARRERA,DIVERSIFICADO,PRIVADO,URBANA,ABIERTA,MONOLINGUE,SIN JORNADA,SEMIPRESENCIAL (UN DÍA A LA SEMANA),GUATEMALA NORTE
00-02-0122-46,01-01-0001,CIUDAD CAPITAL,ZONA 2,"COLEGIO EVANGÉLICO MIXTO ""LA PATRIA""",7A. AVENIDA 7-38,22541191,LUCRECIA MARISOL CERMEÑO GONZÁLEZ,LUIS FERNANDO AGUILAR,DIVERSIFICADO,PRIVADO,URBANA,ABIERTA,MONOLINGUE,VESPERTINA,DIARIO(REGULAR),GUATEMALA NORTE
00-02-0123-46,01-01-0001,CIUDAD CAPITAL,ZONA 2,"COLEGIO EVANGÉLICO MIXTO ""LA PATRIA""",7A. AVENIDA 7-38,22541191,LUCRECIA MARISOL CERMEÑO GONZÁLEZ,LUIS FERNANDO AGUILAR,DIVERSIFICADO,PRIVADO,URBANA,ABIERTA,MONOLINGUE,MATUTINA,DIARIO(REGULAR),GUATEMALA NORTE
00-02-0124-45,01-01-0017,CIUDAD CAPITAL,ZONA 2,"COLEGIO ""SAN ÁNGEL""",14 CALLE 11-06,25080070,CARLOS HUMBERTO GONZALEZ DE LEON,CESIA RUBÍ ZULETA GÓMEZ DE GODOY,BASICO,PRIVADO,URBANA,ABIERTA,MONOLINGUE,SIN JORNADA,SEMIPRESENCIAL (FIN DE SEMANA),GUATEMALA NORTE
00-02-0125-46,01-01-0017,CIUDAD CAPITAL,ZONA 2,"COLEGIO ""SAN ÁNGEL""",14 CALLE 11-06,25080070,CARLOS HUMBERTO GONZALEZ DE LEON,CESIA RUBÍ ZULETA GÓMEZ DE GODOY,DIVERSIFICADO,PRIVADO,URBANA,ABIERTA,MONOLINGUE,SIN JORNADA,SEMIPRESENCIAL (UN DÍA A LA SEMANA),GUATEMALA NORTE
00-02-0126-45,01-01-0017,CIUDAD CAPITAL,ZONA 2,CENTRO DE EDUCACIÓN EXTRAESCOLAR CEEX,AVENIDA SIMEÓN CAÑAS 3-37,22067438,CARLOS HUMBERTO GONZALEZ DE LEON,ROSA GEORGINA RIOS CASTILLO,BASICO,OFICIAL,URBANA,ABIERTA,MONOLINGUE,MATUTINA,SEMIPRESENCIAL,GUATEMALA NORTE
00-02-0127-42,01-01-0002,CIUDAD CAPITAL,ZONA 2,COLEGIO MIXTO BRADLEY NO. 2,"11  AVENIDA ""A"" 1-33",23084636,LUCRECIA MARISOL CERMEÑO GONZÁLEZ,YESICA ELIZABETH CIFUENTES TOBAR,PARVULOS,PRIVADO,URBANA,ABIERTA,MONOLINGUE,MATUTINA,DIARIO(REGULAR),GUATEMALA NORTE
00-02-0128-43,01-01-0002,CIUDAD CAPITAL,ZONA 2,COLEGIO MIXTO BRADLEY NO. 2,"11 AVENIDA ""A"" 1-33",23084636,LUCRECIA MARISOL CERMEÑO GONZÁLEZ,ROSLYN JEANNETTE MONTEPEQUE MAGUIRRE,PRIMARIA,PRIVADO,URBANA,ABIERTA,MONOLINGUE,MATUTINA,DIARIO(REGULAR),GUATEMALA NORTE
00-02-0129-45,01-01-0002,CIUDAD CAPITAL,ZONA 2,COLEGIO MIXTO BRADLEY NO. 2,"11 AVENIDA ""A"" 1-33",23084636,LUCRECIA MARISOL CERMEÑO GONZÁLEZ,MARÍA ELISA PACAJOJ ORDÓÑEZ,BASICO,PRIVADO,URBANA,ABIERTA,MONOLINGUE,MATUTINA,DIARIO(REGULAR),GUATEMALA NORTE
00-02-0130-44,01-01-0012,CIUDAD CAPITAL,ZONA 2,INSTITUTO GUATEMALTECO DE EDUCACIÓN RADIOFÓNICA  IGER,11 AVENIDA 18-45 CIUDAD NUEVA,23051120,CARLOS HUMBERTO GONZALEZ DE LEON,MÓNICA EUGENIA OBANDO VILLATORO,PRIMARIA DE ADULTOS,PRIVADO,URBANA,ABIERTA,MONOLINGUE,MATUTINA,A DISTANCIA,GUATEMALA NORTE
00-02-0131-46,01-301,CIUDAD CAPITAL,ZONA 2,"COLEGIO EVANGÉLICO MIXTO ""LA PATRIA""",7A. AVENIDA 7-38,22541477,LUCRECIA MARISOL CERMEÑO GONZÁLEZ,LUIS FERNANDO AGUILAR,DIVERSIFICADO,PRIVADO,URBANA,CERRADA TEMPORALMENTE,MONOLINGUE,VESPERTINA,DIARIO(REGULAR),GUATEMALA NORTE
00-02-0132-46,01-304,CIUDAD CAPITAL,ZONA 2,COLEGIO PRIVADO MIXTO DR. PEDRO MOLINA,"6A. AVENIDA 2-15 , CIUDAD NUEVA",22067425,AMADO SALOMON FLORES PEREZ,THELMA ONDINA VASQUEZ REYEZ,DIVERSIFICADO,PRIVADO,URBANA,CERRADA TEMPORALMENTE,MONOLINGUE,MATUTINA,DIARIO(REGULAR),GUATEMALA NORTE
00-02-0133-45,01-01-0002,CIUDAD CAPITAL,ZONA 2,COLEGIO PREUNIVERSITARIO DE SALUD INTEGRAL,3A. CALLE 5-24,51217758,LUCRECIA MARISOL CERMEÑO GONZÁLEZ,LUIS ALFREDO BETETA PERERA,BASICO,PRIVADO,URBANA,ABIERTA,MONOLINGUE,MATUTINA,DIARIO(REGULAR),GUATEMALA NORTE
00-02-0134-46,01-01-0002,CIUDAD CAPITAL,ZONA 2,COLEGIO PREUNIVERSITARIO DE SALUD INTEGRAL,3A. CALLE 5-24,51217758,LUCRECIA MARISOL CERMEÑO GONZÁLEZ,LUIS ALFREDO BETETA PERERA,DIVERSIFICADO,PRIVADO,URBANA,ABIERTA,MONOLINGUE,MATUTINA,DIARIO(REGULAR),GUATEMALA NORTE
00-02-0135-45,01-01-0017,CIUDAD CAPITAL,ZONA 2,COLEGIO PREUNIVERSITARIO DE SALUD INTEGRAL,3A. CALLE 5-24,51217758,CARLOS HUMBERTO GONZALEZ DE LEON,LUIS ALFREDO BETETA PERERA,BASICO,PRIVADO,URBANA,ABIERTA,MONOLINGUE,SIN JORNADA,SEMIPRESENCIAL (FIN DE SEMANA),GUATEMALA NORTE
00-02-0136-46,01-01-0017,CIUDAD CAPITAL,ZONA 2,COLEGIO PREUNIVERSITARIO DE SALUD INTEGRAL,3A. CALLE 5-24,51217758,CARLOS HUMBERTO GONZALEZ DE LEON,LUIS ALFREDO BETETA PERERA,DIVERSIFICADO,PRIVADO,URBANA,ABIERTA,MONOLINGUE,SIN JORNADA,SEMIPRESENCIAL (FIN DE SEMANA),GUATEMALA NORTE
00-02-0137-46,01-113,CIUDAD CAPITAL,ZONA 2,"COLEGIO ""ALFA Y OMEGA""",MANZANA 4 LOTE 31 ZONA 0 LOTIFICACION JOYAS DEL GOLFO,51805661,MARÍA ROXANA PELÁEZ HERRERA,LILIAN MARIELA CASTRO SANDOVAL DE SIRIN,DIVERSIFICADO,PRIVADO,RURAL,CERRADA DEFINITIVAMENTE,MONOLINGUE,VESPERTINA,DIARIO(REGULAR),GUATEMALA NORTE
00-02-0138-46,01-01-0002,CIUDAD CAPITAL,ZONA 2,"INSTITUTO PRIVADO MIXTO TECNOLÓGICO EXPERIMENTAL ""FEDERICO TAYLOR""",7A. AVENIDA 4-38,25036800,LUCRECIA MARISOL CERMEÑO GONZÁLEZ,VICTOR MANUEL ESTRADA MARROQUÍN,DIVERSIFICADO,PRIVADO,URBANA,ABIERTA,MONOLINGUE,MATUTINA,DIARIO(REGULAR),GUATEMALA NORTE
00-02-0139-46,01-01-0017,CIUDAD CAPITAL,ZONA 2,CENTRO TECNOLOGICO DE COMPUTACIÓN LA MERCED,5TA. CALLE 10-22,22325857,CARLOS HUMBERTO GONZALEZ DE LEON,MARCO TULIO VARGAS ALVARADO,DIVERSIFICADO,PRIVADO,URBANA,CERRADA DEFINITIVAMENTE,MONOLINGUE,DOBLE,FIN DE SEMANA,GUATEMALA NORTE
00-02-0140-44,01-01-0012,CIUDAD CAPITAL,ZONA 2,COLEGIO SABER VER,"AVENIDA SIMEÓN CAÑAS 08-25, CIUDAD NUEVA",59223245,CARLOS HUMBERTO GONZALEZ DE LEON,KAROL MARÍA ALEJANDRA CHÁVEZ JIMÉNEZ,PRIMARIA DE ADULTOS,PRIVADO,URBANA,ABIERTA,MONOLINGUE,MATUTINA,A DISTANCIA,GUATEMALA NORTE
00-02-0141-45,01-01-0012,CIUDAD CAPITAL,ZONA 2,COLEGIO SABER VER,"AVENIDA SIMEÓN CAÑAS 08-25, CIUDAD NUEVA",59223245,CARLOS HUMBERTO GONZALEZ DE LEON,KAROL MARÍA ALEJANDRA CHÁVEZ JIMÉNEZ,BASICO,PRIVADO,URBANA,ABIERTA,MONOLINGUE,MATUTINA,A DISTANCIA,GUATEMALA NORTE
00-02-0142-46,01-01-0012,CIUDAD CAPITAL,ZONA 2,COLEGIO SABER VER,"AVENIDA SIMEÓN CAÑAS 08-25, CIUDAD NUEVA",59223245,CARLOS HUMBERTO GONZALEZ DE LEON,KAROL ALEJANDRA CHÁVEZ JIMÉNEZ,DIVERSIFICADO,PRIVADO,URBANA,ABIERTA,MONOLINGUE,SIN JORNADA,A DISTANCIA,GUATEMALA NORTE
00-02-0143-45,01-01-0012,CIUDAD CAPITAL,ZONA 2,COLEGIO SABER VER,"AVENIDA SIMEÓN CAÑAS 08-25, CIUDAD NUEVA",59223245,CARLOS HUMBERTO GONZALEZ DE LEON,KAROL ALEJANDRA CHÁVEZ JIMÉNEZ,BASICO,PRIVADO,URBANA,ABIERTA,MONOLINGUE,SIN JORNADA,A DISTANCIA,GUATEMALA NORTE
00-02-0144-42,01-317,CIUDAD CAPITAL,ZONA 2,"INSTITUTO AMRICANO Y TECNOLÓGICO JHULES, SOCIEDAD ANÓNIMA",12 AVENIDA 15-19,44734516,MARIANO DOMINGO ESTRADA TELETOR,AMARILIS JACOBED CABRERA GAMARRO DE HERNÁNDEZ,PARVULOS,PRIVADO,URBANA,CERRADA DEFINITIVAMENTE,MONOLINGUE,MATUTINA,DIARIO(REGULAR),GUATEMALA NORTE
00-02-0145-42,01-01-0002,CIUDAD CAPITAL,ZONA 2,ESCUELA OFICIAL URBANA MIXTA DE EDUCACIÓN PREPRIMARIA Y PRIMARIA DE LA POLICÍA NACIONAL CIVIL,AVENIDA SIMEÓN CAÑAS 7-23,57534967,LUCRECIA MARISOL CERMEÑO GONZÁLEZ,DAICY LISETH CASTILLO JIMÉNEZ,PARVULOS,OFICIAL,URBANA,ABIERTA,MONOLINGUE,MATUTINA,DIARIO(REGULAR),GUATEMALA NORTE
00-02-0146-43,01-01-0002,CIUDAD CAPITAL,ZONA 2,ESCUELA OFICIAL URBANA MIXTA DE EDUCACIÓN PREPRIMARIA Y PRIMARIA DE LA POLICÍA NACIONAL CIVIL,AVENIDA SIMEÓN CAÑAS 7-23,57534967,LUCRECIA MARISOL CERMEÑO GONZÁLEZ,DAICY LISETH CASTILLO JIMÉNEZ,PRIMARIA,OFICIAL,URBANA,ABIERTA,MONOLINGUE,MATUTINA,DIARIO(REGULAR),GUATEMALA NORTE
00-02-0197-45,01-01-0002,CIUDAD CAPITAL,ZONA 2,"INSTITUTO PRIVADO MIXTO TECNOLÓGICO  EXPERIMENTAL ""FEDERICO TAYLOR""",7A. AV. 4-38,25036767,LUCRECIA MARISOL CERMEÑO GONZÁLEZ,VICTOR MANUEL ESTRADA MARROQUÍN,BASICO,PRIVADO,URBANA,ABIERTA,MONOLINGUE,DOBLE,DIARIO(REGULAR),GUATEMALA NORTE
00-02-0197-46,01-01-0002,CIUDAD CAPITAL,ZONA 2,"INSTITUTO PRIVADO MIXTO TECNOLÓGICO EXPERIMENTAL "" FEDERICO TAYLOR""",7A AVE. 4-38,25036767,LUCRECIA MARISOL CERMEÑO GONZÁLEZ,VICTOR MANUEL ESTRADA MARROQUÍN,DIVERSIFICADO,PRIVADO,URBANA,ABIERTA,MONOLINGUE,DOBLE,DIARIO(REGULAR),GUATEMALA NORTE
00-02-0218-45,,CIUDAD CAPITAL,ZONA 2,INSTITUTO PRIVADO PARA SEÑORITAS DE EDUCACION BASICA 'TECNICO AMERICANO',2A CALLE 5-44,,,,BASICO,PRIVADO,URBANA,CERRADA TEMPORALMENTE,MONOLINGUE,MATUTINA,DIARIO(REGULAR),GUATEMALA NORTE
00-02-0218-46,,CIUDAD CAPITAL,ZONA 2,INSTITUTO PRIVADO PARA SEÑORITAS DE EDUCACION DIVERSIFICADA TECNICO AMERICANO,2A CALLE 5-44,,,,DIVERSIFICADO,PRIVADO,URBANA,CERRADA DEFINITIVAMENTE,MONOLINGUE,MATUTINA,DIARIO(REGULAR),GUATEMALA NORTE
00-02-0280-42,,CIUDAD CAPITAL,ZONA 2,EODP NO.24 'REPUBLICA DE GUATEMALA',9A AVE. 1-28,,,,PARVULOS,OFICIAL,URBANA,CERRADA DEFINITIVAMENTE,MONOLINGUE,MATUTINA,DIARIO(REGULAR),GUATEMALA NORTE
00-02-0281-42,01-01-0001,CIUDAD CAPITAL,ZONA 2,"EODP NO.27 ""JOSEFINA ORELLANA""",12 AVENIDA  A  12-11,22891302,LUCRECIA MARISOL CERMEÑO GONZÁLEZ,SULMA MARCELA SERRANO FLORES,PARVULOS,OFICIAL,URBANA,ABIERTA,MONOLINGUE,MATUTINA,DIARIO(REGULAR),GUATEMALA NORTE
00-02-0282-42,01-301,CIUDAD CAPITAL,ZONA 2,COLEGIO PARA PARVULOS  SAN JOSE LA MONTAÑA,AVENIDA SIMEON CAÑAS 7-03,42083147,LUCRECIA MARISOL CERMEÑO GONZÁLEZ,MARIA SARA LOPEZ GARCÍA,PARVULOS,PRIVADO,URBANA,CERRADA DEFINITIVAMENTE,MONOLINGUE,MATUTINA,DIARIO(REGULAR),GUATEMALA NORTE
00-02-0283-42,01-319,CIUDAD CAPITAL,ZONA 2,COLEGIO 'LOS GLOBITOS',AVE. ELENA 1-00 EL SAUCE,22535208,ROSSY AMARILIS GARCIA TORRES,,PARVULOS,PRIVADO,URBANA,CERRADA TEMPORALMENTE,MONOLINGUE,MATUTINA,DIARIO(REGULAR),GUATEMALA NORTE
00-02-0284-42,,CIUDAD CAPITAL,ZONA 2,EPDP 'JARDIN INFANTIL ERIK KARLFELDT',7A.AVENIDA 9-56,22540918,,,PARVULOS,PRIVADO,URBANA,CERRADA DEFINITIVAMENTE,MONOLINGUE,MATUTINA,DIARIO(REGULAR),GUATEMALA NORTE
00-02-0285-42,01-301,CIUDAD CAPITAL,ZONA 2,EPDP COLEGIO 'EL CASTILLO ENCANTADO',3A AVE. 8-31,22888906,LUCRECIA MARISOL CERMEÑO GONZÁLEZ,,PARVULOS,PRIVADO,URBANA,CERRADA DEFINITIVAMENTE,MONOLINGUE,MATUTINA,DIARIO(REGULAR),GUATEMALA NORTE
00-02-0286-42,01-301,CIUDAD CAPITAL,ZONA 2,EPDP ANEXA A COLEGIO 'EL CASTILLO ENCANTADO',3A AVE. 8-31,22888906,LUCRECIA MARISOL CERMEÑO GONZÁLEZ,,PARVULOS,PRIVADO,URBANA,CERRADA DEFINITIVAMENTE,MONOLINGUE,VESPERTINA,DIARIO(REGULAR),GUATEMALA NORTE
00-02-0287-42,,CIUDAD CAPITAL,ZONA 2,EPDP ANEXA A COLEGIO 'PROGRESIVO TIKAL',5A AVE. 1-26,,,,PARVULOS,PRIVADO,URBANA,CERRADA TEMPORALMENTE,MONOLINGUE,MATUTINA,DIARIO(REGULAR),GUATEMALA NORTE
00-02-0288-42,01-319,CIUDAD CAPITAL,ZONA 2,EPDP ANEXA A COLEGIO 'JARDIN AMERICANO',3A CALLE 3-36,22201138,ROSSY AMARILIS GARCIA TORRES,,PARVULOS,PRIVADO,URBANA,CERRADA DEFINITIVAMENTE,MONOLINGUE,MATUTINA,DIARIO(REGULAR),GUATEMALA NORTE
00-02-0289-42,01-01-0001,CIUDAD CAPITAL,ZONA 2,EODP ANEXA A ESCUELA LABORATORIO NO.1  RAYMOND H. RIGNALL,12 AVE.  B  8-41,22540794,LUCRECIA MARISOL CERMEÑO GONZÁLEZ,ILEANA BEATRIZ DE LEÓN RUÍZ,PARVULOS,OFICIAL,URBANA,ABIERTA,MONOLINGUE,MATUTINA,DIARIO(REGULAR),GUATEMALA NORTE
00-02-0290-42,01-301,CIUDAD CAPITAL,ZONA 2,COLEGIO DE SEÑORITAS SANTA INES,7A. AVENIDA 7-71,22541047,LUCRECIA MARISOL CERMEÑO GONZÁLEZ,MARÍA CLEMENCIA RECINOS VALENZUELA,PARVULOS,PRIVADO,URBANA,CERRADA TEMPORALMENTE,MONOLINGUE,MATUTINA,DIARIO(REGULAR),GUATEMALA NORTE
00-02-0291-42,01-319,CIUDAD CAPITAL,ZONA 2,EPDP ANEXA A 'LA CASITA DE LOS POLLITOS',7A AVE. 0-43,22533635,ROSSY AMARILIS GARCIA TORRES,,PARVULOS,PRIVADO,URBANA,CERRADA DEFINITIVAMENTE,MONOLINGUE,MATUTINA,DIARIO(REGULAR),GUATEMALA NORTE
00-02-0292-42,01-01-0002,CIUDAD CAPITAL,ZONA 2,COLEGIO  VANGUARDIA JUVENIL,18 CALLE 11-07,22887466,LUCRECIA MARISOL CERMEÑO GONZÁLEZ,MARTA ELENA GODOY,PARVULOS,PRIVADO,URBANA,ABIERTA,MONOLINGUE,MATUTINA,DIARIO(REGULAR),GUATEMALA NORTE
00-02-0293-43,,CIUDAD CAPITAL,ZONA 2,EOUM NO.16 'LORENZO MONTUFAR',3A AVE. 1-46 ZONA 1,,,,PRIMARIA,OFICIAL,URBANA,CERRADA DEFINITIVAMENTE,MONOLINGUE,MATUTINA,DIARIO(REGULAR),GUATEMALA NORTE
00-02-0294-43,01-01-0001,CIUDAD CAPITAL,ZONA 2,EOUM LABORATORIO NO.1 'RAYMOND H. RIGNALL',12 AVE. 'B' 8-41,22540794,LUCRECIA MARISOL CERMEÑO GONZÁLEZ,ILEANA BEATRIZ DE LEÓN RUÍZ,PRIMARIA,OFICIAL,URBANA,ABIERTA,MONOLINGUE,MATUTINA,DIARIO(REGULAR),GUATEMALA NORTE
00-02-0295-43,01-102,CIUDAD CAPITAL,ZONA 2,EOUM NO.13 DR. MARIANO GALVEZ,3A CALLE 5-60,,ZIZI ARELY LOPEZ CHINCHILLA,,PRIMARIA,OFICIAL,URBANA,CERRADA TEMPORALMENTE,MONOLINGUE,MATUTINA,DIARIO(REGULAR),GUATEMALA NORTE
00-02-0296-43,01-01-0001,CIUDAD CAPITAL,ZONA 2,COLEGIO  DE SEÑORITAS SANTA INES,7A. AVENIDA 7-71,22541047,LUCRECIA MARISOL CERMEÑO GONZÁLEZ,MARIA ELENA CEBALLOS GUTIERREZ,PRIMARIA,PRIVADO,URBANA,ABIERTA,MONOLINGUE,MATUTINA,DIARIO(REGULAR),GUATEMALA NORTE
00-02-0297-43,,CIUDAD CAPITAL,ZONA 2,EPUM 'CENTRO PEDAGOGICO MORAZAN',7A AVE. 0-43,,,,PRIMARIA,PRIVADO,URBANA,CERRADA TEMPORALMENTE,MONOLINGUE,MATUTINA,DIARIO(REGULAR),GUATEMALA NORTE
00-02-0298-43,,CIUDAD CAPITAL,ZONA 2,CPMI 'CENTRO PROGRESIVO TIKAL',5A AVE. 1-26,,,,PRIMARIA,PRIVADO,URBANA,CERRADA TEMPORALMENTE,MONOLINGUE,MATUTINA,DIARIO(REGULAR),GUATEMALA NORTE
00-02-0299-43,01-01-0002,CIUDAD CAPITAL,ZONA 2,COLEGIO 'VANGUARDIA JUVENIL',18 CALLE 11-07,22887466,LUCRECIA MARISOL CERMEÑO GONZÁLEZ,MARTA ELENA GODOY,PRIMARIA,PRIVADO,URBANA,ABIERTA,MONOLINGUE,MATUTINA,DIARIO(REGULAR),GUATEMALA NORTE
00-02-0300-43,01-01-0001,CIUDAD CAPITAL,ZONA 2,"COLEGIO EVANGELICO MIXTO ""LA PATRIA""",7A AVE. 7-38,22541191,LUCRECIA MARISOL CERMEÑO GONZÁLEZ,SABRINA MIREA RAMIREZ CARRERA,PRIMARIA,PRIVADO,URBANA,ABIERTA,MONOLINGUE,MATUTINA,DIARIO(REGULAR),GUATEMALA NORTE
00-02-0301-43,01-319,CIUDAD CAPITAL,ZONA 2,CPMI 'JARDIN AMERICANO',3A CALLE 3-36,22201138,ROSSY AMARILIS GARCIA TORRES,,PRIMARIA,PRIVADO,URBANA,CERRADA DEFINITIVAMENTE,MONOLINGUE,MATUTINA,DIARIO(REGULAR),GUATEMALA NORTE
00-02-0302-43,01-319,CIUDAD CAPITAL,ZONA 2,INSTITUTO 'CULTURAL AMERICANO',7A AVENIDA 4-11,22320426,ROSSY AMARILIS GARCIA TORRES,,PRIMARIA,PRIVADO,URBANA,CERRADA TEMPORALMENTE,MONOLINGUE,MATUTINA,DIARIO(REGULAR),GUATEMALA NORTE
00-02-0303-43,,CIUDAD CAPITAL,ZONA 2,CPMI CENTRO PEDAGOGICO 'EL VALLE',AVE. SIMEON CAYAS 6-11,,,,PRIMARIA,PRIVADO,URBANA,CERRADA DEFINITIVAMENTE,MONOLINGUE,MATUTINA,DIARIO(REGULAR),GUATEMALA NORTE
00-02-0304-43,,CIUDAD CAPITAL,ZONA 2,'LICEO CRISTIANO CANTARES',11 AVE. 'A' 5-27,,,,PRIMARIA,PRIVADO,URBANA,CERRADA DEFINITIVAMENTE,MONOLINGUE,MATUTINA,DIARIO(REGULAR),GUATEMALA NORTE
00-02-0306-43,01-301,CIUDAD CAPITAL,ZONA 2,EPUM 'EL CASTILLO ENCANTADO',3A AVE. 8-31,22888906,LUCRECIA MARISOL CERMEÑO GONZÁLEZ,,PRIMARIA,PRIVADO,URBANA,CERRADA DEFINITIVAMENTE,MONOLINGUE,VESPERTINA,DIARIO(REGULAR),GUATEMALA NORTE
00-02-0307-45,01-01-0001,CIUDAD CAPITAL,ZONA 2,INSTITUTO NACIONAL MIXTO DE EDUCACIÓN BÁSICA ADRIÁN ZAPATA,12 AVE. B 8-03,22540790,LUCRECIA MARISOL CERMEÑO GONZÁLEZ,SANDRA LUCRECIA GUTIERREZ CASTRO,BASICO,OFICIAL,URBANA,ABIERTA,MONOLINGUE,MATUTINA,DIARIO(REGULAR),GUATEMALA NORTE
00-02-0308-45,,CIUDAD CAPITAL,ZONA 2,INEB PARA SEÑORITAS 'VICTOR MANUEL DE LA ROCA',2A CALLE 6-51,22328829,,,BASICO,OFICIAL,URBANA,CERRADA DEFINITIVAMENTE,MONOLINGUE,MATUTINA,DIARIO(REGULAR),GUATEMALA NORTE
00-02-0309-45,01-01-0001,CIUDAD CAPITAL,ZONA 2,"INSTITUTO NACIONAL MIXTO DE EDUCACION BASICA ""ADRIAN ZAPATA""",12 AVE. B 8-03,22895420,LUCRECIA MARISOL CERMEÑO GONZÁLEZ,SANDRA YANETH PEREIRA PALENCIA,BASICO,OFICIAL,URBANA,ABIERTA,MONOLINGUE,VESPERTINA,DIARIO(REGULAR),GUATEMALA NORTE
00-02-0310-45,01-01-0001,CIUDAD CAPITAL,ZONA 2,"COLEGIO EVANGÉLICO  MIXTO ""LA PATRIA""",7A AVE. 7-38,22541191,LUCRECIA MARISOL CERMEÑO GONZÁLEZ,LUIS FERNANDO AGUILAR,BASICO,PRIVADO,URBANA,ABIERTA,MONOLINGUE,MATUTINA,DIARIO(REGULAR),GUATEMALA NORTE
00-02-0311-45,01-01-0012,CIUDAD CAPITAL,ZONA 2,INSTITUTO GUATEMALTECO DE EDUCACIÓN RADIOFÓNICA IGER,11 AVENIDA 18-45 CIUDAD NUEVA,23051080,CARLOS HUMBERTO GONZALEZ DE LEON,DEISY CRISTINA ROBLES,BASICO,PRIVADO,URBANA,ABIERTA,MONOLINGUE,MATUTINA,A DISTANCIA,GUATEMALA NORTE
00-02-0312-46,,CIUDAD CAPITAL,ZONA 2,ESCUELA NACIONAL DE FORMACION SECRETARIAL 'NO.2',3A. CALLE 1-33 ZONA 1 GUATEMALA,,,,DIVERSIFICADO,OFICIAL,URBANA,CERRADA DEFINITIVAMENTE,MONOLINGUE,VESPERTINA,DIARIO(REGULAR),GUATEMALA NORTE
00-02-0313-46,01-308,CIUDAD CAPITAL,ZONA 2,INSTITUTO PRIVADO MIXTO DE EDUCACION DIVERSIFICADA PRACTICO MODERNO,7A AVE. 1-92,22320691,JORGE MYNOR SOL HERNÁNDEZ,-----------------,DIVERSIFICADO,PRIVADO,URBANA,CERRADA TEMPORALMENTE,MONOLINGUE,VESPERTINA,DIARIO(REGULAR),GUATEMALA NORTE
00-02-0314-46,01-01-0002,CIUDAD CAPITAL,ZONA 2,INSTITUTO DE  ESTUDIOS COMERCIALES Y ADMINISTRATIVOS -IECA-,3A AVE. 9-00 INTERIOR FINCA EL ZAPOTE,24111800,LUCRECIA MARISOL CERMEÑO GONZÁLEZ,ADOLFO ROBERTO BARRIOS ESCOBAR,DIVERSIFICADO,PRIVADO,URBANA,ABIERTA,MONOLINGUE,MATUTINA,DIARIO(REGULAR),GUATEMALA NORTE
00-02-0315-46,01-01-0001,CIUDAD CAPITAL,ZONA 2,"COLEGIO EVANGÉLICO MIXTO ""LA PATRIA""",7A AVE. 7-38,22541191,LUCRECIA MARISOL CERMEÑO GONZÁLEZ,LUIS FERNANDO AGUILAR,DIVERSIFICADO,PRIVADO,URBANA,ABIERTA,MONOLINGUE,MATUTINA,DIARIO(REGULAR),GUATEMALA NORTE
00-02-0316-46,01-643,CIUDAD CAPITAL,ZONA 2,INSTITUTO PRIVADO MIXTO DE EDUCACION DIVERSIFICADA ESCUELA TECNICA DE TURISMO,AVE. SIMEON CAYAS 6-11,,CESAR AUGUSTO ORTIZ HERNANDEZ,-,DIVERSIFICADO,PRIVADO,URBANA,CERRADA DEFINITIVAMENTE,MONOLINGUE,VESPERTINA,DIARIO(REGULAR),GUATEMALA NORTE
00-02-0317-45,01-319,CIUDAD CAPITAL,ZONA 2,INSTITUTO PRIVADO MIXTO DE EDUCACION BASICA 'CULTURAL AMERICANO',7A AVENIDA 4-11,22320426,ROSSY AMARILIS GARCIA TORRES,,BASICO,PRIVADO,URBANA,CERRADA TEMPORALMENTE,MONOLINGUE,MATUTINA,DIARIO(REGULAR),GUATEMALA NORTE
00-02-0317-46,01-301,CIUDAD CAPITAL,ZONA 2,INSTITUTO PRIVADO MIXTO DE EDUCACION DIVERSIFICADA CULTURAL AMERICANO,7A AVENIDA 4-11,22320426,LUCRECIA MARISOL CERMEÑO GONZÁLEZ,,DIVERSIFICADO,PRIVADO,URBANA,CERRADA TEMPORALMENTE,MONOLINGUE,MATUTINA,DIARIO(REGULAR),GUATEMALA NORTE
00-02-0318-45,01-01-0002,CIUDAD CAPITAL,ZONA 2,INSTITUTO PRIVADO MIXTO DE EDUCACION BASICA  CENTRO DE ESTUDIOS DIVERSIFICADOS  ( C.E.D.),3A AVE. 9-00 INTERIOR FINCA EL ZAPOTE,24111800,LUCRECIA MARISOL CERMEÑO GONZÁLEZ,LEOPOLDO  COLOM MOLINA,BASICO,PRIVADO,URBANA,ABIERTA,MONOLINGUE,MATUTINA,DIARIO(REGULAR),GUATEMALA NORTE
00-02-0318-46,01-01-0002,CIUDAD CAPITAL,ZONA 2,CENTRO DE ESTUDIOS DIVERSIFICADOS  -CED-,3A AVE 9-00 INTERIOR FINCA EL ZAPOTE,24111800,LUCRECIA MARISOL CERMEÑO GONZÁLEZ,LEOPOLDO  COLOM MOLINA,DIVERSIFICADO,PRIVADO,URBANA,ABIERTA,MONOLINGUE,MATUTINA,DIARIO(REGULAR),GUATEMALA NORTE
00-02-0319-45,,CIUDAD CAPITAL,ZONA 2,INSTITUTO PRIVADO MIXTO DE EDUCACION BASICA COLEGIO CENTRO PEDAGOGICO 'EL VALLE',AVE. SIMEON CAYAS 6-11,,,,BASICO,PRIVADO,URBANA,CERRADA DEFINITIVAMENTE,MONOLINGUE,MATUTINA,DIARIO(REGULAR),GUATEMALA NORTE
00-02-0319-46,01-,CIUDAD CAPITAL,ZONA 2,INSTITUTO PRIVADO MIXTO DE EDUCACION DIVERSIFICADA COLEGIO CENTRO PEDAGOGICO  EL VALLE,AVE. SIMEON CAYAS 6-11,,MARIA FELICITA ROQUE CARRERA,,DIVERSIFICADO,PRIVADO,URBANA,CERRADA DEFINITIVAMENTE,MONOLINGUE,MATUTINA,DIARIO(REGULAR),GUATEMALA NORTE
00-02-0320-45,01-403,CIUDAD CAPITAL,ZONA 2,INSTITUTO PRIVADO MIXTO DE EDUCACION BASICA 'PRACTICO MODERNO',7A AVE. 1-92,22320691,CARLOS HUMBERTO GONZÁLEZ DE LEÓN,,BASICO,PRIVADO,URBANA,CERRADA TEMPORALMENTE,MONOLINGUE,MATUTINA,SABATINO,GUATEMALA NORTE
00-02-0320-46,01-403,CIUDAD CAPITAL,ZONA 2,INSTITUTO PRIVADO MIXTO DE EDUCACION DIVERSIFICADA 'PRACTICO MODERNO',7A AVE. 1-92,22320691,CARLOS HUMBERTO GONZÁLEZ DE LEÓN,,DIVERSIFICADO,PRIVADO,URBANA,CERRADA DEFINITIVAMENTE,MONOLINGUE,MATUTINA,SABATINO,GUATEMALA NORTE
00-02-0321-45,01-01-0002,CIUDAD CAPITAL,ZONA 2,COLEGIO 'VANGUARDIA JUVENIL',11 AVENIDA 5-27,22887466,LUCRECIA MARISOL CERMEÑO GONZÁLEZ,NIDIA JANETH RODRIGUEZ GOMEZ,BASICO,PRIVADO,URBANA,ABIERTA,MONOLINGUE,MATUTINA,DIARIO(REGULAR),GUATEMALA NORTE
00-02-0321-46,01-01-0002,CIUDAD CAPITAL,ZONA 2,COLEGIO 'VANGUARDIA JUVENIL',11 AVENIDA 5-27,22887466,LUCRECIA MARISOL CERMEÑO GONZÁLEZ,NIDIA JANETH RODRIGUEZ GOMEZ,DIVERSIFICADO,PRIVADO,URBANA,ABIERTA,MONOLINGUE,MATUTINA,DIARIO(REGULAR),GUATEMALA NORTE
00-02-0322-45,,CIUDAD CAPITAL,ZONA 2,INSTITUTO PRIVADO MIXTO DE EDUCACION BASICA 'PRACTICO MODERNO' (POR MADUREZ),7A AVE. 1-92,22320691,,,BASICO,PRIVADO,URBANA,CERRADA DEFINITIVAMENTE,MONOLINGUE,MATUTINA,SABATINO,GUATEMALA NORTE
00-02-0322-46,01-,CIUDAD CAPITAL,ZONA 2,INSTITUTO PRIVADO MIXTO DE EDUCACION DIVERSIFICADA  PRACTICO MODERNO  (POR MADUREZ),7A AVE. 1-92,22320691,MARIA FELICITA ROQUE CARRERA,,DIVERSIFICADO,PRIVADO,URBANA,CERRADA DEFINITIVAMENTE,MONOLINGUE,NOCTURNA,DIARIO(REGULAR),GUATEMALA NORTE
00-02-1684-44,01-403,CIUDAD CAPITAL,ZONA 2,INSTITUTO GUATEMALTECO DE EDUCACION RADIOFONICA (IGER),11 AVENIDA 18-45 CIUDAD NUEVA,23101120,CARLOS HUMBERTO GONZÁLEZ DE LEÓN,MÓNICA EUGENIA OBANDO VILLATORO,PRIMARIA DE ADULTOS,PRIVADO,URBANA,CERRADA TEMPORALMENTE,MONOLINGUE,MATUTINA,A DISTANCIA,GUATEMALA NORTE
00-02-2189-42,,CIUDAD CAPITAL,ZONA 2,EPDP ANEXA A COLEGIO 'DANIEL DEFOE',11 AVENIDA 13-19,22320961,,,PARVULOS,PRIVADO,URBANA,CERRADA DEFINITIVAMENTE,MONOLINGUE,MATUTINA,DIARIO(REGULAR),GUATEMALA NORTE
00-02-2199-42,,CIUDAD CAPITAL,ZONA 2,EPDP ANEXA A 'JARDIN INFANTIL CASITA ENCANTADA',"11 AVE. 6-17 ZONA 2, CIUDAD NUEVA",,,,PARVULOS,PRIVADO,URBANA,CERRADA DEFINITIVAMENTE,MONOLINGUE,MATUTINA,DIARIO(REGULAR),GUATEMALA NORTE
00-02-2200-42,01-319,CIUDAD CAPITAL,ZONA 2,ANEXA A COLEGIO EDUCATIVO AMERICANO,3A AVE. 9-00 INTERIOR FINCA EL ZAPOTE,22887589,ROSSY AMARILIS GARCIA TORRES,,PARVULOS,PRIVADO,URBANA,CERRADA DEFINITIVAMENTE,MONOLINGUE,MATUTINA,DIARIO(REGULAR),GUATEMALA NORTE
00-02-2201-43,01-01-0001,CIUDAD CAPITAL,ZONA 2,EOUM NO.24  DELFINO SANCHEZ,12 AVE.  B  8-41,22891347,LUCRECIA MARISOL CERMEÑO GONZÁLEZ,HECTOR GERARDO MUÑIZ BONILLA,PRIMARIA,OFICIAL,URBANA,ABIERTA,MONOLINGUE,VESPERTINA,DIARIO(REGULAR),GUATEMALA NORTE
00-02-2202-43,,CIUDAD CAPITAL,ZONA 2,EPUM 'CASITA ENCANTADA',11 AVE. 6-00,,,,PRIMARIA,PRIVADO,URBANA,CERRADA DEFINITIVAMENTE,MONOLINGUE,MATUTINA,DIARIO(REGULAR),GUATEMALA NORTE
00-02-2203-43,01-319,CIUDAD CAPITAL,ZONA 2,CPMI EDUCATIVO AMERICANO,3A AVE. 9-00 INTERIOR FINCA EL ZAPOTE,22887589,ROSSY AMARILIS GARCIA TORRES,,PRIMARIA,PRIVADO,URBANA,CERRADA DEFINITIVAMENTE,MONOLINGUE,MATUTINA,DIARIO(REGULAR),GUATEMALA NORTE
00-02-2477-42,01-319,CIUDAD CAPITAL,ZONA 2,EPDP 'EL GRILLITO CANTOR',12 AV. 1-19,40976795,ROSSY AMARILIS GARCIA TORRES,,PARVULOS,PRIVADO,URBANA,CERRADA TEMPORALMENTE,MONOLINGUE,MATUTINA,DIARIO(REGULAR),GUATEMALA NORTE
00-02-2478-42,,CIUDAD CAPITAL,ZONA 2,EPDP ANEXA A 'INSTITUTO CULTURAL AMERICANO',7A AVENIDA 4-11,22320426,,,PARVULOS,PRIVADO,URBANA,CERRADA TEMPORALMENTE,MONOLINGUE,MATUTINA,DIARIO(REGULAR),GUATEMALA NORTE
00-02-2479-43,01-301,CIUDAD CAPITAL,ZONA 2,CPMI 'MARIANO',9A AV 1-66,22542466,LUCRECIA MARISOL CERMEÑO GONZÁLEZ,,PRIMARIA,PRIVADO,URBANA,CERRADA DEFINITIVAMENTE,MONOLINGUE,MATUTINA,DIARIO(REGULAR),GUATEMALA NORTE
00-02-2783-45,,CIUDAD CAPITAL,ZONA 2,INSTITUTO PRIVADO MIXTO DE EDUCACION BASICA 'PRACTICO MODERNO',7A AVE. 1-92,22320691,,,BASICO,PRIVADO,URBANA,CERRADA DEFINITIVAMENTE,MONOLINGUE,NOCTURNA,DIARIO(REGULAR),GUATEMALA NORTE
00-02-2822-42,01-01-0001,CIUDAD CAPITAL,ZONA 2,"COLEGIO EVANGÉLICO MIXTO ""LA PATRIA""",7 AV. 7-38,22541191,LUCRECIA MARISOL CERMEÑO GONZÁLEZ,DÉBORA RAQUEL GÓMEZ GONZÁLEZ,PARVULOS,PRIVADO,URBANA,ABIERTA,MONOLINGUE,MATUTINA,DIARIO(REGULAR),GUATEMALA NORTE
00-02-2842-43,01-319,CIUDAD CAPITAL,ZONA 2,EPUM 'LA CASITA DE LOS POLLITOS',7 AV. 0-43,22533635,ROSSY AMARILIS GARCIA TORRES,,PRIMARIA,PRIVADO,URBANA,CERRADA DEFINITIVAMENTE,MONOLINGUE,MATUTINA,DIARIO(REGULAR),GUATEMALA NORTE
00-02-2965-44,,CIUDAD CAPITAL,ZONA 2,PROYECTOS EDUCATIVOS REGIONALES 'AUTOAYUDA' (P.E.R.A),3A. AV. 1-32,,,,PRIMARIA DE ADULTOS,PRIVADO,URBANA,CERRADA DEFINITIVAMENTE,MONOLINGUE,MATUTINA,DIARIO(REGULAR),GUATEMALA NORTE
00-02-2985-42,,CIUDAD CAPITAL,ZONA 2,COLEGIO MIXTO LORENZETTI,"12 AV. 12-48 ZONA 2, CIUDAD NUEVA",,,,PARVULOS,PRIVADO,URBANA,CERRADA TEMPORALMENTE,MONOLINGUE,MATUTINA,DIARIO(REGULAR),GUATEMALA NORTE
00-02-2985-43,,CIUDAD CAPITAL,ZONA 2,CPMI 'LORENZET II',12 AV. 12-48,,,,PRIMARIA,PRIVADO,URBANA,CERRADA TEMPORALMENTE,MONOLINGUE,MATUTINA,DIARIO(REGULAR),GUATEMALA NORTE
00-02-2986-42,01-209,CIUDAD CAPITAL,ZONA 2,COLEGIO MIXTO DANIEL DEFOE,7MA. AVENIDA 2-10,22320978,MIRIAM DEL CARMEN OROZCO HERNANDEZ,,PARVULOS,PRIVADO,URBANA,CERRADA DEFINITIVAMENTE,MONOLINGUE,MATUTINA,DIARIO(REGULAR),GUATEMALA NORTE
00-02-3051-46,,CIUDAD CAPITAL,ZONA 2,COLEGIO 'DANIEL DEFOE',11 AVENIDA 13-19,22511594,,,DIVERSIFICADO,PRIVADO,URBANA,CERRADA TEMPORALMENTE,MONOLINGUE,MATUTINA,DIARIO(REGULAR),GUATEMALA NORTE
00-02-3142-43,,CIUDAD CAPITAL,ZONA 2,CPMI TECNICO EN COMPUTACION,2A. CALLE 5-44,,,,PRIMARIA,PRIVADO,URBANA,CERRADA TEMPORALMENTE,MONOLINGUE,MATUTINA,DIARIO(REGULAR),GUATEMALA NORTE
00-02-3142-45,,CIUDAD CAPITAL,ZONA 2,CENTRO EDUCATIVO CIENTIFICO DE INFORMATICA,2A. CALLE 5-44,,,,BASICO,PRIVADO,URBANA,CERRADA DEFINITIVAMENTE,MONOLINGUE,MATUTINA,DIARIO(REGULAR),GUATEMALA NORTE
00-02-3142-46,01-,CIUDAD CAPITAL,ZONA 2,CENTRO EDUCATIVO CIENTIFICO DE INFORMATICA,2A. CALLE 5-44,00000000,MARIA FELICITA ROQUE CARRERA,--------------------,DIVERSIFICADO,PRIVADO,URBANA,CERRADA DEFINITIVAMENTE,MONOLINGUE,MATUTINA,DIARIO(REGULAR),GUATEMALA NORTE
00-02-4147-42,01-01-0002,CIUDAD CAPITAL,ZONA 2,EODP NO.10 MARIA MONTESSORI,13 AVE. 4-51,45071255,LUCRECIA MARISOL CERMEÑO GONZÁLEZ,GLADYS  JERÓNIMO SOLIS,PARVULOS,OFICIAL,URBANA,ABIERTA,MONOLINGUE,MATUTINA,DIARIO(REGULAR),GUATEMALA NORTE
00-02-4162-45,01-319,CIUDAD CAPITAL,ZONA 2,COLEGIO DE COMPUTACION 'BLAISE PASCAL',AVENIDA SIMEON CAÑAS 7-73,22540986,ROSSY AMARILIS GARCIA TORRES,,BASICO,PRIVADO,URBANA,CERRADA DEFINITIVAMENTE,MONOLINGUE,MATUTINA,DIARIO(REGULAR),GUATEMALA NORTE
00-02-4163-45,,CIUDAD CAPITAL,ZONA 2,INSTITUTO PRIVADO MIXTO DE EDUCACION BASICA COLEGIO 'DANIEL DEFOE',11 AVENIDA 13-19,22511594,,,BASICO,PRIVADO,URBANA,CERRADA TEMPORALMENTE,MONOLINGUE,MATUTINA,DIARIO(REGULAR),GUATEMALA NORTE
00-02-4193-43,,CIUDAD CAPITAL,ZONA 2,EPUM 'DANIEL DEFOE',11 AV. 13-19,22320978,,,PRIMARIA,PRIVADO,URBANA,CERRADA TEMPORALMENTE,MONOLINGUE,MATUTINA,DIARIO(REGULAR),GUATEMALA NORTE
00-02-4200-46,01-319,CIUDAD CAPITAL,ZONA 2,COLEGIO DE COMPUTACION  BLAISE PASCAL,AVENIDA SIMEON CAÑAS 7-73,22540986,ROSSY AMARILIS GARCIA TORRES,-----------,DIVERSIFICADO,PRIVADO,URBANA,CERRADA DEFINITIVAMENTE,MONOLINGUE,MATUTINA,DIARIO(REGULAR),GUATEMALA NORTE
00-02-4318-46,01-319,CIUDAD CAPITAL,ZONA 2,LICEO 'VICTORIA Y LIBERTAD',7A. AVENIDA 0-23,22329863,ROSSY AMARILIS GARCIA TORRES,,DIVERSIFICADO,PRIVADO,URBANA,CERRADA DEFINITIVAMENTE,MONOLINGUE,MATUTINA,DIARIO(REGULAR),GUATEMALA NORTE
00-02-4340-45,01-319,CIUDAD CAPITAL,ZONA 2,LICEO PRIVADO 'VICTORIA Y LIBERTAD',7A. AVENIDA 0-23,22329863,ROSSY AMARILIS GARCIA TORRES,,BASICO,PRIVADO,URBANA,CERRADA DEFINITIVAMENTE,MONOLINGUE,MATUTINA,DIARIO(REGULAR),GUATEMALA NORTE
00-02-4341-43,01-319,CIUDAD CAPITAL,ZONA 2,CPMI 'MONTE VERDE',10A. AVENIDA 'A' 0-42,22541869,ROSSY AMARILIS GARCIA TORRES,,PRIMARIA,PRIVADO,URBANA,CERRADA TEMPORALMENTE,MONOLINGUE,MATUTINA,DIARIO(REGULAR),GUATEMALA NORTE
00-02-4342-43,01-319,CIUDAD CAPITAL,ZONA 2,CENTRO DE ESTUDIOS COPANTE,AVENIDA SIMEON CAÑAS 5-58,22541333,ROSSY AMARILIS GARCIA TORRES,,PRIMARIA,PRIVADO,URBANA,CERRADA TEMPORALMENTE,MONOLINGUE,MATUTINA,DIARIO(REGULAR),GUATEMALA NORTE
00-02-4343-42,01-319,CIUDAD CAPITAL,ZONA 2,CENTRO DE ESTUDIOS COPANTE,"AVENIDA SIMEON CAÑAS, 5-58",22541333,ROSSY AMARILIS GARCIA TORRES,,PARVULOS,PRIVADO,URBANA,CERRADA TEMPORALMENTE,MONOLINGUE,MATUTINA,DIARIO(REGULAR),GUATEMALA NORTE
00-02-4344-43,01-301,CIUDAD CAPITAL,ZONA 2,COLEGIO MANANTIAL,11 AVENIDA 11-56,22894901,LUCRECIA MARISOL CERMEÑO GONZÁLEZ,MARIA EUGENIA SILVA BRAHAM,PRIMARIA,PRIVADO,URBANA,CERRADA TEMPORALMENTE,MONOLINGUE,MATUTINA,DIARIO(REGULAR),GUATEMALA NORTE
00-02-4345-45,01-301,CIUDAD CAPITAL,ZONA 2,EPUM 'COLEGIO MARIANO',9A. AVENIDA 1-66,22382227,LUCRECIA MARISOL CERMEÑO GONZÁLEZ,,BASICO,PRIVADO,URBANA,CERRADA DEFINITIVAMENTE,MONOLINGUE,VESPERTINA,DIARIO(REGULAR),GUATEMALA NORTE
00-02-4719-42,01-301,CIUDAD CAPITAL,ZONA 2,COLEGIO MANANTIAL,11 AV. 10-67 CIUDAD NUEVA,22894901,LUCRECIA MARISOL CERMEÑO GONZÁLEZ,AURA MARINA RODRIGUEZ SANDOVAL,PARVULOS,PRIVADO,URBANA,CERRADA TEMPORALMENTE,MONOLINGUE,MATUTINA,DIARIO(REGULAR),GUATEMALA NORTE
00-02-6926-46,,CIUDAD CAPITAL,ZONA 2,CENTRO DE ESTUDIOS TECNOLOGICOS,5A. CALLE 2-44 TECUN UMAN,,,,DIVERSIFICADO,PRIVADO,URBANA,CERRADA DEFINITIVAMENTE,MONOLINGUE,MATUTINA,DIARIO(REGULAR),GUATEMALA NORTE
00-02-6935-43,01-309,CIUDAD CAPITAL,ZONA 2,CPMI GUATEMALTECO INFANTIL,7AV. 4-33,,EVELIN  ARMINDA ARRIOLA RAMÍREZ,,PRIMARIA,PRIVADO,URBANA,CERRADA TEMPORALMENTE,MONOLINGUE,MATUTINA,DIARIO(REGULAR),GUATEMALA NORTE
00-02-6936-43,01-01-0002,CIUDAD CAPITAL,ZONA 2,COLEGIO CATOLICO MIXTO LICEO TRINITARIO,11 AVENIDA 'A' 6-04,51767581,LUCRECIA MARISOL CERMEÑO GONZÁLEZ,LILIAN ELIZABETH GARCIA SAMAYOA,PRIMARIA,PRIVADO,URBANA,ABIERTA,MONOLINGUE,MATUTINA,DIARIO(REGULAR),GUATEMALA NORTE
00-02-6974-42,,CIUDAD CAPITAL,ZONA 2,"EPDP ANEXA KINDERGARTEN AIRE, SOL Y AGUA",2A. AV. 4-04,,,,PARVULOS,PRIVADO,URBANA,CERRADA DEFINITIVAMENTE,MONOLINGUE,MATUTINA,DIARIO(REGULAR),GUATEMALA NORTE
00-02-6975-42,01-319,CIUDAD CAPITAL,ZONA 2,COLEGIO MONTE VERDE,10A. AV. 'A' 0-42,22541869,ROSSY AMARILIS GARCIA TORRES,,PARVULOS,PRIVADO,URBANA,CERRADA TEMPORALMENTE,MONOLINGUE,MATUTINA,DIARIO(REGULAR),GUATEMALA NORTE
00-02-6976-42,01-301,CIUDAD CAPITAL,ZONA 2,COLEGIO GUATEMALTECO INFANTIL,11 CALLE 11-12 ZONA 1,22383232,LUCRECIA MARISOL CERMEÑO GONZÁLEZ,,PARVULOS,PRIVADO,URBANA,CERRADA TEMPORALMENTE,MONOLINGUE,MATUTINA,DIARIO(REGULAR),GUATEMALA NORTE
00-02-6977-45,,CIUDAD CAPITAL,ZONA 2,IPMB 'LICEO PREUNIVERSITARIO DE COMPUTACION',AVENIDA SIMEON CAYAS 6-11,22541365,,,BASICO,PRIVADO,URBANA,CERRADA DEFINITIVAMENTE,MONOLINGUE,MATUTINA,DIARIO(REGULAR),GUATEMALA NORTE
00-02-7035-46,01-403,CIUDAD CAPITAL,ZONA 2,LICEO DE COMPUTACION C.S.S.,10 AVENIDA 11-46,22513059,CARLOS HUMBERTO GONZÁLEZ DE LEÓN,-------------,DIVERSIFICADO,PRIVADO,URBANA,CERRADA TEMPORALMENTE,MONOLINGUE,INTERMEDIA,DIARIO(REGULAR),GUATEMALA NORTE
00-02-7036-45,01-402,CIUDAD CAPITAL,ZONA 2,INSTITUTO CULTURAL AMERICANO,7A AVENIDA 4-11,22320426,CARLOS HUMBERTO GONZALEZ DE LEON,,BASICO,PRIVADO,URBANA,CERRADA TEMPORALMENTE,MONOLINGUE,MATUTINA,FIN DE SEMANA,GUATEMALA NORTE
00-02-7046-45,,CIUDAD CAPITAL,ZONA 2,INSTITUTO 'PRACTICO MODERNO',7A. AVE. 1-92,22320691,,,BASICO,PRIVADO,URBANA,CERRADA DEFINITIVAMENTE,MONOLINGUE,MATUTINA,DIARIO(REGULAR),GUATEMALA NORTE
00-02-7079-46,,CIUDAD CAPITAL,ZONA 2,CPUM COLEGIO MIXTO CRISTIANO EN COMPUTACION 'LAS AMERICAS',5A. CALLE 5-37,22324231,,,DIVERSIFICADO,PRIVADO,URBANA,CERRADA TEMPORALMENTE,MONOLINGUE,MATUTINA,DIARIO(REGULAR),GUATEMALA NORTE
00-02-7084-42,,CIUDAD CAPITAL,ZONA 2,COLEGIO INFANTIL 'ROSARITO',3A. CALLE 5-31,22329918,,,PARVULOS,PRIVADO,URBANA,CERRADA DEFINITIVAMENTE,MONOLINGUE,MATUTINA,DIARIO(REGULAR),GUATEMALA NORTE
00-02-7085-43,,CIUDAD CAPITAL,ZONA 2,COLEGIO INFANTIL 'ROSARITO',3A. CALLE 5-31,22329918,,,PRIMARIA,PRIVADO,URBANA,CERRADA DEFINITIVAMENTE,MONOLINGUE,MATUTINA,DIARIO(REGULAR),GUATEMALA NORTE
00-02-7094-45,,CIUDAD CAPITAL,ZONA 2,COLEGIO MIXTO CRISTIANO EN COMPUTACION 'LAS AMERICAS',5A. CALLE 5-37,,,,BASICO,PRIVADO,URBANA,CERRADA TEMPORALMENTE,MONOLINGUE,MATUTINA,DIARIO(REGULAR),GUATEMALA NORTE
00-02-7120-43,,CIUDAD CAPITAL,ZONA 2,CENTRO DE DESARROLLO EDUCACIONAL 'CEDUCA',10 AV. 0-28,22539247,,,PRIMARIA,PRIVADO,URBANA,CERRADA TEMPORALMENTE,MONOLINGUE,MATUTINA,DIARIO(REGULAR),GUATEMALA NORTE
00-02-7134-46,01-303,CIUDAD CAPITAL,ZONA 2,LICEO DE INFORMATICA Y CIENCIAS COMERCIALES,11 AV. 1-42,22383643,GLORIA GABRIELA LARIOS GARCÍA,,DIVERSIFICADO,PRIVADO,URBANA,CERRADA DEFINITIVAMENTE,MONOLINGUE,MATUTINA,DIARIO(REGULAR),GUATEMALA NORTE
00-02-7135-46,,CIUDAD CAPITAL,ZONA 2,LICEO DE INFORMATICA Y CIENCIAS COMERCIALES,11 AV. 1-42,22542066,,,DIVERSIFICADO,PRIVADO,URBANA,CERRADA DEFINITIVAMENTE,MONOLINGUE,VESPERTINA,DIARIO(REGULAR),GUATEMALA NORTE
00-02-7182-45,,CIUDAD CAPITAL,ZONA 2,LICEO TECNICO,4TA. AV. LOTE 460 COL. KENNEDY ZONA 18.,,,,BASICO,PRIVADO,URBANA,CERRADA TEMPORALMENTE,MONOLINGUE,MATUTINA,DIARIO(REGULAR),GUATEMALA NORTE
00-02-7193-45,,CIUDAD CAPITAL,ZONA 2,CPUM VERSALLES,7 AV. 1-13,23848334,,,BASICO,PRIVADO,URBANA,CERRADA DEFINITIVAMENTE,MONOLINGUE,MATUTINA,DIARIO(REGULAR),GUATEMALA NORTE
00-02-7194-46,,CIUDAD CAPITAL,ZONA 2,CPUM 'VERSALLES',7AV. 1-13,22384834,,,DIVERSIFICADO,PRIVADO,URBANA,CERRADA TEMPORALMENTE,MONOLINGUE,MATUTINA,DIARIO(REGULAR),GUATEMALA NORTE
00-02-7207-45,01-01-0002,CIUDAD CAPITAL,ZONA 2,COLEGIO CATOLICO MIXTO 'LICEO TRINITARIO',11 AVENIDA 'A' 6-04,51767581,LUCRECIA MARISOL CERMEÑO GONZÁLEZ,MARIBEL  FUENTES VILLELA,BASICO,PRIVADO,URBANA,ABIERTA,MONOLINGUE,VESPERTINA,DIARIO(REGULAR),GUATEMALA NORTE
00-02-7230-42,01-205,CIUDAD CAPITAL,ZONA 2,COLEGIO BAUTISTA MARVIN LOYD,2AV. D 4-39,,MARTA LISBETH CUMATZ RAMIREZ,,PARVULOS,PRIVADO,URBANA,CERRADA TEMPORALMENTE,MONOLINGUE,MATUTINA,DIARIO(REGULAR),GUATEMALA NORTE
00-02-7231-43,01-205,CIUDAD CAPITAL,ZONA 2,COLEGIO BAUTISTA MARVIN LOYD,2AV. D 4-39 BOCA DEL MONTE,,MARTA LISBETH CUMATZ RAMIREZ,,PRIMARIA,PRIVADO,URBANA,CERRADA TEMPORALMENTE,MONOLINGUE,MATUTINA,DIARIO(REGULAR),GUATEMALA NORTE
00-02-7255-45,01-319,CIUDAD CAPITAL,ZONA 2,LICEO APLICADO EN COMPUTACION II,1A. CALLE 5-23,22206556,ROSSY AMARILIS GARCIA TORRES,,BASICO,PRIVADO,URBANA,CERRADA TEMPORALMENTE,MONOLINGUE,MATUTINA,DIARIO(REGULAR),GUATEMALA NORTE
00-02-7346-43,01-301,CIUDAD CAPITAL,ZONA 2,CEES ANEXO EOUM LABORATORIO NO. 1 RAYMOND H. RIGNALL,12 AVENIDA 'B' 8-41,22540794,LUCRECIA MARISOL CERMEÑO GONZÁLEZ,,PRIMARIA,OFICIAL,URBANA,CERRADA DEFINITIVAMENTE,MONOLINGUE,MATUTINA,DIARIO(REGULAR),GUATEMALA NORTE
00-02-7549-46,01-301,CIUDAD CAPITAL,ZONA 2,COLEGIO DE ESTUDIOS COMERCIALES Y COMPUTACION,9A. AVE. 1-66,22542466,LUCRECIA MARISOL CERMEÑO GONZÁLEZ,---,DIVERSIFICADO,PRIVADO,URBANA,CERRADA TEMPORALMENTE,MONOLINGUE,VESPERTINA,DIARIO(REGULAR),GUATEMALA NORTE
00-02-7733-42,01-01-0001,CIUDAD CAPITAL,ZONA 2,COLEGIO MIXTO BILINGUE  NUEVO AMANECER,13 AVE. 10-20 CIUDAD NUEVA,22091616,LUCRECIA MARISOL CERMEÑO GONZÁLEZ,MATILDE BEATRIZ QUEZADA,PARVULOS,PRIVADO,URBANA,ABIERTA,MONOLINGUE,MATUTINA,DIARIO(REGULAR),GUATEMALA NORTE
00-02-7734-43,01-01-0001,CIUDAD CAPITAL,ZONA 2,COLEGIO MIXTO BILINGUE  NUEVO AMANECER,13 AV 10-20 CIUDAD NUEVA,22091616,LUCRECIA MARISOL CERMEÑO GONZÁLEZ,NORA EUGENIA SANTIBAÑEZ CALDERÓN,PRIMARIA,PRIVADO,URBANA,ABIERTA,MONOLINGUE,MATUTINA,DIARIO(REGULAR),GUATEMALA NORTE
00-02-7735-45,01-01-0001,CIUDAD CAPITAL,ZONA 2,COLEGIO MIXTO BILINGUE  NUEVO AMANECER,13 AVE. 10-20 CIUDAD NUEVA,22091616,LUCRECIA MARISOL CERMEÑO GONZÁLEZ,ELSA DELIA CONTRERAS NÁJERA,BASICO,PRIVADO,URBANA,ABIERTA,MONOLINGUE,MATUTINA,DIARIO(REGULAR),GUATEMALA NORTE
00-02-7736-46,01-01-0001,CIUDAD CAPITAL,ZONA 2,COLEGIO MIXTO BILINGUE  NUEVO AMANECER,13 AVE. 10-20 CIUDAD NUEVA,22091616,LUCRECIA MARISOL CERMEÑO GONZÁLEZ,ELSA DELIA CONTRERAS NÁJERA,DIVERSIFICADO,PRIVADO,URBANA,ABIERTA,MONOLINGUE,MATUTINA,DIARIO(REGULAR),GUATEMALA NORTE
00-02-7747-44,,CIUDAD CAPITAL,ZONA 2,COLEGIO EVANGELICO MIXTO 'LA PATRIA',7A. AVE. 7-38,22541191,,,PRIMARIA DE ADULTOS,PRIVADO,URBANA,CERRADA DEFINITIVAMENTE,MONOLINGUE,MATUTINA,FIN DE SEMANA,GUATEMALA NORTE
00-02-7748-45,,CIUDAD CAPITAL,ZONA 2,COLEGIO EVANGELICO MIXTO 'LA PATRIA',7A. AVE. 7-38,22541191,,,BASICO,PRIVADO,URBANA,CERRADA DEFINITIVAMENTE,MONOLINGUE,DOBLE,FIN DE SEMANA,GUATEMALA NORTE
00-02-7749-46,01-102,CIUDAD CAPITAL,ZONA 2,COLEGIO EVANGELICO MIXTO LA PATRIA,7A. AVE. 7-38,25410372,ZIZI ARELY LOPEZ CHINCHILLA,,DIVERSIFICADO,PRIVADO,URBANA,CERRADA DEFINITIVAMENTE,MONOLINGUE,DOBLE,SABATINO,GUATEMALA NORTE
00-02-7867-45,01-301,CIUDAD CAPITAL,ZONA 2,COLEGIO 'SAN ANGEL',14 CALLE 11-06 CIUDAD NUEVA,55139046,LUCRECIA MARISOL CERMEÑO GONZÁLEZ,CESIA RUBÍ ZULETA GÓMEZ,BASICO,PRIVADO,URBANA,CERRADA TEMPORALMENTE,MONOLINGUE,MATUTINA,DIARIO(REGULAR),GUATEMALA NORTE
00-02-7868-46,01-301,CIUDAD CAPITAL,ZONA 2,COLEGIO 'SAN ANGEL',14 CALLE 11-06 CIUDAD NUEVA,22540214,LUCRECIA MARISOL CERMEÑO GONZÁLEZ,CESIA RUBÍ ZULETA GÓMEZ,DIVERSIFICADO,PRIVADO,URBANA,CERRADA TEMPORALMENTE,MONOLINGUE,MATUTINA,DIARIO(REGULAR),GUATEMALA NORTE
00-02-7870-45,01-,CIUDAD CAPITAL,ZONA 2,COLEGIO 'SAN ANGEL',14 CALLE 11-06 CIUDAD NUEVA,22540314,MARIA FELICITA ROQUE CARRERA,--,BASICO,PRIVADO,URBANA,CERRADA TEMPORALMENTE,MONOLINGUE,DOBLE,FIN DE SEMANA,GUATEMALA NORTE
00-02-7871-46,01-407,CIUDAD CAPITAL,ZONA 2,COLEGIO SAN ANGEL,14 CALLE 11-06 CIUDAD NUEVA,22540314,LILIAN YOLANDA RODRIGUEZ PINTO DE CASTRO,,DIVERSIFICADO,PRIVADO,URBANA,CERRADA TEMPORALMENTE,MONOLINGUE,DOBLE,FIN DE SEMANA,GUATEMALA NORTE
00-02-7872-45,01-01-0017,CIUDAD CAPITAL,ZONA 2,COLEGIO  SAN ANGEL,14 CALLE 11-06 CIUDAD NUEVA,22540314,CARLOS HUMBERTO GONZALEZ DE LEON,ANA VICTORIA ROLDAN LÓPEZ,BASICO,PRIVADO,URBANA,ABIERTA,MONOLINGUE,DOBLE,FIN DE SEMANA,GUATEMALA NORTE
00-02-7873-46,01-01-0017,CIUDAD CAPITAL,ZONA 2,COLEGIO  SAN ANGEL  (BACHILLERATO POR MADUREZ),14 CALLE 11-06 CIUDAD NUEVA,22540214,CARLOS HUMBERTO GONZALEZ DE LEON,MARIA FERNANDA DEL VALLE QUEZADA,DIVERSIFICADO,PRIVADO,URBANA,ABIERTA,MONOLINGUE,DOBLE,FIN DE SEMANA,GUATEMALA NORTE
00-02-7917-42,01-301,CIUDAD CAPITAL,ZONA 2,COLEGIO PRIVADO UNIVERSIDAD INFANTIL,8A. AVE. 7-56,22541267,LUCRECIA MARISOL CERMEÑO GONZÁLEZ,,PARVULOS,PRIVADO,URBANA,CERRADA TEMPORALMENTE,MONOLINGUE,MATUTINA,DIARIO(REGULAR),GUATEMALA NORTE
00-02-7918-43,01-301,CIUDAD CAPITAL,ZONA 2,COLEGIO PRIVADO UNIVERSIDAD INFANTIL,8A. AVE. 7-56,22541266,LUCRECIA MARISOL CERMEÑO GONZÁLEZ,,PRIMARIA,PRIVADO,URBANA,CERRADA TEMPORALMENTE,MONOLINGUE,MATUTINA,DIARIO(REGULAR),GUATEMALA NORTE
00-02-8020-45,01-403,CIUDAD CAPITAL,ZONA 2,COLEGIO MIXTO EN COMPUTACION MILENIUM,5A. CALLE 5-37,41893313,CARLOS HUMBERTO GONZÁLEZ DE LEÓN,CAROLINA BEATRIZ TURCIOS MALDONADO,BASICO,PRIVADO,URBANA,CERRADA TEMPORALMENTE,MONOLINGUE,DOBLE,FIN DE SEMANA,GUATEMALA NORTE
00-02-8021-46,01-01-0017,CIUDAD CAPITAL,ZONA 2,COLEGIO MIXTO EN COMPUTACION MILENIUM,5A. CALLE 5-37,22204730,CARLOS HUMBERTO GONZALEZ DE LEON,CAROLINA BEATRIZ TURCIOS MALDONADO,DIVERSIFICADO,PRIVADO,URBANA,ABIERTA,MONOLINGUE,DOBLE,FIN DE SEMANA,GUATEMALA NORTE
00-02-8068-45,,CIUDAD CAPITAL,ZONA 2,CENTRO EDUCATIVO EN COMPUTACION GENESIS,10AV. 1-41,22541894,,,BASICO,PRIVADO,URBANA,CERRADA DEFINITIVAMENTE,MONOLINGUE,MATUTINA,DIARIO(REGULAR),GUATEMALA NORTE
00-02-8069-46,,CIUDAD CAPITAL,ZONA 2,CENTRO EDUCATIVO EN COMPUTACION GENESIS,10AV. 1-41,22541894,,,DIVERSIFICADO,PRIVADO,URBANA,CERRADA DEFINITIVAMENTE,MONOLINGUE,MATUTINA,DIARIO(REGULAR),GUATEMALA NORTE
00-02-8070-45,,CIUDAD CAPITAL,ZONA 2,CENTRO EDUCATIVO EN COMPUTACION GENESIS,10AV. 1-41,22541894,,,BASICO,PRIVADO,URBANA,CERRADA DEFINITIVAMENTE,MONOLINGUE,VESPERTINA,DIARIO(REGULAR),GUATEMALA NORTE
00-02-8071-46,,CIUDAD CAPITAL,ZONA 2,CENTRO EDUCATIVO EN COMPUTACION GENESIS,10AV. 1-41,,,,DIVERSIFICADO,PRIVADO,URBANA,CERRADA DEFINITIVAMENTE,MONOLINGUE,VESPERTINA,DIARIO(REGULAR),GUATEMALA NORTE
00-02-8109-43,01-301,CIUDAD CAPITAL,ZONA 2,COLEGIO EL CASTILLO ENCANTADO,3A. AVE. 8-31 INTERIOR EL ZAPOTE,22888906,LUCRECIA MARISOL CERMEÑO GONZÁLEZ,,PRIMARIA,PRIVADO,URBANA,CERRADA DEFINITIVAMENTE,MONOLINGUE,MATUTINA,DIARIO(REGULAR),GUATEMALA NORTE
00-02-8157-43,01-301,CIUDAD CAPITAL,ZONA 2,COLEGIO EL GRILLO CANTOR,12 AV.1-19,22342021,LUCRECIA MARISOL CERMEÑO GONZÁLEZ,,PRIMARIA,PRIVADO,URBANA,CERRADA DEFINITIVAMENTE,MONOLINGUE,MATUTINA,DIARIO(REGULAR),GUATEMALA NORTE
00-02-8257-46,01-01-0012,CIUDAD CAPITAL,ZONA 2,INSTITUTO GUATEMALTECO DE EDUCACIÓN RADIOFÓNICA IGER,11 AVENIDA 18-45 CIUDAD NUEVA,23051120,CARLOS HUMBERTO GONZALEZ DE LEON,MÓNICA EUGENIA OBANDO VILLATORO,DIVERSIFICADO,PRIVADO,URBANA,ABIERTA,MONOLINGUE,MATUTINA,A DISTANCIA,GUATEMALA NORTE
00-02-8271-45,01-403,CIUDAD CAPITAL,ZONA 2,COLEGIO MIXTO EN COMPUTACION MILENIUM (POR MADUREZ),5A. CALLE 5-37,41893313,CARLOS HUMBERTO GONZÁLEZ DE LEÓN,CAROLINA BEATRIZ TURCIOS MALDONADO,BASICO,PRIVADO,URBANA,CERRADA TEMPORALMENTE,MONOLINGUE,DOBLE,FIN DE SEMANA,GUATEMALA NORTE
00-02-8272-46,01-403,CIUDAD CAPITAL,ZONA 2,COLEGIO MIXTO EN COMPUTACION MILENIUM (POR MADUREZ),5A. CALLE 5-37,41893313,CARLOS HUMBERTO GONZÁLEZ DE LEÓN,CAROLINA BEATRIZ TURCIOS MALDONADO,DIVERSIFICADO,PRIVADO,URBANA,CERRADA TEMPORALMENTE,MONOLINGUE,DOBLE,FIN DE SEMANA,GUATEMALA NORTE
00-02-8281-46,,CIUDAD CAPITAL,ZONA 2,COLEGIO EVANGELICO MIXTO 'LA PATRIA' (POR MADUREZ),7A AVENIDA 7-38,"2541037, 2541191",,,DIVERSIFICADO,PRIVADO,URBANA,CERRADA DEFINITIVAMENTE,MONOLINGUE,DOBLE,SABATINO,GUATEMALA NORTE
00-02-8282-45,,CIUDAD CAPITAL,ZONA 2,COLEGIO EVANGELICO MIXTO 'LA PATRIA' (POR MADUREZ),7A AVENIDA 7-38,"2541037, 2541191",,,BASICO,PRIVADO,URBANA,CERRADA DEFINITIVAMENTE,MONOLINGUE,DOBLE,SABATINO,GUATEMALA NORTE
00-02-8291-42,01-319,CIUDAD CAPITAL,ZONA 2,LICEO CRISTIANO 'DAVID VELA',13 AVE. 4-21,22890358,ROSSY AMARILIS GARCIA TORRES,,PARVULOS,PRIVADO,URBANA,CERRADA TEMPORALMENTE,MONOLINGUE,MATUTINA,DIARIO(REGULAR),GUATEMALA NORTE
00-02-8292-43,01-319,CIUDAD CAPITAL,ZONA 2,LICEO CRISTIANO 'DAVID VELA',13 AVE. 4-21,22890358,ROSSY AMARILIS GARCIA TORRES,,PRIMARIA,PRIVADO,URBANA,CERRADA TEMPORALMENTE,MONOLINGUE,MATUTINA,DIARIO(REGULAR),GUATEMALA NORTE
00-02-8300-42,01-01-0001,CIUDAD CAPITAL,ZONA 2,LICEO 'CHAPERO',"13 AVENIDA 11-30, CIUDAD NUEVA",22547736,LUCRECIA MARISOL CERMEÑO GONZÁLEZ,ZOILA NINETTE AYALA PAZ,PARVULOS,PRIVADO,URBANA,ABIERTA,MONOLINGUE,MATUTINA,DIARIO(REGULAR),GUATEMALA NORTE
00-02-8301-43,01-01-0001,CIUDAD CAPITAL,ZONA 2,LICEO 'CHAPERO',"13 AVENIDA 11-30, CIUDAD NUEVA",22547736,LUCRECIA MARISOL CERMEÑO GONZÁLEZ,ZOILA NINETTE AYALA PAZ,PRIMARIA,PRIVADO,URBANA,ABIERTA,MONOLINGUE,MATUTINA,DIARIO(REGULAR),GUATEMALA NORTE
00-02-8302-45,01-01-0001,CIUDAD CAPITAL,ZONA 2,LICEO 'CHAPERO',"13 AVENIDA 11-30, CIUDAD NUEVA",22547736,LUCRECIA MARISOL CERMEÑO GONZÁLEZ,VICENTE  CHAPERO GARCÍA,BASICO,PRIVADO,URBANA,ABIERTA,MONOLINGUE,MATUTINA,DIARIO(REGULAR),GUATEMALA NORTE
00-02-8303-46,01-01-0001,CIUDAD CAPITAL,ZONA 2,LICEO 'CHAPERO',"13 AVENIDA 11-30, CIUDAD NUEVA",22547736,LUCRECIA MARISOL CERMEÑO GONZÁLEZ,VICENTE  CHAPERO GARCÍA,DIVERSIFICADO,PRIVADO,URBANA,ABIERTA,MONOLINGUE,MATUTINA,DIARIO(REGULAR),GUATEMALA NORTE
00-02-8345-42,01-01-0002,CIUDAD CAPITAL,ZONA 2,CENTRO EDUCATIVO ROTARIO 'BENITO JUAREZ',4A. CALLE 8-80,22204900,LUCRECIA MARISOL CERMEÑO GONZÁLEZ,ANA CARLOTA ALDANA IZAGUIRRE,PARVULOS,PRIVADO,URBANA,ABIERTA,MONOLINGUE,MATUTINA,DIARIO(REGULAR),GUATEMALA NORTE
00-02-8346-43,01-01-0002,CIUDAD CAPITAL,ZONA 2,CENTRO EDUCATIVO ROTARIO 'BENITO JUAREZ',4A. CALLE 8-80,22204900,LUCRECIA MARISOL CERMEÑO GONZÁLEZ,ANA CARLOTA ALDANA IZAGUIRRE,PRIMARIA,PRIVADO,URBANA,ABIERTA,MONOLINGUE,MATUTINA,DIARIO(REGULAR),GUATEMALA NORTE
00-02-8405-42,,CIUDAD CAPITAL,ZONA 2,COLEGIO CATOLICO MIXTO LICEO TRINITARIO,11 AVENIDA 'A' 6-04,22703833,,,PARVULOS,PRIVADO,URBANA,CERRADA TEMPORALMENTE,MONOLINGUE,MATUTINA,DIARIO(REGULAR),GUATEMALA NORTE
00-02-8406-46,01-01-0002,CIUDAD CAPITAL,ZONA 2,COLEGIO CATOLICO MIXTO 'LICEO TRINITARIO',11 AVENIDA 'A' 6-04,52552704,LUCRECIA MARISOL CERMEÑO GONZÁLEZ,MARIBEL  FUENTES VILLELA,DIVERSIFICADO,PRIVADO,URBANA,ABIERTA,MONOLINGUE,MATUTINA,DIARIO(REGULAR),GUATEMALA NORTE
00-02-8425-45,01-407,CIUDAD CAPITAL,ZONA 2,INSTITUTO MIXTO PRIVADO 'JOSE ERNESTO MONZON',11 AVE. 'A' 6-04 CIUDAD NUEVA,22886512,LILIAN YOLANDA RODRIGUEZ PINTO DE CASTRO,,BASICO,PRIVADO,URBANA,CERRADA TEMPORALMENTE,MONOLINGUE,MATUTINA,FIN DE SEMANA,GUATEMALA NORTE
00-02-8426-45,01-407,CIUDAD CAPITAL,ZONA 2,INSTITUTO MIXTO PRIVADO 'JOSE ERNESTO MONZON',11 AVE. 'A' 6-04 CIUDAD NUEVA,22881328,LILIAN YOLANDA RODRIGUEZ PINTO DE CASTRO,,BASICO,PRIVADO,URBANA,CERRADA TEMPORALMENTE,MONOLINGUE,VESPERTINA,FIN DE SEMANA,GUATEMALA NORTE
00-02-8427-46,01-407,CIUDAD CAPITAL,ZONA 2,INSTITUTO MIXTO PRIVADO  JOSE ERNESTO MONZON,11 AVE.  A  6-04 CIUDAD NUEVA,55081344-57089673,LILIAN YOLANDA RODRIGUEZ PINTO DE CASTRO,,DIVERSIFICADO,PRIVADO,URBANA,CERRADA DEFINITIVAMENTE,MONOLINGUE,MATUTINA,FIN DE SEMANA,GUATEMALA NORTE
00-02-8428-46,01-407,CIUDAD CAPITAL,ZONA 2,INSTITUTO MIXTO PRIVADO 'JOSE ERNESTO MONZON',11 AVE. 'A' 6-04 CIUDAD NUEVA,22881328  7089673,LILIAN YOLANDA RODRIGUEZ PINTO DE CASTRO,,DIVERSIFICADO,PRIVADO,URBANA,CERRADA TEMPORALMENTE,MONOLINGUE,VESPERTINA,FIN DE SEMANA,GUATEMALA NORTE
00-02-8698-43,01-01-0001,CIUDAD CAPITAL,ZONA 2,CENTRO DE APRENDIZAJE INTEGRAL  EL CEDAPRI VESPERTINO,13 AV. 10-20 CIUDAD NUEVA,22091616,LUCRECIA MARISOL CERMEÑO GONZÁLEZ,SINDY PAOLA SANTOS PABLO,PRIMARIA,PRIVADO,URBANA,ABIERTA,MONOLINGUE,VESPERTINA,DIARIO(REGULAR),GUATEMALA NORTE
00-02-8699-45,01-01-0001,CIUDAD CAPITAL,ZONA 2,CENTRO DE APRENDIZAJE INTEGRAL  EL CEDAPRI VESPERTINO,13 AV. 10-20 CIUDAD NUEVA,22091616,LUCRECIA MARISOL CERMEÑO GONZÁLEZ,ELSA DELIA CONTRERAS NÁJERA,BASICO,PRIVADO,URBANA,ABIERTA,MONOLINGUE,VESPERTINA,DIARIO(REGULAR),GUATEMALA NORTE
00-02-8816-44,01-403,CIUDAD CAPITAL,ZONA 2,COLEGIO MIXTO EN COMPUTACION MILENIUM,5A. CALLE 5-37,41893313,CARLOS HUMBERTO GONZÁLEZ DE LEÓN,CAROLINA BEATRIZ TURCIOS MALDONADO,PRIMARIA DE ADULTOS,PRIVADO,URBANA,CERRADA TEMPORALMENTE,MONOLINGUE,DOBLE,FIN DE SEMANA,GUATEMALA NORTE
00-02-8920-45,01-301,CIUDAD CAPITAL,ZONA 2,COLEGIO 'MANANTIAL',11 AV. 11-56 CIUDAD NUEVA,22887263,LUCRECIA MARISOL CERMEÑO GONZÁLEZ,,BASICO,PRIVADO,URBANA,CERRADA TEMPORALMENTE,MONOLINGUE,MATUTINA,DIARIO(REGULAR),GUATEMALA NORTE
00-02-8990-46,01-301,CIUDAD CAPITAL,ZONA 2,LICEO COMERCIAL 'GAT-HEFER',2A. CALLE 11-58,22542009,LUCRECIA MARISOL CERMEÑO GONZÁLEZ,,DIVERSIFICADO,PRIVADO,URBANA,CERRADA TEMPORALMENTE,MONOLINGUE,MATUTINA,DIARIO(REGULAR),GUATEMALA NORTE
00-02-9029-42,01-01-0002,CIUDAD CAPITAL,ZONA 2,COLEGIO SANTA SOFIA DE JESUS,7A. AVENIDA 'A' 7-60,22541111,LUCRECIA MARISOL CERMEÑO GONZÁLEZ,MERCEDES NOEMÍ QUINTANA MORALES,PARVULOS,PRIVADO,URBANA,ABIERTA,MONOLINGUE,MATUTINA,DIARIO(REGULAR),GUATEMALA NORTE
00-02-9030-43,01-01-0002,CIUDAD CAPITAL,ZONA 2,COLEGIO SANTA SOFIA DE JESUS,7A. AVENIDA 'A' 7-60,22541111,LUCRECIA MARISOL CERMEÑO GONZÁLEZ,WALESKA ZELETH RODRÍGUEZ CANO,PRIMARIA,PRIVADO,URBANA,ABIERTA,MONOLINGUE,MATUTINA,DIARIO(REGULAR),GUATEMALA NORTE
00-02-9031-45,01-301,CIUDAD CAPITAL,ZONA 2,COLEGIO SANTA SOFIA DE JESUS,7A. AVENIDA  A  7-60,22541111,LUCRECIA MARISOL CERMEÑO GONZÁLEZ,MARIA DEL CARMEN BARRERA HERNÁNDEZ,BASICO,PRIVADO,URBANA,CERRADA DEFINITIVAMENTE,MONOLINGUE,VESPERTINA,DIARIO(REGULAR),GUATEMALA NORTE
00-02-9032-42,01-01-0002,CIUDAD CAPITAL,ZONA 2,COLEGIO NAZARENO RIO DE AGUA VIVA,12 AVENIDA  A  4-35,42447650,LUCRECIA MARISOL CERMEÑO GONZÁLEZ,ELDA ELENA VÁSQUEZ VANEGAS,PARVULOS,PRIVADO,URBANA,ABIERTA,MONOLINGUE,MATUTINA,DIARIO(REGULAR),GUATEMALA NORTE
00-02-9033-43,01-01-0002,CIUDAD CAPITAL,ZONA 2,COLEGIO NAZARENO RIO DE AGUA VIVA,12 AVENIDA 'A' 4-35,42447650,LUCRECIA MARISOL CERMEÑO GONZÁLEZ,ELDA ELENA VÁSQUEZ VANEGAS,PRIMARIA,PRIVADO,URBANA,ABIERTA,MONOLINGUE,MATUTINA,DIARIO(REGULAR),GUATEMALA NORTE
00-02-9048-45,01-319,CIUDAD CAPITAL,ZONA 2,COLEGIO MIXTO EN COMPUTACION 'MILENIUM',5A. CALLE 5-37,22204730 22324231,ROSSY AMARILIS GARCIA TORRES,,BASICO,PRIVADO,URBANA,CERRADA DEFINITIVAMENTE,MONOLINGUE,MATUTINA,DIARIO(REGULAR),GUATEMALA NORTE
00-02-9049-46,01-319,CIUDAD CAPITAL,ZONA 2,COLEGIO MIXTO EN COMPUTACION  MILENIUM,5A. CALLE 5-37,22204730,ROSSY AMARILIS GARCIA TORRES,,DIVERSIFICADO,PRIVADO,URBANA,CERRADA TEMPORALMENTE,MONOLINGUE,MATUTINA,DIARIO(REGULAR),GUATEMALA NORTE
00-02-9083-43,01-301,CIUDAD CAPITAL,ZONA 2,COLEGIO MARIANO DE SAN JOSE DE LA MONTAQA,9A. AV. 1-66,22542466,LUCRECIA MARISOL CERMEÑO GONZÁLEZ,,PRIMARIA,PRIVADO,URBANA,CERRADA TEMPORALMENTE,MONOLINGUE,MATUTINA,DIARIO(REGULAR),GUATEMALA NORTE
00-02-9095-45,01-301,CIUDAD CAPITAL,ZONA 2,COLEGIO MARIANO DE SAN JOSE DE LA MONTAQA,9A. AV. 1-66,22542466,LUCRECIA MARISOL CERMEÑO GONZÁLEZ,,BASICO,PRIVADO,URBANA,CERRADA TEMPORALMENTE,MONOLINGUE,MATUTINA,DIARIO(REGULAR),GUATEMALA NORTE
00-02-9137-45,01-301,CIUDAD CAPITAL,ZONA 2,LICEO TECNICO CONSTRUCTIVISTA,AVENIDA SIMEON CAÑAS 2-12,22208545,LUCRECIA MARISOL CERMEÑO GONZÁLEZ,,BASICO,PRIVADO,URBANA,CERRADA TEMPORALMENTE,MONOLINGUE,MATUTINA,DIARIO(REGULAR),GUATEMALA NORTE
00-02-9138-46,01-319,CIUDAD CAPITAL,ZONA 2,LICEO TECNICO CONSTRUCTIVISTA,AVENIDA SIMEON CAÑAS 2-12,22208545,ROSSY AMARILIS GARCIA TORRES,-----,DIVERSIFICADO,PRIVADO,URBANA,CERRADA TEMPORALMENTE,MONOLINGUE,MATUTINA,DIARIO(REGULAR),GUATEMALA NORTE
00-02-9139-45,01-403,CIUDAD CAPITAL,ZONA 2,LICEO TECNICO CONSTRUCTIVISTA (POR MADUREZ),AVENIDA SIMEON CAÑAS 2-12,22208545,CARLOS HUMBERTO GONZÁLEZ DE LEÓN,,BASICO,PRIVADO,URBANA,CERRADA TEMPORALMENTE,MONOLINGUE,DOBLE,FIN DE SEMANA,GUATEMALA NORTE
00-02-9140-46,01-403,CIUDAD CAPITAL,ZONA 2,LICEO TECNICO CONSTRUCTIVISTA (POR MADUREZ),AVENIDA SIMEON CAÑAS 2-12,22208545,CARLOS HUMBERTO GONZÁLEZ DE LEÓN,,DIVERSIFICADO,PRIVADO,URBANA,CERRADA TEMPORALMENTE,MONOLINGUE,DOBLE,FIN DE SEMANA,GUATEMALA NORTE
00-02-9184-42,01-01-0002,CIUDAD CAPITAL,ZONA 2,EODP COLEGIO KINDERGARTEN  VILLABELLA,12 AVENIDA 11-53,22542534,LUCRECIA MARISOL CERMEÑO GONZÁLEZ,VILMA CELESTE GONZÁLEZ COLÍNDRES,PARVULOS,PRIVADO,URBANA,ABIERTA,MONOLINGUE,MATUTINA,DIARIO(REGULAR),GUATEMALA NORTE
00-02-9256-42,01-643,CIUDAD CAPITAL,ZONA 2,LICEO  SAN ÁNGEL,6A. CALLE CASA 2-41 SAN ANGEL III,22549980,CESAR AUGUSTO ORTIZ HERNANDEZ,,PARVULOS,PRIVADO,URBANA,CERRADA DEFINITIVAMENTE,MONOLINGUE,MATUTINA,DIARIO(REGULAR),GUATEMALA NORTE
00-02-9287-43,01-319,CIUDAD CAPITAL,ZONA 2,COLEGIO CIUDAD NUEVA,4A. CALLE 7-41 ZONA 2,24593243,ROSSY AMARILIS GARCIA TORRES,,PRIMARIA,PRIVADO,URBANA,CERRADA DEFINITIVAMENTE,MONOLINGUE,MATUTINA,DIARIO(REGULAR),GUATEMALA NORTE
00-02-9297-42,01-301,CIUDAD CAPITAL,ZONA 2,COLEGIO EL DESARROLLO,1ERA. CALLE 11-59,22542068,LUCRECIA MARISOL CERMEÑO GONZÁLEZ,,PARVULOS,PRIVADO,URBANA,CERRADA DEFINITIVAMENTE,MONOLINGUE,MATUTINA,DIARIO(REGULAR),GUATEMALA NORTE
00-02-9337-43,01-301,CIUDAD CAPITAL,ZONA 2,COLEGIO EL DESARROLLO,1A. CALLE 11-59,22542068,LUCRECIA MARISOL CERMEÑO GONZÁLEZ,,PRIMARIA,PRIVADO,URBANA,CERRADA DEFINITIVAMENTE,MONOLINGUE,MATUTINA,DIARIO(REGULAR),GUATEMALA NORTE
00-02-9373-46,01-301,CIUDAD CAPITAL,ZONA 2,COLEGIO MANANTIAL,"11 AVENIDA 11-56, CIUDAD NUEVA",22894901,LUCRECIA MARISOL CERMEÑO GONZÁLEZ,ETELVINA  CARRILLO ALVAREZ,DIVERSIFICADO,PRIVADO,URBANA,CERRADA TEMPORALMENTE,MONOLINGUE,MATUTINA,DIARIO(REGULAR),GUATEMALA NORTE
00-02-9567-45,01-01-0002,CIUDAD CAPITAL,ZONA 2,CENTRO EDUCATIVO ROTARIO 'BENITO JUAREZ',4A. CALLE 8-80,22549585,LUCRECIA MARISOL CERMEÑO GONZÁLEZ,MAYRA LISSETTE SIERRA MORALES,BASICO,PRIVADO,URBANA,ABIERTA,MONOLINGUE,MATUTINA,DIARIO(REGULAR),GUATEMALA NORTE
00-02-9568-42,01-301,CIUDAD CAPITAL,ZONA 2,COLEGIO 'SAN ANGEL',14 CALLE 11-06,25080070,LUCRECIA MARISOL CERMEÑO GONZÁLEZ,MARÍA LA O IVONNE RIVERA PÉREZ,PARVULOS,PRIVADO,URBANA,CERRADA TEMPORALMENTE,MONOLINGUE,MATUTINA,DIARIO(REGULAR),GUATEMALA NORTE
00-02-9569-43,01-301,CIUDAD CAPITAL,ZONA 2,COLEGIO  SAN ANGEL,14 CALLE 11-06,22540314,LUCRECIA MARISOL CERMEÑO GONZÁLEZ,ZOILA MARGARITA RUBIO RODAS,PRIMARIA,PRIVADO,URBANA,CERRADA TEMPORALMENTE,MONOLINGUE,MATUTINA,DIARIO(REGULAR),GUATEMALA NORTE
00-02-9720-45,01-627,CIUDAD CAPITAL,ZONA 2,COLEGIO DE COMPUTACION BLAISE PASCAL,AVENIDA SIMEON CAÑAS 7-73,22540986,ISAURA AMPARO RECINOS CARRILLO,,BASICO,PRIVADO,URBANA,CERRADA DEFINITIVAMENTE,MONOLINGUE,DOBLE,FIN DE SEMANA,GUATEMALA NORTE
00-02-9721-46,01-627,CIUDAD CAPITAL,ZONA 2,COLEGIO DE COMPUTACION BLAISE PASCAL,AVENIDA SIMEON CAÑAS 7-73 03,22540986,ISAURA AMPARO RECINOS CARRILLO,---,DIVERSIFICADO,PRIVADO,URBANA,CERRADA DEFINITIVAMENTE,MONOLINGUE,DOBLE,FIN DE SEMANA,GUATEMALA NORTE
00-02-9728-45,01-627,CIUDAD CAPITAL,ZONA 2,COLEGIO DE COMPUTACION BLAISE PASCAL,AVENIDA SIMEON CAÑAS 7-73,22540986,ISAURA AMPARO RECINOS CARRILLO,,BASICO,PRIVADO,URBANA,CERRADA DEFINITIVAMENTE,MONOLINGUE,DOBLE,FIN DE SEMANA,GUATEMALA NORTE
00-02-9729-46,01-627,CIUDAD CAPITAL,ZONA 2,COLEGIO DE COMPUTACION BLAISE PASCAL,AVENIDA SIMEON CAÑAS 7-73,22540986,ISAURA AMPARO RECINOS CARRILLO,,DIVERSIFICADO,PRIVADO,URBANA,CERRADA DEFINITIVAMENTE,MONOLINGUE,DOBLE,FIN DE SEMANA,GUATEMALA NORTE
00-02-9730-46,01-301,CIUDAD CAPITAL,ZONA 2,COLEGIO SANTA SOFIA DE JESUS,7A. AVENIDA  A  7-60,22541111,LUCRECIA MARISOL CERMEÑO GONZÁLEZ,MARIA DEL CARMEN BARRERA HERNÁNDEZ,DIVERSIFICADO,PRIVADO,URBANA,CERRADA DEFINITIVAMENTE,MONOLINGUE,VESPERTINA,DIARIO(REGULAR),GUATEMALA NORTE
00-02-9802-46,99-001,CIUDAD CAPITAL,ZONA 2,INSTITUTO DE ESTUDIOS COMERCIALES Y ADMINISTRATIVOS IECA,3A. AVE. 9-00,24111800,SILVIA EUGENIA VALDEZ MONTERROSO DE CARBALLO,,DIVERSIFICADO,PRIVADO,URBANA,TEMPORAL TITULOS,MONOLINGUE,VESPERTINA,DIARIO(REGULAR),GUATEMALA NORTE
00-02-9810-46,01-403,CIUDAD CAPITAL,ZONA 2,LICEO TECNICO CONSTRUCTIVISTA,AVENIDA SIMEON CAÑAS 2-12,22208545,CARLOS HUMBERTO GONZÁLEZ DE LEÓN,MARIA ANTONIETA GARCIA AIFAN,DIVERSIFICADO,PRIVADO,URBANA,CERRADA TEMPORALMENTE,MONOLINGUE,DOBLE,FIN DE SEMANA,GUATEMALA NORTE
00-03-0001-45,01-315,CIUDAD CAPITAL,ZONA 3,INSTITUTO NACIONAL DE EDUCACION BÁSICA,6A AVENIDA 27-36,,LILIAN YOLANDA RODRÍGUEZ PINTO DE CASTRO,MAYDA LUCRECIA MIRANDA OROZCO,BASICO,OFICIAL,URBANA,CERRADA DEFINITIVAMENTE,MONOLINGUE,VESPERTINA,DIARIO(REGULAR),GUATEMALA NORTE
00-03-0002-46,01-101,CIUDAD CAPITAL,ZONA 3,"COLEGIO MIXTO ""JUANA DE ARCO""","14 CALLE ""C"" ZONA 3",,YENI XIOMARA CRÚZ SARCEÑO,---,DIVERSIFICADO,PRIVADO,URBANA,CERRADA DEFINITIVAMENTE,MONOLINGUE,VESPERTINA,DIARIO(REGULAR),GUATEMALA NORTE
00-03-0003-42,01-01-0004,CIUDAD CAPITAL,ZONA 3,"COLEGIO MIXTO DE PREPRIMARIA ""JUNKABAL""",6A. AVENIDA 37-32,23109357,HECTOR EDELMIRO FLORES BRINGUEZ,NILDA PATRICIA RIVERA CASTILLO,PARVULOS,PRIVADO,URBANA,ABIERTA,MONOLINGUE,MATUTINA,DIARIO(REGULAR),GUATEMALA NORTE
00-03-0004-45,01-302,CIUDAD CAPITAL,ZONA 3,"COLEGIO MIXTO ""JESUS DEL CONSUELO""",4A. AVENIDA 25-11,24406290,HECTOR EDELMIRO FLORES BRINGUEZ,MARIO AUGUSTO ALFARO LOPEZ,BASICO,PRIVADO,URBANA,CERRADA TEMPORALMENTE,MONOLINGUE,VESPERTINA,DIARIO(REGULAR),GUATEMALA NORTE
00-03-0005-45,01-302,CIUDAD CAPITAL,ZONA 3,"COLEGIO MIXTO ""JESUS DEL CONSUELO""",4A. AVENIDA 25-11,24717132,HECTOR EDELMIRO FLORES BRINGUEZ,ZOILA ROCXANA VILLATORO LÓPEZ,BASICO,PRIVADO,URBANA,CERRADA TEMPORALMENTE,MONOLINGUE,MATUTINA,DIARIO(REGULAR),GUATEMALA NORTE
00-03-0006-43,01-302,CIUDAD CAPITAL,ZONA 3,"COLEGIO MIXTO ""JESUS DEL CONSUELO""",4A. AVENIDA 25-11,24717132,HECTOR EDELMIRO FLORES BRINGUEZ,MARVIN ALEXIS CASTRO ALVARADO,PRIMARIA,PRIVADO,URBANA,CERRADA TEMPORALMENTE,MONOLINGUE,MATUTINA,DIARIO(REGULAR),GUATEMALA NORTE
00-03-0007-46,01-302,CIUDAD CAPITAL,ZONA 3,"COLEGIO MIXTO ""JESUS DEL CONSUELO""",4A. AVENIDA 25-11,24406290,HECTOR EDELMIRO FLORES BRINGUEZ,MARIO AUGUSTO ALFARO LOPEZ,DIVERSIFICADO,PRIVADO,URBANA,CERRADA TEMPORALMENTE,MONOLINGUE,VESPERTINA,DIARIO(REGULAR),GUATEMALA NORTE
00-03-0008-43,01-302,CIUDAD CAPITAL,ZONA 3,EOUM NUEVA SANTA LUISA,8A. AVENIDA 6-27,41140488,HECTOR EDELMIRO FLORES BRINGUEZ,SHENY ELIZABETH ACEYTUNO LORENZO,PRIMARIA,OFICIAL,URBANA,CERRADA TEMPORALMENTE,MONOLINGUE,MATUTINA,DIARIO(REGULAR),GUATEMALA NORTE
00-03-0009-42,01-302,CIUDAD CAPITAL,ZONA 3,EODP,8A. AVENIDA 6-27,31017530,HECTOR EDELMIRO FLORES BRINGUEZ,DORA CECILIA RODRIGUEZ RODRIGUEZ,PARVULOS,OFICIAL,URBANA,CERRADA TEMPORALMENTE,MONOLINGUE,MATUTINA,DIARIO(REGULAR),GUATEMALA NORTE
00-03-0010-42,01-302,CIUDAD CAPITAL,ZONA 3,"COLEGIO EVANGELICO ""FE Y SABIDURIA""",AVENIDA EL CEMENTERIO 15-28,22531215,HECTOR EDELMIRO FLORES BRINGUEZ,MARINA DE LOS ANGELES HERNÁNDEZ GÓMEZ,PARVULOS,PRIVADO,URBANA,CERRADA TEMPORALMENTE,MONOLINGUE,MATUTINA,DIARIO(REGULAR),GUATEMALA NORTE
00-03-0011-43,01-302,CIUDAD CAPITAL,ZONA 3,"COLEGIO EVANGELICO ""FE Y SABIDURIA""",AVENIDA EL CEMENTERIO 15-28,22517331,HECTOR EDELMIRO FLORES BRINGUEZ,MARINA DE LOS ANGELES HERNÁNDEZ GÓMEZ,PRIMARIA,PRIVADO,URBANA,CERRADA TEMPORALMENTE,MONOLINGUE,MATUTINA,DIARIO(REGULAR),GUATEMALA NORTE
00-03-0012-45,01-302,CIUDAD CAPITAL,ZONA 3,"COLEGIO EVANGELICO ""FE Y SABIDURIA""",AVENIDA EL CEMENTERIO 15-28,57130406,HECTOR EDELMIRO FLORES BRINGUEZ,MARINA DE LOS ANGELES HERNÁNDEZ GÓMEZ,BASICO,PRIVADO,URBANA,CERRADA TEMPORALMENTE,MONOLINGUE,VESPERTINA,DIARIO(REGULAR),GUATEMALA NORTE
00-03-0013-42,01-302,CIUDAD CAPITAL,ZONA 3,EODP ANEXA A EORM,1ERA. AVENIDA 23-13 ZONA 3,22209831,HECTOR EDELMIRO FLORES BRINGUEZ,---------,PARVULOS,OFICIAL,URBANA,CERRADA DEFINITIVAMENTE,MONOLINGUE,VESPERTINA,DIARIO(REGULAR),GUATEMALA NORTE
00-03-0014-42,01-01-0004,CIUDAD CAPITAL,ZONA 3,COLEGIO RAYITOS DE ESPERANZA,"8A. AVENIDA 30-57, ZONA 3 COLONIA SAN JUAN",24750791,HECTOR EDELMIRO FLORES BRINGUEZ,CLARA NOHEMI MÉRIDA VILLALOBOS,PARVULOS,PRIVADO,URBANA,ABIERTA,MONOLINGUE,MATUTINA,DIARIO(REGULAR),GUATEMALA NORTE
00-03-0015-46,01-101,CIUDAD CAPITAL,ZONA 3,CENTRO EDUCATIVO ALFASIC,6A. AVENIDA 27-96,,YENI XIOMARA CRÚZ SARCEÑO,---,DIVERSIFICADO,PRIVADO,URBANA,CERRADA DEFINITIVAMENTE,MONOLINGUE,DOBLE,FIN DE SEMANA,GUATEMALA NORTE
00-03-0016-42,01-01-0004,CIUDAD CAPITAL,ZONA 3,COLEGIO MIS PRIMEROS PASOS AL SABER,2A. AVENIDA 28-38,24736023,HECTOR EDELMIRO FLORES BRINGUEZ,CARMEN LUCÍA HERNÁNDEZ CASTILLO,PARVULOS,PRIVADO,URBANA,ABIERTA,MONOLINGUE,MATUTINA,DIARIO(REGULAR),GUATEMALA NORTE
00-03-0017-42,01-01-0005,CIUDAD CAPITAL,ZONA 3,COLEGIO CRISTIANO VIDA,3A. AVENIDA 26-61,24735907,HECTOR EDELMIRO FLORES BRINGUEZ,GLORIA PATRICIA ORDÓÑEZ MATÍAS,PARVULOS,PRIVADO,URBANA,ABIERTA,MONOLINGUE,MATUTINA,DIARIO(REGULAR),GUATEMALA NORTE
00-03-0018-43,01-01-0005,CIUDAD CAPITAL,ZONA 3,COLEGIO CRISTIANO VIDA,3A. AVENIDA 26-61,24735907,HECTOR EDELMIRO FLORES BRINGUEZ,GLORIA PATRICIA ORDÓÑEZ MATÍAS,PRIMARIA,PRIVADO,URBANA,ABIERTA,MONOLINGUE,MATUTINA,DIARIO(REGULAR),GUATEMALA NORTE
00-03-0019-45,01-01-0005,CIUDAD CAPITAL,ZONA 3,COLEGIO CRISTIANO VIDA,3A. AVENIDA 26-61,24735907,HECTOR EDELMIRO FLORES BRINGUEZ,DELIA ELENA MARROQUIN MARROQUIN,BASICO,PRIVADO,URBANA,ABIERTA,MONOLINGUE,MATUTINA,DIARIO(REGULAR),GUATEMALA NORTE
00-03-0020-46,01-302,CIUDAD CAPITAL,ZONA 3,COLEGIO CRISTIANO VIDA,3A. AVENIDA 26-61,24735908,HECTOR EDELMIRO FLORES BRINGUEZ,JOSE EDUARDO MARROQUIN Y MARROQUIN,DIVERSIFICADO,PRIVADO,URBANA,CERRADA TEMPORALMENTE,MONOLINGUE,VESPERTINA,DIARIO(REGULAR),GUATEMALA NORTE
00-03-0021-46,01-627,CIUDAD CAPITAL,ZONA 3,COLEGIO MIXTO JESUS DEL CONSUELO,4A. AVENIDA 25-11,24717132,ISAURA AMPARO RECINOS CARRILLO,ASTRID YASMIN SANTIAGO CHACON,DIVERSIFICADO,PRIVADO,URBANA,CERRADA TEMPORALMENTE,MONOLINGUE,DOBLE,FIN DE SEMANA,GUATEMALA NORTE
00-03-0022-46,01-627,CIUDAD CAPITAL,ZONA 3,COLEGIO MIXTO JESUS DEL CONSUELO,4A. AVENIDA 25-11,24717132,ISAURA AMPARO RECINOS CARRILLO,ZOILA ROCXANA VILLATORO LOPEZ,DIVERSIFICADO,PRIVADO,URBANA,CERRADA TEMPORALMENTE,MONOLINGUE,DOBLE,FIN DE SEMANA,GUATEMALA NORTE
00-03-0023-45,01-627,CIUDAD CAPITAL,ZONA 3,COLEGIO MIXTO JESUS DEL CONSUELO,4A. AVENIDA 25-11,24717132,ISAURA AMPARO RECINOS CARRILLO,ZOILA ROCXANA VILLATORO LOPEZ,BASICO,PRIVADO,URBANA,CERRADA TEMPORALMENTE,MONOLINGUE,DOBLE,FIN DE SEMANA,GUATEMALA NORTE
00-03-0024-45,01-01-0017,CIUDAD CAPITAL,ZONA 3,COLEGIO MIXTO JESUS DEL CONSUELO,4A. AVENIDA 25-11,24717132,CARLOS HUMBERTO GONZALEZ DE LEON,ZOILA ROCXANA VILLATORO LOPEZ,BASICO,PRIVADO,URBANA,ABIERTA,MONOLINGUE,DOBLE,FIN DE SEMANA,GUATEMALA NORTE
00-03-0025-45,01-110,CIUDAD CAPITAL,ZONA 3,CEEX-KINAL,6 AVENIDA 31-29 ZONA 3,23877600,ZUHILEM YESENIA ESTRADA ORTIZ,JOSE MARIANO ESCALANTE ALEGRIA,BASICO,PRIVADO,URBANA,CERRADA TEMPORALMENTE,MONOLINGUE,MATUTINA,SABATINO,GUATEMALA NORTE
00-03-0026-42,01-01-0004,CIUDAD CAPITAL,ZONA 3,JARDIN INFANTIL HANLEY DENNING,"31A. CALLE FINAL 1-60, ASENTAMIENTO LA PAZ",55715569,HECTOR EDELMIRO FLORES BRINGUEZ,MARÍA JOSÉ REVOLORIO LIMATUJ,PARVULOS,PRIVADO,URBANA,ABIERTA,MONOLINGUE,MATUTINA,DIARIO(REGULAR),GUATEMALA NORTE
00-03-0027-43,01-302,CIUDAD CAPITAL,ZONA 3,CENTRO EDUCATIVO LA FAMILIA,13 CALLE 2-14,22382408,HECTOR EDELMIRO FLORES BRINGUEZ,RUTH NOHEMI ELIAS MORALES,PRIMARIA,PRIVADO,URBANA,CERRADA TEMPORALMENTE,MONOLINGUE,MATUTINA,DIARIO(REGULAR),GUATEMALA NORTE
00-03-0028-42,01-302,CIUDAD CAPITAL,ZONA 3,CENTRO EDUCATIVO LA FAMILIA,13 CALLE 2-14,22382408,HECTOR EDELMIRO FLORES BRINGUEZ,RUTH NOHEMI ELIAS MORALES,PARVULOS,PRIVADO,URBANA,CERRADA TEMPORALMENTE,MONOLINGUE,MATUTINA,DIARIO(REGULAR),GUATEMALA NORTE
00-03-0029-46,01-01-0017,CIUDAD CAPITAL,ZONA 3,INSTITUTO NACIONAL DE EDUCACIÓN BÁSICA Y DIVERSIFICADO NOCTURNO,6A AVENIDA 27-36,24754027,CARLOS HUMBERTO GONZALEZ DE LEON,CARLOS FERNANDO BLANCO PELÁEZ,DIVERSIFICADO,OFICIAL,URBANA,ABIERTA,MONOLINGUE,NOCTURNA,DIARIO(REGULAR),GUATEMALA NORTE
00-03-0030-43,01-01-0004,CIUDAD CAPITAL,ZONA 3,COLEGIO RAYITOS DE ESPERANZA,"8A. AVENIDA 30-57, ZONA 3 COLONIA SAN JUAN",24750791,HECTOR EDELMIRO FLORES BRINGUEZ,CLARA NOHEMI MÉRIDA VILLALOBOS,PRIMARIA,PRIVADO,URBANA,ABIERTA,MONOLINGUE,MATUTINA,DIARIO(REGULAR),GUATEMALA NORTE
00-03-0031-44,01-504,CIUDAD CAPITAL,ZONA 3,INSTITUTO DE BACHILLERATO EN COMPUTACION,6A AVENIDA 0-20,24720004,DAVID SOTOJ SANCHEZ,MARIA CONSUELO DE LEON CASTILLA,PRIMARIA DE ADULTOS,PRIVADO,URBANA,CERRADA DEFINITIVAMENTE,MONOLINGUE,MATUTINA,FIN DE SEMANA,GUATEMALA NORTE
00-03-0032-45,01-01-0017,CIUDAD CAPITAL,ZONA 3,"CENTRO DE EDUC. EXTRAESCOLAR CEEX-GRUPO CEIBA, SAN JOSÉ BUENA VISTA, BARRIO EL GALLITO","SALN COMUNAL SAN JOS BUENA VISTA, BARRIOS EL GALLITO",22381970,CARLOS HUMBERTO GONZALEZ DE LEON,LIGIA ELIZABETH CALDERON CHOCOOJ,BASICO,PRIVADO,URBANA,ABIERTA,MONOLINGUE,DOBLE,FIN DE SEMANA,GUATEMALA NORTE
00-03-0033-42,01-01-0005,CIUDAD CAPITAL,ZONA 3,COLEGIO EVANGÉLICO CASITA BENJAMÍN,27 CALLE 5-37,34341759,HECTOR EDELMIRO FLORES BRINGUEZ,CLAUDIA REGINA RUIZ ESCOBAR,PARVULOS,PRIVADO,URBANA,ABIERTA,MONOLINGUE,MATUTINA,DIARIO(REGULAR),GUATEMALA NORTE
00-03-0034-46,01-403,CIUDAD CAPITAL,ZONA 3,COLEGIO TÉCNICO MODERNO,AVENIDA BOLIVAR 30-00,42078127,CARLOS HUMBERTO GONZÁLEZ DE LEÓN,BYRON ESTUARDO GIRÓN BRÁN,DIVERSIFICADO,PRIVADO,URBANA,CERRADA DEFINITIVAMENTE,MONOLINGUE,DOBLE,FIN DE SEMANA,GUATEMALA NORTE
00-03-0035-46,01-302,CIUDAD CAPITAL,ZONA 3,"LICEO TECNOLÓGICO ""EL HOGAR""",6A. AVENIDA 38-64,24751926,HECTOR EDELMIRO FLORES BRINGUEZ,LILIAN JEANNETTE DÍAZ AGUIRRE,DIVERSIFICADO,PRIVADO,URBANA,CERRADA TEMPORALMENTE,MONOLINGUE,MATUTINA,DIARIO(REGULAR),GUATEMALA NORTE
00-03-0036-46,01-01-0004,CIUDAD CAPITAL,ZONA 3,"COLEGIO ""JUNKABAL""",6A. AVENIDA 31-29,24629300,HECTOR EDELMIRO FLORES BRINGUEZ,MARIA MERCEDES AGUILAR MEJIA,DIVERSIFICADO,PRIVADO,URBANA,ABIERTA,MONOLINGUE,MATUTINA,DIARIO(REGULAR),GUATEMALA NORTE
00-03-0037-46,01-01-0004,CIUDAD CAPITAL,ZONA 3,"COLEGIO EVANGÉLICO MIXTO ""FRANCISCO G. PENZOTTI""",4A. AVENIDA 31-49,24401864,HECTOR EDELMIRO FLORES BRINGUEZ,BRENDA AZUCENA JOCHOLÁ GUITZOL,DIVERSIFICADO,PRIVADO,URBANA,ABIERTA,MONOLINGUE,MATUTINA,DIARIO(REGULAR),GUATEMALA NORTE
00-03-0038-45,01-01-0004,CIUDAD CAPITAL,ZONA 3,FUNDACIÓN AMG INTERNACIONAL (AVANCE DEL MINISTERIO DEL EVANGELICO),14 AVENIDA 36-09,30390420,HECTOR EDELMIRO FLORES BRINGUEZ,LIGIA CRISTABEL GUEVARA COL,BASICO,PRIVADO,URBANA,ABIERTA,MONOLINGUE,DOBLE,DIARIO(REGULAR),GUATEMALA NORTE
00-03-0039-42,01-01-0005,CIUDAD CAPITAL,ZONA 3,"CEES ESCUELA OFICIAL MIXTA DE EDUCACIÓN ESPECIAL ""ALIDA ESPAÑA""",14 CALLE 0-28 GUATEMALA,59699634,HECTOR EDELMIRO FLORES BRINGUEZ,INGRID SUSANA MÉNDEZ CARRILLO,PARVULOS,OFICIAL,URBANA,ABIERTA,MONOLINGUE,MATUTINA,DIARIO(REGULAR),GUATEMALA NORTE
00-03-0040-42,01-01-0005,CIUDAD CAPITAL,ZONA 3,COLEGIO CONSTRUYENDO MI FUTURO,"12 CALLE ""A"" 5-76, BARRIO EL GALLITO",30647416,HECTOR EDELMIRO FLORES BRINGUEZ,DORIS VELVETH MEJÍA LEAL,PARVULOS,PRIVADO,URBANA,ABIERTA,MONOLINGUE,MATUTINA,DIARIO(REGULAR),GUATEMALA NORTE
00-03-0041-43,01-01-0005,CIUDAD CAPITAL,ZONA 3,COLEGIO CONSTRUYENDO MI FUTURO,"12 CALLE ""A"" 5-76, BARRIO EL GALLITO",30647416,HECTOR EDELMIRO FLORES BRINGUEZ,FABIOLA DEL ROSARIO MARROQUIN,PRIMARIA,PRIVADO,URBANA,ABIERTA,MONOLINGUE,MATUTINA,DIARIO(REGULAR),GUATEMALA NORTE
00-03-0042-42,01-01-0004,CIUDAD CAPITAL,ZONA 3,CPMI COLEGIO MESOAMERICA,7A. AVENIDA 30-47 ZONA 3,41253026,HECTOR EDELMIRO FLORES BRINGUEZ,LILIAN AIDA MORALES VARGAS,PARVULOS,PRIVADO,URBANA,ABIERTA,MONOLINGUE,MATUTINA,DIARIO(REGULAR),GUATEMALA NORTE
00-03-0043-43,01-01-0004,CIUDAD CAPITAL,ZONA 3,CPMI COLEGIO MESOAMERICA,7A. AVENIDA 30-47 ZONA 3,40828626,HECTOR EDELMIRO FLORES BRINGUEZ,LILIAN AIDA MORALES VARGAS,PRIMARIA,PRIVADO,URBANA,ABIERTA,MONOLINGUE,MATUTINA,DIARIO(REGULAR),GUATEMALA NORTE
00-03-0044-45,01-01-0004,CIUDAD CAPITAL,ZONA 3,COLEGIO MESOAMERICA,7A. AVENIDA 30-47 ZONA 3,40828626,HECTOR EDELMIRO FLORES BRINGUEZ,LESTER ELEAZER RUÍZ,BASICO,PRIVADO,URBANA,ABIERTA,MONOLINGUE,VESPERTINA,DIARIO(REGULAR),GUATEMALA NORTE
00-03-0045-46,01-01-0004,CIUDAD CAPITAL,ZONA 3,COLEGIO MESOAMERICA,7A. AVENIDA 30-47 ZONA 3,40828626,HECTOR EDELMIRO FLORES BRINGUEZ,LESTER ELEAZER RUÍZ,DIVERSIFICADO,PRIVADO,URBANA,ABIERTA,MONOLINGUE,VESPERTINA,DIARIO(REGULAR),GUATEMALA NORTE
00-03-0046-46,01-01-0004,CIUDAD CAPITAL,ZONA 3,FUNDACION AMG INTERNACIONAL (AVANCE DEL MINISTERIO DEL EVANGELIO),14 AVENIDA 36-09,30390425,HECTOR EDELMIRO FLORES BRINGUEZ,LIGIA CRISTABEL GUEVARA COL,DIVERSIFICADO,PRIVADO,URBANA,ABIERTA,MONOLINGUE,DOBLE,DIARIO(REGULAR),GUATEMALA NORTE
00-03-0047-46,01-001,CIUDAD CAPITAL,ZONA 3,ESCUELA JUANA DE ARCO,13 CALLE 3-45,22067425,SANDRA LIZZETH CRUZ IZAGUIRRE,THELMA ONDINA VASQUEZ REYES,DIVERSIFICADO,PRIVADO,URBANA,CERRADA TEMPORALMENTE,MONOLINGUE,VESPERTINA,DIARIO(REGULAR),GUATEMALA NORTE
00-03-0048-45,01-01-0004,CIUDAD CAPITAL,ZONA 3,COLEGIO RAYITOS DE ESPERANZA,8VA. AVENIDA 30-57 COLONIA SAN JUAN,24750791,HECTOR EDELMIRO FLORES BRINGUEZ,YOLANDA NOHEMÍ JACHAC CONCOHÁ,BASICO,PRIVADO,URBANA,ABIERTA,MONOLINGUE,VESPERTINA,DIARIO(REGULAR),GUATEMALA NORTE
00-03-0049-45,01-01-0017,CIUDAD CAPITAL,ZONA 3,CENTRO EDUCATIVO TECNOLÓGICO EMILIANO,25 CALLE 1-49,49643184,CARLOS HUMBERTO GONZALEZ DE LEON,ROSA MARIA RECINOS ALVAREZ,BASICO,PRIVADO,URBANA,ABIERTA,MONOLINGUE,SIN JORNADA,SEMIPRESENCIAL (FIN DE SEMANA),GUATEMALA NORTE
00-03-0050-46,01-01-0017,CIUDAD CAPITAL,ZONA 3,CENTRO EDUCATIVO TECNOLÓGICO EMILIANO,25 CALLE 1-49,49643184,CARLOS HUMBERTO GONZALEZ DE LEON,ROSA MARIA RECINOS ALVAREZ,DIVERSIFICADO,PRIVADO,URBANA,ABIERTA,MONOLINGUE,SIN JORNADA,SEMIPRESENCIAL (FIN DE SEMANA),GUATEMALA NORTE
00-03-0051-45,01-403,CIUDAD CAPITAL,ZONA 3,COLEGIO EVANGÉLICO DE LAS ASAMBLEAS DE DIOS DE EDUCACIÓN DE ADULTOS,28 CALLE 0-52,30648949,CARLOS HUMBERTO GONZÁLEZ DE LEÓN,ENCARNACION  OLCOT XINICO,BASICO,PRIVADO,URBANA,CERRADA TEMPORALMENTE,MONOLINGUE,SIN JORNADA,SEMIPRESENCIAL (FIN DE SEMANA),GUATEMALA NORTE
00-03-0052-46,01-403,CIUDAD CAPITAL,ZONA 3,COLEGIO EVANGÉLICO DE LAS ASAMBLEAS DE DIOS DE EDUCACIÓN DE ADULTOS,28 CALLE 0-52,30648949,CARLOS HUMBERTO GONZÁLEZ DE LEÓN,ENCARNACION  OLCOT XINICO,DIVERSIFICADO,PRIVADO,URBANA,CERRADA TEMPORALMENTE,MONOLINGUE,SIN JORNADA,SEMIPRESENCIAL (FIN DE SEMANA),GUATEMALA NORTE
00-03-0053-46,01-403,CIUDAD CAPITAL,ZONA 3,INSTITUTO MIXTO GUATEMALTECO,AV. ELENA 23-20,22067425,CARLOS HUMBERTO GONZÁLEZ DE LEÓN,THELMA ONDINA VASQUEZ REYEZ,DIVERSIFICADO,PRIVADO,URBANA,CERRADA TEMPORALMENTE,MONOLINGUE,NOCTURNA,DIARIO(REGULAR),GUATEMALA NORTE
00-03-0323-42,,CIUDAD CAPITAL,ZONA 3,EODP NO.55 DEL CENTRO DE BIENESTAR SOCIAL,13 CALLE 1-01,22326222,,,PARVULOS,OFICIAL,URBANA,CERRADA DEFINITIVAMENTE,MONOLINGUE,MATUTINA,DIARIO(REGULAR),GUATEMALA NORTE
00-03-0324-42,,CIUDAD CAPITAL,ZONA 3,EODP NO.13 'AMERICA',"13 CALLE 00-13 ZONA 1, GUATEMALA",22320869,,,PARVULOS,OFICIAL,URBANA,CERRADA DEFINITIVAMENTE,MONOLINGUE,MATUTINA,DIARIO(REGULAR),GUATEMALA NORTE
00-03-0325-42,,CIUDAD CAPITAL,ZONA 3,EODP NO.7 'JOSE MILLA Y VIDAURRE',6A AVE. 38-18,,,,PARVULOS,OFICIAL,URBANA,CERRADA DEFINITIVAMENTE,MONOLINGUE,MATUTINA,DIARIO(REGULAR),GUATEMALA NORTE
00-03-0326-42,,CIUDAD CAPITAL,ZONA 3,EODP NO.10 'MARIA MONTESSORI',12 CALLE 'B' 1-64,,,,PARVULOS,OFICIAL,URBANA,CERRADA DEFINITIVAMENTE,MONOLINGUE,MATUTINA,DIARIO(REGULAR),GUATEMALA NORTE
00-03-0327-42,01-01-0005,CIUDAD CAPITAL,ZONA 3,EODP NO.15 'MATILDE ARIZA DE NUÑEZ',AVE. ELENA 15-42,37785180,HECTOR EDELMIRO FLORES BRINGUEZ,JUANA FRANCISCA URIAS RAXÒN,PARVULOS,OFICIAL,URBANA,ABIERTA,MONOLINGUE,MATUTINA,DIARIO(REGULAR),GUATEMALA NORTE
00-03-0328-42,01-01-0005,CIUDAD CAPITAL,ZONA 3,"ESCUELA OFICIAL DE PÁRVULOS ANEXA A ESCUELA  OFICIAL URBANA MIXTA NO. 46 ""MANUEL MARCOS MARTINEZ""",6A AVE. 27-36,24751310,HECTOR EDELMIRO FLORES BRINGUEZ,JOSÉ  CHANCHAVAC IXCOY,PARVULOS,OFICIAL,URBANA,ABIERTA,MONOLINGUE,VESPERTINA,DIARIO(REGULAR),GUATEMALA NORTE
00-03-0329-42,01-302,CIUDAD CAPITAL,ZONA 3,EPDP ANEXA A INSTITUTO MIXTO 'GUATEMALTECO',AVENIDA ELENA 23-20,22515412,HECTOR EDELMIRO FLORES BRINGUEZ,,PARVULOS,PRIVADO,URBANA,CERRADA TEMPORALMENTE,MONOLINGUE,MATUTINA,DIARIO(REGULAR),GUATEMALA NORTE
00-03-0330-42,01-302,CIUDAD CAPITAL,ZONA 3,EPDP ANEXA A COLEGIO MIXTO 'SANTA MARTA',AVE. ELENA 21-86,22510417,HECTOR EDELMIRO FLORES BRINGUEZ,,PARVULOS,PRIVADO,URBANA,CERRADA DEFINITIVAMENTE,MONOLINGUE,MATUTINA,DIARIO(REGULAR),GUATEMALA NORTE
00-03-0331-42,01-302,CIUDAD CAPITAL,ZONA 3,'LICEO BRASILEÑO',20 CALLE 3-30,22517920,HECTOR EDELMIRO FLORES BRINGUEZ,EDNA CAROLINA BARRIOS FUENTES,PARVULOS,PRIVADO,URBANA,CERRADA TEMPORALMENTE,MONOLINGUE,MATUTINA,DIARIO(REGULAR),GUATEMALA NORTE
00-03-0332-42,01-01-0005,CIUDAD CAPITAL,ZONA 3,COLEGIO MIXTO  JUANA DE ARCO,14 CALLE  C  4-40,38370478,HECTOR EDELMIRO FLORES BRINGUEZ,NUBIA GUADALUPE CASTRO ECHEVERRIA,PARVULOS,PRIVADO,URBANA,ABIERTA,MONOLINGUE,MATUTINA,DIARIO(REGULAR),GUATEMALA NORTE
00-03-0333-42,,CIUDAD CAPITAL,ZONA 3,EPDP ANEXA A 'CENTRO EDUCACIONAL CRISTIANO FILADELFIA',1A AVE. 28-43,,,,PARVULOS,PRIVADO,URBANA,CERRADA TEMPORALMENTE,MONOLINGUE,MATUTINA,DIARIO(REGULAR),GUATEMALA NORTE
00-03-0334-42,01-01-0004,CIUDAD CAPITAL,ZONA 3,COLEGIO EVANGELICO MIXTO 'FRANCISCO G. PENZOTTI',4 AVE. 31-49,24402064,HECTOR EDELMIRO FLORES BRINGUEZ,GRACIELA ISABEL QUIÑONEZ ROCA,PARVULOS,PRIVADO,URBANA,ABIERTA,MONOLINGUE,MATUTINA,DIARIO(REGULAR),GUATEMALA NORTE
00-03-0335-42,01-01-0005,CIUDAD CAPITAL,ZONA 3,COLEGIO MIXTO 'ECUATORIANO',19 CALLE 1-07,22514562,HECTOR EDELMIRO FLORES BRINGUEZ,ELEVIA JOSEFINA GUTIERREZ VILLAGRAN,PARVULOS,PRIVADO,URBANA,ABIERTA,MONOLINGUE,MATUTINA,DIARIO(REGULAR),GUATEMALA NORTE
00-03-0336-43,01-01-0005,CIUDAD CAPITAL,ZONA 3,"EOUN NO.9 ""CRISTOBAL COLON""",27 CALLE 2-19,24711627,HECTOR EDELMIRO FLORES BRINGUEZ,HEIDY  PEÑA SANTIZO,PRIMARIA,OFICIAL,URBANA,ABIERTA,MONOLINGUE,MATUTINA,DIARIO(REGULAR),GUATEMALA NORTE
00-03-0337-43,01-01-0005,CIUDAD CAPITAL,ZONA 3,EOUV NO.13 ALBERTO MEJIA,6A AVE. 27-36,58417746,HECTOR EDELMIRO FLORES BRINGUEZ,MEYLAN  FONG MENA,PRIMARIA,OFICIAL,URBANA,ABIERTA,MONOLINGUE,MATUTINA,DIARIO(REGULAR),GUATEMALA NORTE
00-03-0338-43,01-01-0005,CIUDAD CAPITAL,ZONA 3,"ESCUELA OFICIAL URBANA MIXTA NO. 46 ""MANUEL MARCOS MARTINEZ""",6A AVENIDA 27-36,24751310,HECTOR EDELMIRO FLORES BRINGUEZ,JOSÉ  CHANCHAVAC IXCOY,PRIMARIA,OFICIAL,URBANA,ABIERTA,MONOLINGUE,VESPERTINA,DIARIO(REGULAR),GUATEMALA NORTE
00-03-0339-43,01-01-0005,CIUDAD CAPITAL,ZONA 3,EOUV NO.10 PEDRO DE BETHANCOURT,1A AVENIDA  23-13,22303868,HECTOR EDELMIRO FLORES BRINGUEZ,LILIAM GEORGINA VILLATORO VILLAGRÁN,PRIMARIA,OFICIAL,URBANA,ABIERTA,MONOLINGUE,MATUTINA,DIARIO(REGULAR),GUATEMALA NORTE
00-03-0340-43,01-01-0005,CIUDAD CAPITAL,ZONA 3,EOUM NO.66 'PEDRO BETHANCOURT',1A AVE. 23-13,22209831,HECTOR EDELMIRO FLORES BRINGUEZ,DÉBORA HAYDEÉ TORRES MALTEZ,PRIMARIA,OFICIAL,URBANA,ABIERTA,MONOLINGUE,VESPERTINA,DIARIO(REGULAR),GUATEMALA NORTE
00-03-0341-43,01-01-0004,CIUDAD CAPITAL,ZONA 3,"EOUV NO.31 ""FRANCISCO VELA""",8A. AVENIDA 37-85,38034947,HECTOR EDELMIRO FLORES BRINGUEZ,ELIDA RAQUEL MACARIO ORTIGOZA,PRIMARIA,OFICIAL,URBANA,ABIERTA,MONOLINGUE,VESPERTINA,DIARIO(REGULAR),GUATEMALA NORTE
00-03-0342-43,,CIUDAD CAPITAL,ZONA 3,EOUN NO.7 'REPUBLICA ARGENTINA',13 CALLE 'B' 4-27,,,,PRIMARIA,OFICIAL,URBANA,CERRADA DEFINITIVAMENTE,MONOLINGUE,MATUTINA,DIARIO(REGULAR),GUATEMALA NORTE
00-03-0343-43,01-01-0004,CIUDAD CAPITAL,ZONA 3,EOUN NO.17  RAFAELA DEL AGUILA,8A AVE. 37-85,24400451,HECTOR EDELMIRO FLORES BRINGUEZ,KAREN ROXANA CORDÓN DUARTE,PRIMARIA,OFICIAL,URBANA,ABIERTA,MONOLINGUE,MATUTINA,DIARIO(REGULAR),GUATEMALA NORTE
00-03-0344-43,01-01-0005,CIUDAD CAPITAL,ZONA 3,EOUM NO.460  SANTA LUISA,10A CALLE 10-33,50500084,HECTOR EDELMIRO FLORES BRINGUEZ,MARIELA VERÓNICA GARCÍA ALVAREZ,PRIMARIA,OFICIAL,URBANA,ABIERTA,MONOLINGUE,MATUTINA,DIARIO(REGULAR),GUATEMALA NORTE
00-03-0345-43,01-01-0005,CIUDAD CAPITAL,ZONA 3,EOUM 'RAFAEL ALVAREZ OVALLE',27 CALLE 2-19,34545555,HECTOR EDELMIRO FLORES BRINGUEZ,LESLY EDUARDO SOLANO HERNANDEZ,PRIMARIA,OFICIAL,URBANA,ABIERTA,MONOLINGUE,VESPERTINA,DIARIO(REGULAR),GUATEMALA NORTE
00-03-0346-43,01-01-0004,CIUDAD CAPITAL,ZONA 3,"COLEGIO ""JUNKABAL""",7A. AVENIDA 37-09,23109356,HECTOR EDELMIRO FLORES BRINGUEZ,RAQUEL AMARILIS GARCÍA GONZÁLEZ,PRIMARIA,PRIVADO,URBANA,ABIERTA,MONOLINGUE,MATUTINA,DIARIO(REGULAR),GUATEMALA NORTE
00-03-0347-43,01-01-0005,CIUDAD CAPITAL,ZONA 3,COLEGIO MIXTO  JUANA DE ARCO,14 CALLE  C  4-40,38370478,HECTOR EDELMIRO FLORES BRINGUEZ,NUBIA GUADALUPE CASTRO ECHEVERRIA,PRIMARIA,PRIVADO,URBANA,ABIERTA,MONOLINGUE,MATUTINA,DIARIO(REGULAR),GUATEMALA NORTE
00-03-0348-43,01-302,CIUDAD CAPITAL,ZONA 3,EPUM COLEGIO 'SANTA MARTA',AVENIDA ELENA 21-86,22510417,HECTOR EDELMIRO FLORES BRINGUEZ,,PRIMARIA,PRIVADO,URBANA,CERRADA DEFINITIVAMENTE,MONOLINGUE,MATUTINA,DIARIO(REGULAR),GUATEMALA NORTE
00-03-0349-43,01-302,CIUDAD CAPITAL,ZONA 3,EPUM 'LICEO BRASILEÑO',20 CALLE 3-30,22517920,HECTOR EDELMIRO FLORES BRINGUEZ,CARLOS ANTONIO MONNEY VALENZUELA,PRIMARIA,PRIVADO,URBANA,CERRADA TEMPORALMENTE,MONOLINGUE,MATUTINA,DIARIO(REGULAR),GUATEMALA NORTE
00-03-0350-43,01-01-0005,CIUDAD CAPITAL,ZONA 3,COLEGIO MIXTO BAUTISTA BETHEL,5A AVENIDA 13-38,22209611,HECTOR EDELMIRO FLORES BRINGUEZ,LIGIA DOLORES MINERO ESPOSITO,PRIMARIA,PRIVADO,URBANA,ABIERTA,MONOLINGUE,MATUTINA,DIARIO(REGULAR),GUATEMALA NORTE
00-03-0351-43,01-01-0005,CIUDAD CAPITAL,ZONA 3,EPUM COLEGIO MIXTO 'ECUATORIANO',2A AVE. 21-58,22514562,HECTOR EDELMIRO FLORES BRINGUEZ,ELEVIA JOSEFINA GUTIERREZ VILLAGRAN,PRIMARIA,PRIVADO,URBANA,ABIERTA,MONOLINGUE,MATUTINA,DIARIO(REGULAR),GUATEMALA NORTE
00-03-0352-43,01-302,CIUDAD CAPITAL,ZONA 3,EPUM INSTITUTO MIXTO 'GUATEMALTECO',AVENIDA BOLIVAR 30-00,22515412,HECTOR EDELMIRO FLORES BRINGUEZ,,PRIMARIA,PRIVADO,URBANA,CERRADA TEMPORALMENTE,MONOLINGUE,MATUTINA,DIARIO(REGULAR),GUATEMALA NORTE
00-03-0353-43,01-01-0004,CIUDAD CAPITAL,ZONA 3,EPUM COLEGIO EVANGELICO MIXTO 'FRANCISCO G. PENZOTTI',4A AVE. 31-49,24402064,HECTOR EDELMIRO FLORES BRINGUEZ,GRACIELA ISABEL QUIÑONEZ ROCA,PRIMARIA,PRIVADO,URBANA,ABIERTA,MONOLINGUE,MATUTINA,DIARIO(REGULAR),GUATEMALA NORTE
00-03-0354-43,,CIUDAD CAPITAL,ZONA 3,EPUM 'CENTRO EDUCACIONAL CRISTIANO FILADELFIA',1A AVE. 28-43,,,,PRIMARIA,PRIVADO,URBANA,CERRADA TEMPORALMENTE,MONOLINGUE,MATUTINA,DIARIO(REGULAR),GUATEMALA NORTE
00-03-0355-44,01-01-0017,CIUDAD CAPITAL,ZONA 3,"EOPA NO. 7  ""CRISTOBAL COLON""",6A. AVENIDA  27-36,53061318,CARLOS HUMBERTO GONZALEZ DE LEON,MARVIN ALEXIS CASTRO ALVARADO,PRIMARIA DE ADULTOS,OFICIAL,URBANA,ABIERTA,MONOLINGUE,NOCTURNA,DIARIO(REGULAR),GUATEMALA NORTE
00-03-0356-44,,CIUDAD CAPITAL,ZONA 3,EOPA NO.13 'CARMEN RODRIGUEZ BOCANEGRA',13 CALLE 'B' 4-27,,,,PRIMARIA DE ADULTOS,OFICIAL,URBANA,CERRADA DEFINITIVAMENTE,MONOLINGUE,NOCTURNA,DIARIO(REGULAR),GUATEMALA NORTE
00-03-0357-44,01-01-0017,CIUDAD CAPITAL,ZONA 3,EOPA NO. 8 ENRIQUE MUÑOZ MEANY,1A AVE. 23-13,47463625,CARLOS HUMBERTO GONZALEZ DE LEON,DORA CLAUDINA MORALES,PRIMARIA DE ADULTOS,OFICIAL,URBANA,ABIERTA,MONOLINGUE,NOCTURNA,DIARIO(REGULAR),GUATEMALA NORTE
00-03-0358-45,01-01-0017,CIUDAD CAPITAL,ZONA 3,INEB NOCTURNO DE LA ZONA 3,6A AVE. 27-36,24754027,CARLOS HUMBERTO GONZALEZ DE LEON,LILIAN YOLANDA RODRIGUEZ PINTO DE CASTRO,BASICO,OFICIAL,URBANA,ABIERTA,MONOLINGUE,NOCTURNA,DIARIO(REGULAR),GUATEMALA NORTE
00-03-0359-45,01-01-0004,CIUDAD CAPITAL,ZONA 3,"COLEGIO ""JUNKABAL""",6A AVE. 31-29,24629300,HECTOR EDELMIRO FLORES BRINGUEZ,MARIA MERCEDES AGUILAR MEJIA,BASICO,PRIVADO,URBANA,ABIERTA,MONOLINGUE,MATUTINA,DIARIO(REGULAR),GUATEMALA NORTE
00-03-0360-45,01-01-0004,CIUDAD CAPITAL,ZONA 3,IPMB COLEGIO EVANGELICO MIXTO 'FRANCISCO G. PENZOTTI',4A AVE. 31-49,24401864,HECTOR EDELMIRO FLORES BRINGUEZ,BRENDA AZUCENA JOCHOLÁ GUITZOL,BASICO,PRIVADO,URBANA,ABIERTA,MONOLINGUE,MATUTINA,DIARIO(REGULAR),GUATEMALA NORTE
00-03-0361-45,01-302,CIUDAD CAPITAL,ZONA 3,INSTITUTO PRIVADO MIXTO DE EDUCACION BASICA 'LICEO BRASILEÑO',20 CALLE 3-30,22517920,HECTOR EDELMIRO FLORES BRINGUEZ,CARLOS ANTONIO MONNEY VALENZUELA,BASICO,PRIVADO,URBANA,CERRADA TEMPORALMENTE,MONOLINGUE,MATUTINA,DIARIO(REGULAR),GUATEMALA NORTE
00-03-0362-45,01-01-0005,CIUDAD CAPITAL,ZONA 3,IPMB COLEGIO BAUTISTA  BETHEL,5A AVE. 13-38,22209611,HECTOR EDELMIRO FLORES BRINGUEZ,TOMÁS FRANCISCO XON XIRUM,BASICO,PRIVADO,URBANA,ABIERTA,MONOLINGUE,VESPERTINA,DIARIO(REGULAR),GUATEMALA NORTE
00-03-0363-45,01-01-0005,CIUDAD CAPITAL,ZONA 3,INSTITUTO PRIVADO MIXTO DE EDUCACION BASICA COLEGIO 'ECUATORIANO',2A AVE. 21-58,22514562,HECTOR EDELMIRO FLORES BRINGUEZ,ELEVIA JOSEFINA GUTIERREZ VILLAGRAN,BASICO,PRIVADO,URBANA,ABIERTA,MONOLINGUE,VESPERTINA,DIARIO(REGULAR),GUATEMALA NORTE
00-03-0364-46,,CIUDAD CAPITAL,ZONA 3,INSTITUTO PRIVADO MIXTO DE EDUCACION DIVERSIFICADA 'CENTRO PROFESIONAL DE COMPUTACION',AVE. ELENA 19-48,,,,DIVERSIFICADO,PRIVADO,URBANA,CERRADA TEMPORALMENTE,MONOLINGUE,VESPERTINA,DIARIO(REGULAR),GUATEMALA NORTE
00-03-0365-45,01-01-0005,CIUDAD CAPITAL,ZONA 3,COLEGIO MIXTO JUANA DE ARCO,14 CALLE  C  4-40,38370478,HECTOR EDELMIRO FLORES BRINGUEZ,NUBIA GUADALUPE CASTRO ECHEVERRIA,BASICO,PRIVADO,URBANA,ABIERTA,MONOLINGUE,MATUTINA,DIARIO(REGULAR),GUATEMALA NORTE
00-03-0365-46,01-,CIUDAD CAPITAL,ZONA 3,INSTITUTO PRIVADO MIXTO DE EDUCACION DIVERSIFICADA ESCUELA NORMAL  JUANA DE ARCO,14 CALLE  C  4-40,,MARIA FELICITA ROQUE CARRERA,,DIVERSIFICADO,PRIVADO,URBANA,CERRADA TEMPORALMENTE,MONOLINGUE,MATUTINA,DIARIO(REGULAR),GUATEMALA NORTE
00-03-0366-45,01-302,CIUDAD CAPITAL,ZONA 3,"LICEO TECNOLÓGICO ""EL HOGAR""",6A. AVE. 38-64,24751926,HECTOR EDELMIRO FLORES BRINGUEZ,LILIAN JEANNETTE DAZ AGUIRRE,BASICO,PRIVADO,URBANA,CERRADA TEMPORALMENTE,MONOLINGUE,MATUTINA,DIARIO(REGULAR),GUATEMALA NORTE
00-03-0366-46,01-302,CIUDAD CAPITAL,ZONA 3,INSTITUTO PRIVADO PARA SEÑORITAS DE EDUCACION DIVERSIFICADA ACADEMIA DE EDUCACION FEMENIÑA  EL HOGAR,AVE BOLIVAR 38-70,24751925,HECTOR EDELMIRO FLORES BRINGUEZ,,DIVERSIFICADO,PRIVADO,URBANA,CERRADA TEMPORALMENTE,MONOLINGUE,MATUTINA,DIARIO(REGULAR),GUATEMALA NORTE
00-03-0367-45,01-307,CIUDAD CAPITAL,ZONA 3,INSTITUTO Y ACADEMIA 'GUATEMALA COMERCIAL',41 CALLE 0-44,24712956,NORMA ARACELY PALOMO FRANCO DE DIAZ,,BASICO,PRIVADO,URBANA,CERRADA DEFINITIVAMENTE,MONOLINGUE,MATUTINA,DIARIO(REGULAR),GUATEMALA NORTE
00-03-0367-46,01-307,CIUDAD CAPITAL,ZONA 3,INSTITUTO Y ACADEMIA 'GUATEMALA COMERCIAL',9A. CALLE 0-50,22327928,NORMA ARACELY PALOMO FRANCO DE DIAZ,,DIVERSIFICADO,PRIVADO,URBANA,CERRADA DEFINITIVAMENTE,MONOLINGUE,MATUTINA,DIARIO(REGULAR),GUATEMALA NORTE
00-03-0368-45,,CIUDAD CAPITAL,ZONA 3,INSTITUTO PRIVADO MIXTO DE EDUCACION BASICA 'CENTRO PROFESIONAL DE COMPUTACION',19 CALLE 0-53,22320474,,,BASICO,PRIVADO,URBANA,CERRADA DEFINITIVAMENTE,MONOLINGUE,MATUTINA,DIARIO(REGULAR),GUATEMALA NORTE
00-03-0368-46,01-102,CIUDAD CAPITAL,ZONA 3,INSTITUTO PRIVADO MIXTO DE EDUCACION DIVERSIFICADA CENTRO PROFESIONAL DE COMPUTACION,19 CALLE 0-53,,ZIZI ARELY LOPEZ CHINCHILLA,---,DIVERSIFICADO,PRIVADO,URBANA,CERRADA TEMPORALMENTE,MONOLINGUE,MATUTINA,DIARIO(REGULAR),GUATEMALA NORTE
00-03-0369-45,,CIUDAD CAPITAL,ZONA 3,INSTITUTO PRIVADO MIXTO DE EDUCACION BASICA 'ACADEMIA HALDA',AVE. BOLIVAR 29-82,,,,BASICO,PRIVADO,URBANA,CERRADA DEFINITIVAMENTE,MONOLINGUE,MATUTINA,DIARIO(REGULAR),GUATEMALA NORTE
00-03-0370-45,01-302,CIUDAD CAPITAL,ZONA 3,INSTITUTO PRIVADO MIXTO DE EDUCACION BASICA 'GUATEMALTECO',AVE. ELENA 23-20,22515412,HECTOR EDELMIRO FLORES BRINGUEZ,,BASICO,PRIVADO,URBANA,CERRADA TEMPORALMENTE,MONOLINGUE,MATUTINA,DIARIO(REGULAR),GUATEMALA NORTE
00-03-0370-46,01-,CIUDAD CAPITAL,ZONA 3,INSTITUTO PRIVADO MIXTO DE EDUCACION DIVERSIFICADA  GUATEMALTECO,AVENIDA BOLIVAR 30-00,22515412,MARIA FELICITA ROQUE CARRERA,,DIVERSIFICADO,PRIVADO,URBANA,CERRADA TEMPORALMENTE,MONOLINGUE,MATUTINA,DIARIO(REGULAR),GUATEMALA NORTE
00-03-0371-45,,CIUDAD CAPITAL,ZONA 3,INSTITUTO PRIVADO MIXTO DE EDUCACION BASICA 'ACADEMIA HALDA',AVE. BOLIVAR 29-82,,,,BASICO,PRIVADO,URBANA,CERRADA DEFINITIVAMENTE,MONOLINGUE,NOCTURNA,DIARIO(REGULAR),GUATEMALA NORTE
00-03-0371-46,,CIUDAD CAPITAL,ZONA 3,INSTITUTO PRIVADO MIXTO DE EDUCACION DIVERSIFICADA 'ACADEMIA HALDA',AVE. BOLIVAR 29-82,,,,DIVERSIFICADO,PRIVADO,URBANA,CERRADA DEFINITIVAMENTE,MONOLINGUE,NOCTURNA,DIARIO(REGULAR),GUATEMALA NORTE
00-03-0372-45,,CIUDAD CAPITAL,ZONA 3,INSTITUTO PRIVADO MIXTO DE EDUCACION BASICA 'GUATEMALTECO',AVENIDA BOLIVAR 30-00,"712407, 2515412",,,BASICO,PRIVADO,URBANA,CERRADA DEFINITIVAMENTE,MONOLINGUE,NOCTURNA,DIARIO(REGULAR),GUATEMALA NORTE
00-03-0372-46,01-101,CIUDAD CAPITAL,ZONA 3,INSTITUTO PRIVADO MIXTO DE EDUCACION DIVERSIFICADA GUATEMALTECO,AVENIDA BOLIVAR 30-00,71240725,YENI XIOMARA CRÚZ SARCEÑO,,DIVERSIFICADO,PRIVADO,URBANA,CERRADA DEFINITIVAMENTE,MONOLINGUE,NOCTURNA,DIARIO(REGULAR),GUATEMALA NORTE
00-03-2181-43,,CIUDAD CAPITAL,ZONA 3,EPUM CRISTIANA 'VIDA',3A AVE. 27-40,,,,PRIMARIA,PRIVADO,URBANA,CERRADA TEMPORALMENTE,MONOLINGUE,MATUTINA,DIARIO(REGULAR),GUATEMALA NORTE
00-03-2182-42,,CIUDAD CAPITAL,ZONA 3,EPDP ANEXA A ESCUELA URBANA CRISTIANA 'VIDA',3A AVE. 27-40,,,,PARVULOS,PRIVADO,URBANA,CERRADA TEMPORALMENTE,MONOLINGUE,MATUTINA,DIARIO(REGULAR),GUATEMALA NORTE
00-03-2183-45,,CIUDAD CAPITAL,ZONA 3,INSTITUTO PRIVADO MIXTO DE EDUCACION BASICA ESCUELA CRISTIANA 'VIDA',3A AVE. 27-40,,,,BASICO,PRIVADO,URBANA,CERRADA TEMPORALMENTE,MONOLINGUE,MATUTINA,DIARIO(REGULAR),GUATEMALA NORTE
00-03-2204-42,01-302,CIUDAD CAPITAL,ZONA 3,EPDP 'G.M.S',6A AVE. 14-28,57081060,HECTOR EDELMIRO FLORES BRINGUEZ,,PARVULOS,PRIVADO,URBANA,CERRADA DEFINITIVAMENTE,MONOLINGUE,MATUTINA,DIARIO(REGULAR),GUATEMALA NORTE
00-03-2205-42,01-302,CIUDAD CAPITAL,ZONA 3,"ANEXA A LICEO TECNOLÓGICO ""EL HOGAR""",6A AVE. 38-64,24751926,HECTOR EDELMIRO FLORES BRINGUEZ,LILIAN JEANNETTE DIAZ AGUIRRE,PARVULOS,PRIVADO,URBANA,CERRADA TEMPORALMENTE,MONOLINGUE,MATUTINA,DIARIO(REGULAR),GUATEMALA NORTE
00-03-2206-42,01-01-0005,CIUDAD CAPITAL,ZONA 3,EODP 'EL INCIENSO' ANEXA A EORM 'COPAL POM',"6A CALLE FINAL 5-07, COLONIA EL INCIENSO",31366901,HECTOR EDELMIRO FLORES BRINGUEZ,MIRNA ARACELY VALLE PÉREZ,PARVULOS,OFICIAL,URBANA,ABIERTA,MONOLINGUE,MATUTINA,DIARIO(REGULAR),GUATEMALA NORTE
00-03-2207-42,,CIUDAD CAPITAL,ZONA 3,EPDP ANEXA A COLEGIO MIXTO 'FRANZ PIRA KLUSSMANN',1A AVE. 23-79,,,,PARVULOS,PRIVADO,URBANA,CERRADA TEMPORALMENTE,MONOLINGUE,MATUTINA,DIARIO(REGULAR),GUATEMALA NORTE
00-03-2208-43,,CIUDAD CAPITAL,ZONA 3,EPUM 'FRANZ PIRA KLUSSMANN',1A AVE. 23-79,,,,PRIMARIA,PRIVADO,URBANA,CERRADA TEMPORALMENTE,MONOLINGUE,MATUTINA,DIARIO(REGULAR),GUATEMALA NORTE
00-03-2209-43,,CIUDAD CAPITAL,ZONA 3,EPUM 'COPAL POM',6A CALLE FINAL 5-07 COLONIA EL INCIENSO,,,,PRIMARIA,PRIVADO,URBANA,CERRADA DEFINITIVAMENTE,MONOLINGUE,MATUTINA,DIARIO(REGULAR),GUATEMALA NORTE
00-03-2210-43,01-302,CIUDAD CAPITAL,ZONA 3,"LICEO TECNOLÓGICO ""EL HOGAR""",6A AVE. 38-64,24751926,HECTOR EDELMIRO FLORES BRINGUEZ,LILIAN JEANNETTE DIAZ AGUIRRE,PRIMARIA,PRIVADO,URBANA,CERRADA TEMPORALMENTE,MONOLINGUE,MATUTINA,DIARIO(REGULAR),GUATEMALA NORTE
00-03-2211-44,01-402,CIUDAD CAPITAL,ZONA 3,ESCUELA PRIVADA PARA ADULTOS 'COPAL POM',6A CALLE 5-07 COLONIA EL INCIENSO,,CARLOS HUMBERTO GONZALEZ DE LEON,,PRIMARIA DE ADULTOS,PRIVADO,URBANA,CERRADA TEMPORALMENTE,MONOLINGUE,NOCTURNA,DIARIO(REGULAR),GUATEMALA NORTE
00-03-2212-45,,CIUDAD CAPITAL,ZONA 3,INSTITUTO PRIVADO MIXTO DE EDUCACION BASICA 'CRISTIANA VIDA',3A AVE. 27-40,,,,BASICO,PRIVADO,URBANA,CERRADA DEFINITIVAMENTE,MONOLINGUE,MATUTINA,DIARIO(REGULAR),GUATEMALA NORTE
00-03-2386-42,01-302,CIUDAD CAPITAL,ZONA 3,EPDP ANEXA A LICEO 'DOMINGO SAVIO',6A AVE 37-32,24717208,HECTOR EDELMIRO FLORES BRINGUEZ,,PARVULOS,PRIVADO,URBANA,CERRADA DEFINITIVAMENTE,MONOLINGUE,MATUTINA,DIARIO(REGULAR),GUATEMALA NORTE
00-03-2387-43,01-302,CIUDAD CAPITAL,ZONA 3,EPUM LICEO 'DOMINGO SAVIO',6A AVE 37-32,24717208,HECTOR EDELMIRO FLORES BRINGUEZ,,PRIMARIA,PRIVADO,URBANA,CERRADA DEFINITIVAMENTE,MONOLINGUE,MATUTINA,DIARIO(REGULAR),GUATEMALA NORTE
00-03-2784-43,,CIUDAD CAPITAL,ZONA 3,EPUM 'CENTRO PROFESIONAL DE COMPUTACION',19 CALLE 0-53,,,,PRIMARIA,PRIVADO,URBANA,CERRADA TEMPORALMENTE,MONOLINGUE,MATUTINA,DIARIO(REGULAR),GUATEMALA NORTE
00-03-2785-45,01-302,CIUDAD CAPITAL,ZONA 3,INSTITUTO PRIVADO MIXTO DE EDUCACION BASICA 'LICEO DOMINGO SAVIO',6A AVE. 37-32,24717208,HECTOR EDELMIRO FLORES BRINGUEZ,,BASICO,PRIVADO,URBANA,CERRADA DEFINITIVAMENTE,MONOLINGUE,MATUTINA,DIARIO(REGULAR),GUATEMALA NORTE
00-03-2786-45,,CIUDAD CAPITAL,ZONA 3,INSTITUTO PRIVADO MIXTO DE EDUCACION BASICA 'COLEGIO SUPERIOR UNIVERSAL',6A AVE. 38-64,,,,BASICO,PRIVADO,URBANA,CERRADA TEMPORALMENTE,MONOLINGUE,VESPERTINA,DIARIO(REGULAR),GUATEMALA NORTE
00-03-2787-45,,CIUDAD CAPITAL,ZONA 3,INSTITUTO PRIVADO PARA SEÑORITAS DE EDUCACION BASICA 'EL HOGAR',AVE. BOLIVAR 38-70,,,,BASICO,PRIVADO,URBANA,CERRADA DEFINITIVAMENTE,MONOLINGUE,MATUTINA,DIARIO(REGULAR),GUATEMALA NORTE
00-03-2787-46,,CIUDAD CAPITAL,ZONA 3,INSTITUTO PRIVADO PARA SEÑORITAS DE EDUCACION DIVERSIFICADA 'EL HOGAR',AVE. BOLIVAR 38-70,,,,DIVERSIFICADO,PRIVADO,URBANA,CERRADA DEFINITIVAMENTE,MONOLINGUE,MATUTINA,DIARIO(REGULAR),GUATEMALA NORTE
00-03-2843-43,,CIUDAD CAPITAL,ZONA 3,COLEGIO MIXTO 'CRISTIANO GUATEMALTECO',13 CALLE 2-14,,,,PRIMARIA,PRIVADO,URBANA,CERRADA DEFINITIVAMENTE,MONOLINGUE,MATUTINA,DIARIO(REGULAR),GUATEMALA NORTE
00-03-2877-45,01-402,CIUDAD CAPITAL,ZONA 3,COLEGIO EVANGELICO MIXTO 'FRANCISCO G. PENZOTTI' (POR MADUREZ),4A. AVENIDA 31-49,24402064,CARLOS HUMBERTO GONZALEZ DE LEON,,BASICO,PRIVADO,URBANA,CERRADA TEMPORALMENTE,MONOLINGUE,INTERMEDIA,FIN DE SEMANA,GUATEMALA NORTE
00-03-2878-45,,CIUDAD CAPITAL,ZONA 3,COLEGIO MIXTO 'CRISTIANO GUATEMALTECO',13 CALLE 2-30 ZONA 1,,,,BASICO,PRIVADO,URBANA,CERRADA DEFINITIVAMENTE,MONOLINGUE,VESPERTINA,DIARIO(REGULAR),GUATEMALA NORTE
00-03-2879-45,,CIUDAD CAPITAL,ZONA 3,INSTITUTO MIXTO GUATEMALTECO,AVENIDA ELENA 23-20,22515412,,,BASICO,PRIVADO,URBANA,CERRADA DEFINITIVAMENTE,MONOLINGUE,VESPERTINA,DIARIO(REGULAR),GUATEMALA NORTE
00-03-2880-45,,CIUDAD CAPITAL,ZONA 3,COLEGIO MIXTO CRISTIANO GUATEMALTECO,13 CALLE 2-30 ZONA 1,,,,BASICO,PRIVADO,URBANA,CERRADA DEFINITIVAMENTE,MONOLINGUE,INTERMEDIA,DIARIO(REGULAR),GUATEMALA NORTE
00-03-2909-45,,CIUDAD CAPITAL,ZONA 3,COLEGIO MIXTO CRISTIANO GUATEMALTECO,13 CALLE 2-14,,,,BASICO,PRIVADO,URBANA,CERRADA DEFINITIVAMENTE,MONOLINGUE,INTERMEDIA,DIARIO(REGULAR),GUATEMALA NORTE
00-03-2909-46,,CIUDAD CAPITAL,ZONA 3,COLEGIO MIXTO CRISTIANO GUATEMALTECO,13 CALLE 2-14,,,,DIVERSIFICADO,PRIVADO,URBANA,CERRADA TEMPORALMENTE,MONOLINGUE,INTERMEDIA,DIARIO(REGULAR),GUATEMALA NORTE
00-03-2910-46,01-101,CIUDAD CAPITAL,ZONA 3,INSTITUTO MIXTO GUATEMALTECO,AVENIDA BOLIVAR 30-00,22515412,YENI XIOMARA CRÚZ SARCEÑO,,DIVERSIFICADO,PRIVADO,URBANA,CERRADA TEMPORALMENTE,MONOLINGUE,VESPERTINA,DIARIO(REGULAR),GUATEMALA NORTE
00-03-2911-46,01-01-0004,CIUDAD CAPITAL,ZONA 3,COLEGIO EVANGELICO MIXTO 'FRANCISCO G. PENZOTTI',4A. AVE. 31-49,24401864,HECTOR EDELMIRO FLORES BRINGUEZ,BRENDA AZUCENA JOCHOLÁ GUITZOL,DIVERSIFICADO,PRIVADO,URBANA,ABIERTA,MONOLINGUE,MATUTINA,DIARIO(REGULAR),GUATEMALA NORTE
00-03-2919-42,01-01-0005,CIUDAD CAPITAL,ZONA 3,EODP ANEXA A EOUM NO.460 SANTA LUISA,"10A CALLE 10-33, COLONIA SAN JOSE BUENA VISTA",22532791,HECTOR EDELMIRO FLORES BRINGUEZ,MARIELA VERÓNICA GARCÍA ALVAREZ,PARVULOS,OFICIAL,URBANA,ABIERTA,MONOLINGUE,MATUTINA,DIARIO(REGULAR),GUATEMALA NORTE
00-03-2987-42,,CIUDAD CAPITAL,ZONA 3,COLEGIO KEPLER,15 CALLE A 5-42,22208366,,,PARVULOS,PRIVADO,URBANA,CERRADA DEFINITIVAMENTE,MONOLINGUE,MATUTINA,DIARIO(REGULAR),GUATEMALA NORTE
00-03-2987-43,,CIUDAD CAPITAL,ZONA 3,COLEGIO 'KEPLER',15 CALLE 'A' 5-42,22208366,,,PRIMARIA,PRIVADO,URBANA,CERRADA DEFINITIVAMENTE,MONOLINGUE,MATUTINA,DIARIO(REGULAR),GUATEMALA NORTE
00-03-2988-42,,CIUDAD CAPITAL,ZONA 3,CENTRO DE DESARROLLO INTEGRAL COMUNITARIO (CEDICO),30 CALLE 7-25,,,,PARVULOS,OFICIAL,URBANA,CERRADA DEFINITIVAMENTE,MONOLINGUE,DOBLE,DIARIO(REGULAR),GUATEMALA NORTE
00-03-3020-46,01-302,CIUDAD CAPITAL,ZONA 3,CENTRO DE FORMACION PROFESIONAL PARA LA MUJER  JUNKABAL,6A. AV. 31-29,24629300,HECTOR EDELMIRO FLORES BRINGUEZ,BLANCA MARGARITA SOLÓRZANO ESTRADA,DIVERSIFICADO,PRIVADO,URBANA,CERRADA DEFINITIVAMENTE,MONOLINGUE,MATUTINA,DIARIO(REGULAR),GUATEMALA NORTE
00-03-3063-42,,CIUDAD CAPITAL,ZONA 3,COLEGIO MIXTO SANTA ELENA,25 CALLE 1-49,,,,PARVULOS,PRIVADO,URBANA,CERRADA TEMPORALMENTE,MONOLINGUE,MATUTINA,DIARIO(REGULAR),GUATEMALA NORTE
00-03-3063-43,,CIUDAD CAPITAL,ZONA 3,COLEGIO MIXTO 'SANTA ELENA',25 CALLE 1-49,,,,PRIMARIA,PRIVADO,URBANA,CERRADA DEFINITIVAMENTE,MONOLINGUE,MATUTINA,DIARIO(REGULAR),GUATEMALA NORTE
00-03-3088-42,,CIUDAD CAPITAL,ZONA 3,CENTRO EDUCATIVO 'MI REFUGIO',35 CALLE 11-68,,,,PARVULOS,PRIVADO,URBANA,CERRADA DEFINITIVAMENTE,MONOLINGUE,MATUTINA,DIARIO(REGULAR),GUATEMALA NORTE
00-03-3088-43,,CIUDAD CAPITAL,ZONA 3,CENTRO EDUCATIVO 'MI REFUGIO',35 CALLE 11-68,,,,PRIMARIA,PRIVADO,URBANA,CERRADA TEMPORALMENTE,MONOLINGUE,MATUTINA,DIARIO(REGULAR),GUATEMALA NORTE
00-03-3089-43,,CIUDAD CAPITAL,ZONA 3,"CENTRO EDUCATIVO EXPERIMENTAL DEL NIÑO, NIÑA Y ADOLECENTE TRABAJADOR DE SODIFAG",AVENIDA ELENA 15-40,,,,PRIMARIA,PRIVADO,URBANA,CERRADA DEFINITIVAMENTE,MONOLINGUE,DOBLE,DIARIO(REGULAR),GUATEMALA NORTE
00-03-3093-45,,CIUDAD CAPITAL,ZONA 3,CENTRO EDUCACIONAL MIXTO 'MENDELSSOHN',28 CALLE 4-30,,,,BASICO,PRIVADO,URBANA,CERRADA DEFINITIVAMENTE,MONOLINGUE,VESPERTINA,DIARIO(REGULAR),GUATEMALA NORTE
00-03-3094-45,01-627,CIUDAD CAPITAL,ZONA 3,COLEGIO EVANGELICO DE LAS ASAMBLEAS DE DIOS DE EDUCACION DE ADULTOS,28 CALLE 0-52,53182404,ISAURA AMPARO RECINOS CARRILLO,ENCARNACION  OLCOT XINICO,BASICO,PRIVADO,URBANA,CERRADA TEMPORALMENTE,MONOLINGUE,DOBLE,FIN DE SEMANA,GUATEMALA NORTE
00-03-3098-42,01-01-0005,CIUDAD CAPITAL,ZONA 3,COLEGIO MIXTO BAUTISTA BETHEL,5A. AVE 13-38,22209611,HECTOR EDELMIRO FLORES BRINGUEZ,MARTA JOSEFINA CORADO CAMPOS,PARVULOS,PRIVADO,URBANA,ABIERTA,MONOLINGUE,MATUTINA,DIARIO(REGULAR),GUATEMALA NORTE
00-03-3099-46,01-627,CIUDAD CAPITAL,ZONA 3,COLEGIO EVANGELICO DE LAS ASAMBLEAS DE DIOS,28 CALLE 0-52,78398532,ISAURA AMPARO RECINOS CARRILLO,ENCARNACION  OLCOT XINICO,DIVERSIFICADO,PRIVADO,URBANA,CERRADA TEMPORALMENTE,MONOLINGUE,DOBLE,FIN DE SEMANA,GUATEMALA NORTE
00-03-3128-44,01-01-0017,CIUDAD CAPITAL,ZONA 3,COLEGIO EVANGELICO DE LAS ASAMBLEAS DE DIOS,28 CALLE 0-52,53182404,CARLOS HUMBERTO GONZALEZ DE LEON,ENCARNACION  OLCOT XINICO,PRIMARIA DE ADULTOS,PRIVADO,URBANA,ABIERTA,MONOLINGUE,DOBLE,FIN DE SEMANA,GUATEMALA NORTE
00-03-3153-43,,CIUDAD CAPITAL,ZONA 3,CENTRO EDUCACIONAL MIXTO 'MENDELSSOHN',28 CALLE 4-30,,,,PRIMARIA,PRIVADO,URBANA,CERRADA DEFINITIVAMENTE,MONOLINGUE,MATUTINA,DIARIO(REGULAR),GUATEMALA NORTE
00-03-3154-43,01-302,CIUDAD CAPITAL,ZONA 3,COLEGIO MIXTO 'LOGOI',6A. AV. 14-67,22538826,HECTOR EDELMIRO FLORES BRINGUEZ,,PRIMARIA,PRIVADO,URBANA,CERRADA DEFINITIVAMENTE,MONOLINGUE,MATUTINA,DIARIO(REGULAR),GUATEMALA NORTE
00-03-4567-43,01-01-0004,CIUDAD CAPITAL,ZONA 3,CENTRO EDUCATIVO FRANCISCO COLL,13 AVENIDA 35-35 RELLENO SANITARIO,22321281,HECTOR EDELMIRO FLORES BRINGUEZ,GLORIA  XÓL CHUN,PRIMARIA,PRIVADO,URBANA,ABIERTA,MONOLINGUE,MATUTINA,DIARIO(REGULAR),GUATEMALA NORTE
00-03-4577-43,,CIUDAD CAPITAL,ZONA 3,ESCUELA ESPECIAL DE PARALISIS CEREBRAL,14 CALLE 0-28,,,,PRIMARIA,PRIVADO,URBANA,CERRADA DEFINITIVAMENTE,MONOLINGUE,VESPERTINA,DIARIO(REGULAR),GUATEMALA NORTE
00-03-4581-42,01-302,CIUDAD CAPITAL,ZONA 3,COLEGIO PRIVADO MIXTO 'LOGOI',17 CALLE 4-03,22538826,HECTOR EDELMIRO FLORES BRINGUEZ,,PARVULOS,PRIVADO,URBANA,CERRADA TEMPORALMENTE,MONOLINGUE,MATUTINA,DIARIO(REGULAR),GUATEMALA NORTE
00-03-4639-46,,CIUDAD CAPITAL,ZONA 3,COLEGIO MIXTO 'CRISTIANO GUATEMALTECO',"13 CALLE 20-30, ZONA 1",,,,DIVERSIFICADO,PRIVADO,URBANA,CERRADA TEMPORALMENTE,MONOLINGUE,VESPERTINA,DIARIO(REGULAR),GUATEMALA NORTE
00-03-4701-42,01-01-0004,CIUDAD CAPITAL,ZONA 3,"EODP ANEXA A EOUM NO.31 ""FRANCISCO VELA""",8A. AVE 37-85,38034947,HECTOR EDELMIRO FLORES BRINGUEZ,ELIDA RAQUEL MACARIO ORTIGOZA,PARVULOS,OFICIAL,URBANA,ABIERTA,MONOLINGUE,VESPERTINA,DIARIO(REGULAR),GUATEMALA NORTE
00-03-4702-42,01-01-0005,CIUDAD CAPITAL,ZONA 3,EODP ANEXA A EOUV NO.13  ALBERTO MEJIA,6A. AV. 27-36,58417746,HECTOR EDELMIRO FLORES BRINGUEZ,MEYLAN  FONG MENA,PARVULOS,OFICIAL,URBANA,ABIERTA,MONOLINGUE,MATUTINA,DIARIO(REGULAR),GUATEMALA NORTE
00-03-6896-43,01-01-0005,CIUDAD CAPITAL,ZONA 3,EOUM,6A CALLE FINAL 5-07 COLONIA EL INCIENSO,31366901,HECTOR EDELMIRO FLORES BRINGUEZ,MIRNA ARACELY VALLE PÉREZ,PRIMARIA,OFICIAL,URBANA,ABIERTA,MONOLINGUE,MATUTINA,DIARIO(REGULAR),GUATEMALA NORTE
00-03-6938-46,,CIUDAD CAPITAL,ZONA 3,EPUM 'CRISTIANA VIDA',3A. AV. 27-40,,,,DIVERSIFICADO,PRIVADO,URBANA,CERRADA TEMPORALMENTE,MONOLINGUE,VESPERTINA,DIARIO(REGULAR),GUATEMALA NORTE
00-03-6987-43,01-302,CIUDAD CAPITAL,ZONA 3,COLEGIO INFANTIL 'TOM SAWYER',AVENIDA ELENA 5-68,22539226,HECTOR EDELMIRO FLORES BRINGUEZ,VILMA LUCRECIA CARRILLO NAVAS,PRIMARIA,PRIVADO,URBANA,CERRADA TEMPORALMENTE,MONOLINGUE,MATUTINA,DIARIO(REGULAR),GUATEMALA NORTE
00-03-7024-45,,CIUDAD CAPITAL,ZONA 3,COLEGIO MIXTO SANTA ELENA,25 CALLE 1-49,,,,BASICO,PRIVADO,URBANA,CERRADA DEFINITIVAMENTE,MONOLINGUE,VESPERTINA,DIARIO(REGULAR),GUATEMALA NORTE
00-03-7027-45,,CIUDAD CAPITAL,ZONA 3,COLEGIO 'KEPLER',2A. AVENIDA 15-25 ZONA 1,22208366,,,BASICO,PRIVADO,URBANA,CERRADA DEFINITIVAMENTE,MONOLINGUE,MATUTINA,DIARIO(REGULAR),GUATEMALA NORTE
00-03-7028-46,,CIUDAD CAPITAL,ZONA 3,COLEGIO KEPLER,4AVE. 15-07,,,,DIVERSIFICADO,PRIVADO,URBANA,CERRADA DEFINITIVAMENTE,MONOLINGUE,MATUTINA,DIARIO(REGULAR),GUATEMALA NORTE
00-03-7030-42,01-302,CIUDAD CAPITAL,ZONA 3,COLEGIO INFANTIL TOM SAWYER,AVENIDA ELENA 5-68,22539226,HECTOR EDELMIRO FLORES BRINGUEZ,VILMA LUCRECIA CARRILLO NAVAS,PARVULOS,PRIVADO,URBANA,CERRADA TEMPORALMENTE,MONOLINGUE,MATUTINA,DIARIO(REGULAR),GUATEMALA NORTE
00-03-7038-46,,CIUDAD CAPITAL,ZONA 3,EPUM CRISTIANA 'VIDA',3A. AVE. 27-40,,,,DIVERSIFICADO,PRIVADO,URBANA,CERRADA TEMPORALMENTE,MONOLINGUE,VESPERTINA,DIARIO(REGULAR),GUATEMALA NORTE
00-03-7056-45,,CIUDAD CAPITAL,ZONA 3,LICEO DE CIENCIAS TECNICAS COMERCIALES Y DE COMPUTACION.,21 CALLE 0-53,,,,BASICO,PRIVADO,URBANA,CERRADA DEFINITIVAMENTE,MONOLINGUE,MATUTINA,DIARIO(REGULAR),GUATEMALA NORTE
00-03-7057-46,,CIUDAD CAPITAL,ZONA 3,LICEO DE CIENCIAS TECNICAS COMERCIALES Y DE COMPUTACION.,21 CALLE 0-53,,,,DIVERSIFICADO,PRIVADO,URBANA,CERRADA DEFINITIVAMENTE,MONOLINGUE,VESPERTINA,DIARIO(REGULAR),GUATEMALA NORTE
00-03-7059-46,,CIUDAD CAPITAL,ZONA 3,LICEO DE CIENCIAS COMERCIALES Y DE COMPUTACION,21 CALLE 0-53,,,,DIVERSIFICADO,PRIVADO,URBANA,CERRADA DEFINITIVAMENTE,MONOLINGUE,MATUTINA,DIARIO(REGULAR),GUATEMALA NORTE
00-03-7060-45,,CIUDAD CAPITAL,ZONA 3,LICEO DE CIENCIAS TECNICAS COMERCIALES Y DE COMPUTACION,21 CALLE 0-53,,,,BASICO,PRIVADO,URBANA,CERRADA DEFINITIVAMENTE,MONOLINGUE,VESPERTINA,DIARIO(REGULAR),GUATEMALA NORTE
00-03-7133-43,01-01-0005,CIUDAD CAPITAL,ZONA 3,EOUM NO. 460 SANTA LUISA,10 CALLE 10-33,48114442,HECTOR EDELMIRO FLORES BRINGUEZ,LAUREN RISHETT CALDERÓN ALVARADO,PRIMARIA,OFICIAL,URBANA,ABIERTA,MONOLINGUE,VESPERTINA,DIARIO(REGULAR),GUATEMALA NORTE
00-03-7140-42,01-302,CIUDAD CAPITAL,ZONA 3,EPDP ANEXA A ESCUELA URBANA CRISTIANA 'VIDA',3A. AV. 26-61,24735908,HECTOR EDELMIRO FLORES BRINGUEZ,,PARVULOS,PRIVADO,URBANA,CERRADA DEFINITIVAMENTE,MONOLINGUE,MATUTINA,DIARIO(REGULAR),GUATEMALA NORTE
00-03-7141-43,01-302,CIUDAD CAPITAL,ZONA 3,EPUM CRISTIANA 'VIDA',3A. AVENIDA 26-61,24735908,HECTOR EDELMIRO FLORES BRINGUEZ,,PRIMARIA,PRIVADO,URBANA,CERRADA DEFINITIVAMENTE,MONOLINGUE,MATUTINA,DIARIO(REGULAR),GUATEMALA NORTE
00-03-7142-45,01-302,CIUDAD CAPITAL,ZONA 3,INSTITUTO PRIVADO MIXTO DE EDUCACION BASICA CRISTIANA 'VIDA',3A. AVENIDA 26-61,24735908,HECTOR EDELMIRO FLORES BRINGUEZ,,BASICO,PRIVADO,URBANA,CERRADA DEFINITIVAMENTE,MONOLINGUE,MATUTINA,DIARIO(REGULAR),GUATEMALA NORTE
00-03-7143-46,01-302,CIUDAD CAPITAL,ZONA 3,ESCUELA PRIVADA CRISTIANA  VIDA,3A. AVENIDA 26-61,24735908,HECTOR EDELMIRO FLORES BRINGUEZ,JOSE EDUARDO MARROQUIN Y MARROQUIN,DIVERSIFICADO,PRIVADO,URBANA,CERRADA DEFINITIVAMENTE,MONOLINGUE,VESPERTINA,DIARIO(REGULAR),GUATEMALA NORTE
00-03-7144-46,,CIUDAD CAPITAL,ZONA 3,EPRM CRISTIANA 'VIDA',3A. AVENIDA 26-61,,,,DIVERSIFICADO,PRIVADO,URBANA,CERRADA TEMPORALMENTE,MONOLINGUE,VESPERTINA,DIARIO(REGULAR),GUATEMALA NORTE
00-03-7366-42,01-01-0005,CIUDAD CAPITAL,ZONA 3,EODP ANEXA A EOUM NO.66  PEDRO BETHANCOURT,1A. AV. 23-13,22209831,HECTOR EDELMIRO FLORES BRINGUEZ,DÉBORA HAYDEÉ TORRES MALTEZ,PARVULOS,OFICIAL,URBANA,ABIERTA,MONOLINGUE,VESPERTINA,DIARIO(REGULAR),GUATEMALA NORTE
00-03-7367-42,01-01-0004,CIUDAD CAPITAL,ZONA 3,"EODP ANEXA EOUN NO.17 ""RAFAELA DEL AGUILA""",8AV. 37-85,24400451,HECTOR EDELMIRO FLORES BRINGUEZ,KAREN ROXANA CORDÓN DUARTE,PARVULOS,OFICIAL,URBANA,ABIERTA,MONOLINGUE,MATUTINA,DIARIO(REGULAR),GUATEMALA NORTE
00-03-7368-42,,CIUDAD CAPITAL,ZONA 3,EODP ANEXA EOUM,27 CALLE 2-19,24711627,,,PARVULOS,OFICIAL,URBANA,CERRADA DEFINITIVAMENTE,MONOLINGUE,MATUTINA,DIARIO(REGULAR),GUATEMALA NORTE
00-03-7397-42,01-01-0005,CIUDAD CAPITAL,ZONA 3,EODP ANEXA A EOUM NO. 460 SANTA LUISA,10  CALLE 10-33,48114442,HECTOR EDELMIRO FLORES BRINGUEZ,LAUREN RISHETT CALDERÓN ALVARADO,PARVULOS,OFICIAL,URBANA,ABIERTA,MONOLINGUE,VESPERTINA,DIARIO(REGULAR),GUATEMALA NORTE
00-03-7398-43,,CIUDAD CAPITAL,ZONA 3,EOUM 'COPAL POM',6A. CALLE FINAL 5-07 COLONIA EL INCIENSO,,,,PRIMARIA,OFICIAL,URBANA,CERRADA DEFINITIVAMENTE,MONOLINGUE,MATUTINA,DIARIO(REGULAR),GUATEMALA NORTE
00-03-7404-43,,CIUDAD CAPITAL,ZONA 3,EOUM #13 AMERICA,,,,,PRIMARIA,OFICIAL,URBANA,CERRADA DEFINITIVAMENTE,MONOLINGUE,MATUTINA,DIARIO(REGULAR),GUATEMALA NORTE
00-03-7551-42,01-01-0005,CIUDAD CAPITAL,ZONA 3,EODP ANEXA A EOUN  CRISTOBAL COLON,27 CALLE 2-19,24711627,HECTOR EDELMIRO FLORES BRINGUEZ,HEIDY  PEÑA SANTIZO,PARVULOS,OFICIAL,URBANA,ABIERTA,MONOLINGUE,MATUTINA,DIARIO(REGULAR),GUATEMALA NORTE
00-03-7569-46,,CIUDAD CAPITAL,ZONA 3,INSTITUTO MIXTO GUATEMALTECO,AV. ELENA 23-20,22515412,,,DIVERSIFICADO,PRIVADO,URBANA,CERRADA TEMPORALMENTE,MONOLINGUE,MATUTINA,DIARIO(REGULAR),GUATEMALA NORTE
00-03-7605-46,01-302,CIUDAD CAPITAL,ZONA 3,LICEO BRASILEÑO,20 CALLE 3-30,22517920,HECTOR EDELMIRO FLORES BRINGUEZ,CARLOS ANTONIO MONNEY VALENZUELA,DIVERSIFICADO,PRIVADO,URBANA,CERRADA TEMPORALMENTE,MONOLINGUE,MATUTINA,DIARIO(REGULAR),GUATEMALA NORTE
00-03-7606-46,,CIUDAD CAPITAL,ZONA 3,LICEO BRASILEÑO,20 CALLE 3-30,22210782,,,DIVERSIFICADO,PRIVADO,URBANA,CERRADA DEFINITIVAMENTE,MONOLINGUE,VESPERTINA,DIARIO(REGULAR),GUATEMALA NORTE
00-03-7607-46,01-403,CIUDAD CAPITAL,ZONA 3,LICEO BRASILEÑO,20 CALLE 3-30,22517920-22518076,CARLOS HUMBERTO GONZÁLEZ DE LEÓN,AMANDA MARIA DEL SOCORRO GUZMAN GOMEZ,DIVERSIFICADO,PRIVADO,URBANA,CERRADA TEMPORALMENTE,MONOLINGUE,DOBLE,FIN DE SEMANA,GUATEMALA NORTE
00-03-7608-45,01-403,CIUDAD CAPITAL,ZONA 3,LICEO BRASILEÑO,20 CALLE 3-30,22517920-22518076,CARLOS HUMBERTO GONZÁLEZ DE LEÓN,AMANDA MARIA DEL SOCORRO GUZMAN GOMEZ,BASICO,PRIVADO,URBANA,CERRADA TEMPORALMENTE,MONOLINGUE,DOBLE,FIN DE SEMANA,GUATEMALA NORTE
00-03-7617-44,01-403,CIUDAD CAPITAL,ZONA 3,COLEGIO SUPERIOR UNIVERSAL,6A. AVENIDA 38-64,24715576,CARLOS HUMBERTO GONZÁLEZ DE LEÓN,,PRIMARIA DE ADULTOS,PRIVADO,URBANA,CERRADA TEMPORALMENTE,MONOLINGUE,VESPERTINA,SABATINO,GUATEMALA NORTE
00-03-7618-45,,CIUDAD CAPITAL,ZONA 3,COLEGIO MIXTO SUPERIOR UNIVERSAL,AV. BOLIVAR 35-70,24715576,,,BASICO,PRIVADO,URBANA,CERRADA DEFINITIVAMENTE,MONOLINGUE,NOCTURNA,DIARIO(REGULAR),GUATEMALA NORTE
00-03-7619-46,,CIUDAD CAPITAL,ZONA 3,COLEGIO MIXTO SUPERIOR UNIVERSAL,AV. BOLIVAR 38-70,24715576,,,DIVERSIFICADO,PRIVADO,URBANA,CERRADA DEFINITIVAMENTE,MONOLINGUE,NOCTURNA,DIARIO(REGULAR),GUATEMALA NORTE
00-03-7621-46,,CIUDAD CAPITAL,ZONA 3,COLEGIO MIXTO SUPERIOR UNIVERSAL,AV. BOLIVAR 38-70,24715576,,,DIVERSIFICADO,PRIVADO,URBANA,CERRADA TEMPORALMENTE,MONOLINGUE,DOBLE,FIN DE SEMANA,GUATEMALA NORTE
00-03-7622-45,,CIUDAD CAPITAL,ZONA 3,COLEGIO MIXTO SUPERIOR UNIVERSAL,6TA. AVENIDA 38-64,24715576,,,BASICO,PRIVADO,URBANA,CERRADA TEMPORALMENTE,MONOLINGUE,MATUTINA,DOMINICAL,GUATEMALA NORTE
00-03-7623-45,01-403,CIUDAD CAPITAL,ZONA 3,COLEGIO SUPERIOR UNIVERSAL,SEXTA AVENIDA 38-64,24715576,CARLOS HUMBERTO GONZÁLEZ DE LEÓN,,BASICO,PRIVADO,URBANA,CERRADA TEMPORALMENTE,MONOLINGUE,VESPERTINA,SABATINO,GUATEMALA NORTE
00-03-7692-42,,CIUDAD CAPITAL,ZONA 3,EODP ANEXA A EOUM,6ACALLE FINAL COLONIA EL INCIENSO.,22209831,,,PARVULOS,OFICIAL,URBANA,CERRADA DEFINITIVAMENTE,MONOLINGUE,MATUTINA,DIARIO(REGULAR),GUATEMALA NORTE
00-03-7739-43,01-302,CIUDAD CAPITAL,ZONA 3,CENTRO INDUSTRIAL NO.5 ANEXO A EOUN NO.15 'REPUBLICA DE CUBA',14 CALLE 'B' 5-36,22519930,HECTOR EDELMIRO FLORES BRINGUEZ,,PRIMARIA,OFICIAL,URBANA,CERRADA DEFINITIVAMENTE,MONOLINGUE,VESPERTINA,DIARIO(REGULAR),GUATEMALA NORTE
00-03-7740-43,01-01-0005,CIUDAD CAPITAL,ZONA 3,EOUN NO.15 REPUBLICA DE CUBA,18 CALLE 2-46,22382059,HECTOR EDELMIRO FLORES BRINGUEZ,ANA ROSARIO CONTRERAS HERNÁNDEZ,PRIMARIA,OFICIAL,URBANA,ABIERTA,MONOLINGUE,MATUTINA,DIARIO(REGULAR),GUATEMALA NORTE
00-03-7763-42,01-302,CIUDAD CAPITAL,ZONA 3,COLEGIO DE PARVULOS 'PRIMEROS PASOS',2A. AV. 28-38,24736023,HECTOR EDELMIRO FLORES BRINGUEZ,,PARVULOS,PRIVADO,URBANA,CERRADA DEFINITIVAMENTE,MONOLINGUE,MATUTINA,DIARIO(REGULAR),GUATEMALA NORTE
00-03-7782-43,,CIUDAD CAPITAL,ZONA 3,COLEGIO 'MADRE TERESA DE JESUS',12 CALLE 'B' 1-64,22321366,,,PRIMARIA,PRIVADO,URBANA,CERRADA DEFINITIVAMENTE,MONOLINGUE,MATUTINA,DIARIO(REGULAR),GUATEMALA NORTE
00-03-7783-45,,CIUDAD CAPITAL,ZONA 3,COLEGIO 'MADRE TERESA DE JESUS',12 CALLE 'B' 1-64,22321366,,,BASICO,PRIVADO,URBANA,CERRADA DEFINITIVAMENTE,MONOLINGUE,MATUTINA,DIARIO(REGULAR),GUATEMALA NORTE
00-03-7784-46,01-,CIUDAD CAPITAL,ZONA 3,COLEGIO  MADRE TERESA DE JESUS,12 CALLE  B  1-64,22321366,MARIA FELICITA ROQUE CARRERA,,DIVERSIFICADO,PRIVADO,URBANA,CERRADA DEFINITIVAMENTE,MONOLINGUE,MATUTINA,DIARIO(REGULAR),GUATEMALA NORTE
00-03-8099-43,,CIUDAD CAPITAL,ZONA 3,EOUM NO. 460 'SANTA LUISA',8A. AVE. FINAL 6-27 FONDO BARRANCO EL INCIENSO,,,,PRIMARIA,OFICIAL,URBANA,CERRADA DEFINITIVAMENTE,MONOLINGUE,VESPERTINA,DIARIO(REGULAR),GUATEMALA NORTE
00-03-8147-45,01-302,CIUDAD CAPITAL,ZONA 3,INSTITUTO PRIVADO SUPERACION,25 CALLE 1-49,24710821,HECTOR EDELMIRO FLORES BRINGUEZ,,BASICO,PRIVADO,URBANA,CERRADA DEFINITIVAMENTE,MONOLINGUE,MATUTINA,DIARIO(REGULAR),GUATEMALA NORTE
00-03-8148-46,01-302,CIUDAD CAPITAL,ZONA 3,INSTITUTO PRIVADO SUPERACION,25 CALLE 1-49,24710821,HECTOR EDELMIRO FLORES BRINGUEZ,ROSA MARIA RECINOS ALVAREZ,DIVERSIFICADO,PRIVADO,URBANA,CERRADA DEFINITIVAMENTE,MONOLINGUE,MATUTINA,DIARIO(REGULAR),GUATEMALA NORTE
00-03-8149-45,01-403,CIUDAD CAPITAL,ZONA 3,INSTITUTO PRIVADO SUPERACION,25 CALLE 1-49,24710821,CARLOS HUMBERTO GONZÁLEZ DE LEÓN,,BASICO,PRIVADO,URBANA,CERRADA TEMPORALMENTE,MONOLINGUE,DOBLE,FIN DE SEMANA,GUATEMALA NORTE
00-03-8150-44,01-403,CIUDAD CAPITAL,ZONA 3,INSTITUTO PRIVADO SUPERACION,25 CALLE 1-49,24710821,CARLOS HUMBERTO GONZÁLEZ DE LEÓN,,PRIMARIA DE ADULTOS,PRIVADO,URBANA,CERRADA DEFINITIVAMENTE,MONOLINGUE,NOCTURNA,DIARIO(REGULAR),GUATEMALA NORTE
00-03-8151-46,01-403,CIUDAD CAPITAL,ZONA 3,INSTITUTO PRIVADO SUPERACION,25 CALLE 1-49,24710821,CARLOS HUMBERTO GONZÁLEZ DE LEÓN,,DIVERSIFICADO,PRIVADO,URBANA,CERRADA DEFINITIVAMENTE,MONOLINGUE,DOBLE,FIN DE SEMANA,GUATEMALA NORTE
00-03-8152-42,,CIUDAD CAPITAL,ZONA 3,INSTITUTO PRIVADO SUPERACION,25 CALLE 1-49,24710821,,,PARVULOS,PRIVADO,URBANA,CERRADA TEMPORALMENTE,MONOLINGUE,MATUTINA,DIARIO(REGULAR),GUATEMALA NORTE
00-03-8153-43,01-302,CIUDAD CAPITAL,ZONA 3,INSTITUTO PRIVADO SUPERACION,25 CALLE 1-49,24710821,HECTOR EDELMIRO FLORES BRINGUEZ,,PRIMARIA,PRIVADO,URBANA,CERRADA DEFINITIVAMENTE,MONOLINGUE,MATUTINA,DIARIO(REGULAR),GUATEMALA NORTE
00-03-8217-43,01-01-0005,CIUDAD CAPITAL,ZONA 3,EOUM NO.15 'SIMON BOLIVAR',13 CALLE  A  3-45,22206956,HECTOR EDELMIRO FLORES BRINGUEZ,CYNTHIA YOANA ROBLES RAX,PRIMARIA,OFICIAL,URBANA,ABIERTA,MONOLINGUE,MATUTINA,DIARIO(REGULAR),GUATEMALA NORTE
00-03-8226-45,01-302,CIUDAD CAPITAL,ZONA 3,LICEO MARIANO GALVEZ,17 CALLE 4-03,22538826,HECTOR EDELMIRO FLORES BRINGUEZ,,BASICO,PRIVADO,URBANA,CERRADA DEFINITIVAMENTE,MONOLINGUE,VESPERTINA,DIARIO(REGULAR),GUATEMALA NORTE
00-03-8227-46,01-302,CIUDAD CAPITAL,ZONA 3,LICEO MARIANO GALVEZ,17 CALLE 4-03,22306679,HECTOR EDELMIRO FLORES BRINGUEZ,,DIVERSIFICADO,PRIVADO,URBANA,CERRADA TEMPORALMENTE,MONOLINGUE,VESPERTINA,DIARIO(REGULAR),GUATEMALA NORTE
00-03-8242-44,,CIUDAD CAPITAL,ZONA 3,INSTITUTO PRIVADO SUPERACION,25 CALLE 1-49,24710821,,,PRIMARIA DE ADULTOS,PRIVADO,URBANA,CERRADA DEFINITIVAMENTE,MONOLINGUE,NOCTURNA,DIARIO(REGULAR),GUATEMALA NORTE
00-03-8260-42,01-01-0005,CIUDAD CAPITAL,ZONA 3,ESCUELA OFICIAL DE PARVULOS,13 CALLE 1-03,51391737,HECTOR EDELMIRO FLORES BRINGUEZ,INGRID JOCABED RAMOS PÉREZ,PARVULOS,OFICIAL,URBANA,ABIERTA,MONOLINGUE,MATUTINA,DIARIO(REGULAR),GUATEMALA NORTE
00-03-8280-46,01-402,CIUDAD CAPITAL,ZONA 3,COLEGIO EVANGELICO MIXTO  FRANCISCO G. PENZOTTI  (POR MADUREZ),4A. AVE. 31-49,24402064,CARLOS HUMBERTO GONZALEZ DE LEON,,DIVERSIFICADO,PRIVADO,URBANA,CERRADA TEMPORALMENTE,MONOLINGUE,INTERMEDIA,SABATINO,GUATEMALA NORTE
00-03-8339-45,,CIUDAD CAPITAL,ZONA 3,ASOCIACION DE ALFABETIZACION Y SUPERACION INTEGRAL CRISTIANA,6A. AVENDIA 27-96,24406218,,,BASICO,PRIVADO,URBANA,CERRADA TEMPORALMENTE,MONOLINGUE,MATUTINA,FIN DE SEMANA,GUATEMALA NORTE
00-03-8340-45,,CIUDAD CAPITAL,ZONA 3,ASOCIACION DE ALFABETIZACION Y SUPERACION INTEGRAL CRISTIANA (POR MADUREZ),6A. AVENIDA 27-96,24406218,,,BASICO,PRIVADO,URBANA,CERRADA TEMPORALMENTE,MONOLINGUE,MATUTINA,FIN DE SEMANA,GUATEMALA NORTE
00-03-8341-46,,CIUDAD CAPITAL,ZONA 3,ASOCIACION DE ALFABETIZACION Y SUPERACION INTEGRAL CRISTIANA,6A. AVENIDA 27-96,24406218,,,DIVERSIFICADO,PRIVADO,URBANA,CERRADA DEFINITIVAMENTE,MONOLINGUE,MATUTINA,DIARIO(REGULAR),GUATEMALA NORTE
00-03-8342-46,,CIUDAD CAPITAL,ZONA 3,ASOCAICION DE ALFABETIZACION Y SUPERACION INTEGRAL CRISTIANA (POR MADUREZ),6A. AVENIDA 27-96,24406218,,,DIVERSIFICADO,PRIVADO,URBANA,CERRADA TEMPORALMENTE,MONOLINGUE,MATUTINA,FIN DE SEMANA,GUATEMALA NORTE
00-03-8368-42,25-001,CIUDAD CAPITAL,ZONA 3,PROGRAMA DE HOGARES COMUNITARIOS (SOSEP),6A. AV. 4-54,2303672 2300060,BRENDA DEL ROSARIO PERMILLA LOPEZ,,PARVULOS,OFICIAL,URBANA,CERRADA TEMPORALMENTE,MONOLINGUE,DOBLE,DIARIO(REGULAR),GUATEMALA NORTE
00-03-8571-45,01-302,CIUDAD CAPITAL,ZONA 3,COLEGIO TECNICO MODERNO,AV. BOLIVAR 30-00,42078127,HECTOR EDELMIRO FLORES BRINGUEZ,,BASICO,PRIVADO,URBANA,CERRADA DEFINITIVAMENTE,MONOLINGUE,MATUTINA,DIARIO(REGULAR),GUATEMALA NORTE
00-03-8572-46,01-302,CIUDAD CAPITAL,ZONA 3,COLEGIO TECNICO MODERNO,AV. BOLIVAR 30-00,42078127,HECTOR EDELMIRO FLORES BRINGUEZ,BYRON ESTUARDO GIRÓN BRÁN,DIVERSIFICADO,PRIVADO,URBANA,TEMPORAL TITULOS,MONOLINGUE,MATUTINA,DIARIO(REGULAR),GUATEMALA NORTE
00-03-8573-45,01-302,CIUDAD CAPITAL,ZONA 3,COLEGIO TECNICO MODERNO,AV. BOLIVAR 30-00,24712407-24720315,HECTOR EDELMIRO FLORES BRINGUEZ,,BASICO,PRIVADO,URBANA,CERRADA TEMPORALMENTE,MONOLINGUE,VESPERTINA,DIARIO(REGULAR),GUATEMALA NORTE
00-03-8574-46,01-302,CIUDAD CAPITAL,ZONA 3,COLEGIO TECNICO MODERNO,AV. BOLIVAR 30-00,24712407,HECTOR EDELMIRO FLORES BRINGUEZ,---,DIVERSIFICADO,PRIVADO,URBANA,CERRADA TEMPORALMENTE,MONOLINGUE,VESPERTINA,DIARIO(REGULAR),GUATEMALA NORTE
00-03-8575-45,01-401,CIUDAD CAPITAL,ZONA 3,COLEGIO TECNICO MODERNO,AV. BOLIVAR 30-00,24712407-24720315,IXMUCANE ALDANA VILLAVICENCIO,,BASICO,PRIVADO,URBANA,CERRADA DEFINITIVAMENTE,MONOLINGUE,NOCTURNA,DIARIO(REGULAR),GUATEMALA NORTE
00-03-8576-46,01-628,CIUDAD CAPITAL,ZONA 3,COLEGIO TECNICO MODERNO,AV. BOLIVAR 30-00,24712407-24720315,CARLOS HUMBERTO GONZALEZ DE LEON,---,DIVERSIFICADO,PRIVADO,URBANA,CERRADA TEMPORALMENTE,MONOLINGUE,NOCTURNA,DIARIO(REGULAR),GUATEMALA NORTE
00-03-8577-44,01-403,CIUDAD CAPITAL,ZONA 3,COLEGIO TECNICO MODERNO,AV. BOLIVAR 30-00,42078127,CARLOS HUMBERTO GONZÁLEZ DE LEÓN,BYRON ESTUARDO GIRÓN BRÁN,PRIMARIA DE ADULTOS,PRIVADO,URBANA,CERRADA DEFINITIVAMENTE,MONOLINGUE,DOBLE,FIN DE SEMANA,GUATEMALA NORTE
00-03-8578-45,01-403,CIUDAD CAPITAL,ZONA 3,COLEGIO TECNICO MODERNO,AVENIDA BOLIVAR 30-00,42078127,CARLOS HUMBERTO GONZÁLEZ DE LEÓN,BYRON ESTUARDO GIRÓN BRÁN,BASICO,PRIVADO,URBANA,CERRADA DEFINITIVAMENTE,MONOLINGUE,DOBLE,FIN DE SEMANA,GUATEMALA NORTE
00-03-8579-46,01-403,CIUDAD CAPITAL,ZONA 3,COLEGIO TECNICO MODERNO,AV. BOLIVAR 30-00,42078127,CARLOS HUMBERTO GONZÁLEZ DE LEÓN,BYRON ESTUARDO GIRÓN BRÁN,DIVERSIFICADO,PRIVADO,URBANA,CERRADA DEFINITIVAMENTE,MONOLINGUE,DOBLE,FIN DE SEMANA,GUATEMALA NORTE
00-03-8580-45,01-403,CIUDAD CAPITAL,ZONA 3,COLEGIO TECNICO MODERNO,AV. BOLIVAR 30-00,42078127,CARLOS HUMBERTO GONZÁLEZ DE LEÓN,BYRON ESTUARDO GIRÓN BRÁN,BASICO,PRIVADO,URBANA,CERRADA DEFINITIVAMENTE,MONOLINGUE,DOBLE,FIN DE SEMANA,GUATEMALA NORTE
00-03-8581-46,,CIUDAD CAPITAL,ZONA 3,COLEGIO TECNICO MODERNO,AV. BOLIVAR 30-00,4712407-4720315,,,DIVERSIFICADO,PRIVADO,URBANA,CERRADA DEFINITIVAMENTE,MONOLINGUE,DOBLE,FIN DE SEMANA,GUATEMALA NORTE
00-03-8960-42,01-220,CIUDAD CAPITAL,ZONA 3,COLEGIO JARDIN INFANTIL 'LA CASITA BRAN',"1A. CALLE 'B' 3-28, COLONIA BRAN",22324619,GRELDER ARCELI AGUILAR AVILA,,PARVULOS,PRIVADO,URBANA,CERRADA DEFINITIVAMENTE,MONOLINGUE,MATUTINA,DIARIO(REGULAR),GUATEMALA NORTE
00-03-9065-42,01-302,CIUDAD CAPITAL,ZONA 3,EODP 'JARDIN INFANTIL CENTROAMERICANO,27 CALLE 0-39,,HECTOR EDELMIRO FLORES BRINGUEZ,,PARVULOS,OFICIAL,URBANA,CERRADA DEFINITIVAMENTE,MONOLINGUE,MATUTINA,DIARIO(REGULAR),GUATEMALA NORTE
00-03-9154-42,27-002,CIUDAD CAPITAL,ZONA 3,CENTRO INFANTIL NO. 03021 (SOSEP),13 CALLE 2-92 EL GALLITO,22325802,LESVIA AMPARO VELASQUEZ GOMEZ,,PARVULOS,OFICIAL,URBANA,CERRADA DEFINITIVAMENTE,MONOLINGUE,DOBLE,DIARIO(REGULAR),GUATEMALA NORTE
00-03-9220-42,01-01-0005,CIUDAD CAPITAL,ZONA 3,EODP ANEXA A EOUM NO. 47 RAFAEL ALVARES OVALLE,27 CALLE 2-19,34545555,HECTOR EDELMIRO FLORES BRINGUEZ,LESLY EDUARDO SOLANO HERNANDEZ,PARVULOS,OFICIAL,URBANA,ABIERTA,MONOLINGUE,VESPERTINA,DIARIO(REGULAR),GUATEMALA NORTE
00-03-9224-43,01-302,CIUDAD CAPITAL,ZONA 3,CENTRO EDUCATIVO TECNOLOGICO EMILIANO,25 CALLE 1-49,24710821,HECTOR EDELMIRO FLORES BRINGUEZ,,PRIMARIA,PRIVADO,URBANA,CERRADA TEMPORALMENTE,MONOLINGUE,MATUTINA,DIARIO(REGULAR),GUATEMALA NORTE
00-03-9225-44,01-01-0017,CIUDAD CAPITAL,ZONA 3,CENTRO EDUCATIVO TECNOLOGICO EMILIANO,25 CALLE 1-49,49643184,CARLOS HUMBERTO GONZALEZ DE LEON,ROSA MARIA RECINOS ALVAREZ,PRIMARIA DE ADULTOS,PRIVADO,URBANA,ABIERTA,MONOLINGUE,NOCTURNA,DIARIO(REGULAR),GUATEMALA NORTE
00-03-9226-45,01-302,CIUDAD CAPITAL,ZONA 3,CENTRO EDUCATIVO TECNOLOGICO EMILIANO,25 CALLE 1-49,24710821,HECTOR EDELMIRO FLORES BRINGUEZ,,BASICO,PRIVADO,URBANA,CERRADA TEMPORALMENTE,MONOLINGUE,MATUTINA,DIARIO(REGULAR),GUATEMALA NORTE
00-03-9227-46,01-302,CIUDAD CAPITAL,ZONA 3,CENTRO EDUCATIVO TECNOLOGICO EMILIANO,25 CALLE 1-49,24710821,HECTOR EDELMIRO FLORES BRINGUEZ,ROSA MARIA RECINOS ALVAREZ,DIVERSIFICADO,PRIVADO,URBANA,CERRADA TEMPORALMENTE,MONOLINGUE,MATUTINA,DIARIO(REGULAR),GUATEMALA NORTE
00-03-9228-46,01-01-0017,CIUDAD CAPITAL,ZONA 3,CENTRO EDUCATIVO TECNOLOGICO EMILIANO,25 CALLE 1-49,49643184,CARLOS HUMBERTO GONZALEZ DE LEON,ROSA MARIA RECINOS ALVAREZ,DIVERSIFICADO,PRIVADO,URBANA,ABIERTA,MONOLINGUE,DOBLE,FIN DE SEMANA,GUATEMALA NORTE
00-03-9266-45,01-01-0017,CIUDAD CAPITAL,ZONA 3,CENTRO EDUCATIVO TECNOLOGICO EMILIANO,25 CALLE 1-49,49643184,CARLOS HUMBERTO GONZALEZ DE LEON,ROSA MARIA RECINOS ALVAREZ,BASICO,PRIVADO,URBANA,ABIERTA,MONOLINGUE,DOBLE,FIN DE SEMANA,GUATEMALA NORTE
00-03-9267-45,01-403,CIUDAD CAPITAL,ZONA 3,CENTRO EDUCATIVO TECNOLOGICO EMILIANO (POR MADUREZ),25 CALLE 1-49,49643184,CARLOS HUMBERTO GONZÁLEZ DE LEÓN,ROSA MARIA RECINOS ALVAREZ,BASICO,PRIVADO,URBANA,CERRADA TEMPORALMENTE,MONOLINGUE,DOBLE,FIN DE SEMANA,GUATEMALA NORTE
00-03-9268-46,01-403,CIUDAD CAPITAL,ZONA 3,CENTRO EDUCATIVO TECNOLOGICO EMILIANO,25 CALLE 1-49,49643184,CARLOS HUMBERTO GONZÁLEZ DE LEÓN,ROSA MARIA RECINOS ALVAREZ,DIVERSIFICADO,PRIVADO,URBANA,CERRADA TEMPORALMENTE,MONOLINGUE,DOBLE,FIN DE SEMANA,GUATEMALA NORTE
00-03-9379-42,01-302,CIUDAD CAPITAL,ZONA 3,CENTRO EDUCATIVO TECNOLOGICO EMILIANO,25 CALLE 1-49,24710821,HECTOR EDELMIRO FLORES BRINGUEZ,,PARVULOS,PRIVADO,URBANA,CERRADA TEMPORALMENTE,MONOLINGUE,MATUTINA,DIARIO(REGULAR),GUATEMALA NORTE
00-03-9400-43,01-302,CIUDAD CAPITAL,ZONA 3,CENTRO EDUCATIVO 'SUPEREMONOS',29 CALLE 7-42,24402334,HECTOR EDELMIRO FLORES BRINGUEZ,,PRIMARIA,PRIVADO,URBANA,CERRADA TEMPORALMENTE,MONOLINGUE,MATUTINA,DIARIO(REGULAR),GUATEMALA NORTE
00-03-9662-45,01-01-0004,CIUDAD CAPITAL,ZONA 3,NUCLEO FAMILIAR EDUCATIVO PARA EL DESARROLLO NUFED 360,"30 CALLE 8 AV.3-06, COMUNIDAD DEL RELLENO SANITARIO",51199315,HECTOR EDELMIRO FLORES BRINGUEZ,GLORIA HILDA CALCÁ TELEGUARIO,BASICO,OFICIAL,URBANA,ABIERTA,MONOLINGUE,VESPERTINA,DIARIO(REGULAR),GUATEMALA NORTE
00-03-9800-46,99-001,CIUDAD CAPITAL,ZONA 3,ESCUELA 'JUANA DE ARCO' MIXTA,14 CALLE  C  4-40,22321385-22323734,SILVIA EUGENIA VALDEZ MONTERROSO DE CARBALLO,-----,DIVERSIFICADO,PRIVADO,URBANA,TEMPORAL TITULOS,MONOLINGUE,MATUTINA,DIARIO(REGULAR),GUATEMALA NORTE
00-04-0001-46,01-101,CIUDAD CAPITAL,ZONA 4,ESCUELA MILITAR DE AVIACION,ZONA 4,,YENI XIOMARA CRÚZ SARCEÑO,---,DIVERSIFICADO,PRIVADO,URBANA,CERRADA DEFINITIVAMENTE,MONOLINGUE,INTERMEDIA,DIARIO(REGULAR),GUATEMALA NORTE
00-04-0002-45,01-01-0004,CIUDAD CAPITAL,ZONA 4,INSTITUTO GUATEMALTECO AMERICANO -IGA-,"RUTA 1, 4-05",24225454,HECTOR EDELMIRO FLORES BRINGUEZ,CLAUDIA ELIZABETH SÁNCHEZ SANTOS,BASICO,PRIVADO,URBANA,ABIERTA,MONOLINGUE,MATUTINA,DIARIO(REGULAR),GUATEMALA NORTE
00-04-0003-42,01-01-0004,CIUDAD CAPITAL,ZONA 4,CENTRO ESCOLAR KIDS R KIDS (NIÑOS SON NIÑOS),VIA 5 5-34  ZONA 4 TORRE 3 NIVEL 10 CENTRO FINANCIERO BI OFICINA I,24451520,HECTOR EDELMIRO FLORES BRINGUEZ,ANA RUTH ZENTENO SALAZAR,PARVULOS,PRIVADO,URBANA,CERRADA TEMPORALMENTE,MONOLINGUE,MATUTINA,DIARIO(REGULAR),GUATEMALA NORTE
00-04-0004-46,01-627,CIUDAD CAPITAL,ZONA 4,INSTITUTO GUATEMALTECO AMERICANO IGA,"RUTA 1, 4-05 ZONA 4",24225555,ISAURA AMPARO RECINOS CARRILLO,BETTY CONSUELO GARCA BERNAL DE CASTAÑEDA,DIVERSIFICADO,PRIVADO,URBANA,CERRADA DEFINITIVAMENTE,MONOLINGUE,DOBLE,FIN DE SEMANA,GUATEMALA NORTE
00-04-0005-46,01-01-0004,CIUDAD CAPITAL,ZONA 4,INSTITUTO GUATEMALTECO AMERICANO-IGA-,RUTA 14-05,24225454,HECTOR EDELMIRO FLORES BRINGUEZ,CLAUDIA ELIZABETH SÁNCHEZ SANTOS,DIVERSIFICADO,PRIVADO,URBANA,ABIERTA,MONOLINGUE,MATUTINA,DIARIO(REGULAR),GUATEMALA NORTE
00-04-0006-43,01-01-0004,CIUDAD CAPITAL,ZONA 4,INSTITUTO GUATEMALTECO AMERICANO -IGA-,"RUTA 1, 4-05",24225555,HECTOR EDELMIRO FLORES BRINGUEZ,ANA MARIELA GARCÍA BOLAÑOS,PRIMARIA,PRIVADO,URBANA,ABIERTA,MONOLINGUE,MATUTINA,DIARIO(REGULAR),GUATEMALA NORTE
00-04-0007-42,01-317,CIUDAD CAPITAL,ZONA 4,COLEGIO EDUCACIÓN INTEGRAL -CEI-,9A. AVENIDA 1-31,35802222,MARIANO DOMINGO ESTRADA TELETOR,KARLA CRISTINA PALMA GARCÍA,PARVULOS,PRIVADO,URBANA,CERRADA TEMPORALMENTE,MONOLINGUE,MATUTINA,DIARIO(REGULAR),GUATEMALA NORTE
00-04-0373-42,01-01-0004,CIUDAD CAPITAL,ZONA 4,EODP NO.42 DEL CENTRO DE BIENESTAR SOCIAL  TERMINAL,4A. AVENIDA Y 6A. CALLE  A  ALTOS EL PORTALITO.,23325455,HECTOR EDELMIRO FLORES BRINGUEZ,CLAUDIA MICHELLE CASTELLANOS CARÍO,PARVULOS,OFICIAL,URBANA,ABIERTA,MONOLINGUE,MATUTINA,DIARIO(REGULAR),GUATEMALA NORTE
00-04-0374-43,,CIUDAD CAPITAL,ZONA 4,EOUV NO.21 'DOMINGO MORALES',RUTA 3 1-24,,,,PRIMARIA,OFICIAL,URBANA,CERRADA DEFINITIVAMENTE,MONOLINGUE,VESPERTINA,DIARIO(REGULAR),GUATEMALA NORTE
00-04-0375-43,,CIUDAD CAPITAL,ZONA 4,'SE TRASLADO A LA ZONA 6',,,,,PRIMARIA,OFICIAL,URBANA,CERRADA DEFINITIVAMENTE,MONOLINGUE,MATUTINA,DIARIO(REGULAR),GUATEMALA NORTE
00-04-0376-46,01-01-0004,CIUDAD CAPITAL,ZONA 4,INSTITUTO GUATEMALTECO AMERICANO -IGA-,RUTA I 4-05,24225454,HECTOR EDELMIRO FLORES BRINGUEZ,CLAUDIA ELIZABETH SÁNCHEZ SANTOS,DIVERSIFICADO,PRIVADO,URBANA,ABIERTA,MONOLINGUE,MATUTINA,DIARIO(REGULAR),GUATEMALA NORTE
00-04-0436-43,,CIUDAD CAPITAL,ZONA 4,EPUM 'LICEO MIXTO DE EDUCACION INTEGRAL',11 AVE. 'A' 27-65 ZONA 5,,,,PRIMARIA,PRIVADO,URBANA,CERRADA DEFINITIVAMENTE,MONOLINGUE,MATUTINA,DIARIO(REGULAR),GUATEMALA NORTE
00-04-2213-43,01-304,CIUDAD CAPITAL,ZONA 4,'LICEO SAN MARCO',6A. CALLE 'A' 6-24,23341658,AMADO SALOMON FLORES PEREZ,,PRIMARIA,PRIVADO,URBANA,CERRADA DEFINITIVAMENTE,MONOLINGUE,MATUTINA,DIARIO(REGULAR),GUATEMALA NORTE
00-04-2480-42,01-304,CIUDAD CAPITAL,ZONA 4,'LICEO SAN MARCO',6A CALLE 'A' 6-24,,AMADO SALOMON FLORES PEREZ,,PARVULOS,PRIVADO,URBANA,CERRADA DEFINITIVAMENTE,MONOLINGUE,MATUTINA,DIARIO(REGULAR),GUATEMALA NORTE
00-04-3117-43,,CIUDAD CAPITAL,ZONA 4,CENTRO EDUCATIVO EXPERIMENTAL NNAT DE SODIFAG,6A. CALLE 'A' 9A. CALLE Y 2A. AV. VIA 2 TERMINAL,,,,PRIMARIA,PRIVADO,URBANA,CERRADA DEFINITIVAMENTE,MONOLINGUE,MATUTINA,DIARIO(REGULAR),GUATEMALA NORTE
00-04-3118-43,,CIUDAD CAPITAL,ZONA 4,CENTRO EDUCATIVO EXPERIMENTAL NNAT DE SODIFAG,SECTOR LA TORRE,,,,PRIMARIA,PRIVADO,URBANA,CERRADA DEFINITIVAMENTE,MONOLINGUE,MATUTINA,DIARIO(REGULAR),GUATEMALA NORTE
00-04-3119-43,,CIUDAD CAPITAL,ZONA 4,CENTRO EDUCATIVO EXPERIMENTAL NNAT DE SODIFAG,MERCADO TECHADO 2DO. NIVEL TERMINAL,,,,PRIMARIA,PRIVADO,URBANA,CERRADA TEMPORALMENTE,MONOLINGUE,MATUTINA,DIARIO(REGULAR),GUATEMALA NORTE
00-04-3120-43,,CIUDAD CAPITAL,ZONA 4,CENTRO EDUCATIVO EXPERIMENTAL NNAT DE SODIFAG,4A. AV. Y 6A. CALLE TERMINAL DE BUSES,,,,PRIMARIA,PRIVADO,URBANA,CERRADA DEFINITIVAMENTE,MONOLINGUE,MATUTINA,DIARIO(REGULAR),GUATEMALA NORTE
00-04-7781-42,01-001,CIUDAD CAPITAL,ZONA 4,CEIN -PAIN-,6A. CALLE 'A' ALTOS EL PORTALITO MERCADO LA TERMINAL,23325455,SANDRA LIZZETH CRUZ IZAGUIRRE,,PARVULOS,OFICIAL,URBANA,CERRADA DEFINITIVAMENTE,MONOLINGUE,DOBLE,DIARIO(REGULAR),GUATEMALA NORTE
00-04-7900-42,01-304,CIUDAD CAPITAL,ZONA 4,COLEGIO MISION EDUCATIVA CRISTIANA,VIA 3 1-01,23600696,AMADO SALOMON FLORES PEREZ,,PARVULOS,PRIVADO,URBANA,CERRADA TEMPORALMENTE,MONOLINGUE,MATUTINA,DIARIO(REGULAR),GUATEMALA NORTE
00-04-7901-43,01-304,CIUDAD CAPITAL,ZONA 4,MISION EDUCATIVA CRISTIANA,VIA 3 RUTA 1 1-01,23600696,AMADO SALOMON FLORES PEREZ,,PRIMARIA,PRIVADO,URBANA,CERRADA TEMPORALMENTE,MONOLINGUE,MATUTINA,DIARIO(REGULAR),GUATEMALA NORTE
00-04-8307-45,01-304,CIUDAD CAPITAL,ZONA 4,COLEGIO MISION EDUCATIVA CRISTIANA 'REY DE REYES',"VIA 3, 1-01",23600696 23612613,AMADO SALOMON FLORES PEREZ,,BASICO,PRIVADO,URBANA,CERRADA TEMPORALMENTE,MONOLINGUE,MATUTINA,DIARIO(REGULAR),GUATEMALA NORTE
00-04-9689-46,01-312,CIUDAD CAPITAL,ZONA 4,INSTITUTO GUATEMALTECO AMERICANO IGA,"RUTA 1, 4-05",24225555,AMADO  SALOMON FLORES PEREZ,CLAUDIA ELIZABETH SÁNCHEZ SANTOS,DIVERSIFICADO,PRIVADO,URBANA,CERRADA TEMPORALMENTE,MONOLINGUE,DOBLE,DIARIO(REGULAR),GUATEMALA NORTE
00-04-9726-45,01-312,CIUDAD CAPITAL,ZONA 4,LICEO GIORDANO BRUNO,3A. AVENIDA 13-49,22305411,AMADO  SALOMON FLORES PEREZ,,BASICO,PRIVADO,URBANA,CERRADA DEFINITIVAMENTE,MONOLINGUE,VESPERTINA,DIARIO(REGULAR),GUATEMALA NORTE
00-04-9791-46,99-001,CIUDAD CAPITAL,ZONA 4,ESCUELA DE CAPACITACION EN ADMINISTRACION MUNICIPAL ECAM,DIAGONAL,,SILVIA EUGENIA VALDEZ MONTERROSO DE CARBALLO,,DIVERSIFICADO,MUNICIPAL,URBANA,TEMPORAL TITULOS,MONOLINGUE,NOCTURNA,DIARIO(REGULAR),GUATEMALA NORTE
00-05-0001-46,01-101,CIUDAD CAPITAL,ZONA 5,LICEO MIXTO DE EDUCACION INTEGRAL,ZONA 5,,YENI XIOMARA CRÚZ SARCEÑO,---,DIVERSIFICADO,PRIVADO,URBANA,TEMPORAL TITULOS,MONOLINGUE,NOCTURNA,DIARIO(REGULAR),GUATEMALA ORIENTE
00-05-0002-45,01-99-0160,CIUDAD CAPITAL,ZONA 5,INEB,42 AVENIDA 20-00,23350777,NORMA MARITZA RAMOS PÉREZ,CÉSAR WALTER PINOT SANDOVAL,BASICO,OFICIAL,URBANA,ABIERTA,MONOLINGUE,VESPERTINA,DIARIO(REGULAR),GUATEMALA ORIENTE
00-05-0003-42,01-99-0159,CIUDAD CAPITAL,ZONA 5,"EODP ANEXA A EOUV NO. 6 ""JOSE FRANCISCO BARRUNDIA""",27 AVE. A 23-65,53231807,ERICK GUILLERMO SANCHEZ MARTINEZ,ERIKA LISSETTE DE LEÓN FRANCO,PARVULOS,OFICIAL,URBANA,ABIERTA,MONOLINGUE,VESPERTINA,DIARIO(REGULAR),GUATEMALA ORIENTE
00-05-0004-42,01-99-0159,CIUDAD CAPITAL,ZONA 5,COLEGIO PARTICULAR MILAGROSA,25 AVENIDA 27-50,23391003,ERICK GUILLERMO SANCHEZ MARTINEZ,LILIBETH DEL ROSARIO GODÍNEZ PRERA,PARVULOS,PRIVADO,URBANA,ABIERTA,MONOLINGUE,MATUTINA,DIARIO(REGULAR),GUATEMALA ORIENTE
00-05-0005-43,01-314,CIUDAD CAPITAL,ZONA 5,"PROYECTO EDUCATIVO EBENEZER ""OBRA MISIONERA""","28 CALLE 14-06, SAN PEDRO",,PLINIO IVAN HERNANDEZ,---,PRIMARIA,PRIVADO,URBANA,CERRADA DEFINITIVAMENTE,MONOLINGUE,MATUTINA,DIARIO(REGULAR),GUATEMALA ORIENTE
00-05-0006-42,01-99-0160,CIUDAD CAPITAL,ZONA 5,COLEGIO LA CASA DE LOS CHICOS,34 AVENIDA A 25-71 GUATEMALA,59901598,NORMA MARITZA RAMOS PÉREZ,JULIA SOFIA RIOS CRUZ,PARVULOS,PRIVADO,URBANA,ABIERTA,MONOLINGUE,MATUTINA,DIARIO(REGULAR),GUATEMALA ORIENTE
00-05-0007-46,01-99-0159,CIUDAD CAPITAL,ZONA 5,"ESCUELA SUPERIOR DE COMERCIO Y ACADEMIA ""ROYAL""",27 CALLE 23-14,23316077,ERICK GUILLERMO SANCHEZ MARTINEZ,BLANCA ULIANOVA ALVARADO IBÁÑEZ,DIVERSIFICADO,PRIVADO,URBANA,ABIERTA,MONOLINGUE,MATUTINA,DIARIO(REGULAR),GUATEMALA ORIENTE
00-05-0008-43,01-99-0158,CIUDAD CAPITAL,ZONA 5,INSTITUTO EDUCATIVO ASISTENCIAL EMILIANI Y HOGAR DE HUERFANOS SANTA TERESA,13 AVENIDA 30-07,23617261,PLINIO IVAN HERNANDEZ ALIÑADO,FERNANDO BERNAVE AGUILAR CASTILLO,PRIMARIA,PRIVADO,URBANA,ABIERTA,MONOLINGUE,MATUTINA,DIARIO(REGULAR),GUATEMALA ORIENTE
00-05-0009-42,01-313,CIUDAD CAPITAL,ZONA 5,COLEGIO INTEGRAL PARA EL DESARROLLO DEL NIÑO,30 CALLE 22-38 SAN PEDRITO,23611263,ERICK GUILLERMO SANCHEZ MARTINEZ,DORA EUGENIA NATARENO GUZMAN,PARVULOS,PRIVADO,URBANA,CERRADA TEMPORALMENTE,MONOLINGUE,MATUTINA,DIARIO(REGULAR),GUATEMALA ORIENTE
00-05-0010-43,01-313,CIUDAD CAPITAL,ZONA 5,COLEGIO INTEGRAL PARA EL DESARROLLO DEL NIÑO,30 CALLE 22-38 SAN PEDRITO,23611263,ERICK GUILLERMO SANCHEZ MARTINEZ,NORMA JULIETA LOPEZ ARANGO DE VASQUEZ,PRIMARIA,PRIVADO,URBANA,CERRADA TEMPORALMENTE,MONOLINGUE,MATUTINA,DIARIO(REGULAR),GUATEMALA ORIENTE
00-05-0011-45,01-99-0158,CIUDAD CAPITAL,ZONA 5,INSTITUTO EDUCATIVO ASISTENCIAL EMILIANI Y HOGAR DE HUERFANOS SANTA TERESA,13 AVENIDA 30-07,23617261,PLINIO IVAN HERNANDEZ ALIÑADO,FERNANDO BERNAVE AGUILAR CASTILLO,BASICO,PRIVADO,URBANA,ABIERTA,MONOLINGUE,VESPERTINA,DIARIO(REGULAR),GUATEMALA ORIENTE
00-05-0012-42,01-99-0160,CIUDAD CAPITAL,ZONA 5,COLEGIO CHIKOS,22 CALLE 24-40,23356937,NORMA MARITZA RAMOS PÉREZ,CINDY MARGARITA CARAVANTES ARRIOLA,PARVULOS,PRIVADO,URBANA,ABIERTA,MONOLINGUE,MATUTINA,DIARIO(REGULAR),GUATEMALA ORIENTE
00-05-0013-42,01-313,CIUDAD CAPITAL,ZONA 5,COLEGIO PASITOS BRILLANTES,11 CALLE 40-72 ZONA 5 JARDINES DE LA ASUNCION,23350748,ERICK GUILLERMO SANCHEZ MARTINEZ,NANCY JEANETH ACAJABÓN GARCÍA,PARVULOS,PRIVADO,URBANA,CERRADA TEMPORALMENTE,MONOLINGUE,MATUTINA,DIARIO(REGULAR),GUATEMALA ORIENTE
00-05-0014-43,01-313,CIUDAD CAPITAL,ZONA 5,COLEGIO MARTA NOVELLA,27 AV. 27-45,23393125,ERICK GUILLERMO SANCHEZ MARTINEZ,AURA ELIZABETH PINEDA LAZO,PRIMARIA,PRIVADO,URBANA,CERRADA TEMPORALMENTE,MONOLINGUE,MATUTINA,DIARIO(REGULAR),GUATEMALA ORIENTE
00-05-0015-45,01-313,CIUDAD CAPITAL,ZONA 5,COLEGIO MARTA NOVELLA,27 AV. 27-45,23393125,ERICK GUILLERMO SANCHEZ MARTINEZ,ANA VIRGINIA RODAS VASQUEZ,BASICO,PRIVADO,URBANA,ABIERTA,MONOLINGUE,MATUTINA,DIARIO(REGULAR),GUATEMALA ORIENTE
00-05-0016-46,01-313,CIUDAD CAPITAL,ZONA 5,COLEGIO MARTA NOVELLA,27 AV. 27-45,23393125,ERICK GUILLERMO SANCHEZ MARTINEZ,ANA VIRGINIA RODAS VASQUEZ,DIVERSIFICADO,PRIVADO,URBANA,CERRADA TEMPORALMENTE,MONOLINGUE,MATUTINA,DIARIO(REGULAR),GUATEMALA ORIENTE
00-05-0017-42,01-99-0160,CIUDAD CAPITAL,ZONA 5,"EODP ANEXA A EOUM NO.80 ""ELISA MOLINA DE STHAL""",20 CALLE 43-01 ZONA 5,23364934,NORMA MARITZA RAMOS PÉREZ,JUAN ANTONIO ICAL GÓMEZ,PARVULOS,OFICIAL,URBANA,ABIERTA,MONOLINGUE,VESPERTINA,DIARIO(REGULAR),GUATEMALA ORIENTE
00-05-0018-42,01-314,CIUDAD CAPITAL,ZONA 5,EODP ANEXA A EOUM NO.80 ELISA MOLINA DE STHAL,20 CALLE 43-01,23364934,PLINIO IVAN HERNANDEZ,INGRID REBECA BORRAYO GALVEZ,PARVULOS,OFICIAL,URBANA,CERRADA DEFINITIVAMENTE,MONOLINGUE,VESPERTINA,DIARIO(REGULAR),GUATEMALA ORIENTE
00-05-0019-42,01-99-0158,CIUDAD CAPITAL,ZONA 5,EODP ANEXA EOUV NO. 18 JOSE ANTONIO LIENDO Y GOICOECHEA,24 AVE. 25-51,39861764,PLINIO IVAN HERNANDEZ ALIÑADO,CLAUDIA LUCRECIA VELIZ MÁRQUEZ,PARVULOS,OFICIAL,URBANA,ABIERTA,MONOLINGUE,MATUTINA,DIARIO(REGULAR),GUATEMALA ORIENTE
00-05-0020-42,01-99-0158,CIUDAD CAPITAL,ZONA 5,EODP ANEXA A EOUM NO.81 REPUBLICA DEL ECUADOR,23 CALLE A 35-56,42982881,PLINIO IVAN HERNANDEZ ALIÑADO,GREYSI EUNICE SAMAYOA LIMA,PARVULOS,OFICIAL,URBANA,ABIERTA,MONOLINGUE,VESPERTINA,DIARIO(REGULAR),GUATEMALA ORIENTE
00-05-0021-42,01-99-0159,CIUDAD CAPITAL,ZONA 5,JARDÍN INFANTIL DEL MINISTERIO DE LA DEFENSA NACIONAL,32 CALLE 27-00,35706430,ERICK GUILLERMO SANCHEZ MARTINEZ,MARÍA LUISA LARIOS CALDERÓN,PARVULOS,OFICIAL,URBANA,ABIERTA,MONOLINGUE,MATUTINA,DIARIO(REGULAR),GUATEMALA ORIENTE
00-05-0022-42,01-314,CIUDAD CAPITAL,ZONA 5,COLEGIO MADRID,30 CALLE 22-38,46660208,PLINIO IVAN HERNANDEZ,JOSE RAFAEL VILLELA BOLLATH,PARVULOS,PRIVADO,URBANA,CERRADA TEMPORALMENTE,MONOLINGUE,MATUTINA,DIARIO(REGULAR),GUATEMALA ORIENTE
00-05-0023-43,01-314,CIUDAD CAPITAL,ZONA 5,COLEGIO MADRID - BARCELONA,30 CALLE 22-38,35131111,PLINIO IVAN HERNANDEZ,MARLENY LIZEP ROCA RECINOS,PRIMARIA,PRIVADO,URBANA,CERRADA TEMPORALMENTE,MONOLINGUE,MATUTINA,DIARIO(REGULAR),GUATEMALA ORIENTE
00-05-0024-45,01-314,CIUDAD CAPITAL,ZONA 5,COLEGIO MADRID - BARCELONA,30 CALLE 22-38,52832222,PLINIO IVAN HERNANDEZ,JOSE RAFAEL VILLELA BOLLATH,BASICO,PRIVADO,URBANA,CERRADA TEMPORALMENTE,MONOLINGUE,MATUTINA,DIARIO(REGULAR),GUATEMALA ORIENTE
00-05-0025-46,01-314,CIUDAD CAPITAL,ZONA 5,COLEGIO MADRID,30 CALLE 22-38,35131111,PLINIO IVAN HERNANDEZ,JOSE RAFAEL VILLELA BOLLATH,DIVERSIFICADO,PRIVADO,URBANA,ABIERTA,MONOLINGUE,MATUTINA,DIARIO(REGULAR),GUATEMALA ORIENTE
00-05-0026-45,01-405,CIUDAD CAPITAL,ZONA 5,COLEGIO BARCELONA,30 CALLE 22-38,23355088,BLANCA SARAI GUTIERREZ PINEDA,JOSE RAFAEL VILLELA BOLLATH,BASICO,PRIVADO,URBANA,CERRADA DEFINITIVAMENTE,MONOLINGUE,MATUTINA,FIN DE SEMANA,GUATEMALA ORIENTE
00-05-0027-45,01-405,CIUDAD CAPITAL,ZONA 5,COLEGIO BARCELONA,30 CALLE 22-38,23355088,BLANCA SARAI GUTIERREZ PINEDA,JOSE RAFAEL VILLELA BOLLATH,BASICO,PRIVADO,URBANA,CERRADA DEFINITIVAMENTE,MONOLINGUE,DOBLE,FIN DE SEMANA,GUATEMALA ORIENTE
00-05-0028-46,01-405,CIUDAD CAPITAL,ZONA 5,COLEGIO BARCELONA,30 CALLE 22-38,43457060,BLANCA SARAI GUTIERREZ PINEDA,JOSE RAFAEL VILLELA BOLLATH,DIVERSIFICADO,PRIVADO,URBANA,CERRADA DEFINITIVAMENTE,MONOLINGUE,DOBLE,FIN DE SEMANA,GUATEMALA ORIENTE
00-05-0029-46,01-313,CIUDAD CAPITAL,ZONA 5,COLEGIO LOS NIÑOS DE SANTA MARIA,36 AVENIDA 12-37 JARDINES DE LA ASUNCIÓN,23349314,ERICK GUILLERMO SANCHEZ MARTINEZ,LAURA VERÓNICA MONZÓN CARCAMO,DIVERSIFICADO,PRIVADO,URBANA,CERRADA TEMPORALMENTE,MONOLINGUE,MATUTINA,DIARIO(REGULAR),GUATEMALA ORIENTE
00-05-0030-42,01-313,CIUDAD CAPITAL,ZONA 5,EODP,"34 CALLE Y 18 AVENIDA, ESQUINA, INTERIOR DEL MERCADO DE LA ASUNCIÓN, 2DO. NIVEL",54100616,ERICK GUILLERMO SANCHEZ MARTINEZ,MARIA PRAXEDES NICOLAS FRANCISCO,PARVULOS,OFICIAL,URBANA,CERRADA DEFINITIVAMENTE,MONOLINGUE,DOBLE,DIARIO(REGULAR),GUATEMALA ORIENTE
00-05-0031-46,01-99-0159,CIUDAD CAPITAL,ZONA 5,INSTITUTO NACIONAL DE FORMACIÓN TÉCNICA,"28 AVENIDA ""A"" 33-50",42175328,ERICK GUILLERMO SANCHEZ MARTINEZ,ASTRID ZIRNA CARRERA ESPADEROS,DIVERSIFICADO,OFICIAL,URBANA,ABIERTA,MONOLINGUE,DOBLE,DIARIO(REGULAR),GUATEMALA ORIENTE
00-05-0032-43,01-99-0160,CIUDAD CAPITAL,ZONA 5,COLEGIO LA CASA DE LOS CHICOS,34 AVENIDA A 25-71 COLONIA VIVIBIEN GUATEMALA,59901598,NORMA MARITZA RAMOS PÉREZ,MARGARITA ANA WINTZER ANGEL,PRIMARIA,PRIVADO,URBANA,ABIERTA,MONOLINGUE,MATUTINA,DIARIO(REGULAR),GUATEMALA ORIENTE
00-05-0033-46,01-99-0159,CIUDAD CAPITAL,ZONA 5,COLEGIO MIXTO SAN AGUSTIN,21 CALLE  32-38 COLONIA LA PALMITA,56152550,ERICK GUILLERMO SANCHEZ MARTINEZ,INGRID MARIELA RODRÍGUEZ GONZÁLEZ,DIVERSIFICADO,PRIVADO,URBANA,ABIERTA,MONOLINGUE,MATUTINA,DIARIO(REGULAR),GUATEMALA ORIENTE
00-05-0034-42,01-313,CIUDAD CAPITAL,ZONA 5,JARDÍN INFANTIL DEL MINISTERIO DE LA DEFENSA NACIONAL,32 CALLE 27-00,44974314,ERICK GUILLERMO SANCHEZ MARTINEZ,MARÍA LUISA LARIOS CALDERÓN,PARVULOS,PRIVADO,URBANA,CERRADA TEMPORALMENTE,MONOLINGUE,MATUTINA,DIARIO(REGULAR),GUATEMALA ORIENTE
00-05-0035-43,01-99-0160,CIUDAD CAPITAL,ZONA 5,COLEGIO LA CASA DE LOS CHICOS,34 AVENIDA A 25-71 COLONIA VIVIBIEN,59901598,NORMA MARITZA RAMOS PÉREZ,MARGARITA ANA WINTZER ANGEL,PRIMARIA,PRIVADO,URBANA,ABIERTA,MONOLINGUE,MATUTINA,VIRTUAL A DISTANCIA,GUATEMALA ORIENTE
00-05-0036-43,01-99-0159,CIUDAD CAPITAL,ZONA 5,CENTRO ESCOLAR LILIAN PATRICIA DIEGUEZ DE ROSALES,11 AVENIDA ENTRE 26 Y 27 CALLE,23628889,ERICK GUILLERMO SANCHEZ MARTINEZ,FADUA  CAMACHO DAVID,PRIMARIA,PRIVADO,URBANA,ABIERTA,MONOLINGUE,MATUTINA,SEMIPRESENCIAL,GUATEMALA ORIENTE
00-05-0037-45,01-99-0159,CIUDAD CAPITAL,ZONA 5,CENTRO ESCOLAR LILIAN PATRICIA DIEGUEZ DE ROSALES,11 AVENIDA ENTRE 26 Y 27 CALLE,55016825,ERICK GUILLERMO SANCHEZ MARTINEZ,FADUA  CAMACHO DAVID,BASICO,PRIVADO,URBANA,ABIERTA,MONOLINGUE,MATUTINA,SEMIPRESENCIAL,GUATEMALA ORIENTE
00-05-0038-46,01-99-0159,CIUDAD CAPITAL,ZONA 5,CENTRO ESCOLAR LILIAN PATRICIA DIEGUEZ DE ROSALES,11 AVENIDA ENTRE 26 Y 27 CALLE,55016825,ERICK GUILLERMO SANCHEZ MARTINEZ,FADUA  CAMACHO DAVID,DIVERSIFICADO,PRIVADO,URBANA,ABIERTA,MONOLINGUE,MATUTINA,SEMIPRESENCIAL,GUATEMALA ORIENTE
00-05-0039-42,01-99-0160,CIUDAD CAPITAL,ZONA 5,JARDIN INFANTIL MUNICIPAL LOS EUCALIPTOS,44 AVENIDA 19-40 COLONIA SARAVIA,23350025,NORMA MARITZA RAMOS PÉREZ,ANA VICTORIA ARRIAGA MALDONADO,PARVULOS,PRIVADO,URBANA,ABIERTA,MONOLINGUE,MATUTINA,DIARIO(REGULAR),GUATEMALA ORIENTE
00-05-0040-46,01-99-0158,CIUDAD CAPITAL,ZONA 5,ESCUELA PROFESIONAL SAN VICENTE DE PAUL,17 AVENIDA 31-00,23391272,PLINIO IVAN HERNANDEZ ALIÑADO,KAREN AZUCENA PALMA MAZARIEGOS,DIVERSIFICADO,PRIVADO,URBANA,ABIERTA,MONOLINGUE,MATUTINA,DIARIO(REGULAR),GUATEMALA ORIENTE
00-05-0041-42,01-313,CIUDAD CAPITAL,ZONA 5,COLEGIO MIXTO SAN AGUSTIN,21 CALLE 32-38 COLONIA LA PALMITA,56152550,ERICK GUILLERMO SANCHEZ MARTINEZ,INGRID MARIELA RODRÍGUEZ GONZÁLEZ,PARVULOS,PRIVADO,URBANA,ABIERTA,MONOLINGUE,MATUTINA,VIRTUAL A DISTANCIA,GUATEMALA ORIENTE
00-05-0042-43,01-99-0159,CIUDAD CAPITAL,ZONA 5,COLEGIO MIXTO SAN AGUSTIN,21 CALLE 32-38 COLONIA LA PALMITA,56152550,ERICK GUILLERMO SANCHEZ MARTINEZ,ANA ARACELY BEBER ACEITUNO,PRIMARIA,PRIVADO,URBANA,ABIERTA,MONOLINGUE,MATUTINA,VIRTUAL A DISTANCIA,GUATEMALA ORIENTE
00-05-0043-42,01-99-0160,CIUDAD CAPITAL,ZONA 5,CENTRO DE APRENDIZAJE MENTES ACTIVAS GT,"ARCO 3 A, 00-15 COLONIA JARDINES DE LA ASUNCIÓN",47014376,NORMA MARITZA RAMOS PÉREZ,DULCE ANDREA CRUZ ESCOBAR,PARVULOS,PRIVADO,URBANA,ABIERTA,MONOLINGUE,MATUTINA,DIARIO(REGULAR),GUATEMALA ORIENTE
00-05-0377-42,01-99-0158,CIUDAD CAPITAL,ZONA 5,EODP NO.67 DR. MANUEL AMADOR GUERRERO,41 AVE. 15-25 COLONIA JARDINES DE LA ASUNCION,52426528,PLINIO IVAN HERNANDEZ ALIÑADO,ROSALINA  MACZ HERNÁNDEZ,PARVULOS,OFICIAL,URBANA,ABIERTA,MONOLINGUE,MATUTINA,DIARIO(REGULAR),GUATEMALA ORIENTE
00-05-0378-42,01-99-0158,CIUDAD CAPITAL,ZONA 5,EODP NO.6  HORACIO MANN,26 CALLE  A  15-47,,PLINIO IVAN HERNANDEZ ALIÑADO,MAYRA MARGARITA RAMIREZ ALVAREZ,PARVULOS,OFICIAL,URBANA,ABIERTA,MONOLINGUE,MATUTINA,DIARIO(REGULAR),GUATEMALA ORIENTE
00-05-0379-42,01-99-0159,CIUDAD CAPITAL,ZONA 5,EODP NO.9 'NATALIA GORRIZ DE MORALES',23 CALLE 28-24,47681412,ERICK GUILLERMO SANCHEZ MARTINEZ,JESICA ARACELY GALINDO,PARVULOS,OFICIAL,URBANA,ABIERTA,MONOLINGUE,MATUTINA,DIARIO(REGULAR),GUATEMALA ORIENTE
00-05-0380-42,01-99-0160,CIUDAD CAPITAL,ZONA 5,EODP NO.16 'ANITA FIGUEROA',26 AVENIDA 21-52,40923082,NORMA MARITZA RAMOS PÉREZ,LUCRECIA AZUCENA ESCOBAR SÁENZ,PARVULOS,OFICIAL,URBANA,ABIERTA,MONOLINGUE,MATUTINA,DIARIO(REGULAR),GUATEMALA ORIENTE
00-05-0381-42,01-99-0158,CIUDAD CAPITAL,ZONA 5,ESCUELA NACIONAL DE PARVULOS 20 DE OCTUBRE,28 AVE. 30-90,43156649,PLINIO IVAN HERNANDEZ ALIÑADO,ISABEL CRISTINA JURACAN MORALES,PARVULOS,OFICIAL,URBANA,ABIERTA,MONOLINGUE,MATUTINA,DIARIO(REGULAR),GUATEMALA ORIENTE
00-05-0382-42,01-99-0160,CIUDAD CAPITAL,ZONA 5,"EODP NO.23  ""ALICIA AGUILAR CASTRO""","33 AVENIDA 27-10, COLONIA SANTA ANA",23356258,NORMA MARITZA RAMOS PÉREZ,JULISA MARÍA URBINA SUNÚN,PARVULOS,OFICIAL,URBANA,ABIERTA,MONOLINGUE,MATUTINA,DIARIO(REGULAR),GUATEMALA ORIENTE
00-05-0383-42,01-99-0158,CIUDAD CAPITAL,ZONA 5,EODP NO.73 DEL CENTRO DE BIENESTAR SOCIAL,13 AVENIDA 30-25,23621549,PLINIO IVAN HERNANDEZ ALIÑADO,LOURDES DEL CARMEN ROLDÁN LÓPEZ,PARVULOS,OFICIAL,URBANA,ABIERTA,MONOLINGUE,MATUTINA,DIARIO(REGULAR),GUATEMALA ORIENTE
00-05-0384-42,01-99-0158,CIUDAD CAPITAL,ZONA 5,EODP ANEXA A EOUN NO. 49 JESUS CASTRO GOMEZ,27 AVE. A 24-27,56330784,PLINIO IVAN HERNANDEZ ALIÑADO,EVAGILDA  DE PAZ ALFARO,PARVULOS,OFICIAL,URBANA,ABIERTA,MONOLINGUE,MATUTINA,DIARIO(REGULAR),GUATEMALA ORIENTE
00-05-0385-42,01-99-0160,CIUDAD CAPITAL,ZONA 5,EODP ANEXA A EOUN NO.88  ROMULO GALLEGOS,43 AVE. 10-19 COLONIA FERROCARRILERA,23350633,NORMA MARITZA RAMOS PÉREZ,NELLY  OROZCO ROSALES,PARVULOS,OFICIAL,URBANA,ABIERTA,MONOLINGUE,MATUTINA,DIARIO(REGULAR),GUATEMALA ORIENTE
00-05-0386-42,01-99-0160,CIUDAD CAPITAL,ZONA 5,EODP ANEXA A EOUN NO.73  ELISA MOLINA DE STAHL,20 CALLE 43-01 COLONIA LA CHACARA,23356542,NORMA MARITZA RAMOS PÉREZ,EDWIN TIMOTEO PÉREZ Y PÉREZ,PARVULOS,OFICIAL,URBANA,ABIERTA,MONOLINGUE,MATUTINA,DIARIO(REGULAR),GUATEMALA ORIENTE
00-05-0387-42,01-99-0160,CIUDAD CAPITAL,ZONA 5,"EODP ANEXA A LA EOUN NO. 46  ""DOLORES CONTRERAS DEL AGUILA""",34 AVE. 13-73 COLONIA ABRIL,58781186,NORMA MARITZA RAMOS PÉREZ,CARMEN LORENA SANTOS DE LEÓN,PARVULOS,OFICIAL,URBANA,ABIERTA,MONOLINGUE,VESPERTINA,DIARIO(REGULAR),GUATEMALA ORIENTE
00-05-0388-42,,CIUDAD CAPITAL,ZONA 5,EODP ANEXA A ESCUELA 'HUMBERTO CARRILLO RAMIREZ',32 CALLE Y 26 AVE.,,,,PARVULOS,OFICIAL,URBANA,CERRADA TEMPORALMENTE,MONOLINGUE,MATUTINA,DIARIO(REGULAR),GUATEMALA ORIENTE
00-05-0389-42,01-99-0158,CIUDAD CAPITAL,ZONA 5,"EODP ANEXA A LA UNIDAD ESCOLAR  25 DE JUNIO , COMPLEJO PARA LA PAZ # 2",26 AVENIDA 32-00,55151584,PLINIO IVAN HERNANDEZ ALIÑADO,MAYRA PATRICIA ORELLANA ZAMORA,PARVULOS,OFICIAL,URBANA,ABIERTA,MONOLINGUE,MATUTINA,DIARIO(REGULAR),GUATEMALA ORIENTE
00-05-0390-42,01-99-0158,CIUDAD CAPITAL,ZONA 5,EODP ANEXA A EOUM NO.41 'ALBERTO MASFERRER',26 AVE. 32-00,23356069,PLINIO IVAN HERNANDEZ ALIÑADO,ERICK ROBERTO AMEZQUITA SANTISTEBAN,PARVULOS,OFICIAL,URBANA,ABIERTA,MONOLINGUE,VESPERTINA,DIARIO(REGULAR),GUATEMALA ORIENTE
00-05-0392-42,,CIUDAD CAPITAL,ZONA 5,EODP ANEXA A EOUM 'REPUBLICA DEL PERU',30 CALLE 12-36 BARRIO SAN PEDRITO,,,,PARVULOS,OFICIAL,URBANA,CERRADA TEMPORALMENTE,MONOLINGUE,MATUTINA,DIARIO(REGULAR),GUATEMALA ORIENTE
00-05-0393-42,,CIUDAD CAPITAL,ZONA 5,EPDP COLEGIO 'JARDIN DE LOS INFANTES 20 DE OCTUBRE',29 AVE. 31-84,,,,PARVULOS,PRIVADO,URBANA,CERRADA DEFINITIVAMENTE,MONOLINGUE,MATUTINA,DIARIO(REGULAR),GUATEMALA ORIENTE
00-05-0394-42,,CIUDAD CAPITAL,ZONA 5,EPDP COLEGIO 'JARDIN INFANTIL LAS FLORECITAS',31 AVE. 28-13,,,,PARVULOS,PRIVADO,URBANA,CERRADA DEFINITIVAMENTE,MONOLINGUE,MATUTINA,DIARIO(REGULAR),GUATEMALA ORIENTE
00-05-0395-42,,CIUDAD CAPITAL,ZONA 5,EPDP ANEXA A COLEGIO 'LIAHONA',22 CALLE 24-42,,,,PARVULOS,PRIVADO,URBANA,CERRADA DEFINITIVAMENTE,MONOLINGUE,MATUTINA,DIARIO(REGULAR),GUATEMALA ORIENTE
00-05-0396-42,01-99-0159,CIUDAD CAPITAL,ZONA 5,ESCUELA PRIVADA. SOCIEDAD PROTECTORA DEL NIÑO. CASA DEL NIÑO NO.4,23 CALLE 26-60,23356669,ERICK GUILLERMO SANCHEZ MARTINEZ,MARÍA ANDREE BARILLAS HERNANDEZ,PARVULOS,PRIVADO,URBANA,ABIERTA,MONOLINGUE,MATUTINA,DIARIO(REGULAR),GUATEMALA ORIENTE
00-05-0397-42,,CIUDAD CAPITAL,ZONA 5,EPDP 'JARDIN INFANTIL LOS MUPPETS',BOULEVARD LOS CIPRESALES 12-73 JARDINES DE LA ASUNCION,,,,PARVULOS,PRIVADO,URBANA,CERRADA DEFINITIVAMENTE,MONOLINGUE,MATUTINA,DIARIO(REGULAR),GUATEMALA ORIENTE
00-05-0398-42,01-313,CIUDAD CAPITAL,ZONA 5,CENTRO EDUCATIVO ACRÓPOLIS,12 CALLE  B  40-81,23360138,ERICK GUILLERMO SANCHEZ MARTINEZ,BEATRIZ EUGENIA ORTEGA VELÁSQUEZ,PARVULOS,PRIVADO,URBANA,CERRADA TEMPORALMENTE,MONOLINGUE,MATUTINA,DIARIO(REGULAR),GUATEMALA ORIENTE
00-05-0399-42,01-99-0158,CIUDAD CAPITAL,ZONA 5,LICEO GUATEMALA,10A AVE. 32-77,22095400,PLINIO IVAN HERNANDEZ ALIÑADO,MARIANA FABIOLA ORTÍZ MORALES,PARVULOS,PRIVADO,URBANA,ABIERTA,MONOLINGUE,MATUTINA,DIARIO(REGULAR),GUATEMALA ORIENTE
00-05-0400-42,01-99-0159,CIUDAD CAPITAL,ZONA 5,COLEGIO MIXTO SAN AGUSTIN,21 CALLE 32-38 COLONIA LA PALMITA,56152550,ERICK GUILLERMO SANCHEZ MARTINEZ,INGRID MARIELA RODRÍGUEZ GONZÁLEZ,PARVULOS,PRIVADO,URBANA,ABIERTA,MONOLINGUE,MATUTINA,DIARIO(REGULAR),GUATEMALA ORIENTE
00-05-0401-42,01-313,CIUDAD CAPITAL,ZONA 5,LICEO MIXTO CENTRO AMERICA,33 AVENIDA 'A' 27-04,23355665,ERICK GUILLERMO SANCHEZ MARTINEZ,,PARVULOS,PRIVADO,URBANA,CERRADA TEMPORALMENTE,MONOLINGUE,MATUTINA,DIARIO(REGULAR),GUATEMALA ORIENTE
00-05-0402-42,01-313,CIUDAD CAPITAL,ZONA 5,INSTITUTO  GUATEMALTECO ESPAÑOL,DIAGONAL 14 23-55 COLONIA VIVIBIEN,23321393,ERICK GUILLERMO SANCHEZ MARTINEZ,MARÍA ANTONIETA ROSALES MURALLES,PARVULOS,PRIVADO,URBANA,CERRADA TEMPORALMENTE,MONOLINGUE,MATUTINA,DIARIO(REGULAR),GUATEMALA ORIENTE
00-05-0403-42,01-313,CIUDAD CAPITAL,ZONA 5,EPDP ANEXA A 'CENTRO CULTURAL ALMA MATER',30 CALLE 22-38,23611253,ERICK GUILLERMO SANCHEZ MARTINEZ,,PARVULOS,PRIVADO,URBANA,CERRADA DEFINITIVAMENTE,MONOLINGUE,MATUTINA,DIARIO(REGULAR),GUATEMALA ORIENTE
00-05-0404-42,01-313,CIUDAD CAPITAL,ZONA 5,ANEXA A COLEGIO  ESPAÑOL,ARCO 5-16 NO.19,23348932,ERICK GUILLERMO SANCHEZ MARTINEZ,ROSA JUNIA ROMERO GARCIA,PARVULOS,PRIVADO,URBANA,CERRADA TEMPORALMENTE,MONOLINGUE,MATUTINA,DIARIO(REGULAR),GUATEMALA ORIENTE
00-05-0405-43,01-99-0160,CIUDAD CAPITAL,ZONA 5,EOUV NO.26 REPUBLICA DE NICARAGUA,34 AVE. 13-70,55493662,NORMA MARITZA RAMOS PÉREZ,JACQUELINE EDITH FIGUEROA VIELMAN,PRIMARIA,OFICIAL,URBANA,ABIERTA,MONOLINGUE,MATUTINA,DIARIO(REGULAR),GUATEMALA ORIENTE
00-05-0405-45,,CIUDAD CAPITAL,ZONA 5,INSTITUTO PRIVADO MIXTO DE EDUCACION BASICA 'COLEGIO ROSARIO DE FALLA',27 AV 27-45,,,,BASICO,PRIVADO,URBANA,CERRADA DEFINITIVAMENTE,MONOLINGUE,MATUTINA,DIARIO(REGULAR),GUATEMALA ORIENTE
00-05-0406-43,01-99-0158,CIUDAD CAPITAL,ZONA 5,EOUV NO.20 REPUBLICA DEL ECUADOR,23 CALLE A 35-56,23363925,PLINIO IVAN HERNANDEZ ALIÑADO,MARTA LETICIA PEREZ PEREZ,PRIMARIA,OFICIAL,URBANA,ABIERTA,MONOLINGUE,MATUTINA,DIARIO(REGULAR),GUATEMALA ORIENTE
00-05-0407-43,01-99-0158,CIUDAD CAPITAL,ZONA 5,"EOUM NO.55  HUMBERTO CARRILLO RAMIREZ , COMPLEJO PARA LA PAZ NO.2  REPUBLICA DEL PERU",26 AVENIDA 32-00,23356069,PLINIO IVAN HERNANDEZ ALIÑADO,ERICK ROBERTO AMEZQUITA SANTISTEBAN,PRIMARIA,OFICIAL,URBANA,ABIERTA,MONOLINGUE,VESPERTINA,DIARIO(REGULAR),GUATEMALA ORIENTE
00-05-0408-43,01-99-0158,CIUDAD CAPITAL,ZONA 5,EOUV NO.18 JOSE ANTONIO LIENDO Y GOICOECHEA,24 AVE. 25-51 LA PALMITA,39861764,PLINIO IVAN HERNANDEZ ALIÑADO,CLAUDIA LUCRECIA VELIZ MÁRQUEZ,PRIMARIA,OFICIAL,URBANA,ABIERTA,MONOLINGUE,MATUTINA,DIARIO(REGULAR),GUATEMALA ORIENTE
00-05-0409-43,01-99-0158,CIUDAD CAPITAL,ZONA 5,"EOUM NO.44 UNIDAD ESCOLAR 25 DE JUNIO , COMPLEJO PARA LA PAZ NO.2",26 AVENIDA 32-00,55151584,PLINIO IVAN HERNANDEZ ALIÑADO,MAYRA PATRICIA ORELLANA ZAMORA,PRIMARIA,OFICIAL,URBANA,ABIERTA,MONOLINGUE,MATUTINA,DIARIO(REGULAR),GUATEMALA ORIENTE
00-05-0410-43,01-99-0158,CIUDAD CAPITAL,ZONA 5,EOUV NO.69 'ESTADOS UNIDOS DE AMERICA',41 AVE. Y 12 CALLE  B  JARDINES DE LA ASUNCION,23349736,PLINIO IVAN HERNANDEZ ALIÑADO,LYZ ALEJANDRINA DE PAZ ALFARO,PRIMARIA,OFICIAL,URBANA,ABIERTA,MONOLINGUE,MATUTINA,DIARIO(REGULAR),GUATEMALA ORIENTE
00-05-0411-43,01-99-0158,CIUDAD CAPITAL,ZONA 5,EOUM NO.81 REPUBLICA DEL ECUADOR,"23 CALLE ""A""  35-56 COLONIA ARRIVILLAGA GUATEMALA",42982881,PLINIO IVAN HERNANDEZ ALIÑADO,GREYSI EUNICE SAMAYOA LIMA,PRIMARIA,OFICIAL,URBANA,ABIERTA,MONOLINGUE,VESPERTINA,DIARIO(REGULAR),GUATEMALA ORIENTE
00-05-0412-43,01-99-0159,CIUDAD CAPITAL,ZONA 5,EOUV NO.6 JOSE FRANCISCO BARRUNDIA,27 AVE. A 23-65,53231807,ERICK GUILLERMO SANCHEZ MARTINEZ,ERIKA LISSETTE DE LEÓN FRANCO,PRIMARIA,OFICIAL,URBANA,ABIERTA,MONOLINGUE,VESPERTINA,DIARIO(REGULAR),GUATEMALA ORIENTE
00-05-0413-43,01-99-0158,CIUDAD CAPITAL,ZONA 5,EOUV NO.45 'DR. SALVADOR MENDIETA',24 AVE. 25-51,56277531,PLINIO IVAN HERNANDEZ ALIÑADO,MARCO TULIO SOTO GODÍNEZ,PRIMARIA,OFICIAL,URBANA,ABIERTA,MONOLINGUE,VESPERTINA,DIARIO(REGULAR),GUATEMALA ORIENTE
00-05-0414-43,01-99-0160,CIUDAD CAPITAL,ZONA 5,EOUN NO.46 'DOLORES CONTRERAS DEL AGUILA',34 AVENIDA 13-73 COLONIA ABRIL,58781186,NORMA MARITZA RAMOS PÉREZ,CARMEN LORENA SANTOS DE LEÓN,PRIMARIA,OFICIAL,URBANA,ABIERTA,MONOLINGUE,VESPERTINA,DIARIO(REGULAR),GUATEMALA ORIENTE
00-05-0415-43,01-99-0160,CIUDAD CAPITAL,ZONA 5,EOUN NO.73 'ELISA MOLINA DE STAHL',"20 CALLE 43-01, ZONA 5",23356542,NORMA MARITZA RAMOS PÉREZ,EDWIN TIMOTEO PÉREZ Y PÉREZ,PRIMARIA,OFICIAL,URBANA,ABIERTA,MONOLINGUE,MATUTINA,DIARIO(REGULAR),GUATEMALA ORIENTE
00-05-0416-43,01-99-0159,CIUDAD CAPITAL,ZONA 5,EOUN NO.39 REPUBLICA DE CHINA,27 AVE. A 23-65,23354741,ERICK GUILLERMO SANCHEZ MARTINEZ,MILDRED BEATRIZ RIVERA DE LEÓN,PRIMARIA,OFICIAL,URBANA,ABIERTA,MONOLINGUE,MATUTINA,DIARIO(REGULAR),GUATEMALA ORIENTE
00-05-0417-43,01-99-0158,CIUDAD CAPITAL,ZONA 5,EOUN NO.49 JESUS CASTRO GOMEZ,27 AVE. A 24-27,56330784,PLINIO IVAN HERNANDEZ ALIÑADO,EVAGILDA  DE PAZ ALFARO,PRIMARIA,OFICIAL,URBANA,ABIERTA,MONOLINGUE,MATUTINA,DIARIO(REGULAR),GUATEMALA ORIENTE
00-05-0418-43,01-314,CIUDAD CAPITAL,ZONA 5,"EOUM 'ALBERTO MASFERRER', COMPLEJO PARA LA PAZ NO.2 'REPUBLICA DEL PERU'",26 AVENIDA 32-00,23356068,PLINIO IVAN HERNANDEZ,,PRIMARIA,OFICIAL,URBANA,CERRADA TEMPORALMENTE,MONOLINGUE,VESPERTINA,DIARIO(REGULAR),GUATEMALA ORIENTE
00-05-0419-43,01-99-0158,CIUDAD CAPITAL,ZONA 5,EOUM NO.33 'AMALIA SAMAYOA AGUILAR',29 AVE. 27-21,55151584,PLINIO IVAN HERNANDEZ ALIÑADO,MAYRA PATRICIA ORELLANA ZAMORA,PRIMARIA,OFICIAL,URBANA,ABIERTA,MONOLINGUE,MATUTINA,DIARIO(REGULAR),GUATEMALA ORIENTE
00-05-0420-43,01-99-0159,CIUDAD CAPITAL,ZONA 5,"EOUN NO.76 ' REPUBLICA DE LIBANO """,23 CALLE 32-40,23356380,ERICK GUILLERMO SANCHEZ MARTINEZ,MARÍA DEL CARMEN MOLINA MAYORGA,PRIMARIA,OFICIAL,URBANA,ABIERTA,MONOLINGUE,MATUTINA,DIARIO(REGULAR),GUATEMALA ORIENTE
00-05-0421-43,01-99-0160,CIUDAD CAPITAL,ZONA 5,EOUN NO.88  ROMULO GALLEGOS,43 AVE. 10-19 COLONIA FERROCARRILERO,41834306,NORMA MARITZA RAMOS PÉREZ,NELLY  OROZCO ROSALES,PRIMARIA,OFICIAL,URBANA,ABIERTA,MONOLINGUE,MATUTINA,DIARIO(REGULAR),GUATEMALA ORIENTE
00-05-0422-43,01-99-0158,CIUDAD CAPITAL,ZONA 5,"EOUN NO.30 MIGUEL LARREINAGA , COMPLEJO PARA LA PAZ NO.2 25 DE JUNIO",26 AVENIDA 32-00,55151584,PLINIO IVAN HERNANDEZ ALIÑADO,MAYRA PATRICIA ORELLANA ZAMORA,PRIMARIA,OFICIAL,URBANA,ABIERTA,MONOLINGUE,MATUTINA,DIARIO(REGULAR),GUATEMALA ORIENTE
00-05-0423-43,,CIUDAD CAPITAL,ZONA 5,EOUN NO.83 'JORGE GARCIA GRANADOS',21 AVE. 29-29,,,,PRIMARIA,OFICIAL,URBANA,CERRADA DEFINITIVAMENTE,MONOLINGUE,MATUTINA,DIARIO(REGULAR),GUATEMALA ORIENTE
00-05-0424-43,01-99-0159,CIUDAD CAPITAL,ZONA 5,EOUN NO.102 'REPUBLICA DE LIBANO',23 CALLE 32-40,23357466,ERICK GUILLERMO SANCHEZ MARTINEZ,ADA MAGALY GÓMEZ MÉRIDA,PRIMARIA,OFICIAL,URBANA,ABIERTA,MONOLINGUE,VESPERTINA,DIARIO(REGULAR),GUATEMALA ORIENTE
00-05-0425-43,01-99-0158,CIUDAD CAPITAL,ZONA 5,EOUN NO.37 EUGENIO MARIA DE HOSTOS,27 AVENIDA A 24-27,,PLINIO IVAN HERNANDEZ ALIÑADO,ALBA DOLORES PÉREZ NAJERA,PRIMARIA,OFICIAL,URBANA,ABIERTA,MONOLINGUE,VESPERTINA,DIARIO(REGULAR),GUATEMALA ORIENTE
00-05-0426-43,01-99-0160,CIUDAD CAPITAL,ZONA 5,EOUM NO.87 ABEL CARRILLO RAMIREZ,43 AVENIDA 10-19 COLONIA FERROCARRILERO,23360609,NORMA MARITZA RAMOS PÉREZ,ISRAEL  CHIROY COC,PRIMARIA,OFICIAL,URBANA,ABIERTA,MONOLINGUE,VESPERTINA,DIARIO(REGULAR),GUATEMALA ORIENTE
00-05-0427-43,01-99-0159,CIUDAD CAPITAL,ZONA 5,EOUM NO.156  NIÑOS DE NORUEGA,32 AVENIDA FINAL Y 20 CALLE COLONIA SAN JOSE EL ESFUERZO,30594109,ERICK GUILLERMO SANCHEZ MARTINEZ,KARLIK DANIEL LÓPEZ BARRERA,PRIMARIA,OFICIAL,URBANA,ABIERTA,MONOLINGUE,MATUTINA,DIARIO(REGULAR),GUATEMALA ORIENTE
00-05-0428-43,,CIUDAD CAPITAL,ZONA 5,EOUM 'CANDIDA FRANCO ROSALES',28 CALLE 17-52,,,,PRIMARIA,OFICIAL,URBANA,CERRADA DEFINITIVAMENTE,MONOLINGUE,MATUTINA,DIARIO(REGULAR),GUATEMALA ORIENTE
00-05-0429-43,01-99-0158,CIUDAD CAPITAL,ZONA 5,EOUM NO.126  ANDRES BELLO,41 AVE. Y 12 CALLE B JARDINES DE LA ASUNCION,52426528,PLINIO IVAN HERNANDEZ ALIÑADO,JOSÉ MARÍA PÉREZ LUNA,PRIMARIA,OFICIAL,URBANA,ABIERTA,MONOLINGUE,VESPERTINA,DIARIO(REGULAR),GUATEMALA ORIENTE
00-05-0430-43,01-99-0158,CIUDAD CAPITAL,ZONA 5,"EOUM NO.30 REPUBLICA DEL PERU , COMPLEJO PARA LA PAZ NO.2",26 AVENIDA 32-00,23356069,PLINIO IVAN HERNANDEZ ALIÑADO,ERICK ROBERTO AMEZQUITA SANTISTEBAN,PRIMARIA,OFICIAL,URBANA,ABIERTA,MONOLINGUE,VESPERTINA,DIARIO(REGULAR),GUATEMALA ORIENTE
00-05-0431-43,01-99-0160,CIUDAD CAPITAL,ZONA 5,EOUM NO.80 ELISA MOLINA DE STHAL,20 CALLE 43-01,23364934,NORMA MARITZA RAMOS PÉREZ,JUAN ANTONIO ICAL GÓMEZ,PRIMARIA,OFICIAL,URBANA,ABIERTA,MONOLINGUE,VESPERTINA,DIARIO(REGULAR),GUATEMALA ORIENTE
00-05-0432-43,01-99-0158,CIUDAD CAPITAL,ZONA 5,LICEO GUATEMALA,10 AVE. 32-77,22095400,PLINIO IVAN HERNANDEZ ALIÑADO,MARINÉS  MORALES ALBUREZ,PRIMARIA,PRIVADO,URBANA,ABIERTA,MONOLINGUE,MATUTINA,DIARIO(REGULAR),GUATEMALA ORIENTE
00-05-0433-43,01-99-0159,CIUDAD CAPITAL,ZONA 5,COLEGIO LA MILAGROSA,25 AVE. 27-50,23391303,ERICK GUILLERMO SANCHEZ MARTINEZ,LILIBETH DEL ROSARIO GODÍNEZ PRERA,PRIMARIA,PRIVADO,URBANA,ABIERTA,MONOLINGUE,MATUTINA,DIARIO(REGULAR),GUATEMALA ORIENTE
00-05-0434-43,,CIUDAD CAPITAL,ZONA 5,EPUM 'LICEO MIXTO DE EDUCACION INTEGRAL',13 AVE. 25-74,,,,PRIMARIA,PRIVADO,URBANA,CERRADA DEFINITIVAMENTE,MONOLINGUE,MATUTINA,DIARIO(REGULAR),GUATEMALA ORIENTE
00-05-0435-43,,CIUDAD CAPITAL,ZONA 5,EPUM COLEGIO 'LIAHONA',22 CALLE 24-42,,,,PRIMARIA,PRIVADO,URBANA,CERRADA DEFINITIVAMENTE,MONOLINGUE,MATUTINA,DIARIO(REGULAR),GUATEMALA ORIENTE
00-05-0436-43,01-99-0160,CIUDAD CAPITAL,ZONA 5,INSTITUTO GUATEMALTECO ESPAÑOL,DIAGONAL 14 23-55 COLONIA VIVIBIEN,23321393,NORMA MARITZA RAMOS PÉREZ,CAROL ELIZABETH CABRERA DOUMA,PRIMARIA,PRIVADO,URBANA,ABIERTA,MONOLINGUE,MATUTINA,DIARIO(REGULAR),GUATEMALA ORIENTE
00-05-0437-43,01-314,CIUDAD CAPITAL,ZONA 5,EPUM COLEGIO 'ROSARIO DE FALLA',27 AVE. 27-45,23619102,PLINIO IVAN HERNANDEZ,,PRIMARIA,PRIVADO,URBANA,CERRADA DEFINITIVAMENTE,MONOLINGUE,MATUTINA,DIARIO(REGULAR),GUATEMALA ORIENTE
00-05-0438-43,01-99-0159,CIUDAD CAPITAL,ZONA 5,COLEGIO EVANGELICO  MIXTO ADONAI,30 CALLE 16-00 SAN PEDRITO,24418790,ERICK GUILLERMO SANCHEZ MARTINEZ,LIGIA MAGALÍ LÓPEZ HERNÁNDEZ,PRIMARIA,PRIVADO,URBANA,ABIERTA,MONOLINGUE,MATUTINA,DIARIO(REGULAR),GUATEMALA ORIENTE
00-05-0439-43,01-99-0159,CIUDAD CAPITAL,ZONA 5,COLEGIO MIXTO 'MARIA AUXILIADORA',24 AVE. 23-91,52997641,ERICK GUILLERMO SANCHEZ MARTINEZ,ANDREA  ORTIZ GARZO,PRIMARIA,PRIVADO,URBANA,ABIERTA,MONOLINGUE,MATUTINA,DIARIO(REGULAR),GUATEMALA ORIENTE
00-05-0440-43,01-313,CIUDAD CAPITAL,ZONA 5,EPUM COLEGIO  ESPAÑOL,ARCO 5-6 NO.19 JARDINES DE LA ASUNCION,23361207,ERICK GUILLERMO SANCHEZ MARTINEZ,ROSA JUNIA ROMERO GARCIA,PRIMARIA,PRIVADO,URBANA,CERRADA TEMPORALMENTE,MONOLINGUE,MATUTINA,DIARIO(REGULAR),GUATEMALA ORIENTE
00-05-0441-43,01-313,CIUDAD CAPITAL,ZONA 5,EPUM CENTRO CULTURAL 'ALMA MATER',30 CALLE 22-38,23611253,ERICK GUILLERMO SANCHEZ MARTINEZ,,PRIMARIA,PRIVADO,URBANA,CERRADA DEFINITIVAMENTE,MONOLINGUE,MATUTINA,DIARIO(REGULAR),GUATEMALA ORIENTE
00-05-0442-43,01-314,CIUDAD CAPITAL,ZONA 5,EPUM COLEGIO BILINGUE 'MUNDO INFANTIL',12 CALLE 'B' 40-81,23350953,PLINIO IVAN HERNANDEZ,,PRIMARIA,PRIVADO,URBANA,CERRADA DEFINITIVAMENTE,MONOLINGUE,MATUTINA,DIARIO(REGULAR),GUATEMALA ORIENTE
00-05-0443-43,01-313,CIUDAD CAPITAL,ZONA 5,COLEGIO MIXTO SAN AGUSTIN,21 CALLE 32-38 COLONIA LA PALMITA,30271808,ERICK GUILLERMO SANCHEZ MARTINEZ,ELSA ARACELY GARCIA ALONZO,PRIMARIA,PRIVADO,URBANA,ABIERTA,MONOLINGUE,MATUTINA,DIARIO(REGULAR),GUATEMALA ORIENTE
00-05-0444-43,01-313,CIUDAD CAPITAL,ZONA 5,LICEO MIXTO CENTRO AMERICA,33 AVENIDA 'A' 27-04,23355665,ERICK GUILLERMO SANCHEZ MARTINEZ,,PRIMARIA,PRIVADO,URBANA,CERRADA TEMPORALMENTE,MONOLINGUE,MATUTINA,DIARIO(REGULAR),GUATEMALA ORIENTE
00-05-0445-44,01-99-0160,CIUDAD CAPITAL,ZONA 5,EOPA NO.22 DANIEL ARMAS,27 AVENIDA A 24-27 COLONIA LABOR,47018925,NORMA MARITZA RAMOS PÉREZ,SERGIO FERNANDO PARADA HIGUEROS,PRIMARIA DE ADULTOS,OFICIAL,URBANA,ABIERTA,MONOLINGUE,NOCTURNA,DIARIO(REGULAR),GUATEMALA ORIENTE
00-05-0446-44,01-99-0160,CIUDAD CAPITAL,ZONA 5,EOPA NO.23 CARLOS MARTINEZ DURAN,20 CALLE 43-01,23351354,NORMA MARITZA RAMOS PÉREZ,VIRGINIA LILY VELASQUEZ RODRIGUEZ DE PARADA,PRIMARIA DE ADULTOS,OFICIAL,URBANA,ABIERTA,MONOLINGUE,NOCTURNA,DIARIO(REGULAR),GUATEMALA ORIENTE
00-05-0447-44,01-99-0158,CIUDAD CAPITAL,ZONA 5,EOPA NO.6 'MANUEL BENITEZ GOMEZ',24 AVE. 25-51,,PLINIO IVAN HERNANDEZ ALIÑADO,FERNANDO MAURICIO RUANO MARROQUIN,PRIMARIA DE ADULTOS,OFICIAL,URBANA,ABIERTA,MONOLINGUE,NOCTURNA,DIARIO(REGULAR),GUATEMALA ORIENTE
00-05-0448-45,01-99-0159,CIUDAD CAPITAL,ZONA 5,CENTRO DE USOS MULTIPLES DR. CARLOS GONZALEZ ORELLANA,28 AVE. A 33-04,23353720,ERICK GUILLERMO SANCHEZ MARTINEZ,JOSÉ ANGEL MEDINA CIFUENTES,BASICO,OFICIAL,URBANA,ABIERTA,MONOLINGUE,MATUTINA,DIARIO(REGULAR),GUATEMALA ORIENTE
00-05-0449-45,01-99-0160,CIUDAD CAPITAL,ZONA 5,INEB EXP. CON ORIENTACION OCUPACIONAL DR. JOSE MATOS PACHECO,42 AVE. 21-00 ZONA 5,54131321,NORMA MARITZA RAMOS PÉREZ,BRENDA YADIRA RUIZ CABRERA,BASICO,OFICIAL,URBANA,ABIERTA,MONOLINGUE,MATUTINA,DIARIO(REGULAR),GUATEMALA ORIENTE
00-05-0450-45,01-313,CIUDAD CAPITAL,ZONA 5,CENTRO EDUCACIONAL MINERVA 'CEDMA',13 AVE. 25-74,23325242,ERICK GUILLERMO SANCHEZ MARTINEZ,,BASICO,PRIVADO,URBANA,CERRADA TEMPORALMENTE,MONOLINGUE,MATUTINA,DIARIO(REGULAR),GUATEMALA ORIENTE
00-05-0451-45,01-99-0159,CIUDAD CAPITAL,ZONA 5,COLEGIO EVANGELICO MIXTO  ADONAI,30 CALLE 16-00 SAN PEDRITO,23354466,ERICK GUILLERMO SANCHEZ MARTINEZ,ANA LUISA GUERRA CASTAÑEDA,BASICO,PRIVADO,URBANA,ABIERTA,MONOLINGUE,MATUTINA,DIARIO(REGULAR),GUATEMALA ORIENTE
00-05-0452-45,,CIUDAD CAPITAL,ZONA 5,INSTITUTO PRIVADO MIXTO DE EDUCACION BASICA COLEGIO 'SANTA MARTA',27 AVE. 27-45,,,,BASICO,PRIVADO,URBANA,CERRADA DEFINITIVAMENTE,MONOLINGUE,VESPERTINA,DIARIO(REGULAR),GUATEMALA ORIENTE
00-05-0453-45,,CIUDAD CAPITAL,ZONA 5,INSTITUTO PRIVADO MIXTO DE EDUCACION BASICA 'GUATEMALA',20 CALLE 43-01,,,,BASICO,PRIVADO,URBANA,CERRADA DEFINITIVAMENTE,MONOLINGUE,NOCTURNA,DIARIO(REGULAR),GUATEMALA ORIENTE
00-05-0454-46,01-99-0159,CIUDAD CAPITAL,ZONA 5,INSTITUTO NACIONAL DE FORMACION TECNICA,28 AVE. A 33-50,42175328,ERICK GUILLERMO SANCHEZ MARTINEZ,ASTRID ZIRNA CARRERA ESPADEROS,DIVERSIFICADO,OFICIAL,URBANA,ABIERTA,MONOLINGUE,VESPERTINA,DIARIO(REGULAR),GUATEMALA ORIENTE
00-05-0455-46,01-99-0160,CIUDAD CAPITAL,ZONA 5,INSTITUTO DIVERSIFICADO CENTRAL DE MERCADOTECNIA Y PUBLICIDAD,42 AVENIDA 20-00,23350777,NORMA MARITZA RAMOS PÉREZ,CÉSAR WALTER PINOT SANDOVAL,DIVERSIFICADO,OFICIAL,URBANA,ABIERTA,MONOLINGUE,VESPERTINA,DIARIO(REGULAR),GUATEMALA ORIENTE
00-05-0456-45,01-405,CIUDAD CAPITAL,ZONA 5,LICEO GUATEMALA JORNADA NOCTURNA E INTERMEDIA .,10A AVE. 33-03,22095400,BLANCA SARAI GUTIERREZ PINEDA,RICARDO  ORTIZ ROMERO,BASICO,PRIVADO,URBANA,CERRADA TEMPORALMENTE,MONOLINGUE,NOCTURNA,DIARIO(REGULAR),GUATEMALA ORIENTE
00-05-0457-45,01-99-0158,CIUDAD CAPITAL,ZONA 5,ESCUELA PROFESIONAL  SAN VICENTE DE PAUL,17 AVE. 31-00,23391272,PLINIO IVAN HERNANDEZ ALIÑADO,KAREN AZUCENA PALMA MAZARIEGOS,BASICO,PRIVADO,URBANA,ABIERTA,MONOLINGUE,MATUTINA,DIARIO(REGULAR),GUATEMALA ORIENTE
00-05-0457-46,01-99-0158,CIUDAD CAPITAL,ZONA 5,ESCUELA PROFESIONAL  SAN VICENTE DE PAUL,17 AVE 31-00,22391272,PLINIO IVAN HERNANDEZ ALIÑADO,KAREN AZUCENA PALMA MAZARIEGOS,DIVERSIFICADO,PRIVADO,URBANA,ABIERTA,MONOLINGUE,MATUTINA,DIARIO(REGULAR),GUATEMALA ORIENTE
00-05-0458-45,01-405,CIUDAD CAPITAL,ZONA 5,CENTRO EDUCACIONAL MINERVA (CEDMA),13 AVENIDA  25-74,23325242,BLANCA SARAI GUTIERREZ PINEDA,MARIA DEL SOCORRO TANCHEZ ROJAS DE LEON,BASICO,PRIVADO,URBANA,CERRADA TEMPORALMENTE,MONOLINGUE,NOCTURNA,DIARIO(REGULAR),GUATEMALA ORIENTE
00-05-0458-46,01-405,CIUDAD CAPITAL,ZONA 5,CENTRO EDUCACIONAL MINERVA  CEDMA,13 AVENIDA 25-74,23325242,BLANCA SARAI GUTIERREZ PINEDA,MARIA DEL SOCORRO TANCHEZ ROJAS DE DE LEON,DIVERSIFICADO,PRIVADO,URBANA,CERRADA TEMPORALMENTE,MONOLINGUE,NOCTURNA,DIARIO(REGULAR),GUATEMALA ORIENTE
00-05-2214-45,01-99-0158,CIUDAD CAPITAL,ZONA 5,LICEO GUATEMALA,10A AVE. 33-03,22095400,PLINIO IVAN HERNANDEZ ALIÑADO,ERICKA DEL ROSARIO DARDÓN PAREDES,BASICO,PRIVADO,URBANA,ABIERTA,MONOLINGUE,MATUTINA,DIARIO(REGULAR),GUATEMALA ORIENTE
00-05-2214-46,01-99-0158,CIUDAD CAPITAL,ZONA 5,LICEO GUATEMALA,10A AVE. 33-03,22095400,PLINIO IVAN HERNANDEZ ALIÑADO,ERICKA DEL ROSARIO DARDÓN PAREDES,DIVERSIFICADO,PRIVADO,URBANA,ABIERTA,MONOLINGUE,MATUTINA,DIARIO(REGULAR),GUATEMALA ORIENTE
00-05-2481-45,01-99-0160,CIUDAD CAPITAL,ZONA 5,INSTITUTO GUATEMALTECO ESPAÑOL,DIAGONAL 14 23-55 COLONIA VIVIBIEN,23321393,NORMA MARITZA RAMOS PÉREZ,MIGUEL JOSE RALON ROSALES,BASICO,PRIVADO,URBANA,ABIERTA,MONOLINGUE,MATUTINA,DIARIO(REGULAR),GUATEMALA ORIENTE
00-05-2481-46,01-99-0160,CIUDAD CAPITAL,ZONA 5,INSTITUTO GUATEMALTECO ESPAÑOL,DIAGONAL 14 23-55 COL VIVIBIEN,23321393,NORMA MARITZA RAMOS PÉREZ,MIGUEL JOSE RALON ROSALES,DIVERSIFICADO,PRIVADO,URBANA,ABIERTA,MONOLINGUE,MATUTINA,DIARIO(REGULAR),GUATEMALA ORIENTE
00-05-2482-45,01-313,CIUDAD CAPITAL,ZONA 5,LICEO MIXTO CENTRO AMERICA,33 AVENIDA 'A' 27-04,23355665,ERICK GUILLERMO SANCHEZ MARTINEZ,,BASICO,PRIVADO,URBANA,CERRADA TEMPORALMENTE,MONOLINGUE,VESPERTINA,DIARIO(REGULAR),GUATEMALA ORIENTE
00-05-2483-45,01-313,CIUDAD CAPITAL,ZONA 5,INSTITUTO PRIVADO MIXTO DE EDUCACION BASICA 'CENTRO CULTURAL ALMA MATER',30 CALLE 22-38,23611253,ERICK GUILLERMO SANCHEZ MARTINEZ,,BASICO,PRIVADO,URBANA,CERRADA DEFINITIVAMENTE,MONOLINGUE,MATUTINA,DIARIO(REGULAR),GUATEMALA ORIENTE
00-05-2484-45,01-314,CIUDAD CAPITAL,ZONA 5,INSTITUTO PRIVADO MIXTO DE EDUCACION BASICA 'COLEGIO ROSARIO DE FALLA',27 AV 27-45,23619102,PLINIO IVAN HERNANDEZ,,BASICO,PRIVADO,URBANA,CERRADA DEFINITIVAMENTE,MONOLINGUE,MATUTINA,DIARIO(REGULAR),GUATEMALA ORIENTE
00-05-2485-42,,CIUDAD CAPITAL,ZONA 5,EPDP ANEXA A 'COLEGIO CRISTIANO EBENEZER',28 CALLE 17-52,,,,PARVULOS,PRIVADO,URBANA,CERRADA DEFINITIVAMENTE,MONOLINGUE,MATUTINA,DIARIO(REGULAR),GUATEMALA ORIENTE
00-05-2486-42,01-314,CIUDAD CAPITAL,ZONA 5,LICEO CRISTIANO 'ROCA DE AYUDA',13 AV. 27-27,23798535,PLINIO IVAN HERNANDEZ,,PARVULOS,PRIVADO,URBANA,CERRADA DEFINITIVAMENTE,MONOLINGUE,MATUTINA,DIARIO(REGULAR),GUATEMALA ORIENTE
00-05-2486-43,01-314,CIUDAD CAPITAL,ZONA 5,LICEO CRISTIANO 'ROCA DE AYUDA' JM,13AV 27-27,23798535,PLINIO IVAN HERNANDEZ,,PRIMARIA,PRIVADO,URBANA,CERRADA DEFINITIVAMENTE,MONOLINGUE,MATUTINA,DIARIO(REGULAR),GUATEMALA ORIENTE
00-05-2486-45,01-314,CIUDAD CAPITAL,ZONA 5,LICEO CRISTIANO 'ROCA DE AYUDA',13 AV. 27-27,23798535,PLINIO IVAN HERNANDEZ,,BASICO,PRIVADO,URBANA,CERRADA DEFINITIVAMENTE,MONOLINGUE,MATUTINA,DIARIO(REGULAR),GUATEMALA ORIENTE
00-05-2487-43,01-99-0158,CIUDAD CAPITAL,ZONA 5,"EOUN NO.56 'CANDIDA FRANCO ROSALES', COMPLEJO PARA LA PAZ NO.2 'REPUBLICA DEL PERU'",26 AVENIDA 32-00,23356069,PLINIO IVAN HERNANDEZ ALIÑADO,ERICK ROBERTO AMEZQUITA SANTISTEBAN,PRIMARIA,OFICIAL,URBANA,ABIERTA,MONOLINGUE,VESPERTINA,DIARIO(REGULAR),GUATEMALA ORIENTE
00-05-2488-42,01-99-0159,CIUDAD CAPITAL,ZONA 5,COLEGIO SANTA ROSA,25 AV 27-23,54120649,ERICK GUILLERMO SANCHEZ MARTINEZ,MARIA DE LOS ANGELES CHAVARRÍA BARRIOS,PARVULOS,PRIVADO,URBANA,ABIERTA,MONOLINGUE,MATUTINA,DIARIO(REGULAR),GUATEMALA ORIENTE
00-05-2489-43,01-99-0159,CIUDAD CAPITAL,ZONA 5,COLEGIO SANTA ROSA,25 AV 27-23,52018370,ERICK GUILLERMO SANCHEZ MARTINEZ,ILEANA DEL ROSARIO CHAVARRIA BARRIOS,PRIMARIA,PRIVADO,URBANA,ABIERTA,MONOLINGUE,MATUTINA,DIARIO(REGULAR),GUATEMALA ORIENTE
00-05-2490-46,01-405,CIUDAD CAPITAL,ZONA 5,LICEO GUATEMALA JORNADA NOCTURNA E INTERMEDIA,10A AV 33-03,23341680,BLANCA SARAI GUTIERREZ PINEDA,RICARDO  ORTIZ ROMERO,DIVERSIFICADO,PRIVADO,URBANA,CERRADA TEMPORALMENTE,MONOLINGUE,INTERMEDIA,DIARIO(REGULAR),GUATEMALA ORIENTE
00-05-2912-46,,CIUDAD CAPITAL,ZONA 5,LICEO MIXTO DE EDUCACION INTEGRAL,11 AV. 'A' 27-65,,,,DIVERSIFICADO,PRIVADO,URBANA,CERRADA TEMPORALMENTE,MONOLINGUE,MATUTINA,DIARIO(REGULAR),GUATEMALA ORIENTE
00-05-2946-45,01-313,CIUDAD CAPITAL,ZONA 5,CENTRO ESTUDIANTIL DE ENSEÑANZA MEDIA,17 AV. 27-52,23327777,ERICK GUILLERMO SANCHEZ MARTINEZ,,BASICO,PRIVADO,URBANA,CERRADA TEMPORALMENTE,MONOLINGUE,MATUTINA,DIARIO(REGULAR),GUATEMALA ORIENTE
00-05-2955-46,,CIUDAD CAPITAL,ZONA 5,CENTRO ESTUDIANTIL DE ENSEÑANZA MEDIA,12 AV. 24-47,,,,DIVERSIFICADO,PRIVADO,URBANA,CERRADA DEFINITIVAMENTE,MONOLINGUE,MATUTINA,DIARIO(REGULAR),GUATEMALA ORIENTE
00-05-3064-46,,CIUDAD CAPITAL,ZONA 5,INSTITUTO NACIONAL DE FORMACION TECNICA,28 AVENIDA 'A' 33-50,,,,DIVERSIFICADO,OFICIAL,URBANA,CERRADA DEFINITIVAMENTE,MONOLINGUE,MATUTINA,DIARIO(REGULAR),GUATEMALA ORIENTE
00-05-3067-46,01-313,CIUDAD CAPITAL,ZONA 5,CENTRO ESTUDIANTIL DE ENSEÑANZA MEDIA,17 AVE 27-52,23327777,ERICK GUILLERMO SANCHEZ MARTINEZ,SIN DATO,DIVERSIFICADO,PRIVADO,URBANA,CERRADA TEMPORALMENTE,MONOLINGUE,MATUTINA,DIARIO(REGULAR),GUATEMALA ORIENTE
00-05-3100-43,01-313,CIUDAD CAPITAL,ZONA 5,EOUM NO. 157 'NIÑOS DE NORUEGA',"20 CALLE 32 AVE FINAL, COL SAN JOSE EL ESFUERZO",,ERICK GUILLERMO SANCHEZ MARTINEZ,,PRIMARIA,OFICIAL,URBANA,CERRADA TEMPORALMENTE,MONOLINGUE,VESPERTINA,DIARIO(REGULAR),GUATEMALA ORIENTE
00-05-3104-42,01-99-0159,CIUDAD CAPITAL,ZONA 5,NO.156 NIÑOS DE NORUEGA,"32 AVE. 20 CALLE FINAL , COL ESFUERZO,",30594109,ERICK GUILLERMO SANCHEZ MARTINEZ,KARLIK DANIEL LÓPEZ BARRERA,PARVULOS,OFICIAL,URBANA,ABIERTA,MONOLINGUE,MATUTINA,DIARIO(REGULAR),GUATEMALA ORIENTE
00-05-3151-45,,CIUDAD CAPITAL,ZONA 5,COLEGIO BILINGUE PRE-UNIVERSITARIO,12 CALLE 'B' 40-81 JARDINES DE ASUNCION,,,,BASICO,PRIVADO,URBANA,CERRADA TEMPORALMENTE,MONOLINGUE,VESPERTINA,DIARIO(REGULAR),GUATEMALA ORIENTE
00-05-3152-46,,CIUDAD CAPITAL,ZONA 5,CENTRO INDUSTRIAL #6 ANEXO ESCUELA 'REPUBLICA DE LIBANO',23 CALLE 32-40 ZONA 5,,,,DIVERSIFICADO,OFICIAL,URBANA,CERRADA DEFINITIVAMENTE,MONOLINGUE,VESPERTINA,DIARIO(REGULAR),GUATEMALA ORIENTE
00-05-4075-45,,CIUDAD CAPITAL,ZONA 5,LICEO 'GUATEMALA',10A. AVENIDA 33-03,,,,BASICO,PRIVADO,URBANA,CERRADA DEFINITIVAMENTE,MONOLINGUE,INTERMEDIA,DIARIO(REGULAR),GUATEMALA ORIENTE
00-05-4382-42,,CIUDAD CAPITAL,ZONA 5,CENTRO EDUCATIVO INFANTIL 'STEPS',15 AVENIDA 14-63 ZONA 5,,,,PARVULOS,PRIVADO,URBANA,CERRADA DEFINITIVAMENTE,MONOLINGUE,MATUTINA,DIARIO(REGULAR),GUATEMALA ORIENTE
00-05-4528-46,,CIUDAD CAPITAL,ZONA 5,INSTITUTO PARTICULAR MIXTO NOCTURNO 'GUATEMALA',20 CALLE 43-01,,,,DIVERSIFICADO,PRIVADO,URBANA,CERRADA DEFINITIVAMENTE,MONOLINGUE,INTERMEDIA,DIARIO(REGULAR),GUATEMALA ORIENTE
00-05-4563-45,01-405,CIUDAD CAPITAL,ZONA 5,CENTRO ESTUDIANTIL DE ENSEÑANZA MEDIA,26 CALLE 12-54,,BLANCA SARAI GUTIERREZ PINEDA,,BASICO,PRIVADO,URBANA,CERRADA TEMPORALMENTE,MONOLINGUE,NOCTURNA,DIARIO(REGULAR),GUATEMALA ORIENTE
00-05-4564-46,,CIUDAD CAPITAL,ZONA 5,CENTRO ESTUDIANTIL DE ENSEÑANZA MEDIA,26 CALLE 12-54,,,,DIVERSIFICADO,PRIVADO,URBANA,CERRADA DEFINITIVAMENTE,MONOLINGUE,NOCTURNA,DIARIO(REGULAR),GUATEMALA ORIENTE
00-05-4669-45,01-99-0160,CIUDAD CAPITAL,ZONA 5,CENTRO EDUCATIVO ACRÓPOLIS,"12 CALLE  B  40-81, JARDINES DE LA ASUNCION",23360138,NORMA MARITZA RAMOS PÉREZ,SANDRA PATRICIA ALVAREZ TZÚN,BASICO,PRIVADO,URBANA,ABIERTA,MONOLINGUE,MATUTINA,DIARIO(REGULAR),GUATEMALA ORIENTE
00-05-4694-42,,CIUDAD CAPITAL,ZONA 5,COLEGIO EVANGELICO DEL CORDERO DE DIOS,36 AVENIDA 18-09 ZONA 5,,,,PARVULOS,PRIVADO,URBANA,CERRADA TEMPORALMENTE,MONOLINGUE,MATUTINA,DIARIO(REGULAR),GUATEMALA ORIENTE
00-05-4710-43,,CIUDAD CAPITAL,ZONA 5,COLEGIO EVANGELICO DEL CORDERO DE DIOS,36 AVENIDA 18-09,,,,PRIMARIA,PRIVADO,URBANA,CERRADA TEMPORALMENTE,MONOLINGUE,MATUTINA,DIARIO(REGULAR),GUATEMALA ORIENTE
00-05-4770-42,01-314,CIUDAD CAPITAL,ZONA 5,JARDIN INFANTIL 'LAS FLORECITAS',"31 AVE 28-13, ZONA 5",23354523,PLINIO IVAN HERNANDEZ,,PARVULOS,PRIVADO,URBANA,CERRADA TEMPORALMENTE,MONOLINGUE,MATUTINA,DIARIO(REGULAR),GUATEMALA ORIENTE
00-05-6821-43,,CIUDAD CAPITAL,ZONA 5,EOUM 'NUESTRA SEÑORA DE LOURDES',41 AVE. Y 12 CALLE B JARDINES DE LA ASUNCION ZONA 5,,,,PRIMARIA,OFICIAL,URBANA,CERRADA DEFINITIVAMENTE,MONOLINGUE,VESPERTINA,DIARIO(REGULAR),GUATEMALA ORIENTE
00-05-6911-42,,CIUDAD CAPITAL,ZONA 5,CENTRO EDUCATIVO INFANTIL 'TRAVESURAS',33 AV.'A' 28-31 ZONA 5 COL. SANTA ANA,23354670,,,PARVULOS,PRIVADO,URBANA,CERRADA TEMPORALMENTE,MONOLINGUE,MATUTINA,DIARIO(REGULAR),GUATEMALA ORIENTE
00-05-6912-42,,CIUDAD CAPITAL,ZONA 5,COLEGIO MIXTO NUESTRA SEÑORA DE SANTA ANA,30 CALLE 32-38 ZONA 5,,,,PARVULOS,PRIVADO,URBANA,CERRADA DEFINITIVAMENTE,MONOLINGUE,MATUTINA,DIARIO(REGULAR),GUATEMALA ORIENTE
00-05-6913-43,01-313,CIUDAD CAPITAL,ZONA 5,CENTRO EDUCACIONAL MINERVA,13 AV. 25-74,23325242,ERICK GUILLERMO SANCHEZ MARTINEZ,,PRIMARIA,PRIVADO,URBANA,CERRADA TEMPORALMENTE,MONOLINGUE,MATUTINA,DIARIO(REGULAR),GUATEMALA ORIENTE
00-05-7017-43,,CIUDAD CAPITAL,ZONA 5,EORM #44 UNIDAD ESCOLAR 25 DE JUNIO,26 AV. 32-00,,,,PRIMARIA,OFICIAL,URBANA,CERRADA DEFINITIVAMENTE,MONOLINGUE,MATUTINA,DIARIO(REGULAR),GUATEMALA ORIENTE
00-05-7131-43,,CIUDAD CAPITAL,ZONA 5,EOUM,COLONIA EL ESFUERZO 20 CALLE Y 32 AVE. FINAL,,,,PRIMARIA,OFICIAL,URBANA,CERRADA DEFINITIVAMENTE,MONOLINGUE,VESPERTINA,DIARIO(REGULAR),GUATEMALA ORIENTE
00-05-7274-43,,CIUDAD CAPITAL,ZONA 5,EOUV NO.20 'REPUBLICA DEL ECUADOR',23 CALLE A 35-56,,,,PRIMARIA,OFICIAL,URBANA,CERRADA DEFINITIVAMENTE,MONOLINGUE,VESPERTINA,DIARIO(REGULAR),GUATEMALA ORIENTE
00-05-7344-43,,CIUDAD CAPITAL,ZONA 5,CEES ANEXO A EOUM DE JUNIO COMPLEJO PARA LA PAZ,26 AVE. 32-00,,,,PRIMARIA,OFICIAL,URBANA,CERRADA DEFINITIVAMENTE,MONOLINGUE,MATUTINA,DIARIO(REGULAR),GUATEMALA ORIENTE
00-05-7353-44,,CIUDAD CAPITAL,ZONA 5,ESCUELA NACIONAL NOCTURNA PARA OBRERAS NO.1 'LOS CIPRESALES',34 AV. 13-73,,,,PRIMARIA DE ADULTOS,OFICIAL,URBANA,CERRADA DEFINITIVAMENTE,MONOLINGUE,NOCTURNA,DIARIO(REGULAR),GUATEMALA ORIENTE
00-05-7360-43,,CIUDAD CAPITAL,ZONA 5,CEES ANEXO EOUM 25 DE JUNIO COMPLEJO EDUCATIVO PARA LA PAZ,26 AVE. 32-00,,,,PRIMARIA,OFICIAL,URBANA,CERRADA DEFINITIVAMENTE,MONOLINGUE,MATUTINA,DIARIO(REGULAR),GUATEMALA ORIENTE
00-05-7362-43,,CIUDAD CAPITAL,ZONA 5,COLEGIO MIXTO UNION,26 AV. 25-45 COLONIA LABOR,23604026,,,PRIMARIA,PRIVADO,URBANA,CERRADA TEMPORALMENTE,MONOLINGUE,MATUTINA,DIARIO(REGULAR),GUATEMALA ORIENTE
00-05-7363-45,,CIUDAD CAPITAL,ZONA 5,COLEGIO MIXTO UNION,26 AV. 25-45 COLONIA LABOR,23604026,,,BASICO,PRIVADO,URBANA,CERRADA TEMPORALMENTE,MONOLINGUE,MATUTINA,DIARIO(REGULAR),GUATEMALA ORIENTE
00-05-7384-42,01-314,CIUDAD CAPITAL,ZONA 5,"COLEGIO MIXTO PRIVADO ""LA META DEL SABER""",27 AV. 27-31,23311657,PLINIO IVAN HERNANDEZ,SAIDÉ EUNICE VELÁSQUEZ PÉREZ,PARVULOS,PRIVADO,URBANA,CERRADA TEMPORALMENTE,MONOLINGUE,MATUTINA,DIARIO(REGULAR),GUATEMALA ORIENTE
00-05-7385-43,01-314,CIUDAD CAPITAL,ZONA 5,"COLEGIO MIXTO PRIVADO ""LA META DEL SABER""",27AV. 27-31,23311657,PLINIO IVAN HERNANDEZ,JOSEFINA BEATRIZ GUZMAN VELASQUEZ,PRIMARIA,PRIVADO,URBANA,CERRADA TEMPORALMENTE,MONOLINGUE,MATUTINA,DIARIO(REGULAR),GUATEMALA ORIENTE
00-05-7571-42,01-99-0159,CIUDAD CAPITAL,ZONA 5,COLEGIO MONTECRISTO,28 CALLE 17-52 COLONIA SAN PEDRITO,23356034,ERICK GUILLERMO SANCHEZ MARTINEZ,LETICIA CATALINA VELÁSQUEZ ARIAS,PARVULOS,PRIVADO,URBANA,ABIERTA,MONOLINGUE,MATUTINA,DIARIO(REGULAR),GUATEMALA ORIENTE
00-05-7572-43,01-99-0159,CIUDAD CAPITAL,ZONA 5,COLEGIO MONTECRISTO,28 CALLE 17-52 COLONIA SAN PEDRITO,23356034,ERICK GUILLERMO SANCHEZ MARTINEZ,ELIDA BERÓNICA ARIAS CRUZ,PRIMARIA,PRIVADO,URBANA,ABIERTA,MONOLINGUE,MATUTINA,DIARIO(REGULAR),GUATEMALA ORIENTE
00-05-7629-45,,CIUDAD CAPITAL,ZONA 5,COLEGIO MIXTO 'GUILLERMO SANTOS HERARTE',22 CALLE 41-37,,,,BASICO,PRIVADO,URBANA,CERRADA DEFINITIVAMENTE,MONOLINGUE,NOCTURNA,DIARIO(REGULAR),GUATEMALA ORIENTE
00-05-7679-46,,CIUDAD CAPITAL,ZONA 5,COLEGIO MIXTO PRIVADO 'LA PALMITA',27 CALLE 17-33,23364590,,,DIVERSIFICADO,PRIVADO,URBANA,CERRADA DEFINITIVAMENTE,MONOLINGUE,MATUTINA,FIN DE SEMANA,GUATEMALA ORIENTE
00-05-7730-43,01-306,CIUDAD CAPITAL,ZONA 5,CENTRO EDUCATIVO INFANTIL 'TRAVESURAS',"28 CALLE 29-33, COLONIA SANTA ANA",,JESABEL GARCÍA GONZÁLEZ,,PRIMARIA,PRIVADO,URBANA,CERRADA TEMPORALMENTE,MONOLINGUE,MATUTINA,DIARIO(REGULAR),GUATEMALA ORIENTE
00-05-7775-46,01-314,CIUDAD CAPITAL,ZONA 5,LICEO CRISTIANO 'ROCA DE AYUDA',13 AVENIDA 27-27,23322264,PLINIO IVAN HERNANDEZ,,DIVERSIFICADO,PRIVADO,URBANA,CERRADA DEFINITIVAMENTE,MONOLINGUE,MATUTINA,DIARIO(REGULAR),GUATEMALA ORIENTE
00-05-7799-45,01-99-0159,CIUDAD CAPITAL,ZONA 5,ESCUELA MILITAR DE MUSICA MAESTRO  RAFAEL ALVAREZ OVALLE,23 AVENIDA FINAL 32-36,39985717,ERICK GUILLERMO SANCHEZ MARTINEZ,LESLY ERASMO VELÁSQUEZ RIVERA,BASICO,OFICIAL,URBANA,ABIERTA,MONOLINGUE,DOBLE,DIARIO(REGULAR),GUATEMALA ORIENTE
00-05-7800-42,01-99-0158,CIUDAD CAPITAL,ZONA 5,EODP ANEXA A EOUN NO.37  EUGENIO MARIA DE HOSTOS,27 AVENIDA  A  24-27,,PLINIO IVAN HERNANDEZ ALIÑADO,ALBA DOLORES PÉREZ NAJERA,PARVULOS,OFICIAL,URBANA,ABIERTA,MONOLINGUE,VESPERTINA,DIARIO(REGULAR),GUATEMALA ORIENTE
00-05-7812-43,01-99-0160,CIUDAD CAPITAL,ZONA 5,COLEGIO 'LOS NIÑOS DE SANTA MARIA',36 AVENIDA 12-37 JARDINES DE LA ASUNCION,23349314,NORMA MARITZA RAMOS PÉREZ,LAURA VERÓNICA MONZÓN CARCAMO,PRIMARIA,PRIVADO,URBANA,ABIERTA,MONOLINGUE,MATUTINA,DIARIO(REGULAR),GUATEMALA ORIENTE
00-05-7855-42,01-99-0159,CIUDAD CAPITAL,ZONA 5,"CENTRO EDUCATIVO  PRIVADO "" ESCUELA DE VALORES"" SATHYA SAI",28 CALLE A 11-58,23323239,ERICK GUILLERMO SANCHEZ MARTINEZ,BLANCA DORA LEMUS REVOLORIO,PARVULOS,PRIVADO,URBANA,ABIERTA,MONOLINGUE,MATUTINA,DIARIO(REGULAR),GUATEMALA ORIENTE
00-05-7947-43,01-99-0158,CIUDAD CAPITAL,ZONA 5,CENTRO EDUCATIVO DESARROLLO MENTES CREATIVAS,22 CALLE 38-65 COLONIA ARRIVILLAGA,23357474,PLINIO IVAN HERNANDEZ ALIÑADO,DORYS VANESSA MELÉNDEZ CONTRERAS,PRIMARIA,PRIVADO,URBANA,ABIERTA,MONOLINGUE,MATUTINA,DIARIO(REGULAR),GUATEMALA ORIENTE
00-05-7948-43,,CIUDAD CAPITAL,ZONA 5,LICEO MIXTO EN COMPUTACION 'GUATEMALTECO SAN CARLOS',"18 CALLE 'A' 44-07, COLONIA LA CHACARA",23350996,,,PRIMARIA,PRIVADO,URBANA,CERRADA TEMPORALMENTE,MONOLINGUE,VESPERTINA,DIARIO(REGULAR),GUATEMALA ORIENTE
00-05-7949-45,01-314,CIUDAD CAPITAL,ZONA 5,LICEO MIXTO EN COMPUTACION 'GUATEMALTECO SAN CARLOS',"22 CALLE 36-49, COLONIA ARRIVILLAGA",23354018,PLINIO IVAN HERNANDEZ,,BASICO,PRIVADO,URBANA,CERRADA TEMPORALMENTE,MONOLINGUE,MATUTINA,DIARIO(REGULAR),GUATEMALA ORIENTE
00-05-7950-45,,CIUDAD CAPITAL,ZONA 5,LICEO MIXTO EN COMPUTACION 'GUATEMALTECO SAN CARLOS',"18 CALLE 'A' 44-07, COLONIA LA CHACARA",23350996,,,BASICO,PRIVADO,URBANA,CERRADA TEMPORALMENTE,MONOLINGUE,VESPERTINA,DIARIO(REGULAR),GUATEMALA ORIENTE
00-05-7951-45,01-405,CIUDAD CAPITAL,ZONA 5,LICEO MIXTO EN COMPUTACION 'GUATEMALTECO SAN CARLOS',22 CALLE 36-49 COLONIA ARRIVILLAGA,23354018,BLANCA SARAI GUTIERREZ PINEDA,,BASICO,PRIVADO,URBANA,CERRADA TEMPORALMENTE,MONOLINGUE,DOBLE,FIN DE SEMANA,GUATEMALA ORIENTE
00-05-7952-46,,CIUDAD CAPITAL,ZONA 5,LICEO MIXTO EN COMPUTACION 'GUATEMALTECO SAN CARLOS',22 CALLE 36-49 COLONIA ARRIVILLAGA,23350996,,,DIVERSIFICADO,PRIVADO,URBANA,CERRADA TEMPORALMENTE,MONOLINGUE,NOCTURNA,DIARIO(REGULAR),GUATEMALA ORIENTE
00-05-7953-46,01-405,CIUDAD CAPITAL,ZONA 5,LICEO MIXTO EN COMPUTACION  GUATEMALTECO SAN CARLOS,22 CALLE 36-49 COLONIA ARRIVILLAGA 22 CALLE 36-49 ZONA 5 COLONIA ARRIVILLAGA,23354018,BLANCA SARAI GUTIERREZ PINEDA,LICDA. DORIS ZUNUN CARRERA,DIVERSIFICADO,PRIVADO,URBANA,CERRADA TEMPORALMENTE,MONOLINGUE,DOBLE,FIN DE SEMANA,GUATEMALA ORIENTE
00-05-7955-46,01-314,CIUDAD CAPITAL,ZONA 5,LICEO MIXTO EN COMPUTACION  GUATEMALTECO SAN CARLOS,22 CALLE 36-49 COLONIA ARRIVILLAGA,23354018,PLINIO IVAN HERNANDEZ,,DIVERSIFICADO,PRIVADO,URBANA,CERRADA TEMPORALMENTE,MONOLINGUE,MATUTINA,DIARIO(REGULAR),GUATEMALA ORIENTE
00-05-7979-45,,CIUDAD CAPITAL,ZONA 5,COLEGIO MIXTO 'LA PALMITA',27 CALLE 17-33,23364590,,,BASICO,PRIVADO,URBANA,CERRADA DEFINITIVAMENTE,MONOLINGUE,MATUTINA,DIARIO(REGULAR),GUATEMALA ORIENTE
00-05-7980-46,,CIUDAD CAPITAL,ZONA 5,COLEGIO MIXTO 'LA PALMITA',27 CALLE 17-33,23364590,,,DIVERSIFICADO,PRIVADO,URBANA,CERRADA DEFINITIVAMENTE,MONOLINGUE,MATUTINA,DIARIO(REGULAR),GUATEMALA ORIENTE
00-05-7981-44,,CIUDAD CAPITAL,ZONA 5,COLEGIO MIXTO 'LA PALMITA',27 CALLE 17-33,23364590,,,PRIMARIA DE ADULTOS,PRIVADO,URBANA,CERRADA DEFINITIVAMENTE,MONOLINGUE,MATUTINA,FIN DE SEMANA,GUATEMALA ORIENTE
00-05-7982-44,,CIUDAD CAPITAL,ZONA 5,COLEGIO MIXTO 'LA PALMITA',27 CALLE 17-33,23364590,,,PRIMARIA DE ADULTOS,PRIVADO,URBANA,CERRADA DEFINITIVAMENTE,MONOLINGUE,VESPERTINA,FIN DE SEMANA,GUATEMALA ORIENTE
00-05-7983-46,01-,CIUDAD CAPITAL,ZONA 5,COLEGIO MIXTO  LA PALMITA,27 CALLE 17-33,23364590,MARIA FELICITA ROQUE CARRERA,,DIVERSIFICADO,PRIVADO,URBANA,CERRADA DEFINITIVAMENTE,MONOLINGUE,VESPERTINA,FIN DE SEMANA,GUATEMALA ORIENTE
00-05-7984-45,,CIUDAD CAPITAL,ZONA 5,COLEGIO MIXTO 'LA PALMITA',27 CALLE 17-33,23364590,,,BASICO,PRIVADO,URBANA,CERRADA DEFINITIVAMENTE,MONOLINGUE,MATUTINA,FIN DE SEMANA,GUATEMALA ORIENTE
00-05-7985-45,,CIUDAD CAPITAL,ZONA 5,COLEGIO MIXTO 'LA PALMITA',27 CALLE 17-33,23364590,,,BASICO,PRIVADO,URBANA,CERRADA DEFINITIVAMENTE,MONOLINGUE,VESPERTINA,FIN DE SEMANA,GUATEMALA ORIENTE
00-05-7987-42,01-314,CIUDAD CAPITAL,ZONA 5,COLEGIO MIXTO CATOLICO VIRGEN PODEROSA,21 CALLE 'A' 38-65,23354537,PLINIO IVAN HERNANDEZ,,PARVULOS,PRIVADO,URBANA,CERRADA TEMPORALMENTE,MONOLINGUE,MATUTINA,DIARIO(REGULAR),GUATEMALA ORIENTE
00-05-7988-43,01-314,CIUDAD CAPITAL,ZONA 5,COLEGIO MIXTO CATOLICO VIRGEN PODEROSA,21 CALLE 'A' 38-65,23354537,PLINIO IVAN HERNANDEZ,,PRIMARIA,PRIVADO,URBANA,CERRADA TEMPORALMENTE,MONOLINGUE,MATUTINA,DIARIO(REGULAR),GUATEMALA ORIENTE
00-05-8102-46,01-313,CIUDAD CAPITAL,ZONA 5,INSTITUTO ESCRITURA VELOZ (SPEEDWRITING),27 CALLE 23-14,23316077,ERICK GUILLERMO SANCHEZ MARTINEZ,,DIVERSIFICADO,PRIVADO,URBANA,CERRADA TEMPORALMENTE,MONOLINGUE,MATUTINA,DIARIO(REGULAR),GUATEMALA ORIENTE
00-05-8160-45,,CIUDAD CAPITAL,ZONA 5,CENTRO EDUCACIONAL MINERVA 'CEDMA',13 AVE. 25-74,23325242,,,BASICO,PRIVADO,URBANA,CERRADA TEMPORALMENTE,MONOLINGUE,MATUTINA,FIN DE SEMANA,GUATEMALA ORIENTE
00-05-8161-46,,CIUDAD CAPITAL,ZONA 5,CENTRO EDUCACIONAL MINERVA 'CEDMA',13 AVE. 25-74,23325242,,,DIVERSIFICADO,PRIVADO,URBANA,CERRADA TEMPORALMENTE,MONOLINGUE,MATUTINA,FIN DE SEMANA,GUATEMALA ORIENTE
00-05-8194-45,01-99-0158,CIUDAD CAPITAL,ZONA 5,INEB PARA VARONES TECUN UMAN,14 AVE. 25-07 COLONIA 25 DE JUNIO,58710823,PLINIO IVAN HERNANDEZ ALIÑADO,SONIA MARGARITA MORALES SANDOVAL,BASICO,OFICIAL,URBANA,ABIERTA,MONOLINGUE,MATUTINA,DIARIO(REGULAR),GUATEMALA ORIENTE
00-05-8210-42,,CIUDAD CAPITAL,ZONA 5,COLEGIO LOS NIÑOS DE SANTA MARIA,36AV. 12-37 ZONA 5 JARDINES DE LA ASUNCION,23349314,,,PARVULOS,PRIVADO,URBANA,CERRADA DEFINITIVAMENTE,MONOLINGUE,MATUTINA,DIARIO(REGULAR),GUATEMALA ORIENTE
00-05-8211-42,01-99-0160,CIUDAD CAPITAL,ZONA 5,COLEGIO LOS NIÑOS DE SANTA MARIA,36 AV. 12-37 JARDINES DE LA ASUNCION,23349314,NORMA MARITZA RAMOS PÉREZ,LAURA VERÓNICA MONZÓN CARCAMO,PARVULOS,PRIVADO,URBANA,ABIERTA,MONOLINGUE,MATUTINA,DIARIO(REGULAR),GUATEMALA ORIENTE
00-05-8233-46,01-99-0160,CIUDAD CAPITAL,ZONA 5,CENTRO EDUCATIVO ACRÓPOLIS,12 CALLE B 40-81 JARDINES DE LA ASUNCION,23360138,NORMA MARITZA RAMOS PÉREZ,SANDRA PATRICIA ALVAREZ TZÚN,DIVERSIFICADO,PRIVADO,URBANA,ABIERTA,MONOLINGUE,MATUTINA,DIARIO(REGULAR),GUATEMALA ORIENTE
00-05-8265-42,,CIUDAD CAPITAL,ZONA 5,COLEGIO MIXTO 'JOSE GUILLERMO SANTOS HERRARTE',22 CALLE 41-37 ZONA 5,,,,PARVULOS,PRIVADO,URBANA,CERRADA TEMPORALMENTE,MONOLINGUE,MATUTINA,DIARIO(REGULAR),GUATEMALA ORIENTE
00-05-8266-43,,CIUDAD CAPITAL,ZONA 5,COLEGIO MIXTO 'JOSE GUILLERMO SANTOS HERRARTE',22 CALLE 41-37,,,,PRIMARIA,PRIVADO,URBANA,CERRADA TEMPORALMENTE,MONOLINGUE,MATUTINA,DIARIO(REGULAR),GUATEMALA ORIENTE
00-05-8267-42,01-313,CIUDAD CAPITAL,ZONA 5,LICEO MIXTO  NUESTRA SEÑORA DE MEDJUGORJE,"21 CALLE  A  38-65, COLONIA ARRIVILLAGA",23354385,ERICK GUILLERMO SANCHEZ MARTINEZ,,PARVULOS,PRIVADO,URBANA,CERRADA TEMPORALMENTE,MONOLINGUE,MATUTINA,DIARIO(REGULAR),GUATEMALA ORIENTE
00-05-8268-43,01-313,CIUDAD CAPITAL,ZONA 5,LICEO MIXTO 'NUESTRA SEÑORA DE MEDJUGORJE',21 CALLE 'A' 38-65,23354385,ERICK GUILLERMO SANCHEZ MARTINEZ,,PRIMARIA,PRIVADO,URBANA,CERRADA TEMPORALMENTE,MONOLINGUE,MATUTINA,DIARIO(REGULAR),GUATEMALA ORIENTE
00-05-8269-45,01-313,CIUDAD CAPITAL,ZONA 5,LICEO MIXTO 'NUESTRA SEÑORA DE MEDJUGORJE',21 CALLE 'A' 38-65,23354385,ERICK GUILLERMO SANCHEZ MARTINEZ,,BASICO,PRIVADO,URBANA,CERRADA TEMPORALMENTE,MONOLINGUE,MATUTINA,DIARIO(REGULAR),GUATEMALA ORIENTE
00-05-8283-46,01-99-0159,CIUDAD CAPITAL,ZONA 5,COLEGIO EVANGELICO MIXTO  ADONAI,30  CALLE 16-00 SAN PEDRITO,23354466,ERICK GUILLERMO SANCHEZ MARTINEZ,ANA LUISA GUERRA CASTAÑEDA,DIVERSIFICADO,PRIVADO,URBANA,ABIERTA,MONOLINGUE,MATUTINA,DIARIO(REGULAR),GUATEMALA ORIENTE
00-05-8363-43,,CIUDAD CAPITAL,ZONA 5,CEES ANEXO A EOUN NO. 88 ROMULO GALLEGOS,43 AVE. 10-19 COLONIA FERROCARRILERO,,,,PRIMARIA,OFICIAL,URBANA,CERRADA TEMPORALMENTE,MONOLINGUE,MATUTINA,DIARIO(REGULAR),GUATEMALA ORIENTE
00-05-8400-43,01-99-0159,CIUDAD CAPITAL,ZONA 5,CENTRO EDUCATIVO PRIVADO 'ESCUELA DE VALORES SATHYA SAI',28 CALLE  A  11-58,23323239,ERICK GUILLERMO SANCHEZ MARTINEZ,CARMEN LUCIA RODRIGUEZ MARCUCCI DE ENRIQUEZ,PRIMARIA,PRIVADO,URBANA,ABIERTA,MONOLINGUE,MATUTINA,DIARIO(REGULAR),GUATEMALA ORIENTE
00-05-8475-46,01-405,CIUDAD CAPITAL,ZONA 5,CENTRO ESTUDIANTIL DE ENSEÑANZA MEDIA (POR MADUREZ),17 AV. 27-52,23327777,BLANCA SARAI GUTIERREZ PINEDA,SIN DATO,DIVERSIFICADO,PRIVADO,URBANA,CERRADA TEMPORALMENTE,MONOLINGUE,DOBLE,FIN DE SEMANA,GUATEMALA ORIENTE
00-05-8494-45,01-405,CIUDAD CAPITAL,ZONA 5,CENTRO ESTUDIANTIL DE ENSEÑANZA MEDIA (POR MADUREZ),17 AVENIDA 27-52,23327777,BLANCA SARAI GUTIERREZ PINEDA,,BASICO,PRIVADO,URBANA,CERRADA TEMPORALMENTE,MONOLINGUE,DOBLE,FIN DE SEMANA,GUATEMALA ORIENTE
00-05-8528-43,,CIUDAD CAPITAL,ZONA 5,LICEO GUATEMALTECO EN ESTUDIOS DE COMPUTACION,19 AVENIDA 27-11 COLONIA SAN PEDRITO,23623262,,,PRIMARIA,PRIVADO,URBANA,CERRADA TEMPORALMENTE,MONOLINGUE,MATUTINA,DIARIO(REGULAR),GUATEMALA ORIENTE
00-05-8529-45,01-405,CIUDAD CAPITAL,ZONA 5,LICEO GUATEMALTECO DE ESTUDIOS EN COMPUTACION,19 AVENIDA 27-11 COLONIA SAN PEDRITO,23623262,BLANCA SARAI GUTIERREZ PINEDA,,BASICO,PRIVADO,URBANA,CERRADA TEMPORALMENTE,MONOLINGUE,NOCTURNA,DIARIO(REGULAR),GUATEMALA ORIENTE
00-05-8530-45,01-405,CIUDAD CAPITAL,ZONA 5,LICEO GUATEMALTECO EN ESTUDIOS DE COMPUTACION,19 AVENIDA 27-11 COLONIA SAN PEDRITO,23623262,BLANCA SARAI GUTIERREZ PINEDA,,BASICO,PRIVADO,URBANA,CERRADA TEMPORALMENTE,MONOLINGUE,DOBLE,FIN DE SEMANA,GUATEMALA ORIENTE
00-05-8531-46,01-,CIUDAD CAPITAL,ZONA 5,LICEO GUATEMALTECO EN ESTUDIOS DE COMPUTACION,19 AVENIDA 27-11 COLONIA SAN PEDRITO,23623262,MARIA FELICITA ROQUE CARRERA,,DIVERSIFICADO,PRIVADO,URBANA,CERRADA TEMPORALMENTE,MONOLINGUE,MATUTINA,DIARIO(REGULAR),GUATEMALA ORIENTE
00-05-8546-45,,CIUDAD CAPITAL,ZONA 5,LICEO GUATEMALTECO DE ESTUDIOS EN COMPUTACION,"19 AVENIDA 27-11, COLONIA SAN PEDRITO",23623262,,,BASICO,PRIVADO,URBANA,CERRADA TEMPORALMENTE,MONOLINGUE,MATUTINA,DIARIO(REGULAR),GUATEMALA ORIENTE
00-05-8557-46,01-405,CIUDAD CAPITAL,ZONA 5,LICEO GUATEMALTECO DE ESTUDIOS EN COMPUTACION,19AV. 27-11 ZONA 5 COLONIA SAN PEDRITO,23623262,BLANCA SARAI GUTIERREZ PINEDA,,DIVERSIFICADO,PRIVADO,URBANA,CERRADA TEMPORALMENTE,MONOLINGUE,DOBLE,FIN DE SEMANA,GUATEMALA ORIENTE
00-05-8558-44,,CIUDAD CAPITAL,ZONA 5,LICEO GUATEMALTECO EN ESTUDIOS DE COMPUTACION,19 AV. N.27-11,23623262,,,PRIMARIA DE ADULTOS,PRIVADO,URBANA,CERRADA TEMPORALMENTE,MONOLINGUE,DOBLE,FIN DE SEMANA,GUATEMALA ORIENTE
00-05-8564-42,01-313,CIUDAD CAPITAL,ZONA 5,COLEGIO MIXTO 'HEBREO',"19 CALLE 44-27, COLONIA LA CHACARA","3363727, 3348588",ERICK GUILLERMO SANCHEZ MARTINEZ,,PARVULOS,PRIVADO,URBANA,CERRADA TEMPORALMENTE,MONOLINGUE,MATUTINA,DIARIO(REGULAR),GUATEMALA ORIENTE
00-05-8565-43,01-313,CIUDAD CAPITAL,ZONA 5,COLEGIO MIXTO 'HEBREO',"19 CALLE 44-27, COLONIA LA CHACARA","3363727, 3348588",ERICK GUILLERMO SANCHEZ MARTINEZ,,PRIMARIA,PRIVADO,URBANA,CERRADA TEMPORALMENTE,MONOLINGUE,MATUTINA,DIARIO(REGULAR),GUATEMALA ORIENTE
00-05-8587-46,,CIUDAD CAPITAL,ZONA 5,INSTITUTO TECNICO NOCTURNO PROF. LEONOR QUIROA DE MELGAR,34 AV. 13-73 ZONA 5,,,,DIVERSIFICADO,OFICIAL,URBANA,CERRADA DEFINITIVAMENTE,MONOLINGUE,NOCTURNA,DIARIO(REGULAR),GUATEMALA ORIENTE
00-05-8616-42,01-314,CIUDAD CAPITAL,ZONA 5,COLEGIO 'JARDIN VIRGEN DE PORTUGAL',32 AVENIDA 'A' 29-06,23355242,PLINIO IVAN HERNANDEZ,,PARVULOS,PRIVADO,URBANA,CERRADA DEFINITIVAMENTE,MONOLINGUE,MATUTINA,DIARIO(REGULAR),GUATEMALA ORIENTE
00-05-8631-42,01-314,CIUDAD CAPITAL,ZONA 5,CENTRO EDUCATIVO CRSITIANO PIEDRECITAS VIVAS,"21 CALLE FINAL 19AV., LOTE 290, COLONIA LOURDES II",22323269,PLINIO IVAN HERNANDEZ,JOSE RICARDO CRUZ PINTO,PARVULOS,PRIVADO,URBANA,CERRADA TEMPORALMENTE,MONOLINGUE,MATUTINA,DIARIO(REGULAR),GUATEMALA ORIENTE
00-05-8632-43,01-314,CIUDAD CAPITAL,ZONA 5,CENTRO EDUCATIVO CRISTIANO PIEDRECITAS VIVAS,"21 CALLE FINAL 19AV., LOTE 290, COLONIA LOURDES II",22323269,PLINIO IVAN HERNANDEZ,JOSE RICARDO CRUZ PINTO,PRIMARIA,PRIVADO,URBANA,CERRADA TEMPORALMENTE,MONOLINGUE,MATUTINA,DIARIO(REGULAR),GUATEMALA ORIENTE
00-05-8661-42,01-99-0159,CIUDAD CAPITAL,ZONA 5,EODP ANEXA A EOUN NO.76  REPUBLICA DE LIBANO,23 CALLE 32-40,23356380,ERICK GUILLERMO SANCHEZ MARTINEZ,MARÍA DEL CARMEN MOLINA MAYORGA,PARVULOS,OFICIAL,URBANA,ABIERTA,MONOLINGUE,MATUTINA,DIARIO(REGULAR),GUATEMALA ORIENTE
00-05-8789-45,01-405,CIUDAD CAPITAL,ZONA 5,LICEO MIXTO GUATEMALTECO SAN CARLOS,22 CALLE 36-49 COLONIA ARRIVILLAGA,23354018,BLANCA SARAI GUTIERREZ PINEDA,,BASICO,PRIVADO,URBANA,CERRADA TEMPORALMENTE,MONOLINGUE,NOCTURNA,DIARIO(REGULAR),GUATEMALA ORIENTE
00-05-8859-45,01-405,CIUDAD CAPITAL,ZONA 5,LICEO MIXTO 'NUESTRA SEÑORA DE MEDJUGORJE',21 CALLE 'A' 38-65 COLONIA ARRIVILLAGA,23354385,BLANCA SARAI GUTIERREZ PINEDA,,BASICO,PRIVADO,URBANA,CERRADA TEMPORALMENTE,MONOLINGUE,MATUTINA,FIN DE SEMANA,GUATEMALA ORIENTE
00-05-8860-45,,CIUDAD CAPITAL,ZONA 5,LICEO MIXTO 'NUESTRA SEÑORA DE MEDJUGORJE',26 AVENIDA 23-64 ZONA 5,23355665,,,BASICO,PRIVADO,URBANA,CERRADA TEMPORALMENTE,MONOLINGUE,VESPERTINA,FIN DE SEMANA,GUATEMALA ORIENTE
00-05-8861-46,01-405,CIUDAD CAPITAL,ZONA 5,LICEO MIXTO 'NUESTRA SEÑORA DE MEDJUGORJE',21 CALLE 'A' 38-65 COLONIA ARRIVILLAGA,23354385,BLANCA SARAI GUTIERREZ PINEDA,,DIVERSIFICADO,PRIVADO,URBANA,CERRADA TEMPORALMENTE,MONOLINGUE,MATUTINA,FIN DE SEMANA,GUATEMALA ORIENTE
00-05-8862-46,01-405,CIUDAD CAPITAL,ZONA 5,LICEO MIXTO 'NUESTRA SEÑORA DE MEDJUGORJE',21 CALLE 'A' 38-65 COLONIA ARRIVILLAGA,23354385,BLANCA SARAI GUTIERREZ PINEDA,,DIVERSIFICADO,PRIVADO,URBANA,CERRADA TEMPORALMENTE,MONOLINGUE,VESPERTINA,FIN DE SEMANA,GUATEMALA ORIENTE
00-05-8882-42,01-99-0160,CIUDAD CAPITAL,ZONA 5,JARDIN INFANTIL  BAMBI,45 AVENIDA 18-86 SAN JOSÉ LA CHÁCARA,23361032,NORMA MARITZA RAMOS PÉREZ,DORCAS EUNICE HINESTROZA GONZALEZ,PARVULOS,PRIVADO,URBANA,ABIERTA,MONOLINGUE,MATUTINA,DIARIO(REGULAR),GUATEMALA ORIENTE
00-05-8910-42,01-314,CIUDAD CAPITAL,ZONA 5,JARDIN INFANTIL 'ATITLAN',"36 AVENIDA 22-36, COLONIA ARRIVILLAGA",23354463,PLINIO IVAN HERNANDEZ,,PARVULOS,PRIVADO,URBANA,CERRADA TEMPORALMENTE,MONOLINGUE,MATUTINA,DIARIO(REGULAR),GUATEMALA ORIENTE
00-05-8912-42,01-313,CIUDAD CAPITAL,ZONA 5,COLEGIO PRE-ESCOLAR 'PASITO A PASITO CON MI OSITO',11 AVENIDA 'B' 32-25 ZONA 5,23310668,ERICK GUILLERMO SANCHEZ MARTINEZ,,PARVULOS,PRIVADO,URBANA,CERRADA TEMPORALMENTE,MONOLINGUE,MATUTINA,DIARIO(REGULAR),GUATEMALA ORIENTE
00-05-8941-46,01-99-0159,CIUDAD CAPITAL,ZONA 5,ESCUELA MILITAR DE MÚSICA MAESTRO RAFAEL ALVAREZ OVALLE,23 AVENIDA FINAL 32-36,39985717,ERICK GUILLERMO SANCHEZ MARTINEZ,LESLY ERASMO VELÁSQUEZ RIVERA,DIVERSIFICADO,OFICIAL,URBANA,ABIERTA,MONOLINGUE,DOBLE,DIARIO(REGULAR),GUATEMALA ORIENTE
00-05-8958-42,01-001,CIUDAD CAPITAL,ZONA 5,CEIN PAIN,27 CALLE FINAL L-39 COVILLAS ZONA 5,,SANDRA LIZZETH CRUZ IZAGUIRRE,,PARVULOS,OFICIAL,URBANA,CERRADA TEMPORALMENTE,MONOLINGUE,MATUTINA,DIARIO(REGULAR),GUATEMALA ORIENTE
00-05-9008-43,01-313,CIUDAD CAPITAL,ZONA 5,COLEGIO PRE-ESCOLAR 'PASITO A PASITO CON MI OSITO',11 AVENIDA 'B' 32-25,,ERICK GUILLERMO SANCHEZ MARTINEZ,,PRIMARIA,PRIVADO,URBANA,CERRADA TEMPORALMENTE,MONOLINGUE,MATUTINA,DIARIO(REGULAR),GUATEMALA ORIENTE
00-05-9028-43,01-313,CIUDAD CAPITAL,ZONA 5,COLEGIO PARROQUIAL 'SAN JOAQUIN Y SANTA ANA',"29 CALLE 35-84, COLONIA SANTA ANA",23365369,ERICK GUILLERMO SANCHEZ MARTINEZ,,PRIMARIA,PRIVADO,URBANA,CERRADA TEMPORALMENTE,MONOLINGUE,MATUTINA,DIARIO(REGULAR),GUATEMALA ORIENTE
00-05-9060-43,01-99-0160,CIUDAD CAPITAL,ZONA 5,JARDIN INFANTIL  BAMBI,"45 AVENIDA 18-86, SAN JOSE LA CHACARA",23361032,NORMA MARITZA RAMOS PÉREZ,BANNER MANUEL AJCIP LÓPEZ,PRIMARIA,PRIVADO,URBANA,ABIERTA,MONOLINGUE,MATUTINA,DIARIO(REGULAR),GUATEMALA ORIENTE
00-05-9086-42,01-314,CIUDAD CAPITAL,ZONA 5,COLEGIO PRE-ESCOLAR  MIS PASITOS,ARCO 3 ACCESO  A  NO. 8 JARDINES DE LA ASUNCION,23350863,PLINIO IVAN HERNANDEZ,,PARVULOS,PRIVADO,URBANA,CERRADA TEMPORALMENTE,MONOLINGUE,MATUTINA,DIARIO(REGULAR),GUATEMALA ORIENTE
00-05-9120-42,01-99-0160,CIUDAD CAPITAL,ZONA 5,COLEGIO JUANITO Y JUANITA ASUNCIÓN SUR,36 AVENIDA  A  13-62,23361966,NORMA MARITZA RAMOS PÉREZ,JUANITA DE JESÚS ANDRINO BOSCH,PARVULOS,PRIVADO,URBANA,ABIERTA,MONOLINGUE,MATUTINA,DIARIO(REGULAR),GUATEMALA ORIENTE
00-05-9129-45,01-99-0159,CIUDAD CAPITAL,ZONA 5,"ESCUELA SUPERIOR DE COMERCIO Y ACADEMIA ""ROYAL""",27 CALLE 23-14,23316077,ERICK GUILLERMO SANCHEZ MARTINEZ,BLANCA ULIANOVA ALVARADO IBÁÑEZ,BASICO,PRIVADO,URBANA,ABIERTA,MONOLINGUE,MATUTINA,DIARIO(REGULAR),GUATEMALA ORIENTE
00-05-9159-45,01-99-0159,CIUDAD CAPITAL,ZONA 5,COLEGIO MIXTO SAN AGUSTIN,21 CALLE 32-38 COLONIA LA PALMITA,56152550,ERICK GUILLERMO SANCHEZ MARTINEZ,INGRID MARIELA RODRÍGUEZ GONZÁLEZ,BASICO,PRIVADO,URBANA,ABIERTA,MONOLINGUE,MATUTINA,DIARIO(REGULAR),GUATEMALA ORIENTE
00-05-9239-42,01-99-0158,CIUDAD CAPITAL,ZONA 5,CENTRO EDUCATIVO DESARROLLO MENTES CREATIVAS,22 CALLE 38-65 COLONIA ARRIVILLAGA,23357474,PLINIO IVAN HERNANDEZ ALIÑADO,DORYS VANESSA MELÉNDEZ CONTRERAS,PARVULOS,PRIVADO,URBANA,ABIERTA,MONOLINGUE,MATUTINA,DIARIO(REGULAR),GUATEMALA ORIENTE
00-05-9240-43,01-99-0160,CIUDAD CAPITAL,ZONA 5,CENTRO EDUCATIVO ACRÓPOLIS,12 CALLE  B  40-81 JARDINES DE LA ASUNCION,23360138,NORMA MARITZA RAMOS PÉREZ,YOJANA ELIZABETH CASTILLO LOARCA,PRIMARIA,PRIVADO,URBANA,ABIERTA,MONOLINGUE,MATUTINA,DIARIO(REGULAR),GUATEMALA ORIENTE
00-05-9244-42,27-003,CIUDAD CAPITAL,ZONA 5,PROGRAMA HOGARES COMUNITARIOS -SOSEP-,6TA. AV. 4-54,,LESVIA AMPARO VELASQUEZ GOMEZ,,PARVULOS,OFICIAL,URBANA,CERRADA TEMPORALMENTE,MONOLINGUE,DOBLE,DIARIO(REGULAR),GUATEMALA ORIENTE
00-05-9271-43,01-314,CIUDAD CAPITAL,ZONA 5,CEES ANEXO A EOUM NO.80 'ELISA MOLINA DE STAHL',20 CALLE 43-01 ZONA 5,,PLINIO IVAN HERNANDEZ,,PRIMARIA,OFICIAL,URBANA,CERRADA TEMPORALMENTE,MONOLINGUE,VESPERTINA,DIARIO(REGULAR),GUATEMALA ORIENTE
00-05-9286-45,01-99-0159,CIUDAD CAPITAL,ZONA 5,LICEO MIXTO 'BRITANICO GUATEMALTECO',20 AVENIDA 27-62,23357692,ERICK GUILLERMO SANCHEZ MARTINEZ,CHRISTHI MAHETZI NAVIDAD,BASICO,PRIVADO,URBANA,ABIERTA,MONOLINGUE,MATUTINA,DIARIO(REGULAR),GUATEMALA ORIENTE
00-05-9382-45,01-405,CIUDAD CAPITAL,ZONA 5,LICEO MIXTO EN COMPUTACION 'GUATEMALTECO SAN CARLOS',22 CALLE 36-49 COLONIA ARRIVILLAGA,23354018,BLANCA SARAI GUTIERREZ PINEDA,,BASICO,PRIVADO,URBANA,CERRADA TEMPORALMENTE,MONOLINGUE,DOBLE,FIN DE SEMANA,GUATEMALA ORIENTE
00-05-9421-42,01-314,CIUDAD CAPITAL,ZONA 5,ESCUELA OFICIAL DE PARVULOS,"2A. CALLE 35-04, COLONIA SANTA ANA",52755383,PLINIO IVAN HERNANDEZ,HEIDI YOLANDA GONZÁLEZ YOC,PARVULOS,OFICIAL,URBANA,CERRADA TEMPORALMENTE,MONOLINGUE,DOBLE,DIARIO(REGULAR),GUATEMALA ORIENTE
00-05-9634-45,01-99-0159,CIUDAD CAPITAL,ZONA 5,CENTRO EDUCATIVO PRIVADO ESCUELA DE VALORES SATHYA SAI,28 CALLE  A  11-69 COLONIA SAN PEDRITO,41126938,ERICK GUILLERMO SANCHEZ MARTINEZ,CARMEN LUCIA RODRIGUEZ MARCUCCI DE ENRIQUEZ,BASICO,PRIVADO,URBANA,ABIERTA,MONOLINGUE,MATUTINA,DIARIO(REGULAR),GUATEMALA ORIENTE
00-05-9679-42,01-99-0159,CIUDAD CAPITAL,ZONA 5,COLEGIO INFANTIL 'MIS PRIMERAS LETRAS',32 AVENIDA 28-36 APARTAMENTO  A  COLONIA SANTA ANA,23355947,ERICK GUILLERMO SANCHEZ MARTINEZ,INGRID LORENA ESTRADA ANDRADE,PARVULOS,PRIVADO,URBANA,ABIERTA,MONOLINGUE,MATUTINA,DIARIO(REGULAR),GUATEMALA ORIENTE
00-05-9794-46,99-001,CIUDAD CAPITAL,ZONA 5,INSTITUTO TECNICO FEMENINO,28 AVENIDA A 33-50,,SILVIA EUGENIA VALDEZ MONTERROSO DE CARBALLO,DORIS LEONOR ZUNUN CARRERA,DIVERSIFICADO,OFICIAL,URBANA,CERRADA DEFINITIVAMENTE,MONOLINGUE,VESPERTINA,DIARIO(REGULAR),GUATEMALA ORIENTE
00-05-9801-46,99-001,CIUDAD CAPITAL,ZONA 5,INSTITUTO MIXTO NOCTURNO 'JOSE BATRES MONTUFAR',28 CALLE,,SILVIA EUGENIA VALDEZ MONTERROSO DE CARBALLO,,DIVERSIFICADO,PRIVADO,URBANA,TEMPORAL TITULOS,MONOLINGUE,NOCTURNA,DIARIO(REGULAR),GUATEMALA ORIENTE
00-05-9827-46,99-001,CIUDAD CAPITAL,ZONA 5,LICEO PARTICULAR MIXTO EPISCOPAL,13 CALL EY 7A. AVENIDA,,SILVIA EUGENIA VALDEZ MONTERROSO DE CARBALLO,,DIVERSIFICADO,PRIVADO,URBANA,TEMPORAL TITULOS,MONOLINGUE,VESPERTINA,DIARIO(REGULAR),GUATEMALA ORIENTE
00-06-0001-43,01-01-0007,CIUDAD CAPITAL,ZONA 6,COLEGIO MIXTO ESTRELLITA DE COLORES,"2A. CALLE ""C"" 23-39, COLONIA LOS ANGELES",22546887,ZIZI ARELY LOPEZ CHINCHILLA,ANDREA VICTORIA CHÁVEZ GUEVARA,PRIMARIA,PRIVADO,URBANA,ABIERTA,MONOLINGUE,MATUTINA,DIARIO(REGULAR),GUATEMALA NORTE
00-06-0002-45,01-01-0010,CIUDAD CAPITAL,ZONA 6,INEB SAN JUAN DE DIOS,"21 AVENIDA ""B"" 17-20, COLONIA SAN JUAN DE DIOS",22893852,ZIZI ARELY LOPEZ CHINCHILLA,ANTONIA YESENIA MORALES GARCIA,BASICO,OFICIAL,URBANA,ABIERTA,MONOLINGUE,MATUTINA,DIARIO(REGULAR),GUATEMALA NORTE
00-06-0003-42,01-101,CIUDAD CAPITAL,ZONA 6,"EODP ANEXA A EOUV NO. 72 ""REPUBLICA DE BELGICA""","16 AVENIDA 18 CALLE ""C"" PROYECTO 4-4",59401165,YENI XIOMARA CRÚZ SARCEÑO,ESTELA MARIA ORTEGA MARROQUIN,PARVULOS,OFICIAL,URBANA,CERRADA TEMPORALMENTE,MONOLINGUE,VESPERTINA,DIARIO(REGULAR),GUATEMALA NORTE
00-06-0004-43,01-102,CIUDAD CAPITAL,ZONA 6,CENTRO PARA NECESIDADES EDUCATIVAS ESPECIALES -CNEE-,17 AVENIDA 5-25,50323370,ZIZI ARELY LOPEZ CHINCHILLA,GLORIA CONSUELO GARCÍA SAMAYOA,PRIMARIA,PRIVADO,URBANA,CERRADA TEMPORALMENTE,MONOLINGUE,MATUTINA,DIARIO(REGULAR),GUATEMALA NORTE
00-06-0005-45,01-01-0017,CIUDAD CAPITAL,ZONA 6,LICEO DE CIENCIAS TECNICAS,1A. CALLE 13-59,22881033,CARLOS HUMBERTO GONZALEZ DE LEON,CARLOS HUMBERTO BARRIOS LÓPEZ,BASICO,PRIVADO,URBANA,ABIERTA,MONOLINGUE,DOBLE,FIN DE SEMANA,GUATEMALA NORTE
00-06-0006-45,01-106,CIUDAD CAPITAL,ZONA 6,LICEO DE CIENCIAS TECNICAS,1A. CALLE 13-59,22881033,CESAR ARNOLDO MARTINEZ GARCIA,CARLOS HUMBERTO BARRIOS LÓPEZ,BASICO,PRIVADO,URBANA,CERRADA TEMPORALMENTE,MONOLINGUE,DOBLE,FIN DE SEMANA,GUATEMALA NORTE
00-06-0007-46,01-01-0017,CIUDAD CAPITAL,ZONA 6,LICEO DE CIENCIAS TECNICAS,1A. CALLE 13-59,22881033,CARLOS HUMBERTO GONZALEZ DE LEON,CARLOS HUMBERTO BARRIOS LÓPEZ,DIVERSIFICADO,PRIVADO,URBANA,ABIERTA,MONOLINGUE,DOBLE,FIN DE SEMANA,GUATEMALA NORTE
00-06-0008-46,01-106,CIUDAD CAPITAL,ZONA 6,LICEO DE CIENCIAS TECNICAS,1A. CALLE 13-59,22881033,CESAR ARNOLDO MARTINEZ GARCIA,CARLOS HUMBERTO BARRIOS LÓPEZ,DIVERSIFICADO,PRIVADO,URBANA,CERRADA TEMPORALMENTE,MONOLINGUE,DOBLE,FIN DE SEMANA,GUATEMALA NORTE
00-06-0009-45,01-102,CIUDAD CAPITAL,ZONA 6,COLEGIO PANAMERICANO NO. 7,"CALZADA JOSÉ MILLA Y VIDAURRE, 17-30, PLAZA JOSÉ MILLA, LOCAL 2",22549967,ZIZI ARELY LOPEZ CHINCHILLA,MILDRED YADIRA HERNÁNDEZ LAZARO,BASICO,PRIVADO,URBANA,CERRADA TEMPORALMENTE,MONOLINGUE,MATUTINA,DIARIO(REGULAR),GUATEMALA NORTE
00-06-0010-45,01-101,CIUDAD CAPITAL,ZONA 6,COLEGIO PANAMERICANO NO. 7,"CALZADA JOSE MILLA Y VIDAURRE 17-30, PLAZA JOSÉ MILLA, LOCAL 2",22549965,YENI XIOMARA CRÚZ SARCEÑO,CARLOS ALFREDO CARRILLO GARCÍA SALAS,BASICO,PRIVADO,URBANA,CERRADA TEMPORALMENTE,MONOLINGUE,VESPERTINA,DIARIO(REGULAR),GUATEMALA NORTE
00-06-0011-45,01-403,CIUDAD CAPITAL,ZONA 6,COLEGIO PANAMERICANO NO. 7,"CALZADA JOSÉ MILLA Y VIDAURRE, 17-30, PLAZA JOSÉ MILLA, LOCAL 2",22549966,CARLOS HUMBERTO GONZÁLEZ DE LEÓN,MILDRED YADIRA HERNÁNDEZ LAZARO,BASICO,PRIVADO,URBANA,CERRADA TEMPORALMENTE,MONOLINGUE,DOBLE,FIN DE SEMANA,GUATEMALA NORTE
00-06-0012-46,01-403,CIUDAD CAPITAL,ZONA 6,COLEGIO PANAMERICANO NO. 7,"CALZADA JOSÉ MILLA Y VIDAURRE 17-30, PLAZA JOSÉ MILLA LOCAL 2",22549965,CARLOS HUMBERTO GONZÁLEZ DE LEÓN,MILDRED YADIRA HERNÁNDEZ LAZARO,DIVERSIFICADO,PRIVADO,URBANA,CERRADA TEMPORALMENTE,MONOLINGUE,DOBLE,FIN DE SEMANA,GUATEMALA NORTE
00-06-0013-46,01-101,CIUDAD CAPITAL,ZONA 6,COLEGIO PANAMERICANO NO. 7,"CALZADA JOSÉ MILLA Y VIDAURRE, 17-30, PLAZA JOSÉ MILLA, LOCAL 2",22549967,YENI XIOMARA CRÚZ SARCEÑO,MILDRED YADIRA HERNÁNDEZ LAZARO,DIVERSIFICADO,PRIVADO,URBANA,CERRADA TEMPORALMENTE,MONOLINGUE,MATUTINA,DIARIO(REGULAR),GUATEMALA NORTE
00-06-0014-46,01-102,CIUDAD CAPITAL,ZONA 6,COLEGIO PANAMERICANO NO. 7,"CALZADA JOSÉ MILLA Y VIDAURRE 17-30, PLAZA JOSÉ MILLA, LOCAL 2",22549965,ZIZI ARELY LOPEZ CHINCHILLA,CARLOS ALFREDO CARRILLO GARCÍA SALAS,DIVERSIFICADO,PRIVADO,URBANA,CERRADA TEMPORALMENTE,MONOLINGUE,VESPERTINA,DIARIO(REGULAR),GUATEMALA NORTE
00-06-0015-42,01-01-0007,CIUDAD CAPITAL,ZONA 6,COLEGIO MAGIC KIDS,3A. CALLE 16-23,52003822,ZIZI ARELY LOPEZ CHINCHILLA,MARÍA DE JESÚS AYALA GATICA,PARVULOS,PRIVADO,URBANA,ABIERTA,MONOLINGUE,MATUTINA,DIARIO(REGULAR),GUATEMALA NORTE
00-06-0016-46,01-101,CIUDAD CAPITAL,ZONA 6,"COLEGIO MIXTO PRESBITERO ""JULIO GONZALEZ CELIS""",5 AVENIDA 7-17,,YENI XIOMARA CRÚZ SARCEÑO,---,DIVERSIFICADO,PRIVADO,URBANA,CERRADA DEFINITIVAMENTE,MONOLINGUE,DOBLE,FIN DE SEMANA,GUATEMALA NORTE
00-06-0017-44,01-01-0017,CIUDAD CAPITAL,ZONA 6,LICEO DE CIENCIAS TECNICAS,1A. CALLE 13-59,22881033,CARLOS HUMBERTO GONZALEZ DE LEON,ONEIDA ILIANA DEL CID CHUR,PRIMARIA DE ADULTOS,PRIVADO,URBANA,ABIERTA,MONOLINGUE,DOBLE,FIN DE SEMANA,GUATEMALA NORTE
00-06-0018-42,01-01-0008,CIUDAD CAPITAL,ZONA 6,COLEGIO L.C.P LEARNING CENTER PRIMARY,18 CALLE A 16-26 PROYECTO 4-4,42893392,YENI XIOMARA CRÚZ SERCEÑO,GLENDA MARLENE HERNANDEZ GRAMAJO,PARVULOS,PRIVADO,URBANA,ABIERTA,MONOLINGUE,MATUTINA,DIARIO(REGULAR),GUATEMALA NORTE
00-06-0019-43,01-01-0008,CIUDAD CAPITAL,ZONA 6,COLEGIO L.C.P LEARNING CENTER PRIMARY,18 CALLE A 16-26 PROYECTO 4-4,22893724,YENI XIOMARA CRÚZ SERCEÑO,AURY ELIZABETH REYES PAZ,PRIMARIA,PRIVADO,URBANA,ABIERTA,MONOLINGUE,MATUTINA,DIARIO(REGULAR),GUATEMALA NORTE
00-06-0020-45,01-403,CIUDAD CAPITAL,ZONA 6,COLEGIO PANAMERICANO NO. 7,"CALZADA JOSE MILLA Y VIDAURRE, 17-30, PLAZA JOSE MILLA, LOCAL 2",22549967,CARLOS HUMBERTO GONZÁLEZ DE LEÓN,MILDRED YADIRA HERNÁNDEZ LAZARO,BASICO,PRIVADO,URBANA,CERRADA TEMPORALMENTE,MONOLINGUE,DOBLE,FIN DE SEMANA,GUATEMALA NORTE
00-06-0021-46,01-403,CIUDAD CAPITAL,ZONA 6,COLEGIO PANAMERICANO NO. 7,"CALZADA JOSE MILLA Y VIDAURRE, 17-30, PLAZA JOSE MILLA, LOCAL 2",55500469,CARLOS HUMBERTO GONZÁLEZ DE LEÓN,MILDRED YADIRA HERNÁNDEZ LAZARO,DIVERSIFICADO,PRIVADO,URBANA,CERRADA TEMPORALMENTE,MONOLINGUE,DOBLE,FIN DE SEMANA,GUATEMALA NORTE
00-06-0022-46,01-01-0006,CIUDAD CAPITAL,ZONA 6,COLEGIO MARIANNE FROSTIG,15 AVENIDA 8-35,40344543,GLORIA GABRIELA LARIOS GARCÍA,ATALA MARIA ARRIOLA MANSILLA,DIVERSIFICADO,PRIVADO,URBANA,ABIERTA,MONOLINGUE,MATUTINA,DIARIO(REGULAR),GUATEMALA NORTE
00-06-0023-46,01-102,CIUDAD CAPITAL,ZONA 6,COLEGIO MARIANNE FROSTIG,15 AVENIDA 8-35,22881700,ZIZI ARELY LOPEZ CHINCHILLA,JULIO ALEJANDRO ORELLANA,DIVERSIFICADO,PRIVADO,URBANA,CERRADA TEMPORALMENTE,MONOLINGUE,VESPERTINA,DIARIO(REGULAR),GUATEMALA NORTE
00-06-0024-46,01-407,CIUDAD CAPITAL,ZONA 6,COLEGIO MARIANNE FROSTIG,15 AVENIDA 8-35,22881700,LILIAN YOLANDA RODRIGUEZ PINTO DE CASTRO,JULIO ALEJANDRO ORELLANA,DIVERSIFICADO,PRIVADO,URBANA,CERRADA TEMPORALMENTE,MONOLINGUE,DOBLE,FIN DE SEMANA,GUATEMALA NORTE
00-06-0025-45,01-407,CIUDAD CAPITAL,ZONA 6,COLEGIO MARIANNE FROSTIG,15 AVENIDA 8-35,22881700,LILIAN YOLANDA RODRIGUEZ PINTO DE CASTRO,JULIO ALEJANDRO ORELLANA,BASICO,PRIVADO,URBANA,CERRADA TEMPORALMENTE,MONOLINGUE,DOBLE,FIN DE SEMANA,GUATEMALA NORTE
00-06-0026-45,01-407,CIUDAD CAPITAL,ZONA 6,COLEGIO MARIANNE FROSTIG,15 AVENIDA 8-35,22881700,LILIAN YOLANDA RODRIGUEZ PINTO DE CASTRO,JULIO ALEJANDRO ORELLANA,BASICO,PRIVADO,URBANA,CERRADA TEMPORALMENTE,MONOLINGUE,DOBLE,FIN DE SEMANA,GUATEMALA NORTE
00-06-0027-45,01-01-0010,CIUDAD CAPITAL,ZONA 6,LICEO PROFESOR DAVID LETRAN,6TA. CALLE 20-64,44731032,ZIZI ARELY LOPEZ CHINCHILLA,ALMA ISABEL OLIVA HERRERA,BASICO,PRIVADO,URBANA,ABIERTA,MONOLINGUE,MATUTINA,DIARIO(REGULAR),GUATEMALA NORTE
00-06-0028-46,01-01-0010,CIUDAD CAPITAL,ZONA 6,LICEO PROFESOR DAVID LETRAN,6TA. CALLE 20-64,44731032,ZIZI ARELY LOPEZ CHINCHILLA,ALMA ISABEL OLIVA HERRERA,DIVERSIFICADO,PRIVADO,URBANA,ABIERTA,MONOLINGUE,MATUTINA,DIARIO(REGULAR),GUATEMALA NORTE
00-06-0029-43,01-102,CIUDAD CAPITAL,ZONA 6,COLEGIO PANAMERICANO NO. 7,"CALZADA JOSE MILLA Y VIDAURRE 17-30, PLAZA JOSE MILLA, LOCAL 2",22549967,ZIZI ARELY LOPEZ CHINCHILLA,KARLA MAGALY SALAZAR MORALES,PRIMARIA,PRIVADO,URBANA,CERRADA TEMPORALMENTE,MONOLINGUE,MATUTINA,DIARIO(REGULAR),GUATEMALA NORTE
00-06-0030-45,01-01-0010,CIUDAD CAPITAL,ZONA 6,COLEGIO CRISTIANO SEMILLAS DE AMOR,5A. CALLE A 17-15,22544806,ZIZI ARELY LOPEZ CHINCHILLA,WALTER HAROLDO MORALES,BASICO,PRIVADO,URBANA,ABIERTA,MONOLINGUE,VESPERTINA,DIARIO(REGULAR),GUATEMALA NORTE
00-06-0031-42,01-101,CIUDAD CAPITAL,ZONA 6,COLEGIO Y KINDERGARTEN BOREH,19 AVENIDA 10-51,51273913,YENI XIOMARA CRÚZ SARCEÑO,GLADYS ROXANA OSORIO SAQUIL,PARVULOS,PRIVADO,URBANA,CERRADA TEMPORALMENTE,MONOLINGUE,MATUTINA,DIARIO(REGULAR),GUATEMALA NORTE
00-06-0032-46,01-01-0017,CIUDAD CAPITAL,ZONA 6,"INSTITUTO NACIONAL DE EDUCACIÓN DIVERSIFICADA ""CARLOS BENJAMIN PAIZ AYALA""","FINAL, CALZADA JOSE MILLA Y VIDAURRE Y 26 AVENIDA",22102943,CARLOS HUMBERTO GONZALEZ DE LEON,JOVITA ANTONIETA MIRANDA BARRIOS,DIVERSIFICADO,OFICIAL,URBANA,ABIERTA,MONOLINGUE,NOCTURNA,DIARIO(REGULAR),GUATEMALA NORTE
00-06-0033-46,01-01-0017,CIUDAD CAPITAL,ZONA 6,"INSTITUTO NACIONAL DE EDUCACIÓN DIVERSIFICADA ""CARLOS BENJAMIN PAIZ AYALA ""","FINAL, CALZADA JOSE MILLA Y VIDAURRE Y 26 AVENIDA",22702943,CARLOS HUMBERTO GONZALEZ DE LEON,JOVITA ANTONIETA MIRANDA BARRIOS,DIVERSIFICADO,OFICIAL,URBANA,ABIERTA,MONOLINGUE,NOCTURNA,DIARIO(REGULAR),GUATEMALA NORTE
00-06-0034-42,01-01-0008,CIUDAD CAPITAL,ZONA 6,LICEO MIXTO BILINGUE JOSE MARIA ORELLANA,17 AV. FINAL 21-97 PROYECTO 4-4,22542497,YENI XIOMARA CRÚZ SERCEÑO,KARLA FABIOLA JIMÉNEZ OSCAL,PARVULOS,PRIVADO,URBANA,ABIERTA,MONOLINGUE,MATUTINA,DIARIO(REGULAR),GUATEMALA NORTE
00-06-0035-43,01-01-0008,CIUDAD CAPITAL,ZONA 6,LICEO MIXTO BILINGUE JOSE MARIA ORELLANA,17 AV. FINAL 21-97 PROYECTO 4-4,22542497,YENI XIOMARA CRÚZ SERCEÑO,KARLA FABIOLA JIMÉNEZ OSCAL,PRIMARIA,PRIVADO,URBANA,ABIERTA,MONOLINGUE,MATUTINA,DIARIO(REGULAR),GUATEMALA NORTE
00-06-0036-45,01-01-0008,CIUDAD CAPITAL,ZONA 6,LICEO MIXTO BILINGUE JOSE MARIA ORELLANA,17 AV. FINAL 21-97 PROYECTO 4-4 ZONA 6,22542497,YENI XIOMARA CRÚZ SERCEÑO,ADILIA YANET VELIZ CARRILLO,BASICO,PRIVADO,URBANA,ABIERTA,MONOLINGUE,MATUTINA,DIARIO(REGULAR),GUATEMALA NORTE
00-06-0037-45,01-01-0006,CIUDAD CAPITAL,ZONA 6,"""LICEO DE COMPUTACIÓN C.S.S,  ZONA 6""",CALLE MARTI 14-49 ZONA 6,22882093,GLORIA GABRIELA LARIOS GARCÍA,LEONEL RAMIRO ALVAREZ CARRERA,BASICO,PRIVADO,URBANA,ABIERTA,MONOLINGUE,VESPERTINA,DIARIO(REGULAR),GUATEMALA NORTE
00-06-0038-46,01-01-0006,CIUDAD CAPITAL,ZONA 6,"""LICEO DE COMPUTACIÓN C.S.S,  ZONA 6""",CALLE MARTI 14-49 ZONA 6,22882093,GLORIA GABRIELA LARIOS GARCÍA,LEONEL RAMIRO ALVAREZ CARRERA,DIVERSIFICADO,PRIVADO,URBANA,ABIERTA,MONOLINGUE,VESPERTINA,DIARIO(REGULAR),GUATEMALA NORTE
00-06-0039-45,01-01-0008,CIUDAD CAPITAL,ZONA 6,COLEGIO EVANGELICO VIDA ABUNDANTE,"17 AVENIDA ""A"" 25-14 PROYECTO 4-3",42171108,YENI XIOMARA CRÚZ SERCEÑO,ANA RUTH ESCOBAR SÁNCHEZ,BASICO,PRIVADO,URBANA,ABIERTA,MONOLINGUE,VESPERTINA,DIARIO(REGULAR),GUATEMALA NORTE
00-06-0040-45,01-01-0010,CIUDAD CAPITAL,ZONA 6,COLEGIO VANGUARDIA DE LA ENSEÑANZA,"19 CALLE ""F"" 17-41, PROYECTOS  4-4, COLONIA CIPRESALES",50159355,ZIZI ARELY LOPEZ CHINCHILLA,JESSICA MARISOL CASTRO LARA,BASICO,PRIVADO,URBANA,ABIERTA,MONOLINGUE,VESPERTINA,DIARIO(REGULAR),GUATEMALA NORTE
00-06-0041-45,01-01-0010,CIUDAD CAPITAL,ZONA 6,LICEO TECNOLÓGICO GUATEMALTECO,"15 AVENIDA ""B"" 10-23",22703356,ZIZI ARELY LOPEZ CHINCHILLA,SARA LISETH ARIAS MIJANGOS,BASICO,PRIVADO,URBANA,ABIERTA,MONOLINGUE,MATUTINA,DIARIO(REGULAR),GUATEMALA NORTE
00-06-0042-46,01-01-0010,CIUDAD CAPITAL,ZONA 6,LICEO TECNOLÓGICO GUATEMALTECO,"15 AVENIDA ""B"" 10-23",22885205,ZIZI ARELY LOPEZ CHINCHILLA,SARA LISETH ARIAS MIJANGOS,DIVERSIFICADO,PRIVADO,URBANA,ABIERTA,MONOLINGUE,MATUTINA,DIARIO(REGULAR),GUATEMALA NORTE
00-06-0043-45,01-403,CIUDAD CAPITAL,ZONA 6,LICEO TECNÓLOGICO GUATEMALTECO,"15 AVENIDA ""B"" 10-23",22885205,CARLOS HUMBERTO GONZÁLEZ DE LEÓN,SARA LISETH ARIAS MIJANGOS,BASICO,PRIVADO,URBANA,CERRADA TEMPORALMENTE,MONOLINGUE,MATUTINA,FIN DE SEMANA,GUATEMALA NORTE
00-06-0044-45,01-01-0017,CIUDAD CAPITAL,ZONA 6,LICEO TECNÓLOGICO GUATEMALTECO,"15 AVENIDA ""B"" 10-23",22885205,CARLOS HUMBERTO GONZALEZ DE LEON,SARA LISETH ARIAS MIJANGOS,BASICO,PRIVADO,URBANA,ABIERTA,MONOLINGUE,MATUTINA,FIN DE SEMANA,GUATEMALA NORTE
00-06-0045-46,01-403,CIUDAD CAPITAL,ZONA 6,LICEO TECNÓLOGICO GUATEMALTECO,"15 AVENIDA ""B"" 10-23",22885205,CARLOS HUMBERTO GONZÁLEZ DE LEÓN,SARA LISETH ARIAS MIJANGOS,DIVERSIFICADO,PRIVADO,URBANA,CERRADA TEMPORALMENTE,MONOLINGUE,MATUTINA,FIN DE SEMANA,GUATEMALA NORTE
00-06-0046-46,01-01-0017,CIUDAD CAPITAL,ZONA 6,LICEO TECNÓLOGICO GUATEMALTECO,"15 AVENIDA ""B"" 10-23",22703356,CARLOS HUMBERTO GONZALEZ DE LEON,SARA LISETH ARIAS MIJANGOS,DIVERSIFICADO,PRIVADO,URBANA,ABIERTA,MONOLINGUE,MATUTINA,FIN DE SEMANA,GUATEMALA NORTE
00-06-0047-45,01-101,CIUDAD CAPITAL,ZONA 6,LICEO MIXTO BILINGÜE JOSÉ MARÍA ORELLANA,17 AVENIDA 21-97 PROYECTO 4-4,22542497,YENI XIOMARA CRÚZ SARCEÑO,ADILIA YANET VELIZ CARRILLO,BASICO,PRIVADO,URBANA,CERRADA TEMPORALMENTE,MONOLINGUE,VESPERTINA,DIARIO(REGULAR),GUATEMALA NORTE
00-06-0048-43,01-01-0007,CIUDAD CAPITAL,ZONA 6,COLEGIO MAGIC KIDS,3A. CALLE 16-23,52003022,ZIZI ARELY LOPEZ CHINCHILLA,MARÍA DE JESÚS AYALA GATICA,PRIMARIA,PRIVADO,URBANA,ABIERTA,MONOLINGUE,MATUTINA,DIARIO(REGULAR),GUATEMALA NORTE
00-06-0049-46,01-01-0008,CIUDAD CAPITAL,ZONA 6,LICEO MIXTO BILINGÜE JOSÉ MARÍA ORELLANA,17 AVENIDA 21-97 PROYECTO 4-4,22542497,YENI XIOMARA CRÚZ SERCEÑO,HÉCTOR RONALDO CLAVERIA SANDOVAL,DIVERSIFICADO,PRIVADO,URBANA,ABIERTA,MONOLINGUE,MATUTINA,DIARIO(REGULAR),GUATEMALA NORTE
00-06-0050-46,01-01-0006,CIUDAD CAPITAL,ZONA 6,"COLEGIO PRIVADO ""TERESA DE AVILA""",15 AVENIDA 5-45,22880382,GLORIA GABRIELA LARIOS GARCÍA,JOSÉ LEONEL QUEZADA ABDO,DIVERSIFICADO,PRIVADO,URBANA,ABIERTA,MONOLINGUE,MATUTINA,DIARIO(REGULAR),GUATEMALA NORTE
00-06-0051-46,01-01-0006,CIUDAD CAPITAL,ZONA 6,"COLEGIO PRIVADO ""TERESA DE AVILA""",15 AVENIDA 5-45,22703364,GLORIA GABRIELA LARIOS GARCÍA,JOSÉ LEONEL QUEZADA ABDO,DIVERSIFICADO,PRIVADO,URBANA,ABIERTA,MONOLINGUE,MATUTINA,DIARIO(REGULAR),GUATEMALA NORTE
00-06-0052-45,01-643,CIUDAD CAPITAL,ZONA 6,COLEGIO MIXTO HERMANO PEDRO SAN JOSÉ DE BETANCOURTH,15 AVENIDA FINAL NO. 77 COLONIA SANTA LUISA,22869247,CESAR AUGUSTO ORTIZ HERNANDEZ,MARIO RENE GARCIA PINEDA,BASICO,PRIVADO,URBANA,CERRADA DEFINITIVAMENTE,MONOLINGUE,VESPERTINA,DIARIO(REGULAR),GUATEMALA NORTE
00-06-0053-46,01-403,CIUDAD CAPITAL,ZONA 6,LICEO DE COMPUTACIÓN C.S.S.,CALLE MARTI 14-49,22882093,CARLOS HUMBERTO GONZÁLEZ DE LEÓN,LEONEL RAMIRO ALVAREZ CARRERA,DIVERSIFICADO,PRIVADO,URBANA,CERRADA TEMPORALMENTE,MONOLINGUE,DOBLE,FIN DE SEMANA,GUATEMALA NORTE
00-06-0054-45,01-403,CIUDAD CAPITAL,ZONA 6,LICEO DE COMPUTACIÓN C.S.S.,CALLE MARTI 14-49,22882093,CARLOS HUMBERTO GONZÁLEZ DE LEÓN,LEONEL RAMIRO ALVAREZ CARRERA,BASICO,PRIVADO,URBANA,CERRADA TEMPORALMENTE,MONOLINGUE,DOBLE,FIN DE SEMANA,GUATEMALA NORTE
00-06-0055-46,01-01-0010,CIUDAD CAPITAL,ZONA 6,"COLEGIO CRISTIANO ""SEMILLAS DE AMOR""","5A. CALLE ""A"" 17-15",22544806,ZIZI ARELY LOPEZ CHINCHILLA,WALTER HAROLDO MORALES,DIVERSIFICADO,PRIVADO,URBANA,ABIERTA,MONOLINGUE,VESPERTINA,DIARIO(REGULAR),GUATEMALA NORTE
00-06-0056-46,01-01-0008,CIUDAD CAPITAL,ZONA 6,"ESCUELA EXPERIMENTAL CON ORIENTACIÓN OCUPACIONAL ""VILLA DE LOS NIÑOS""",16 AVENIDA FINAL 22-99 PROYECTO 4-4,22543139,YENI XIOMARA CRÚZ SERCEÑO,VICTOR EMILIO GÓMEZ MENDOZA,DIVERSIFICADO,PRIVADO,URBANA,ABIERTA,MONOLINGUE,DOBLE,DIARIO(REGULAR),GUATEMALA NORTE
00-06-0057-46,01-403,CIUDAD CAPITAL,ZONA 6,"INSTITUTO MIXTO PRIVADO ""JOSÉ ERNESTO MONZÓN",21 AVEIDA 15-42,22886512,CARLOS HUMBERTO GONZÁLEZ DE LEÓN,MARIO ALEXANDER PEREZ CHINCHILLA,DIVERSIFICADO,PRIVADO,URBANA,CERRADA TEMPORALMENTE,MONOLINGUE,MATUTINA,FIN DE SEMANA,GUATEMALA NORTE
00-06-0058-46,01-101,CIUDAD CAPITAL,ZONA 6,COLEGIO PANAMERICANO NO. 7,"CALZADA JOS MILLA Y VIDAURRE 17-30, PLAZA JOSE MILLA, LOCAL 2",22549967,YENI XIOMARA CRÚZ SARCEÑO,MILDRED YADIRA HERNÁNDEZ LAZARO,DIVERSIFICADO,PRIVADO,URBANA,CERRADA TEMPORALMENTE,MONOLINGUE,MATUTINA,DIARIO(REGULAR),GUATEMALA NORTE
00-06-0059-46,01-01-0008,CIUDAD CAPITAL,ZONA 6,COLEGIO MIXTO CIPRESALES,15 AVENIDA 15-49,22541220,YENI XIOMARA CRÚZ SERCEÑO,EMMA ETELVINA ORELLANA RAMIREZ,DIVERSIFICADO,PRIVADO,URBANA,ABIERTA,MONOLINGUE,VESPERTINA,DIARIO(REGULAR),GUATEMALA NORTE
00-06-0060-46,01-643,CIUDAD CAPITAL,ZONA 6,"INSTITUTO MIXTO NOCTURNO POR COOPERATIVA MUNICIPAL ""BÁSICO Y BACHILLERATO POR MADUREZ DE CHINAUTLA""",1A. AVENIDA SECTOR 3 NUEVA CHINAUTLA,22067,CESAR AUGUSTO ORTIZ HERNANDEZ,---------------------------,DIVERSIFICADO,COOPERATIVA,URBANA,CERRADA DEFINITIVAMENTE,MONOLINGUE,NOCTURNA,DIARIO(REGULAR),GUATEMALA NORTE
00-06-0061-45,01-403,CIUDAD CAPITAL,ZONA 6,"""COLEGIO POLITÉCNICO""",21 AVENIDA 15-42,22219364,CARLOS HUMBERTO GONZÁLEZ DE LEÓN,YUDY JANET ORELLANA GALINDO,BASICO,PRIVADO,URBANA,CERRADA TEMPORALMENTE,MONOLINGUE,MATUTINA,FIN DE SEMANA,GUATEMALA NORTE
00-06-0062-46,01-403,CIUDAD CAPITAL,ZONA 6,"""COLEGIO POLITÉCNICO""",21 AVENIDA 15-42,22219364,CARLOS HUMBERTO GONZÁLEZ DE LEÓN,YUDY JANET ORELLANA GALINDO,DIVERSIFICADO,PRIVADO,URBANA,CERRADA TEMPORALMENTE,MONOLINGUE,MATUTINA,FIN DE SEMANA,GUATEMALA NORTE
00-06-0063-45,01-01-0017,CIUDAD CAPITAL,ZONA 6,COLEGIO CLÁSICO GUATEMALTECO,15 AVENIDA 07-61,52394686,CARLOS HUMBERTO GONZALEZ DE LEON,RONY ARTURO CHINCHILLA CRISTALES,BASICO,PRIVADO,URBANA,ABIERTA,MONOLINGUE,DOBLE,FIN DE SEMANA,GUATEMALA NORTE
00-06-0064-46,01-403,CIUDAD CAPITAL,ZONA 6,COLEGIO CLÁSICO GUATEMALTECO,15 AVENIDA 07-61,52394686,CARLOS HUMBERTO GONZÁLEZ DE LEÓN,RONY ARTURO CHINCHILLA CRISTALES,DIVERSIFICADO,PRIVADO,URBANA,CERRADA TEMPORALMENTE,MONOLINGUE,DOBLE,FIN DE SEMANA,GUATEMALA NORTE
00-06-0065-46,01-01-0017,CIUDAD CAPITAL,ZONA 6,COLEGIO CLÁSICO GUATEMALTECO,15 AVENIDA 07-61,52394686,CARLOS HUMBERTO GONZALEZ DE LEON,RONY ARTURO CHINCHILLA CRISTALES,DIVERSIFICADO,PRIVADO,URBANA,ABIERTA,MONOLINGUE,DOBLE,FIN DE SEMANA,GUATEMALA NORTE
00-06-0066-45,01-403,CIUDAD CAPITAL,ZONA 6,COLEGIO CLÁSICO GUATEMALTECO,15 AVENIDA 07-61,52394686,CARLOS HUMBERTO GONZÁLEZ DE LEÓN,RONY ARTURO CHINCHILLA CRISTALES,BASICO,PRIVADO,URBANA,CERRADA TEMPORALMENTE,MONOLINGUE,DOBLE,FIN DE SEMANA,GUATEMALA NORTE
00-06-0067-45,01-01-0006,CIUDAD CAPITAL,ZONA 6,COLEGIO CLÁSICO GUATEMALTECO,15 AVENIDA 07-61,52394686,GLORIA GABRIELA LARIOS GARCÍA,RONY ARTURO CHINCHILLA CRISTALES,BASICO,PRIVADO,URBANA,ABIERTA,MONOLINGUE,MATUTINA,DIARIO(REGULAR),GUATEMALA NORTE
00-06-0068-45,01-01-0006,CIUDAD CAPITAL,ZONA 6,COLEGIO CLÁSICO GUATEMALTECO,15 AVENIDA 07-61,52394686,GLORIA GABRIELA LARIOS GARCÍA,RONY ARTURO CHINCHILLA CRISTALES,BASICO,PRIVADO,URBANA,ABIERTA,MONOLINGUE,VESPERTINA,DIARIO(REGULAR),GUATEMALA NORTE
00-06-0069-46,01-01-0006,CIUDAD CAPITAL,ZONA 6,COLEGIO CLÁSICO GUATEMALTECO,15 AVENIDA 07-61,52394686,GLORIA GABRIELA LARIOS GARCÍA,RONY ARTURO CHINCHILLA CRISTALES,DIVERSIFICADO,PRIVADO,URBANA,ABIERTA,MONOLINGUE,MATUTINA,DIARIO(REGULAR),GUATEMALA NORTE
00-06-0070-42,01-01-0006,CIUDAD CAPITAL,ZONA 6,COLEGIO CLÁSICO GUATEMALTECO,15 AVENIDA 07-61,52394686,GLORIA GABRIELA LARIOS GARCÍA,GLORIA MARINA FLORES TINTIN,PARVULOS,PRIVADO,URBANA,ABIERTA,MONOLINGUE,MATUTINA,DIARIO(REGULAR),GUATEMALA NORTE
00-06-0071-43,01-01-0006,CIUDAD CAPITAL,ZONA 6,COLEGIO CLÁSICO GUATEMALTECO,15 AVENIDA 07-61,52394686,GLORIA GABRIELA LARIOS GARCÍA,RONY ARTURO CHINCHILLA CRISTALES,PRIMARIA,PRIVADO,URBANA,ABIERTA,MONOLINGUE,MATUTINA,DIARIO(REGULAR),GUATEMALA NORTE
00-06-0072-45,01-102,CIUDAD CAPITAL,ZONA 6,JARDIN INFANTIL MIS PEQUEÑOS TRIUNFADORES,19 AVENIDA 22-11 PROYECTO 4-10,22190660,ZIZI ARELY LOPEZ CHINCHILLA,SUSAN GLORIANA SALAZAR FIGUEROA,BASICO,PRIVADO,URBANA,CERRADA DEFINITIVAMENTE,MONOLINGUE,VESPERTINA,DIARIO(REGULAR),GUATEMALA NORTE
00-06-0073-46,01-101,CIUDAD CAPITAL,ZONA 6,LICEO MIXTO BILINGÜE JOSE MARIA ORELLANA,"17 AVENIDA 21-97, PROYECTO 4-4",22542497,YENI XIOMARA CRÚZ SARCEÑO,HÉCTOR RONALDO CLAVERIA SANDOVAL,DIVERSIFICADO,PRIVADO,URBANA,CERRADA TEMPORALMENTE,MONOLINGUE,VESPERTINA,DIARIO(REGULAR),GUATEMALA NORTE
00-06-0074-46,01-01-0006,CIUDAD CAPITAL,ZONA 6,LICEO DE COMPUTACIÓN C.S.S.,CALLE MARTI 14-49,22882093,GLORIA GABRIELA LARIOS GARCÍA,LEONEL RAMIRO ALVAREZ CARRERA,DIVERSIFICADO,PRIVADO,URBANA,ABIERTA,MONOLINGUE,DOBLE,DIARIO(REGULAR),GUATEMALA NORTE
00-06-0075-45,01-01-0008,CIUDAD CAPITAL,ZONA 6,COLEGIO MIXTO CIPRESALES,15 AVENIDA 15-49,22541220,YENI XIOMARA CRÚZ SERCEÑO,EMMA ETELVINA ORELLANA RAMIREZ,BASICO,PRIVADO,URBANA,ABIERTA,MONOLINGUE,MATUTINA,DIARIO(REGULAR),GUATEMALA NORTE
00-06-0076-45,01-01-0017,CIUDAD CAPITAL,ZONA 6,"INEB ""DOCTORA SARA CABARRUS DE RUIZ""",FINAL CALZADA JOSE MILLA Y VIDAURRE Y 26 AVENIDA,54015710,CARLOS HUMBERTO GONZALEZ DE LEON,JOVITA ANTONIETA MIRANDA BARRIOS,BASICO,OFICIAL,URBANA,ABIERTA,MONOLINGUE,NOCTURNA,DIARIO(REGULAR),GUATEMALA NORTE
00-06-0077-46,01-01-0017,CIUDAD CAPITAL,ZONA 6,"INSTITUTO NACIONAL DE EDUCACION DIVERSIFICADA ""DOCTORA SARA CABARRUS DE RUÍZ""",FINAL CALZADA JOSE MILLA Y VIDAURRE Y 26 AVENIDA,22702943,CARLOS HUMBERTO GONZALEZ DE LEON,JOVITA ANTONIETA MIRANDA BARRIOS,DIVERSIFICADO,OFICIAL,URBANA,ABIERTA,MONOLINGUE,NOCTURNA,DIARIO(REGULAR),GUATEMALA NORTE
00-06-0078-46,01-01-0017,CIUDAD CAPITAL,ZONA 6,"INSTITUTO NACIONAL DE EDUCACIÓN DIVERSIFICADA ""DOCTORA SARA CABARRUS DE RUÍZ""",FINAL CALZADA JOSÉ MILLA Y VÍDAURRE Y 26 AVENIDA,22702943,CARLOS HUMBERTO GONZALEZ DE LEON,JOVITA ANTONIETA MIRANDA BARRIOS,DIVERSIFICADO,OFICIAL,URBANA,ABIERTA,MONOLINGUE,NOCTURNA,DIARIO(REGULAR),GUATEMALA NORTE
00-06-0079-46,01-01-0008,CIUDAD CAPITAL,ZONA 6,"ESCUELA EXPERIMENTAL CON ORIENTACION OCUPACIONAL  ""VILLA  DE LOS NIÑOS""",16 AVENIDA FINAL 22-99 PROYECTO 4-4,22543170,YENI XIOMARA CRÚZ SERCEÑO,VICTOR EMILIO GÓMEZ MENDOZA,DIVERSIFICADO,PRIVADO,URBANA,ABIERTA,MONOLINGUE,MATUTINA,DIARIO(REGULAR),GUATEMALA NORTE
00-06-0080-42,01-01-0006,CIUDAD CAPITAL,ZONA 6,CASA DEL  NIÑO NO. 7,3 AVENIDA 8-17 COLONIA  EL MARTINICO  II,23703138,GLORIA GABRIELA LARIOS GARCÍA,ZULMA YESSENIA LIMA YOL,PARVULOS,PRIVADO,URBANA,ABIERTA,MONOLINGUE,MATUTINA,DIARIO(REGULAR),GUATEMALA NORTE
00-06-0081-46,01-01-0017,CIUDAD CAPITAL,ZONA 6,"INSTITUTO NACIONAL DE EDUCACIÓN DIVERSIFICADA ""DOCTORA SARA CABARRUS DE RUÍZ""",FINAL CALZADA JOSÉ MILLA Y VIDAUDRRE Y 26 AVENIDA,54015710,CARLOS HUMBERTO GONZALEZ DE LEON,JOVITA ANTONIETA MIRANDA BARRIOS,DIVERSIFICADO,OFICIAL,URBANA,ABIERTA,MONOLINGUE,NOCTURNA,DIARIO(REGULAR),GUATEMALA NORTE
00-06-0082-45,01-01-0017,CIUDAD CAPITAL,ZONA 6,"LICEO DE COMPUTACIÓN C.S.S. ""ZONA 6",CALLE MARTI 14-49,22882093,CARLOS HUMBERTO GONZALEZ DE LEON,LEONEL RAMIRO ALVAREZ CARRERA,BASICO,PRIVADO,URBANA,ABIERTA,MONOLINGUE,SIN JORNADA,SEMIPRESENCIAL (FIN DE SEMANA),GUATEMALA NORTE
00-06-0083-46,01-01-0017,CIUDAD CAPITAL,ZONA 6,"LICEO DE COMPUTACIÓN C.S.S. ""ZONA 6""",CALLE MARTI 14-49,22882093,CARLOS HUMBERTO GONZALEZ DE LEON,LEONEL RAMIRO ALVAREZ CARRERA,DIVERSIFICADO,PRIVADO,URBANA,ABIERTA,MONOLINGUE,SIN JORNADA,SEMIPRESENCIAL (FIN DE SEMANA),GUATEMALA NORTE
00-06-0084-45,01-01-0017,CIUDAD CAPITAL,ZONA 6,LICEO DE CIENCIAS TÉCNICAS,1RA. CALLE 13-59,22881033,CARLOS HUMBERTO GONZALEZ DE LEON,CARLOS HUMBERTO BARRIOS LÓPEZ,BASICO,PRIVADO,URBANA,ABIERTA,MONOLINGUE,SIN JORNADA,SEMIPRESENCIAL (FIN DE SEMANA),GUATEMALA NORTE
00-06-0085-46,01-01-0017,CIUDAD CAPITAL,ZONA 6,LICEO DE CIENCIAS TÉCNICAS,1RA. CALLE 13-59,22881033,CARLOS HUMBERTO GONZALEZ DE LEON,CARLOS HUMBERTO BARRIOS LÓPEZ,DIVERSIFICADO,PRIVADO,URBANA,ABIERTA,MONOLINGUE,SIN JORNADA,SEMIPRESENCIAL (FIN DE SEMANA),GUATEMALA NORTE
00-06-0086-45,01-01-0017,CIUDAD CAPITAL,ZONA 6,COLEGIO CLÁSICO GUATEMALTECO,15 AVENIDA 7-61,23099266,CARLOS HUMBERTO GONZALEZ DE LEON,RONY ARTURO CHINCHILLA CRISTALES,BASICO,PRIVADO,URBANA,ABIERTA,MONOLINGUE,SIN JORNADA,SEMIPRESENCIAL (FIN DE SEMANA),GUATEMALA NORTE
00-06-0087-46,01-01-0017,CIUDAD CAPITAL,ZONA 6,COLEGIO CLÁSICO GUATEMALTECO,15 AVENIDA 7-61,23099266,CARLOS HUMBERTO GONZALEZ DE LEON,RONY ARTURO CHINCHILLA CRISTALES,DIVERSIFICADO,PRIVADO,URBANA,ABIERTA,MONOLINGUE,SIN JORNADA,SEMIPRESENCIAL (FIN DE SEMANA),GUATEMALA NORTE
00-06-0088-45,01-101,CIUDAD CAPITAL,ZONA 6,INSTITUTO DE EDUCACIÓN BÁSICA POR MADUREZ Y BACHILLERATO EN CC. LL. POR MADUREZ ADSC. POLICIA NACIONAL CIVIL,15 CALLE 16-00,33670465,YENI XIOMARA CRÚZ SARCEÑO,VICTOR EMILIO GÓMEZ MENDOZA,BASICO,OFICIAL,URBANA,CERRADA DEFINITIVAMENTE,MONOLINGUE,SIN JORNADA,SEMIPRESENCIAL (FIN DE SEMANA),GUATEMALA NORTE
00-06-0089-46,01-101,CIUDAD CAPITAL,ZONA 6,INSTITUTO DE EDUCACIÓN BÁSICA POR MADUREZ Y BACHILLERATO EN CC. LL. POR MADUREZ ADSC. POLICIA NACIONAL CIVIL,15 CALLE 16-00,33670465,YENI XIOMARA CRÚZ SARCEÑO,VICTOR EMILIO GÓMEZ MENDOZA,DIVERSIFICADO,OFICIAL,URBANA,CERRADA DEFINITIVAMENTE,MONOLINGUE,SIN JORNADA,SEMIPRESENCIAL (FIN DE SEMANA),GUATEMALA NORTE
00-06-0090-45,01-01-0017,CIUDAD CAPITAL,ZONA 6,LICEO TECNOLÓGICO GUATEMALTECO,"15 AVENIDA ""B"" 10-23",22703356,CARLOS HUMBERTO GONZALEZ DE LEON,SARA LISETH ARIAS MIJANGOS,BASICO,PRIVADO,URBANA,ABIERTA,MONOLINGUE,SIN JORNADA,SEMIPRESENCIAL (FIN DE SEMANA),GUATEMALA NORTE
00-06-0091-46,01-01-0017,CIUDAD CAPITAL,ZONA 6,LICEO TECNOLÓGICO GUATEMALTECO,"15 AVENIDA ""B"" 10-23",22703356,CARLOS HUMBERTO GONZALEZ DE LEON,SARA LISETH ARIAS MIJANGOS,DIVERSIFICADO,PRIVADO,URBANA,ABIERTA,MONOLINGUE,SIN JORNADA,SEMIPRESENCIAL (FIN DE SEMANA),GUATEMALA NORTE
00-06-0092-46,01-01-0017,CIUDAD CAPITAL,ZONA 6,COLEGIO MIXTO CIPRESALES,15 AVENIDA 15-49,22544214,CARLOS HUMBERTO GONZALEZ DE LEON,EMMA ETELVINA ORELLANA RAMÍREZ,DIVERSIFICADO,PRIVADO,URBANA,ABIERTA,MONOLINGUE,MATUTINA,FIN DE SEMANA,GUATEMALA NORTE
00-06-0093-45,01-01-0017,CIUDAD CAPITAL,ZONA 6,COLEGIO MIXTO CIPRESALES,15 AVENIDA 15-49,22544214,CARLOS HUMBERTO GONZALEZ DE LEON,EMMA ETELVINA ORELLANA RAMÍREZ,BASICO,PRIVADO,URBANA,ABIERTA,MONOLINGUE,SIN JORNADA,SEMIPRESENCIAL (FIN DE SEMANA),GUATEMALA NORTE
00-06-0094-42,01-01-0008,CIUDAD CAPITAL,ZONA 6,JARDÍN INFANTIL MUNICIPAL LOS CIPRESALES,AVENIDA LA PEDRERA 19-10 COLONIA PROYECTO 4-4,58339934,YENI XIOMARA CRÚZ SERCEÑO,GLADYS ROSMERY GÓMEZ NÁJERA,PARVULOS,PRIVADO,URBANA,ABIERTA,MONOLINGUE,MATUTINA,DIARIO(REGULAR),GUATEMALA NORTE
00-06-0095-42,01-01-0008,CIUDAD CAPITAL,ZONA 6,"CENTRO EDUCATIVO ""TRAZOS Y GARABATOS""",21 AVENIDA 22-05 PROYECTO 4-10,39008858,YENI XIOMARA CRÚZ SERCEÑO,CLAUDIA ARACELY RODRÍGUEZ VILLAGRÁN,PARVULOS,PRIVADO,URBANA,ABIERTA,MONOLINGUE,MATUTINA,DIARIO(REGULAR),GUATEMALA NORTE
00-06-0096-45,01-01-0008,CIUDAD CAPITAL,ZONA 6,"JARDIN INFANTIL ""LA FINCA""",16 AVENIDA 28-83,50161365,YENI XIOMARA CRÚZ SERCEÑO,LUCÍA MARGARITA JIMÉNEZ GARCÍA,BASICO,PRIVADO,URBANA,ABIERTA,MONOLINGUE,VESPERTINA,DIARIO(REGULAR),GUATEMALA NORTE
00-06-0097-46,01-101,CIUDAD CAPITAL,ZONA 6,"COLEGIO MIXTO ""HIDALGO KNOTH""","14 CALLE 4-25 , BARRIOS SAN ANTONIO",22067425,YENI XIOMARA CRÚZ SARCEÑO,THELMA ONDINA VASQUEZ REYES,DIVERSIFICADO,PRIVADO,URBANA,CERRADA TEMPORALMENTE,MONOLINGUE,MATUTINA,DIARIO(REGULAR),GUATEMALA NORTE
00-06-0098-46,01-01-0007,CIUDAD CAPITAL,ZONA 6,CENTRO ESTUDIANTIL FENIX CEF,"1A. CALLE ""A"" 22-52",22545281,ZIZI ARELY LOPEZ CHINCHILLA,ANGELICA BECILIA PACHECO MAZARIEGOS,DIVERSIFICADO,PRIVADO,URBANA,ABIERTA,MONOLINGUE,MATUTINA,DIARIO(REGULAR),GUATEMALA NORTE
00-06-0099-46,01-01-0010,CIUDAD CAPITAL,ZONA 6,LICEO TECNOLÓGICO GUATEMALTECO,"15 AVENIDA ""B"" 10-23",22703356,ZIZI ARELY LOPEZ CHINCHILLA,SARA LISETH ARIAS MIJANGOS,DIVERSIFICADO,PRIVADO,URBANA,ABIERTA,MONOLINGUE,MATUTINA,DIARIO(REGULAR),GUATEMALA NORTE
00-06-0100-46,01-01-0007,CIUDAD CAPITAL,ZONA 6,LICEO FRONESIS,"2DA. CALLE ""A"" 19-27",55237788,ZIZI ARELY LOPEZ CHINCHILLA,ELVIRA OFELIA MONTERROSO RIVERA,DIVERSIFICADO,PRIVADO,URBANA,ABIERTA,MONOLINGUE,MATUTINA,DIARIO(REGULAR),GUATEMALA NORTE
00-06-0101-46,01-102,CIUDAD CAPITAL,ZONA 6,COLEGIO MIXTO CIPRESALES,15A. AVENIDA 15-49,22541220,ZIZI ARELY LOPEZ CHINCHILLA,EMMA ETELVINA ORELLANA RAMÍREZ,DIVERSIFICADO,PRIVADO,URBANA,CERRADA TEMPORALMENTE,MONOLINGUE,VESPERTINA,DIARIO(REGULAR),GUATEMALA NORTE
00-06-0102-45,01-01-0006,CIUDAD CAPITAL,ZONA 6,INEB INSTITUTO NACIONAL DE EDUCACION BASICA MARTINICO,8A. CALLE 13-44 ZONA 6,57772396,GLORIA GABRIELA LARIOS GARCÍA,ELVIRA AURA ANGEL DÁVILA,BASICO,OFICIAL,URBANA,ABIERTA,MONOLINGUE,VESPERTINA,DIARIO(REGULAR),GUATEMALA NORTE
00-06-0103-43,01-01-0007,CIUDAD CAPITAL,ZONA 6,CENTRO ESTUDIANTIL FÉNIX CEF,"1A. CALLE ""A"" 22-52",22704203,ZIZI ARELY LOPEZ CHINCHILLA,ADA VILMA RIVAS LARA,PRIMARIA,PRIVADO,URBANA,ABIERTA,MONOLINGUE,MATUTINA,DIARIO(REGULAR),GUATEMALA NORTE
00-06-0459-42,01-310,CIUDAD CAPITAL,ZONA 6,EODP NO.4 'DOMINGO FAUSTINO SARMIENTO',15 AVENIDA 3-30 ZONA 1,,EDDY FRANCISCO RAMÍREZ MORALES,,PARVULOS,OFICIAL,URBANA,CERRADA DEFINITIVAMENTE,MONOLINGUE,MATUTINA,DIARIO(REGULAR),GUATEMALA NORTE
00-06-0460-42,01-01-0008,CIUDAD CAPITAL,ZONA 6,EODP NO.35 'JUAN JOSE AREVALO',18 AVENIDA 25-29 PROYECTO 4-3,22702345,YENI XIOMARA CRÚZ SERCEÑO,IMELDA CLEOTILDE BOROR PERÉZ,PARVULOS,OFICIAL,URBANA,ABIERTA,MONOLINGUE,MATUTINA,DIARIO(REGULAR),GUATEMALA NORTE
00-06-0461-42,01-01-0010,CIUDAD CAPITAL,ZONA 6,EODP NO.63 CENTRO DE BIENESTAR SOCIAL,21 AVE. 7-01,22894368,ZIZI ARELY LOPEZ CHINCHILLA,GLORIA AZUCENA GUTIERREZ CHITAY,PARVULOS,OFICIAL,URBANA,ABIERTA,MONOLINGUE,MATUTINA,DIARIO(REGULAR),GUATEMALA NORTE
00-06-0462-42,01-01-0007,CIUDAD CAPITAL,ZONA 6,EODP NO.50 DEL CENTRO DE BIENESTAR SOCIAL 'LA PARROQUIA',CALLE MARTI Y 11 AVE. 2DO. NIVEL MERCADO DE LA PARROQUIA,22542690,ZIZI ARELY LOPEZ CHINCHILLA,GILDA YOLANDA JUÁREZ BARRERA,PARVULOS,OFICIAL,URBANA,ABIERTA,MONOLINGUE,MATUTINA,DIARIO(REGULAR),GUATEMALA NORTE
00-06-0463-42,01-01-0010,CIUDAD CAPITAL,ZONA 6,"EODP NO.29 ""ULISES ROJAS""","21 AVENIDA  15-07, BARRIO SAN ANTONIO",22884466,ZIZI ARELY LOPEZ CHINCHILLA,PAULA ANDREA ESTRADA MÉNDEZ,PARVULOS,OFICIAL,URBANA,ABIERTA,MONOLINGUE,MATUTINA,DIARIO(REGULAR),GUATEMALA NORTE
00-06-0464-42,01-01-0007,CIUDAD CAPITAL,ZONA 6,EODP NO.3 'ENRIQUE PESTALOZZI',24 AV. 1-31 COLONIA LOS ANGELES,22619508,ZIZI ARELY LOPEZ CHINCHILLA,MARIA DEL ROSARIO AGUIRRE PALOMO,PARVULOS,OFICIAL,URBANA,ABIERTA,MONOLINGUE,MATUTINA,DIARIO(REGULAR),GUATEMALA NORTE
00-06-0465-42,01-01-0007,CIUDAD CAPITAL,ZONA 6,ESCUELA OFICIAL DE PÁRVULOS NO.44,2A. CALLE A 19-33,22884800,ZIZI ARELY LOPEZ CHINCHILLA,HEDILSA GRISELDA HERRERA DÍAZ,PARVULOS,OFICIAL,URBANA,ABIERTA,MONOLINGUE,MATUTINA,DIARIO(REGULAR),GUATEMALA NORTE
00-06-0466-42,01-01-0010,CIUDAD CAPITAL,ZONA 6,"EODP ""JUAN AMOS COMENIO""",15 AVENIDA B Y 11 CALLE FINAL,22882955,ZIZI ARELY LOPEZ CHINCHILLA,ANA CONCEPCIÓN MORALES,PARVULOS,OFICIAL,URBANA,ABIERTA,MONOLINGUE,MATUTINA,DIARIO(REGULAR),GUATEMALA NORTE
00-06-0467-42,01-01-0008,CIUDAD CAPITAL,ZONA 6,EODP NO.33 ROSA Y CAROLINA AGAZZI,16 AVE. 18-71 PROYECTO 4-4,22547257,YENI XIOMARA CRÚZ SERCEÑO,MARLA IVETTE MORALES HURTADO,PARVULOS,OFICIAL,URBANA,ABIERTA,MONOLINGUE,MATUTINA,DIARIO(REGULAR),GUATEMALA NORTE
00-06-0468-42,01-01-0006,CIUDAD CAPITAL,ZONA 6,EODP ANEXA A EOUM  ASENTAMIENTO ROOSEVELT,13 AVE.  B  13-20 COLONIA EL QUINTANAL,51166949,GLORIA GABRIELA LARIOS GARCÍA,ALBA ETELVINA MEJÍA MENDOZA,PARVULOS,OFICIAL,URBANA,ABIERTA,MONOLINGUE,MATUTINA,DIARIO(REGULAR),GUATEMALA NORTE
00-06-0469-42,01-101,CIUDAD CAPITAL,ZONA 6,COLEGIO 'JARDIN BILINGUE MIS TROCITOS DE COLORES',20 CALLE 15-71 PROYECTO 4-4,66595730,YENI XIOMARA CRÚZ SARCEÑO,,PARVULOS,PRIVADO,URBANA,CERRADA TEMPORALMENTE,MONOLINGUE,MATUTINA,DIARIO(REGULAR),GUATEMALA NORTE
00-06-0470-42,,CIUDAD CAPITAL,ZONA 6,EPDP COLEGIO EPISCOPAL 'GUILLERMO WILLBERFORCE',19 CALLE 24-42 BARRIO SAN ANTONIO,,,,PARVULOS,PRIVADO,URBANA,CERRADA DEFINITIVAMENTE,MONOLINGUE,MATUTINA,DIARIO(REGULAR),GUATEMALA NORTE
00-06-0471-42,01-01-0006,CIUDAD CAPITAL,ZONA 6,EPDP ANEXA A 'LICEO SAN JOSE',7A. CALLE B 13-17,22880811,GLORIA GABRIELA LARIOS GARCÍA,MIRTALA  DE LEÓN ARRIAZA,PARVULOS,PRIVADO,URBANA,ABIERTA,MONOLINGUE,MATUTINA,DIARIO(REGULAR),GUATEMALA NORTE
00-06-0472-42,01-102,CIUDAD CAPITAL,ZONA 6,CPMI 'CAYETANO FRANCOS Y MONROY',15 AVE. 13-32,22895351,ZIZI ARELY LOPEZ CHINCHILLA,,PARVULOS,PRIVADO,URBANA,CERRADA TEMPORALMENTE,MONOLINGUE,MATUTINA,DIARIO(REGULAR),GUATEMALA NORTE
00-06-0473-42,,CIUDAD CAPITAL,ZONA 6,EPDP ANEXA A COLEGIO NUEVO BILINGUE 'CONCEPCION NAVAS',15 CALLE 15-40,,,,PARVULOS,PRIVADO,URBANA,CERRADA DEFINITIVAMENTE,MONOLINGUE,MATUTINA,DIARIO(REGULAR),GUATEMALA NORTE
00-06-0474-42,01-01-0006,CIUDAD CAPITAL,ZONA 6,"COLEGIO PRIVADO ""TERESA DE AVILA""",15 AVE. 5-45,22880382,GLORIA GABRIELA LARIOS GARCÍA,JOSEFINA  ABDO,PARVULOS,PRIVADO,URBANA,ABIERTA,MONOLINGUE,MATUTINA,DIARIO(REGULAR),GUATEMALA NORTE
00-06-0475-42,01-01-0008,CIUDAD CAPITAL,ZONA 6,"COLEGIO PRIVADO MIXTO  ""CENTRO AMERICA""",16 AVE. 19-52 PROYECTO 4-4,22893825,YENI XIOMARA CRÚZ SERCEÑO,DORIS ELIZABETH ESTRADA HERNÁNDEZ,PARVULOS,PRIVADO,URBANA,ABIERTA,MONOLINGUE,MATUTINA,DIARIO(REGULAR),GUATEMALA NORTE
00-06-0476-42,01-102,CIUDAD CAPITAL,ZONA 6,COLEGIO 'DIVINA PASTORA',8A. CALLE 14-09,22882152,ZIZI ARELY LOPEZ CHINCHILLA,,PARVULOS,PRIVADO,URBANA,CERRADA DEFINITIVAMENTE,MONOLINGUE,MATUTINA,DIARIO(REGULAR),GUATEMALA NORTE
00-06-0477-42,,CIUDAD CAPITAL,ZONA 6,EPDP ANEXA A COLEGIO MIXTO 'JUAN JOSE OROZCO POSADAS',17 CALLE 15-48 COLONIA CIPRESALES,,,,PARVULOS,PRIVADO,URBANA,CERRADA DEFINITIVAMENTE,MONOLINGUE,MATUTINA,DIARIO(REGULAR),GUATEMALA NORTE
00-06-0478-43,01-01-0007,CIUDAD CAPITAL,ZONA 6,EOUV NO.3 ALEJANDRO MARURE,15 AVE. 3-28,22890492,ZIZI ARELY LOPEZ CHINCHILLA,ERICKA YANETH MAZARIEGOS DÍAZ,PRIMARIA,OFICIAL,URBANA,ABIERTA,MONOLINGUE,MATUTINA,DIARIO(REGULAR),GUATEMALA NORTE
00-06-0479-43,01-01-0010,CIUDAD CAPITAL,ZONA 6,"EOUV NO.56 ""DR. RODOLFO ROBLES""",21 AVENIDA 18-26 BARRIO SAN ANTONIO,22891163,ZIZI ARELY LOPEZ CHINCHILLA,DIANA DEL ROSARIO CANTORAL QUIROA,PRIMARIA,OFICIAL,URBANA,ABIERTA,MONOLINGUE,MATUTINA,DIARIO(REGULAR),GUATEMALA NORTE
00-06-0480-43,01-01-0008,CIUDAD CAPITAL,ZONA 6,EOUV NO.72  REPUBLICA DE BELGICA,16 AVENIDA 18-73 PROYECTO 4-4,40978973,YENI XIOMARA CRÚZ SERCEÑO,WENDY ELIZABETH VELÁSQUEZ LÓPEZ,PRIMARIA,OFICIAL,URBANA,ABIERTA,MONOLINGUE,VESPERTINA,DIARIO(REGULAR),GUATEMALA NORTE
00-06-0481-42,,CIUDAD CAPITAL,ZONA 6,EOUN 'RAFAEL LANDIVAR' # 21,LA. CALLE 'B' FINAL,,,,PARVULOS,OFICIAL,URBANA,CERRADA DEFINITIVAMENTE,MONOLINGUE,MATUTINA,DIARIO(REGULAR),GUATEMALA NORTE
00-06-0481-43,01-01-0007,CIUDAD CAPITAL,ZONA 6,EOUN NO.21 RAFAEL LANDIVAR,1A CALLE B Y 23 AVENIDA FINAL,56237387,ZIZI ARELY LOPEZ CHINCHILLA,INGRID XIOMARA AVILA DÍAZ,PRIMARIA,OFICIAL,URBANA,ABIERTA,MONOLINGUE,MATUTINA,DIARIO(REGULAR),GUATEMALA NORTE
00-06-0482-42,01-01-0007,CIUDAD CAPITAL,ZONA 6,NO.37 'FRANCISCO A. DE FUENTES Y GUZMAN',23 AVENIDA 1-31,22540976,ZIZI ARELY LOPEZ CHINCHILLA,LOYDA REBECA MARTÍNEZ GONZÁLEZ,PARVULOS,OFICIAL,URBANA,ABIERTA,MONOLINGUE,VESPERTINA,DIARIO(REGULAR),GUATEMALA NORTE
00-06-0482-43,01-01-0007,CIUDAD CAPITAL,ZONA 6,EOUV NO.37 FRANCISCO ANTONIO DE FUENTES Y GUZMAN,23 AV. 1-31,22540976,ZIZI ARELY LOPEZ CHINCHILLA,LOYDA REBECA MARTÍNEZ GONZÁLEZ,PRIMARIA,OFICIAL,URBANA,ABIERTA,MONOLINGUE,VESPERTINA,DIARIO(REGULAR),GUATEMALA NORTE
00-06-0483-43,01-01-0007,CIUDAD CAPITAL,ZONA 6,EOUV NO.24 FRAY BARTOLOME DE LAS CASAS,2A CALLE B 19-60,55239642,ZIZI ARELY LOPEZ CHINCHILLA,ZOILA ARACELY GUERRERO MARROQUÍN,PRIMARIA,OFICIAL,URBANA,ABIERTA,MONOLINGUE,MATUTINA,DIARIO(REGULAR),GUATEMALA NORTE
00-06-0484-43,01-01-0007,CIUDAD CAPITAL,ZONA 6,"EOUV NO.22  ""REPUBLICA DE MEXICO""",15 AVE. 1-42,22701217,ZIZI ARELY LOPEZ CHINCHILLA,GLORIA CONSUELO GARCÍA SAMAYOA,PRIMARIA,OFICIAL,URBANA,ABIERTA,MONOLINGUE,MATUTINA,DIARIO(REGULAR),GUATEMALA NORTE
00-06-0485-42,01-01-0008,CIUDAD CAPITAL,ZONA 6,EODP ANEXA  A EOUV NO. 117  MARIA CRISTINA BENNET DE ROLZ,21 CALLE  C  23-85 PROYECTO 4-10,52064101,YENI XIOMARA CRÚZ SERCEÑO,NINNETTE AMPARO FUENTES SOSA,PARVULOS,OFICIAL,URBANA,ABIERTA,MONOLINGUE,VESPERTINA,DIARIO(REGULAR),GUATEMALA NORTE
00-06-0485-43,01-01-0008,CIUDAD CAPITAL,ZONA 6,EOUV 'MARIA CRISTINA BENNETT DE ROLZ',"21 CALLE ""C"" 23-85 PROYECTO 4-10",52064101,YENI XIOMARA CRÚZ SERCEÑO,NINNETTE AMPARO FUENTES SOSA,PRIMARIA,OFICIAL,URBANA,ABIERTA,MONOLINGUE,VESPERTINA,DIARIO(REGULAR),GUATEMALA NORTE
00-06-0486-43,01-01-0008,CIUDAD CAPITAL,ZONA 6,EOUV NO.68 DR. LUIS MARTINEZ MONT,18 AVE. 26-15 PROYECTO 4-3,41611291,YENI XIOMARA CRÚZ SERCEÑO,INGRID JEANNETTE PINTO,PRIMARIA,OFICIAL,URBANA,ABIERTA,MONOLINGUE,VESPERTINA,DIARIO(REGULAR),GUATEMALA NORTE
00-06-0487-43,01-01-0007,CIUDAD CAPITAL,ZONA 6,EOUM NO.39  SIMON BERGAÑO Y VILLEGAS,15 AVE. 3-28,37451715,ZIZI ARELY LOPEZ CHINCHILLA,KAREN YESSENIA ENRIQUEZ NAVAS,PRIMARIA,OFICIAL,URBANA,ABIERTA,MONOLINGUE,VESPERTINA,DIARIO(REGULAR),GUATEMALA NORTE
00-06-0488-43,01-01-0010,CIUDAD CAPITAL,ZONA 6,"EOUV NO.62 ""HERMOGENES GONZALEZ MEJIA""",21 AVENIDA 18-26,54398377,ZIZI ARELY LOPEZ CHINCHILLA,MERCEDES EMILIA GODINEZ MARTINEZ,PRIMARIA,OFICIAL,URBANA,ABIERTA,MONOLINGUE,VESPERTINA,DIARIO(REGULAR),GUATEMALA NORTE
00-06-0489-43,01-01-0008,CIUDAD CAPITAL,ZONA 6,EOUN NO.40 MARIA CRISTINA BENNETT DE ROLZ,"21 CALLE ""C"" 23-85 PROYECTO 4-10",56961835,YENI XIOMARA CRÚZ SERCEÑO,GLADYS VIRGINIA SOSA DE LEON,PRIMARIA,OFICIAL,URBANA,ABIERTA,MONOLINGUE,MATUTINA,DIARIO(REGULAR),GUATEMALA NORTE
00-06-0490-43,01-01-0007,CIUDAD CAPITAL,ZONA 6,EOUN NO.4 'JUSTO RUFINO BARRIOS',13 AVE. 1-28,56550276,ZIZI ARELY LOPEZ CHINCHILLA,MYRIAM JUDITH ARREAZA RAMÍREZ,PRIMARIA,OFICIAL,URBANA,ABIERTA,MONOLINGUE,MATUTINA,DIARIO(REGULAR),GUATEMALA NORTE
00-06-0491-43,01-01-0010,CIUDAD CAPITAL,ZONA 6,EOUN NO.57  ERNESTINA MENA VDA DE REITZ,21 AVE. 14-16,22888156,ZIZI ARELY LOPEZ CHINCHILLA,MARÍA DEL ROSARIO TACATIC ALFARO,PRIMARIA,OFICIAL,URBANA,ABIERTA,MONOLINGUE,MATUTINA,DIARIO(REGULAR),GUATEMALA NORTE
00-06-0492-43,01-01-0006,CIUDAD CAPITAL,ZONA 6,"EOUN NO. 29  ""REPUBLICA DOMINICANA""",8A CALLE 13-44,22895180,GLORIA GABRIELA LARIOS GARCÍA,ANABELLA  MOTTA FRANCO,PRIMARIA,OFICIAL,URBANA,ABIERTA,MONOLINGUE,MATUTINA,DIARIO(REGULAR),GUATEMALA NORTE
00-06-0493-43,01-01-0008,CIUDAD CAPITAL,ZONA 6,EOUN NO.82 RUBEN VILLAGRAN PAUL,18 AVE. 26-15 PROYECTO 4-3,22892856,YENI XIOMARA CRÚZ SERCEÑO,MÓNICA MARIELA MARROQUÍN SAZO,PRIMARIA,OFICIAL,URBANA,ABIERTA,MONOLINGUE,MATUTINA,DIARIO(REGULAR),GUATEMALA NORTE
00-06-0494-43,01-01-0007,CIUDAD CAPITAL,ZONA 6,EOUM NO. 23  ESPAÑA,13 AVENIDA 1-28,41355681,ZIZI ARELY LOPEZ CHINCHILLA,JOSÉ JAVIER DE LEÓN TERRON,PRIMARIA,OFICIAL,URBANA,ABIERTA,MONOLINGUE,VESPERTINA,DIARIO(REGULAR),GUATEMALA NORTE
00-06-0495-43,01-01-0008,CIUDAD CAPITAL,ZONA 6,"EOUN NO.95 ""REPUBLICA DE AUSTRIA""","16 AVENIDA 18-51, COLONIA PROYECTO 4-4",42483205,YENI XIOMARA CRÚZ SERCEÑO,NINNETTE DEL CÁRMEN REYES RUÍZ,PRIMARIA,OFICIAL,URBANA,ABIERTA,MONOLINGUE,MATUTINA,DIARIO(REGULAR),GUATEMALA NORTE
00-06-0496-43,01-01-0010,CIUDAD CAPITAL,ZONA 6,EOUN NO.59 RAFAEL AREVALO MARTINEZ,21 AVE. 14-16 BARRIO SAN ANTONIO,56115305,ZIZI ARELY LOPEZ CHINCHILLA,HEBER REINALDO AVALOS GARCÍA,PRIMARIA,OFICIAL,URBANA,ABIERTA,MONOLINGUE,VESPERTINA,DIARIO(REGULAR),GUATEMALA NORTE
00-06-0497-43,01-102,CIUDAD CAPITAL,ZONA 6,EOUN NO.48 MIGUEL MORAZAN,8A CALLE 13-44,55182211,ZIZI ARELY LOPEZ CHINCHILLA,,PRIMARIA,OFICIAL,URBANA,CERRADA DEFINITIVAMENTE,MONOLINGUE,VESPERTINA,DIARIO(REGULAR),GUATEMALA NORTE
00-06-0498-43,01-01-0006,CIUDAD CAPITAL,ZONA 6,"EOUM NO.150 ""ASENTAMIENTO ROOSEVELT""","13 AVENIDA  ""B"" 13-20 COLONIA .EL QUINTANAL",51166949,GLORIA GABRIELA LARIOS GARCÍA,ALBA ETELVINA MEJÍA MENDOZA,PRIMARIA,OFICIAL,URBANA,ABIERTA,MONOLINGUE,MATUTINA,DIARIO(REGULAR),GUATEMALA NORTE
00-06-0499-43,01-01-0007,CIUDAD CAPITAL,ZONA 6,"ESCUELA OFICIAL URBANA MIXTA NO. 124 ""JUAN JOSÉ OROZCO POSADAS""","CALZADA JOSE MILLA Y VIDAURRE, 27 AVENIDA",22893070,ZIZI ARELY LOPEZ CHINCHILLA,WENDY STEPHANY MONTÚFAR AQUINO,PRIMARIA,OFICIAL,URBANA,ABIERTA,MONOLINGUE,MATUTINA,DIARIO(REGULAR),GUATEMALA NORTE
00-06-0500-43,01-01-0006,CIUDAD CAPITAL,ZONA 6,EOUM NO.274,12 CALLE 12-23 COLONIA MARTINICO II,55824560,GLORIA GABRIELA LARIOS GARCÍA,DIANA MARLENY TRUJILLO PÉREZ,PRIMARIA,OFICIAL,URBANA,ABIERTA,MONOLINGUE,MATUTINA,DIARIO(REGULAR),GUATEMALA NORTE
00-06-0501-43,01-01-0007,CIUDAD CAPITAL,ZONA 6,EOUM NO.47 MIGUEL DE CERVANTES SAAVEDRA,15 AVE. 1-42,22891007,ZIZI ARELY LOPEZ CHINCHILLA,MARÍA DEL CARMEN CASTELLANOS DONIS,PRIMARIA,OFICIAL,URBANA,ABIERTA,MONOLINGUE,VESPERTINA,DIARIO(REGULAR),GUATEMALA NORTE
00-06-0502-43,01-102,CIUDAD CAPITAL,ZONA 6,EOUM NO.150 'ASENTAMIENTO ROOSEVELT',13 AVE. 'B' 13-20 COLONIA EL QUINTANAL,54953987,ZIZI ARELY LOPEZ CHINCHILLA,,PRIMARIA,OFICIAL,URBANA,CERRADA DEFINITIVAMENTE,MONOLINGUE,VESPERTINA,DIARIO(REGULAR),GUATEMALA NORTE
00-06-0503-43,01-102,CIUDAD CAPITAL,ZONA 6,EPUV COLEGIO 'TERESA DE AVILA',4'A' CALLE 15-43,22880382,ZIZI ARELY LOPEZ CHINCHILLA,,PRIMARIA,PRIVADO,URBANA,CERRADA DEFINITIVAMENTE,MONOLINGUE,MATUTINA,DIARIO(REGULAR),GUATEMALA NORTE
00-06-0504-43,01-01-0006,CIUDAD CAPITAL,ZONA 6,"COLEGIO PRIVADO "" TERESA DE AVILA """,15 AVE. 5-45,22880382,GLORIA GABRIELA LARIOS GARCÍA,JEANETTE  ABDO MONTERROSO,PRIMARIA,PRIVADO,URBANA,ABIERTA,MONOLINGUE,MATUTINA,DIARIO(REGULAR),GUATEMALA NORTE
00-06-0505-43,01-01-0008,CIUDAD CAPITAL,ZONA 6,"COLEGIO PRIVADO MIXTO  ""CENTRO AMERICA""",16 AVE. 19-52 PROYECTO 4-4,40104596,YENI XIOMARA CRÚZ SERCEÑO,CLAUDIA ROCIO NISTHAL CHAVARRIA,PRIMARIA,PRIVADO,URBANA,ABIERTA,MONOLINGUE,MATUTINA,DIARIO(REGULAR),GUATEMALA NORTE
00-06-0506-43,01-01-0007,CIUDAD CAPITAL,ZONA 6,EPUM COLEGIO  JESUS DE CANDELARIA,1 A  CALLE 12-91,22881465,ZIZI ARELY LOPEZ CHINCHILLA,ANA MARGARITA SOSA CHAVEZ,PRIMARIA,PRIVADO,URBANA,ABIERTA,MONOLINGUE,MATUTINA,DIARIO(REGULAR),GUATEMALA NORTE
00-06-0508-43,01-01-0006,CIUDAD CAPITAL,ZONA 6,EPUM 'LICEO SAN JOSE',7A. CALLE B 13-17,22880811,GLORIA GABRIELA LARIOS GARCÍA,MIRTALA  DE LEÓN ARRIAZA,PRIMARIA,PRIVADO,URBANA,ABIERTA,MONOLINGUE,MATUTINA,DIARIO(REGULAR),GUATEMALA NORTE
00-06-0509-43,,CIUDAD CAPITAL,ZONA 6,EPUM COLEGIO NUEVO BILINGUE 'CONCEPCION NAVAS',15 CALLE 15-40,,,,PRIMARIA,PRIVADO,URBANA,CERRADA DEFINITIVAMENTE,MONOLINGUE,MATUTINA,DIARIO(REGULAR),GUATEMALA NORTE
00-06-0510-43,01-102,CIUDAD CAPITAL,ZONA 6,EPUM COLEGIO 'CAYETANO FRANCOS Y MONROY',15 AVE. 13-32,22895351,ZIZI ARELY LOPEZ CHINCHILLA,,PRIMARIA,PRIVADO,URBANA,CERRADA TEMPORALMENTE,MONOLINGUE,MATUTINA,DIARIO(REGULAR),GUATEMALA NORTE
00-06-0511-43,,CIUDAD CAPITAL,ZONA 6,EPUM COLEGIO 'ISAAC NEWTON',1A CALLE 12-67,,,,PRIMARIA,PRIVADO,URBANA,CERRADA DEFINITIVAMENTE,MONOLINGUE,MATUTINA,DIARIO(REGULAR),GUATEMALA NORTE
00-06-0512-43,,CIUDAD CAPITAL,ZONA 6,EPUM COLEGIO 'VIRGINIA CASTAYEDA',LOTE 551 SECTOR DEPORTIVO COL. STA. LUISA,,,,PRIMARIA,PRIVADO,URBANA,CERRADA TEMPORALMENTE,MONOLINGUE,MATUTINA,DIARIO(REGULAR),GUATEMALA NORTE
00-06-0513-43,,CIUDAD CAPITAL,ZONA 6,EPUM COLEGIO 'JUAN JOSE OROZCO POSADAS',14 AVE. 'A' 18-90 LA PEDRERA,,,,PRIMARIA,PRIVADO,URBANA,CERRADA DEFINITIVAMENTE,MONOLINGUE,MATUTINA,DIARIO(REGULAR),GUATEMALA NORTE
00-06-0514-43,,CIUDAD CAPITAL,ZONA 6,EPUM COLEGIO EPISCOPAL 'GUILLERMO WILBERFORCE',19 CALLE 24-42 BARRIO SAN ANTONIO,,,,PRIMARIA,PRIVADO,URBANA,CERRADA DEFINITIVAMENTE,MONOLINGUE,MATUTINA,DIARIO(REGULAR),GUATEMALA NORTE
00-06-0515-44,01-01-0017,CIUDAD CAPITAL,ZONA 6,EOPA NO.45 POLICIA NACIONAL CIVIL,16 AVENIDA 14-00,59239069,CARLOS HUMBERTO GONZALEZ DE LEON,EDGAR VINICIO PALENCIA PACHECO,PRIMARIA DE ADULTOS,OFICIAL,URBANA,ABIERTA,MONOLINGUE,NOCTURNA,DIARIO(REGULAR),GUATEMALA NORTE
00-06-0516-44,01-105,CIUDAD CAPITAL,ZONA 6,ESCUELA OFICIAL PARA ADULTOS NO.2 ALBERTO BENITEZ FUENTES,13 AVE. 1-28,,YAMILET VERSALÍ AGUÍLAR PÉREZ,,PRIMARIA DE ADULTOS,OFICIAL,URBANA,CERRADA TEMPORALMENTE,MONOLINGUE,NOCTURNA,DIARIO(REGULAR),GUATEMALA NORTE
00-06-0517-44,01-01-0017,CIUDAD CAPITAL,ZONA 6,ESCUELA OFICIAL PARA ADULTOS NO.15 'MERCEDES RODAS DE LEON',21 AVE. 18-26,53100792,CARLOS HUMBERTO GONZALEZ DE LEON,EMELINA  ARGUETA IGLESIAS,PRIMARIA DE ADULTOS,OFICIAL,URBANA,ABIERTA,MONOLINGUE,NOCTURNA,DIARIO(REGULAR),GUATEMALA NORTE
00-06-0518-44,,CIUDAD CAPITAL,ZONA 6,ESCUELA OFICIAL PARA ADULTOS NO.55,PROYECTO 4-10,,,,PRIMARIA DE ADULTOS,OFICIAL,URBANA,CERRADA DEFINITIVAMENTE,MONOLINGUE,NOCTURNA,DIARIO(REGULAR),GUATEMALA NORTE
00-06-0519-44,01-01-0017,CIUDAD CAPITAL,ZONA 6,ESCUELA OFICIAL PARA ADULTOS NO.3  JOSE SIMEON CAÑAS Y VILLACORTA,15 AVE. 3-28,59501478,CARLOS HUMBERTO GONZALEZ DE LEON,FRANCISCO VALENTÍIN SOLÍS GUTIÉRREZ,PRIMARIA DE ADULTOS,OFICIAL,URBANA,ABIERTA,MONOLINGUE,NOCTURNA,DIARIO(REGULAR),GUATEMALA NORTE
00-06-0520-45,01-01-0006,CIUDAD CAPITAL,ZONA 6,"INSTITUTO NACIONAL DE EDUCACIÓN BÁSICA EXPERIMENTAL CON ORIENTACIÓN OCUPACIONAL ""ENRIQUE GOMEZ CARRILLO""",13 AVENIDA Y 15 CALLE FINAL,22893980,GLORIA GABRIELA LARIOS GARCÍA,RANDY OLIARCA HERNANDEZ MORALES,BASICO,OFICIAL,URBANA,ABIERTA,MONOLINGUE,MATUTINA,DIARIO(REGULAR),GUATEMALA NORTE
00-06-0521-45,01-01-0017,CIUDAD CAPITAL,ZONA 6,"INEB ""CARLOS BENJAMIN PAIZ AYALA""",FINAL CALZADA JOSE MILLA Y VIDAURRE Y 26 AVENIDA,22702943,CARLOS HUMBERTO GONZALEZ DE LEON,JOVITA ANTONIETA MIRANDA BARRIOS,BASICO,OFICIAL,URBANA,ABIERTA,MONOLINGUE,NOCTURNA,DIARIO(REGULAR),GUATEMALA NORTE
00-06-0522-45,01-01-0006,CIUDAD CAPITAL,ZONA 6,"COLEGIO  PRIVADO ""TERESA DE AVILA""",15 AVE. 5-45,22880382,GLORIA GABRIELA LARIOS GARCÍA,JOSEFINA  ABDO,BASICO,PRIVADO,URBANA,ABIERTA,MONOLINGUE,MATUTINA,DIARIO(REGULAR),GUATEMALA NORTE
00-06-0523-45,01-01-0007,CIUDAD CAPITAL,ZONA 6,"COLEGIO ""JESÚS DE CANDELARIA""",1A CALLE 12-91,22881465,ZIZI ARELY LOPEZ CHINCHILLA,ANA MARIA MORALES AGUILAR,BASICO,PRIVADO,URBANA,ABIERTA,MONOLINGUE,VESPERTINA,DIARIO(REGULAR),GUATEMALA NORTE
00-06-0524-45,01-01-0008,CIUDAD CAPITAL,ZONA 6,"COLEGIO PRIVADO MIXTO  ""CENTRO AMÉRICA """,16 AVE. 19-52 PROYECTO 4-4,40104596,YENI XIOMARA CRÚZ SERCEÑO,MIGUEL ESTUARDO ESTRADA HERNÁNDEZ,BASICO,PRIVADO,URBANA,ABIERTA,MONOLINGUE,MATUTINA,DIARIO(REGULAR),GUATEMALA NORTE
00-06-0525-45,,CIUDAD CAPITAL,ZONA 6,INSTITUTO PRIVADO MIXTO DE EDUCACION BASICA 'GABRIELA MISTRAL',16 AVE. Y 18 CALLE PROYECTO 4-4,,,,BASICO,PRIVADO,URBANA,CERRADA DEFINITIVAMENTE,MONOLINGUE,NOCTURNA,DIARIO(REGULAR),GUATEMALA NORTE
00-06-0526-46,01-01-0006,CIUDAD CAPITAL,ZONA 6,"ESCUELA NACIONAL DE CIENCIAS COMERCIALES ""ROMULO GALLEGOS FREIRE""",15 CALLE Y 13 AVENIDA,22546885,GLORIA GABRIELA LARIOS GARCÍA,LEIVEN ELIZABETH VÁSQUEZ AJAU,DIVERSIFICADO,OFICIAL,URBANA,ABIERTA,MONOLINGUE,VESPERTINA,DIARIO(REGULAR),GUATEMALA NORTE
00-06-0527-45,01-01-0007,CIUDAD CAPITAL,ZONA 6,INSTITUTO PRIVADO MIXTO 'DR. RODOLFO ROBLES',1A. CALLE 12-71,22885288,ZIZI ARELY LOPEZ CHINCHILLA,EMMA DEL ROSARIO AGUILAR CONTRERAS,BASICO,PRIVADO,URBANA,ABIERTA,MONOLINGUE,MATUTINA,DIARIO(REGULAR),GUATEMALA NORTE
00-06-0527-46,01-01-0007,CIUDAD CAPITAL,ZONA 6,INSTITUTO PRIVADO MIXTO DE EDUCACION DIVERSIFICADA 'DR. RODOLFO ROBLES',1A CALLE 12-71,22885288,ZIZI ARELY LOPEZ CHINCHILLA,EMMA DEL ROSARIO AGUILAR CONTRERAS,DIVERSIFICADO,PRIVADO,URBANA,ABIERTA,MONOLINGUE,MATUTINA,DIARIO(REGULAR),GUATEMALA NORTE
00-06-2215-42,,CIUDAD CAPITAL,ZONA 6,EPDP COLEGIO 'MAYASOL',20 AVE. 21-46 PROYECTO 4-10,,,,PARVULOS,PRIVADO,URBANA,CERRADA DEFINITIVAMENTE,MONOLINGUE,MATUTINA,DIARIO(REGULAR),GUATEMALA NORTE
00-06-2216-42,,CIUDAD CAPITAL,ZONA 6,EPDP COLEGIO 'TIERRA DE LAS FRESITAS',19 CALLE 15-73 PROYECTO 4-4,,,,PARVULOS,PRIVADO,URBANA,CERRADA DEFINITIVAMENTE,MONOLINGUE,MATUTINA,DIARIO(REGULAR),GUATEMALA NORTE
00-06-2217-42,01-101,CIUDAD CAPITAL,ZONA 6,"COLEGIO  PRIVADO MIXTO ""BELLO HORIZONTE""",20 CALLE 17-75 PROYECTO 4-4,30886130,YENI XIOMARA CRÚZ SARCEÑO,CLAUDIA ROCIO NISTHAL CHAVARRIA,PARVULOS,PRIVADO,URBANA,CERRADA TEMPORALMENTE,MONOLINGUE,MATUTINA,DIARIO(REGULAR),GUATEMALA NORTE
00-06-2218-42,01-01-0010,CIUDAD CAPITAL,ZONA 6,"COLEGIO MIXTO ""SANTA LUCIA""",16 CALLE 23-90 COLONIA SAN ANTONIO,22894560,ZIZI ARELY LOPEZ CHINCHILLA,SILVIA ARACELY GIL BARRIOS,PARVULOS,PRIVADO,URBANA,ABIERTA,MONOLINGUE,MATUTINA,DIARIO(REGULAR),GUATEMALA NORTE
00-06-2219-42,,CIUDAD CAPITAL,ZONA 6,EPDP ANEXA A COLEGIO CATOLICO 'MONTE CARMELITANO',12 AVE. 5-91,22530350,,,PARVULOS,PRIVADO,URBANA,CERRADA TEMPORALMENTE,MONOLINGUE,MATUTINA,DIARIO(REGULAR),GUATEMALA NORTE
00-06-2220-42,01-01-0006,CIUDAD CAPITAL,ZONA 6,"COLEGIO  ""MARIANNE FROSTIG""",15 AVE. 8-35 / 8-41,40344543,GLORIA GABRIELA LARIOS GARCÍA,MIRIAM ARACELY MANSILLA HERNANDEZ,PARVULOS,PRIVADO,URBANA,ABIERTA,MONOLINGUE,MATUTINA,DIARIO(REGULAR),GUATEMALA NORTE
00-06-2221-43,01-01-0006,CIUDAD CAPITAL,ZONA 6,"COLEGIO ""MARIANNE FROSTIG""",15 AVE. 8-35,40344543,GLORIA GABRIELA LARIOS GARCÍA,MIRIAM ARACELY MANSILLA HERNANDEZ,PRIMARIA,PRIVADO,URBANA,ABIERTA,MONOLINGUE,MATUTINA,DIARIO(REGULAR),GUATEMALA NORTE
00-06-2222-43,,CIUDAD CAPITAL,ZONA 6,EPUM COLEGIO CATOLICO 'MONTE CARMELITANO',12 AVE. 5-91,22530350,,,PRIMARIA,PRIVADO,URBANA,CERRADA TEMPORALMENTE,MONOLINGUE,MATUTINA,DIARIO(REGULAR),GUATEMALA NORTE
00-06-2223-43,01-01-0010,CIUDAD CAPITAL,ZONA 6,"COLEGIO MIXTO ""SANTA LUCIA""",16 CALLE 23-90 BARRIO SAN ANTONIO,22894560,ZIZI ARELY LOPEZ CHINCHILLA,ALBA LILIA GIL BARRIOS,PRIMARIA,PRIVADO,URBANA,ABIERTA,MONOLINGUE,MATUTINA,DIARIO(REGULAR),GUATEMALA NORTE
00-06-2224-43,01-101,CIUDAD CAPITAL,ZONA 6,"COLEGIO  PRIVADO MIXTO ""BELLO HORIZONTE""",20 CALLE 17-75 PROYECTO 4-4,30886130,YENI XIOMARA CRÚZ SARCEÑO,CLAUDIA ROCIO NISTHAL CHAVARRIA,PRIMARIA,PRIVADO,URBANA,CERRADA TEMPORALMENTE,MONOLINGUE,MATUTINA,DIARIO(REGULAR),GUATEMALA NORTE
00-06-2225-45,01-407,CIUDAD CAPITAL,ZONA 6,COLEGIO MIXTO NOCTURNO 'PRESBITERO JULIO GONZALEZ CELIS',15 AV. 7-17 ZONA 6,22881415,LILIAN YOLANDA RODRIGUEZ PINTO DE CASTRO,,BASICO,PRIVADO,URBANA,CERRADA TEMPORALMENTE,MONOLINGUE,NOCTURNA,DIARIO(REGULAR),GUATEMALA NORTE
00-06-2225-46,,CIUDAD CAPITAL,ZONA 6,COLEGIO MIXTO NOCTURNO PBRO. JULIO GONZALEZ CELIZ,"GUATEMALA, GUATEMALA",,,,DIVERSIFICADO,PRIVADO,URBANA,CERRADA DEFINITIVAMENTE,MONOLINGUE,NOCTURNA,DIARIO(REGULAR),GUATEMALA NORTE
00-06-2491-42,01-01-0010,CIUDAD CAPITAL,ZONA 6,CPMI 'CIPRESALES',17 CALLE 15-48 COL. CIPRESALES,22541220,ZIZI ARELY LOPEZ CHINCHILLA,EVELIN MARLENY CORADO FAJARDO,PARVULOS,PRIVADO,URBANA,ABIERTA,MONOLINGUE,MATUTINA,DIARIO(REGULAR),GUATEMALA NORTE
00-06-2491-43,01-01-0010,CIUDAD CAPITAL,ZONA 6,EPUM 'COLEGIO CIPRESALES',17 CALLE 15-48 CIPRESALES,22541220,ZIZI ARELY LOPEZ CHINCHILLA,DORCAS SIOMARA CHAJON COLORADO,PRIMARIA,PRIVADO,URBANA,ABIERTA,MONOLINGUE,MATUTINA,DIARIO(REGULAR),GUATEMALA NORTE
00-06-2492-43,,CIUDAD CAPITAL,ZONA 6,EPUM 'NUESTRA SEÑORA DE LA FE',16 AV NO.5 COLONIA GOBERNACION,,,,PRIMARIA,PRIVADO,RURAL,CERRADA DEFINITIVAMENTE,MONOLINGUE,MATUTINA,DIARIO(REGULAR),GUATEMALA NORTE
00-06-2493-43,01-101,CIUDAD CAPITAL,ZONA 6,EPUM COLEGIO 'PRIMAVERA DE GUATEMALA',6 CALLE 16-97,22881448,YENI XIOMARA CRÚZ SARCEÑO,,PRIMARIA,PRIVADO,URBANA,CERRADA TEMPORALMENTE,MONOLINGUE,MATUTINA,DIARIO(REGULAR),GUATEMALA NORTE
00-06-2494-42,,CIUDAD CAPITAL,ZONA 6,EPDP ANEXA A 'COLEGIO FARO ESTUDIANTIL',6A AVE NO. 35 SANTA ISABEL II,,,,PARVULOS,PRIVADO,URBANA,CERRADA DEFINITIVAMENTE,MONOLINGUE,MATUTINA,DIARIO(REGULAR),GUATEMALA NORTE
00-06-2495-43,,CIUDAD CAPITAL,ZONA 6,EPUM 'COLEGIO FARO ESTUDIANTIL',6A AVE NO. 35 SANTA ISABEL II,,,,PRIMARIA,PRIVADO,URBANA,CERRADA DEFINITIVAMENTE,MONOLINGUE,MATUTINA,DIARIO(REGULAR),GUATEMALA NORTE
00-06-2496-43,01-102,CIUDAD CAPITAL,ZONA 6,COLEGIO PARROQUIAL 'DIVINA PASTORA',8A. CALLE 14-09,22882152,ZIZI ARELY LOPEZ CHINCHILLA,,PRIMARIA,PRIVADO,URBANA,CERRADA DEFINITIVAMENTE,MONOLINGUE,MATUTINA,DIARIO(REGULAR),GUATEMALA NORTE
00-06-2762-42,01-01-0007,CIUDAD CAPITAL,ZONA 6,"EODP ANEXA  A  ESCUELA OFICIAL URBANA MIXTA NO. 124 ""JUAN JOSÉ OROZCO POSADAS""",CALZADA JOSE MILLA Y VIDAURRE Y 27 AVENIDA,22893070,ZIZI ARELY LOPEZ CHINCHILLA,WENDY STEPHANY MONTÚFAR AQUINO,PARVULOS,OFICIAL,URBANA,ABIERTA,MONOLINGUE,MATUTINA,DIARIO(REGULAR),GUATEMALA NORTE
00-06-2788-42,01-101,CIUDAD CAPITAL,ZONA 6,EPDP ANEXA A 'COLEGIO HIDALGO KNOTH',23 AVE. 10-18 BARRIO SAN ANTONIO,22895127,YENI XIOMARA CRÚZ SARCEÑO,,PARVULOS,PRIVADO,URBANA,CERRADA DEFINITIVAMENTE,MONOLINGUE,MATUTINA,DIARIO(REGULAR),GUATEMALA NORTE
00-06-2823-42,01-101,CIUDAD CAPITAL,ZONA 6,EOUN NO.57 'ERNESTINA MENA VDA. DE REITZ',21 AVENIDA 14-16,22888156,YENI XIOMARA CRÚZ SARCEÑO,,PARVULOS,OFICIAL,URBANA,CERRADA DEFINITIVAMENTE,MONOLINGUE,MATUTINA,DIARIO(REGULAR),GUATEMALA NORTE
00-06-2824-42,01-01-0010,CIUDAD CAPITAL,ZONA 6,EODP ANEXA A  EOUV NO.62  HERMOGENES GONZALEZ MEJIA,21 AVENIDA 18-26,54398377,ZIZI ARELY LOPEZ CHINCHILLA,MERCEDES EMILIA GODINEZ MARTINEZ,PARVULOS,OFICIAL,URBANA,ABIERTA,MONOLINGUE,VESPERTINA,DIARIO(REGULAR),GUATEMALA NORTE
00-06-2913-46,,CIUDAD CAPITAL,ZONA 6,COLEGIO MIXTO NOCTURNO PBRO. JULIO GONZALEZ CELIS,4a. CALLE 15-43,,,,DIVERSIFICADO,PRIVADO,URBANA,CERRADA DEFINITIVAMENTE,MONOLINGUE,NOCTURNA,DIARIO(REGULAR),GUATEMALA NORTE
00-06-2928-45,,CIUDAD CAPITAL,ZONA 6,COLEGIO CATOLICO 'MONTE CARMELITANO',12 AV. 5-91,22530350,,,BASICO,PRIVADO,URBANA,CERRADA DEFINITIVAMENTE,MONOLINGUE,VESPERTINA,DIARIO(REGULAR),GUATEMALA NORTE
00-06-2929-45,,CIUDAD CAPITAL,ZONA 6,INSTITUTO PRIVADO DE EDUCACION BASICA PBRO. JULIO GONZALEZ CELIZ,4A. CALLE 15-43,,,,BASICO,PRIVADO,URBANA,CERRADA DEFINITIVAMENTE,MONOLINGUE,NOCTURNA,DIARIO(REGULAR),GUATEMALA NORTE
00-06-2971-42,,CIUDAD CAPITAL,ZONA 6,CPMI 'MAYASOL',20 AV. 21-54 COL. PROYECTO 4-10,,,,PARVULOS,PRIVADO,URBANA,CERRADA DEFINITIVAMENTE,MONOLINGUE,MATUTINA,DIARIO(REGULAR),GUATEMALA NORTE
00-06-2998-42,,CIUDAD CAPITAL,ZONA 6,CPMI 'LA MERCED',21 AVENIDA 2-28,22888478,,,PARVULOS,PRIVADO,URBANA,CERRADA DEFINITIVAMENTE,MONOLINGUE,MATUTINA,DIARIO(REGULAR),GUATEMALA NORTE
00-06-2998-43,,CIUDAD CAPITAL,ZONA 6,COLEGIO MIXTO 'LA MERCED',21 AV. 2-28,22888478,,,PRIMARIA,PRIVADO,URBANA,CERRADA DEFINITIVAMENTE,MONOLINGUE,MATUTINA,DIARIO(REGULAR),GUATEMALA NORTE
00-06-2999-42,,CIUDAD CAPITAL,ZONA 6,CPMI 'ALEGRIA DE APRENDER',4A. CALLE 18-49,,,,PARVULOS,PRIVADO,URBANA,CERRADA DEFINITIVAMENTE,MONOLINGUE,MATUTINA,DIARIO(REGULAR),GUATEMALA NORTE
00-06-2999-43,,CIUDAD CAPITAL,ZONA 6,COLEGIO MIXTO 'ALEGRIA DE APRENDER',4A. CALLE 18-49,,,,PRIMARIA,PRIVADO,URBANA,CERRADA TEMPORALMENTE,MONOLINGUE,MATUTINA,DIARIO(REGULAR),GUATEMALA NORTE
00-06-3000-42,,CIUDAD CAPITAL,ZONA 6,CPMI EVANGELICO 'GILGAL',15 AV. 17-32 COL. CIPRESALES,,,,PARVULOS,PRIVADO,URBANA,CERRADA TEMPORALMENTE,MONOLINGUE,MATUTINA,DIARIO(REGULAR),GUATEMALA NORTE
00-06-3000-43,,CIUDAD CAPITAL,ZONA 6,COLEGIO MIXTO EVANGELICO 'GILGAL',15 AV. 17-32 COL. CIPRESALES,22572801,,,PRIMARIA,PRIVADO,URBANA,CERRADA DEFINITIVAMENTE,MONOLINGUE,MATUTINA,DIARIO(REGULAR),GUATEMALA NORTE
00-06-3008-43,,CIUDAD CAPITAL,ZONA 6,COLEGIO PRIVADO CENTRO AMERICA,16 AV. 19-52 PROYECTO 4-4,,,,PRIMARIA,PRIVADO,URBANA,CERRADA DEFINITIVAMENTE,MONOLINGUE,MATUTINA,DIARIO(REGULAR),GUATEMALA NORTE
00-06-3014-45,01-101,CIUDAD CAPITAL,ZONA 6,INSTITUTO MIXTO PRIVADO DE EDUCACION BASICA PROYECTO 3054 'FRAY BARTOLOME DE LAS CASAS',2A. CALLE 'B' 19-60,22890849,YENI XIOMARA CRÚZ SARCEÑO,,BASICO,PRIVADO,URBANA,CERRADA TEMPORALMENTE,MONOLINGUE,VESPERTINA,DIARIO(REGULAR),GUATEMALA NORTE
00-06-3015-45,01-01-0006,CIUDAD CAPITAL,ZONA 6,COLEGIO  MARIANNE FROSTIG,15 AV. 8-35,40344543,GLORIA GABRIELA LARIOS GARCÍA,ATALA MARIA ARRIOLA MANSILLA,BASICO,PRIVADO,URBANA,ABIERTA,MONOLINGUE,MATUTINA,DIARIO(REGULAR),GUATEMALA NORTE
00-06-3016-45,,CIUDAD CAPITAL,ZONA 6,CENTRO INDUSTRIAL NO.8 ANEXO ESCUELA 'RAFAEL AREVALO MARTINEZ',21 AV. 14-16 BARRIO SAN ANTONIO,,,,BASICO,OFICIAL,URBANA,CERRADA DEFINITIVAMENTE,MONOLINGUE,MATUTINA,DIARIO(REGULAR),GUATEMALA NORTE
00-06-3016-46,,CIUDAD CAPITAL,ZONA 6,CENTRO INDUSTRIAL NO.8 ANEXO ESCUELA 'RAFAEL AREVALO MARTINEZ',21 AV. 14-16 BARRIO SAN ANTONIO,,,,DIVERSIFICADO,OFICIAL,URBANA,CERRADA DEFINITIVAMENTE,MONOLINGUE,MATUTINA,DIARIO(REGULAR),GUATEMALA NORTE
00-06-3040-43,01-102,CIUDAD CAPITAL,ZONA 6,CENTRO PSICOPEDAGOGICO INTEGRAL,25 AVE 18-15  A  BARRIO SAN ANTONIO,22895351,ZIZI ARELY LOPEZ CHINCHILLA,INGRID JEANNETTE PINTO,PRIMARIA,PRIVADO,URBANA,CERRADA DEFINITIVAMENTE,MONOLINGUE,MATUTINA,DIARIO(REGULAR),GUATEMALA NORTE
00-06-3041-42,01-102,CIUDAD CAPITAL,ZONA 6,CPMI PSICOPEDAGOGICO INTEGRAL,25 AVE 18-15  A  BARRIO SAN ANTONIO,22895351,ZIZI ARELY LOPEZ CHINCHILLA,INGRID JEANNETTE PINTO,PARVULOS,PRIVADO,URBANA,CERRADA DEFINITIVAMENTE,MONOLINGUE,MATUTINA,DIARIO(REGULAR),GUATEMALA NORTE
00-06-3052-46,01-,CIUDAD CAPITAL,ZONA 6,LICEO DE COMPUTACION C.S.S.,CALLE MARTI 14-49,,MARIA FELICITA ROQUE CARRERA,,DIVERSIFICADO,PRIVADO,URBANA,CERRADA DEFINITIVAMENTE,MONOLINGUE,INTERMEDIA,DIARIO(REGULAR),GUATEMALA NORTE
00-06-3053-42,,CIUDAD CAPITAL,ZONA 6,CPMI CENTRO ESCOLAR DE LA JUVENTUD,1A. CALLE LOTE G-70 COLONIA SAUZALITO,,,,PARVULOS,PRIVADO,URBANA,CERRADA DEFINITIVAMENTE,MONOLINGUE,MATUTINA,DIARIO(REGULAR),GUATEMALA NORTE
00-06-3053-43,,CIUDAD CAPITAL,ZONA 6,CENTRO ESCOLAR DE LA JUVENTUD,1A. CALLE LOTE G-70 COLONIA UZALITO,,,,PRIMARIA,PRIVADO,URBANA,CERRADA DEFINITIVAMENTE,MONOLINGUE,MATUTINA,DIARIO(REGULAR),GUATEMALA NORTE
00-06-3054-42,,CIUDAD CAPITAL,ZONA 6,CPMI LICEO CENTROAMERICANO,11 CALLE 15-05,,,,PARVULOS,PRIVADO,URBANA,CERRADA DEFINITIVAMENTE,MONOLINGUE,MATUTINA,DIARIO(REGULAR),GUATEMALA NORTE
00-06-3054-43,,CIUDAD CAPITAL,ZONA 6,LICEO CENTROAMERICANO,11 CALLE 15-05,22881484,,,PRIMARIA,PRIVADO,URBANA,CERRADA DEFINITIVAMENTE,MONOLINGUE,MATUTINA,DIARIO(REGULAR),GUATEMALA NORTE
00-06-3071-45,01-01-0006,CIUDAD CAPITAL,ZONA 6,"""LICEO DE COMPUTACIÓN C.S.S, ZONA 6""",CALLE MARTI 14-49,22882093,GLORIA GABRIELA LARIOS GARCÍA,LEONEL RAMIRO ALVAREZ CARRERA,BASICO,PRIVADO,URBANA,ABIERTA,MONOLINGUE,MATUTINA,DIARIO(REGULAR),GUATEMALA NORTE
00-06-3071-46,01-01-0006,CIUDAD CAPITAL,ZONA 6,"""LICEO DE COMPUTACIÓN C.S.S, ZONA 6""",CALLE MARTI 14-49,22882093,GLORIA GABRIELA LARIOS GARCÍA,LEONEL RAMIRO ALVAREZ CARRERA,DIVERSIFICADO,PRIVADO,URBANA,ABIERTA,MONOLINGUE,MATUTINA,DIARIO(REGULAR),GUATEMALA NORTE
00-06-3097-46,01-101,CIUDAD CAPITAL,ZONA 6,ACADEMIA DE LA POLICIA NACIONAL,"15 CALLE 16-00, COLONIA CIPRESALES ZONA 6",22563642,YENI XIOMARA CRÚZ SARCEÑO,----------,DIVERSIFICADO,OFICIAL,URBANA,CERRADA TEMPORALMENTE,MONOLINGUE,MATUTINA,DIARIO(REGULAR),GUATEMALA NORTE
00-06-3106-43,,CIUDAD CAPITAL,ZONA 6,CENTRO EDUCATIVO EXPERIMENTAL NNAT. DE SODIFAG,18 AV. 1ERA. CALLE MERCADO SAN MARTIN DE PORRES,,,,PRIMARIA,PRIVADO,URBANA,CERRADA DEFINITIVAMENTE,MONOLINGUE,MATUTINA,DIARIO(REGULAR),GUATEMALA NORTE
00-06-3107-43,,CIUDAD CAPITAL,ZONA 6,CENTRO EDUCATIVO EXPERIMENTAL NNAT. DE SODIFAG,MERCADO LA PARROQUIA SEGUNDO NIVEL,,,,PRIMARIA,PRIVADO,URBANA,CERRADA DEFINITIVAMENTE,MONOLINGUE,MATUTINA,DIARIO(REGULAR),GUATEMALA NORTE
00-06-3123-42,01-101,CIUDAD CAPITAL,ZONA 6,EVANGÉLICO NAZARENO,17 AVENIDA 10-65,22880571,YENI XIOMARA CRÚZ SARCEÑO,,PARVULOS,PRIVADO,URBANA,CERRADA DEFINITIVAMENTE,MONOLINGUE,MATUTINA,DIARIO(REGULAR),GUATEMALA NORTE
00-06-3123-43,01-101,CIUDAD CAPITAL,ZONA 6,COLEGIO MIXTO EVANGELICO 'NAZARENO',17 AVENIDA 10-65,22880571,YENI XIOMARA CRÚZ SARCEÑO,,PRIMARIA,PRIVADO,URBANA,CERRADA DEFINITIVAMENTE,MONOLINGUE,MATUTINA,DIARIO(REGULAR),GUATEMALA NORTE
00-06-3139-45,,CIUDAD CAPITAL,ZONA 6,CENTRO EDUCATIVO 'PAULO FREIRE',28 CALLE 15-08 COLONIA EL MOLINO,22320173,,,BASICO,PRIVADO,URBANA,CERRADA DEFINITIVAMENTE,MONOLINGUE,MATUTINA,DIARIO(REGULAR),GUATEMALA NORTE
00-06-3139-46,01-,CIUDAD CAPITAL,ZONA 6,CENTRO EDUCATIVO 'PAULO FREIRE',28 CALLE 15-08 COLONIA EL MOLINO,,MARIA FELICITA ROQUE CARRERA,,DIVERSIFICADO,PRIVADO,URBANA,CERRADA DEFINITIVAMENTE,MONOLINGUE,MATUTINA,DIARIO(REGULAR),GUATEMALA NORTE
00-06-4197-43,01-01-0006,CIUDAD CAPITAL,ZONA 6,EOUN NO.80  ANGELINA ACUÑA,12 CALLE 12-23,41165286,GLORIA GABRIELA LARIOS GARCÍA,MARÍA TERESA CABRERA ARTEAGA,PRIMARIA,OFICIAL,URBANA,ABIERTA,MONOLINGUE,VESPERTINA,DIARIO(REGULAR),GUATEMALA NORTE
00-06-4201-46,01-01-0007,CIUDAD CAPITAL,ZONA 6,LICEO DE CIENCIAS TECNICAS,1A. CALLE 13-59,22881033,ZIZI ARELY LOPEZ CHINCHILLA,CARLOS HUMBERTO BARRIOS LÓPEZ,DIVERSIFICADO,PRIVADO,URBANA,ABIERTA,MONOLINGUE,VESPERTINA,DIARIO(REGULAR),GUATEMALA NORTE
00-06-4276-45,01-407,CIUDAD CAPITAL,ZONA 6,LICEO DE 'CIENCIAS TECNICAS',1A. CALLE 13-59,22881033,LILIAN YOLANDA RODRIGUEZ PINTO DE CASTRO,,BASICO,PRIVADO,URBANA,CERRADA DEFINITIVAMENTE,MONOLINGUE,MATUTINA,SABATINO,GUATEMALA NORTE
00-06-4298-46,01-407,CIUDAD CAPITAL,ZONA 6,LICEO DE CIENCIAS TECNICAS,1A. CALLE 13-59,22881033,LILIAN YOLANDA RODRIGUEZ PINTO DE CASTRO,----,DIVERSIFICADO,PRIVADO,URBANA,CERRADA DEFINITIVAMENTE,MONOLINGUE,MATUTINA,FIN DE SEMANA,GUATEMALA NORTE
00-06-4316-45,,CIUDAD CAPITAL,ZONA 6,COLEGIO PRIVADO MIXTO URBANO 'HIDALGO KNOTH',23 AV. 10-18 BARRIO SAN ANTONIO,,,,BASICO,PRIVADO,URBANA,CERRADA TEMPORALMENTE,MONOLINGUE,MATUTINA,DIARIO(REGULAR),GUATEMALA NORTE
00-06-4317-45,,CIUDAD CAPITAL,ZONA 6,COLEGIO NUEVO BILINGUE 'CONCEPCION NAVAS ',15 CALLE 15-40,,,,BASICO,PRIVADO,URBANA,CERRADA DEFINITIVAMENTE,MONOLINGUE,VESPERTINA,DIARIO(REGULAR),GUATEMALA NORTE
00-06-4362-42,01-01-0010,CIUDAD CAPITAL,ZONA 6,CPMI JARDIN INFANTIL 'LAS RANITAS',20 AVENIDA 16-27 RESIDENCIALES CIPRESALES,22703180,ZIZI ARELY LOPEZ CHINCHILLA,MIRNA NOHEMÍ PÉREZ FIGUEROA,PARVULOS,PRIVADO,URBANA,ABIERTA,MONOLINGUE,MATUTINA,DIARIO(REGULAR),GUATEMALA NORTE
00-06-4365-46,01-01-0007,CIUDAD CAPITAL,ZONA 6,LICEO DE CIENCIAS TECNICAS,1A. CALLE 13-59,22881033,ZIZI ARELY LOPEZ CHINCHILLA,NATALY VICTORIA BARRIOS PAZ,DIVERSIFICADO,PRIVADO,URBANA,ABIERTA,MONOLINGUE,MATUTINA,DIARIO(REGULAR),GUATEMALA NORTE
00-06-4407-46,01-407,CIUDAD CAPITAL,ZONA 6,LICEO DE CIENCIAS TECNICAS,1A CALLE 13-59,22881033,LILIAN YOLANDA RODRIGUEZ PINTO DE CASTRO,,DIVERSIFICADO,PRIVADO,URBANA,TEMPORAL TITULOS,MONOLINGUE,INTERMEDIA,DIARIO(REGULAR),GUATEMALA NORTE
00-06-4602-45,01-102,CIUDAD CAPITAL,ZONA 6,COLEGIO CIPRESALES,15 CALLE 15-40 CIPRESALES,22882123,ZIZI ARELY LOPEZ CHINCHILLA,,BASICO,PRIVADO,URBANA,CERRADA TEMPORALMENTE,MONOLINGUE,VESPERTINA,DIARIO(REGULAR),GUATEMALA NORTE
00-06-4603-45,01-407,CIUDAD CAPITAL,ZONA 6,LICEO DE CIENCIAS TECNICAS,1A CALLE 13-59,22881033,LILIAN YOLANDA RODRIGUEZ PINTO DE CASTRO,,BASICO,PRIVADO,URBANA,CERRADA TEMPORALMENTE,MONOLINGUE,INTERMEDIA,DIARIO(REGULAR),GUATEMALA NORTE
00-06-4644-45,,CIUDAD CAPITAL,ZONA 6,COLEGIO CENTRO PEDAGOGICO 'EL VALLE',5 CALLE 'A' 11-24,,,,BASICO,PRIVADO,URBANA,CERRADA DEFINITIVAMENTE,MONOLINGUE,MATUTINA,DIARIO(REGULAR),GUATEMALA NORTE
00-06-4645-46,01-,CIUDAD CAPITAL,ZONA 6,COLEGIO CENTRO PEDAGOGICO 'EL VALLE',5 CALLE  A  11-24,,MARIA FELICITA ROQUE CARRERA,--------------,DIVERSIFICADO,PRIVADO,URBANA,CERRADA DEFINITIVAMENTE,MONOLINGUE,MATUTINA,DIARIO(REGULAR),GUATEMALA NORTE
00-06-4717-45,,CIUDAD CAPITAL,ZONA 6,LICEO DE COMPUTACION C.S.S.,CALLE MARTI 14-49,,,,BASICO,PRIVADO,URBANA,CERRADA TEMPORALMENTE,MONOLINGUE,MATUTINA,DIARIO(REGULAR),GUATEMALA NORTE
00-06-4718-43,,CIUDAD CAPITAL,ZONA 6,EOUN NO. 80 ANGELINA ACUYA,12 CALLE 12-23 MARTINICO II,,,,PRIMARIA,OFICIAL,URBANA,CERRADA DEFINITIVAMENTE,MONOLINGUE,VESPERTINA,DIARIO(REGULAR),GUATEMALA NORTE
00-06-4731-46,01-01-0007,CIUDAD CAPITAL,ZONA 6,INSTITUTO MIXTO  DR. RODOLFO ROBLES,1A. CALLE 12-71,22885288,ZIZI ARELY LOPEZ CHINCHILLA,EMMA DEL ROSARIO AGUILAR CONTRERAS,DIVERSIFICADO,PRIVADO,URBANA,ABIERTA,MONOLINGUE,VESPERTINA,DIARIO(REGULAR),GUATEMALA NORTE
00-06-4747-43,01-01-0006,CIUDAD CAPITAL,ZONA 6,LICEO DE COMPUTACION C.S.S.,CALLE MARTI 14-49,22882093,GLORIA GABRIELA LARIOS GARCÍA,LEONEL RAMIRO ALVAREZ CARRERA,PRIMARIA,PRIVADO,URBANA,ABIERTA,MONOLINGUE,MATUTINA,DIARIO(REGULAR),GUATEMALA NORTE
00-06-6903-43,,CIUDAD CAPITAL,ZONA 6,COLEGIO MIXTO EDUCATIVO 'ROMAY',16AV. 8-17,,,,PRIMARIA,PRIVADO,URBANA,CERRADA DEFINITIVAMENTE,MONOLINGUE,MATUTINA,DIARIO(REGULAR),GUATEMALA NORTE
00-06-6904-43,01-01-0010,CIUDAD CAPITAL,ZONA 6,LICEO PROFESOR DAVID LETRAN,6A. CALLE 20-64,44731032,ZIZI ARELY LOPEZ CHINCHILLA,ALMA ISABEL OLIVA HERRERA,PRIMARIA,PRIVADO,URBANA,ABIERTA,MONOLINGUE,MATUTINA,DIARIO(REGULAR),GUATEMALA NORTE
00-06-6905-43,01-101,CIUDAD CAPITAL,ZONA 6,COLEGIO MI MUNDO ESCOLAR,16 AV. 7-63,22886363,YENI XIOMARA CRÚZ SARCEÑO,,PRIMARIA,PRIVADO,URBANA,CERRADA TEMPORALMENTE,MONOLINGUE,MATUTINA,DIARIO(REGULAR),GUATEMALA NORTE
00-06-6921-42,,CIUDAD CAPITAL,ZONA 6,CPMI SANTA RITA,27 CALLE 5-28 COLONIA SAN FRANCISCO I,,,,PARVULOS,PRIVADO,URBANA,CERRADA DEFINITIVAMENTE,MONOLINGUE,MATUTINA,DIARIO(REGULAR),GUATEMALA NORTE
00-06-6965-42,01-101,CIUDAD CAPITAL,ZONA 6,CPMI MI MUNDO ESCOLAR,16 AV. 7-63,22886363,YENI XIOMARA CRÚZ SARCEÑO,,PARVULOS,PRIVADO,URBANA,CERRADA TEMPORALMENTE,MONOLINGUE,MATUTINA,DIARIO(REGULAR),GUATEMALA NORTE
00-06-6966-42,01-01-0010,CIUDAD CAPITAL,ZONA 6,LICEO PROFESOR DAVID LETRAN,6A. CALLE 20-64,44731032,ZIZI ARELY LOPEZ CHINCHILLA,BLANCA ELIZABETH OLIVA HERRERA,PARVULOS,PRIVADO,URBANA,ABIERTA,MONOLINGUE,MATUTINA,DIARIO(REGULAR),GUATEMALA NORTE
00-06-6967-43,,CIUDAD CAPITAL,ZONA 6,COLEGIO BILINGUE TIERRA DE LAS FRESITAS,19 CALLE 15-73 PROYECTO 4-4,,,,PRIMARIA,PRIVADO,URBANA,CERRADA DEFINITIVAMENTE,MONOLINGUE,MATUTINA,DIARIO(REGULAR),GUATEMALA NORTE
00-06-6968-42,,CIUDAD CAPITAL,ZONA 6,CPMI EDUCATIVO ROMAY,16 AV. 8-17,,,,PARVULOS,PRIVADO,URBANA,CERRADA DEFINITIVAMENTE,MONOLINGUE,MATUTINA,DIARIO(REGULAR),GUATEMALA NORTE
00-06-7043-45,01-01-0007,CIUDAD CAPITAL,ZONA 6,LICEO DE CIENCIAS TECNICAS,1A. CALLE 13-59,22881033,ZIZI ARELY LOPEZ CHINCHILLA,CARLOS HUMBERTO BARRIOS LÓPEZ,BASICO,PRIVADO,URBANA,ABIERTA,MONOLINGUE,VESPERTINA,DIARIO(REGULAR),GUATEMALA NORTE
00-06-7044-45,01-407,CIUDAD CAPITAL,ZONA 6,LICEO DE CIENCIAS TECNICAS,1A. CALLE 13-59,22881033,LILIAN YOLANDA RODRIGUEZ PINTO DE CASTRO,,BASICO,PRIVADO,URBANA,CERRADA DEFINITIVAMENTE,MONOLINGUE,VESPERTINA,SABATINO,GUATEMALA NORTE
00-06-7045-46,01-407,CIUDAD CAPITAL,ZONA 6,LICEO DE CIENCIAS TECNICAS,1A. CALLE 13-59,22881033,LILIAN YOLANDA RODRIGUEZ PINTO DE CASTRO,---,DIVERSIFICADO,PRIVADO,URBANA,CERRADA DEFINITIVAMENTE,MONOLINGUE,VESPERTINA,DIARIO(REGULAR),GUATEMALA NORTE
00-06-7047-43,01-101,CIUDAD CAPITAL,ZONA 6,CENTRO INDUSTRIAL NO.8 ANEXO A LA ESCUELA 'RAFAEL AREVALO MARTINEZ',"21 AVENIDA 14-16, BARRIO SAN ANTONIO ZONA 6",22894651,YENI XIOMARA CRÚZ SARCEÑO,,PRIMARIA,OFICIAL,URBANA,CERRADA DEFINITIVAMENTE,MONOLINGUE,VESPERTINA,DIARIO(REGULAR),GUATEMALA NORTE
00-06-7072-45,01-01-0007,CIUDAD CAPITAL,ZONA 6,LICEO DE CIENCIAS TECNICAS,1A CALLE 13-59,22881033,ZIZI ARELY LOPEZ CHINCHILLA,NATALY VICTORIA BARRIOS PAZ,BASICO,PRIVADO,URBANA,ABIERTA,MONOLINGUE,MATUTINA,DIARIO(REGULAR),GUATEMALA NORTE
00-06-7199-43,,CIUDAD CAPITAL,ZONA 6,COLEGIO MIXTO NUEVO BILINGUE CONCEPCION NAVAS,15 CALLE A 11-24,,,,PRIMARIA,PRIVADO,URBANA,CERRADA DEFINITIVAMENTE,MONOLINGUE,MATUTINA,DIARIO(REGULAR),GUATEMALA NORTE
00-06-7234-43,01-01-0007,CIUDAD CAPITAL,ZONA 6,CENTRO ESTUDIANTIL FÉNIX CEF,1A. CALLE A 22-52 COLONIA LOS ANGELES,22704203,ZIZI ARELY LOPEZ CHINCHILLA,ADA VILMA RIVAS LARA,PRIMARIA,PRIVADO,URBANA,ABIERTA,MONOLINGUE,VESPERTINA,DIARIO(REGULAR),GUATEMALA NORTE
00-06-7240-45,01-01-0007,CIUDAD CAPITAL,ZONA 6,CENTRO ESTUDIANTIL FÉNIX CEF,1A. CALLE A 22-52 COLONIA LOS ANGELES,22545281,ZIZI ARELY LOPEZ CHINCHILLA,ANGELICA BECILIA PACHECO MAZARIEGOS,BASICO,PRIVADO,URBANA,ABIERTA,MONOLINGUE,MATUTINA,DIARIO(REGULAR),GUATEMALA NORTE
00-06-7241-46,01-01-0007,CIUDAD CAPITAL,ZONA 6,"CENTRO ESTUDIANTIL FENIX ""CEF""",1A. CALLE A 22-52 COLONIA LOS ANGELES,22545281,ZIZI ARELY LOPEZ CHINCHILLA,ANGELICA BECILIA PACHECO MAZARIEGOS,DIVERSIFICADO,PRIVADO,URBANA,ABIERTA,MONOLINGUE,MATUTINA,DIARIO(REGULAR),GUATEMALA NORTE
00-06-7245-45,01-307,CIUDAD CAPITAL,ZONA 6,COLEGIO DE FORMACION PROFESIONAL EN COMPUTACION (CFPC),28 CALLE 15-08 COLONIA EL MOLINO,22891784,NORMA ARACELY PALOMO FRANCO DE DIAZ,,BASICO,PRIVADO,URBANA,CERRADA DEFINITIVAMENTE,MONOLINGUE,MATUTINA,DIARIO(REGULAR),GUATEMALA NORTE
00-06-7246-45,,CIUDAD CAPITAL,ZONA 6,COLEGIO DE FORMACION PROFESIONAL EN COMPUTACION (CFPC),28 CALLE 15-08 COLONIA EL MOLINO,22891784,,,BASICO,PRIVADO,URBANA,CERRADA TEMPORALMENTE,MONOLINGUE,VESPERTINA,DIARIO(REGULAR),GUATEMALA NORTE
00-06-7247-46,01-307,CIUDAD CAPITAL,ZONA 6,COLEGIO DE FORMACION PROFESIONAL EN COMPUTACION (CFPC),28 CALLE 15-08 COLONIA EL MOLINO,22891784,NORMA ARACELY PALOMO FRANCO DE DIAZ,,DIVERSIFICADO,PRIVADO,URBANA,CERRADA DEFINITIVAMENTE,MONOLINGUE,MATUTINA,DIARIO(REGULAR),GUATEMALA NORTE
00-06-7248-46,,CIUDAD CAPITAL,ZONA 6,COLEGIO DE FORMACION PROFESIONAL EN COMPUTACION (CFPC),28 CALLE 15-08 COLONIA EL MOLINO,22891784,,,DIVERSIFICADO,PRIVADO,URBANA,CERRADA TEMPORALMENTE,MONOLINGUE,VESPERTINA,DIARIO(REGULAR),GUATEMALA NORTE
00-06-7249-45,,CIUDAD CAPITAL,ZONA 6,COLEGIO MIXTO VIRGINIA CASTAYEDA,LOTE 551 SECTOR DEPORTIVO COL STA. LUISA,22866436,,,BASICO,PRIVADO,URBANA,CERRADA TEMPORALMENTE,MONOLINGUE,VESPERTINA,DIARIO(REGULAR),GUATEMALA NORTE
00-06-7257-45,01-101,CIUDAD CAPITAL,ZONA 6,LICEO PROFESOR DAVID LETRAN,6A. CALLE 20-64,22881018,YENI XIOMARA CRÚZ SARCEÑO,,BASICO,PRIVADO,URBANA,CERRADA TEMPORALMENTE,MONOLINGUE,VESPERTINA,DIARIO(REGULAR),GUATEMALA NORTE
00-06-7405-42,01-01-0010,CIUDAD CAPITAL,ZONA 6,EODP ANEXA A EOUN NO. 59 RAFAEL AREVALO MARTINEZ,21 AVENIDA 14-16,56115305,ZIZI ARELY LOPEZ CHINCHILLA,HEBER REINALDO AVALOS GARCÍA,PARVULOS,OFICIAL,URBANA,ABIERTA,MONOLINGUE,VESPERTINA,DIARIO(REGULAR),GUATEMALA NORTE
00-06-7406-43,,CIUDAD CAPITAL,ZONA 6,EOUM 'MARISTA',COLONIA SANTA ISABEL,,,,PRIMARIA,OFICIAL,URBANA,CERRADA DEFINITIVAMENTE,MONOLINGUE,MATUTINA,DIARIO(REGULAR),GUATEMALA NORTE
00-06-7540-42,01-01-0008,CIUDAD CAPITAL,ZONA 6,COLEGIO EVANGELICO VIDA ABUNDANTE,"17 AVENIDA A  25-14, PROYECTO 4-3",42171108,YENI XIOMARA CRÚZ SERCEÑO,CONSUELO ELIZABETH ESCOBAR QUIÑONEZ,PARVULOS,PRIVADO,URBANA,ABIERTA,MONOLINGUE,MATUTINA,DIARIO(REGULAR),GUATEMALA NORTE
00-06-7541-43,01-01-0008,CIUDAD CAPITAL,ZONA 6,COLEGIO EVANGELICO VIDA ABUNDANTE,"17 AVENIDA A 25-14, PROYECTO 4-3",42171108,YENI XIOMARA CRÚZ SERCEÑO,CONSUELO ELIZABETH ESCOBAR QUIÑONEZ,PRIMARIA,PRIVADO,URBANA,ABIERTA,MONOLINGUE,MATUTINA,DIARIO(REGULAR),GUATEMALA NORTE
00-06-7545-42,01-01-0008,CIUDAD CAPITAL,ZONA 6,COLEGIO MARQUITOS,23 AVE. 21-15 PROYECTO 4-10,41616121,YENI XIOMARA CRÚZ SERCEÑO,LICDA. BEATRIZ AMABELLY SANTIZO DE LEÓN,PARVULOS,PRIVADO,URBANA,ABIERTA,MONOLINGUE,MATUTINA,DIARIO(REGULAR),GUATEMALA NORTE
00-06-7570-46,01-01-0006,CIUDAD CAPITAL,ZONA 6,"COLEGIO PRIVADO ""TERESA DE AVILA""",15 AV. 5-45,22880382,GLORIA GABRIELA LARIOS GARCÍA,JOSÉ LEONEL QUEZADA ABDO,DIVERSIFICADO,PRIVADO,URBANA,ABIERTA,MONOLINGUE,VESPERTINA,DIARIO(REGULAR),GUATEMALA NORTE
00-06-7598-42,,CIUDAD CAPITAL,ZONA 6,COLEGIO MIXTO DE INFORMATICA Y DESARROLLO HUMANO PRINCIPAL MARIA,17AV. A 25-14 PROYECTO 4-3,"2892091,2890382",,,PARVULOS,PRIVADO,URBANA,CERRADA TEMPORALMENTE,MONOLINGUE,MATUTINA,DIARIO(REGULAR),GUATEMALA NORTE
00-06-7599-43,,CIUDAD CAPITAL,ZONA 6,COLEGIO MIXTO DE INFORMATICA Y DESARROLLO HUMANO PRINCIPAL MARIA,17AV. A 25-14 PROYECTO 4-3,"2892091,2890382",,,PRIMARIA,PRIVADO,URBANA,CERRADA TEMPORALMENTE,MONOLINGUE,MATUTINA,DIARIO(REGULAR),GUATEMALA NORTE
00-06-7600-45,,CIUDAD CAPITAL,ZONA 6,COLEGIO MIXTO DE INFORMATICA Y DESARROLLO HUMANO PRINCIPAL MARIA,17AV. A 25-14 PROYECTO 4-3,"2892091,2890382",,,BASICO,PRIVADO,URBANA,CERRADA TEMPORALMENTE,MONOLINGUE,MATUTINA,DIARIO(REGULAR),GUATEMALA NORTE
00-06-7601-46,,CIUDAD CAPITAL,ZONA 6,COLEGIO MIXTO DE INFORMATICA Y DESARROLLO HUMANO PRINCIPAL MARIA,17AV. A 25-14 PROYECTO 4-3,"2892091,2890382",,,DIVERSIFICADO,PRIVADO,URBANA,CERRADA DEFINITIVAMENTE,MONOLINGUE,MATUTINA,DIARIO(REGULAR),GUATEMALA NORTE
00-06-7602-46,01-,CIUDAD CAPITAL,ZONA 6,COLEGIO MIXTO DE INFORMATICA Y DESARROLLO HUMANO PRINCIPAL MARIA (POR MADUREZ),17AV. A 25-14 PROYECTO 4-3,28920912,MARIA FELICITA ROQUE CARRERA,,DIVERSIFICADO,PRIVADO,URBANA,CERRADA TEMPORALMENTE,MONOLINGUE,MATUTINA,SABATINO,GUATEMALA NORTE
00-06-7603-45,,CIUDAD CAPITAL,ZONA 6,COLEGIO MIXTO DE INFORMATICA Y DESARROLLO HUMANO 'PRINCIPAL MARIA' (POR MADUREZ),17AV. A 25-14 PROYECTO 4-3,"2892091,2890382",,,BASICO,PRIVADO,URBANA,CERRADA TEMPORALMENTE,MONOLINGUE,DOBLE,SABATINO,GUATEMALA NORTE
00-06-7612-45,01-102,CIUDAD CAPITAL,ZONA 6,CENTRO PSICOPEDAGOGICO INTEGRAL,25AV. 18-15 A,22895351,ZIZI ARELY LOPEZ CHINCHILLA,ANA RAQUEL RAMÍREZ GÓMEZ,BASICO,PRIVADO,URBANA,CERRADA DEFINITIVAMENTE,MONOLINGUE,VESPERTINA,DIARIO(REGULAR),GUATEMALA NORTE
00-06-7616-43,,CIUDAD CAPITAL,ZONA 6,SANTA SOFIA DE JESUS,2A. CALLE A 13-56,22881440,,,PRIMARIA,PRIVADO,URBANA,CERRADA DEFINITIVAMENTE,MONOLINGUE,MATUTINA,DIARIO(REGULAR),GUATEMALA NORTE
00-06-7680-43,01-101,CIUDAD CAPITAL,ZONA 6,CEES ANEXO A EOU DE NIÑAS NO.40 'MARIA CRISTIANA BENNETT VDA DE ROLZ',PROYECTO 4-10 BID 1-C,,YENI XIOMARA CRÚZ SARCEÑO,,PRIMARIA,OFICIAL,URBANA,CERRADA DEFINITIVAMENTE,MONOLINGUE,MATUTINA,DIARIO(REGULAR),GUATEMALA NORTE
00-06-7738-43,01-102,CIUDAD CAPITAL,ZONA 6,ESCUELA DE AMOR -IMA-,2A. CALLE 'C' 23-39 COL. LOS ANGELES.,22895456,ZIZI ARELY LOPEZ CHINCHILLA,,PRIMARIA,PRIVADO,URBANA,CERRADA DEFINITIVAMENTE,MONOLINGUE,MATUTINA,DIARIO(REGULAR),GUATEMALA NORTE
00-06-7766-45,01-407,CIUDAD CAPITAL,ZONA 6,CENTRO DE COMPUTACION IMB-PC NO. 2,11 AVENIDA 5-16 MARTINICO,22791315,LILIAN YOLANDA RODRIGUEZ PINTO DE CASTRO,,BASICO,PRIVADO,URBANA,CERRADA TEMPORALMENTE,MONOLINGUE,MATUTINA,DIARIO(REGULAR),GUATEMALA NORTE
00-06-7767-46,,CIUDAD CAPITAL,ZONA 6,CENTRO DE COMPUTACION IMB-PC NO. 2,11 AVENIDA 5-16 MARTINICO,22540051,,,DIVERSIFICADO,PRIVADO,URBANA,CERRADA TEMPORALMENTE,MONOLINGUE,MATUTINA,DIARIO(REGULAR),GUATEMALA NORTE
00-06-7779-42,01-001,CIUDAD CAPITAL,ZONA 6,CEIN -PAIN-,CALLE MARTI Y 11 AVENIDA 2DO. NIVEL MERCADO LA PARROQUIA,22542690,SANDRA LIZZETH CRUZ IZAGUIRRE,,PARVULOS,OFICIAL,URBANA,CERRADA DEFINITIVAMENTE,MONOLINGUE,MATUTINA,DIARIO(REGULAR),GUATEMALA NORTE
00-06-7780-42,01-001,CIUDAD CAPITAL,ZONA 6,CEIN -PAIN-,21 AVENIDA 7-01,22894368,SANDRA LIZZETH CRUZ IZAGUIRRE,,PARVULOS,OFICIAL,URBANA,CERRADA DEFINITIVAMENTE,MONOLINGUE,MATUTINA,DIARIO(REGULAR),GUATEMALA NORTE
00-06-7816-46,01-01-0008,CIUDAD CAPITAL,ZONA 6,COLEGIO MIXTO CIPRESALES,15AV. C 15-15,22541220,YENI XIOMARA CRÚZ SERCEÑO,EMMA ETELVINA ORELLANA RAMIREZ,DIVERSIFICADO,PRIVADO,URBANA,ABIERTA,MONOLINGUE,MATUTINA,DIARIO(REGULAR),GUATEMALA NORTE
00-06-7819-45,01-102,CIUDAD CAPITAL,ZONA 6,INSTITUTO PRIVADO MIXTO 'DR. RODOLFO ROBLES',1A. CALLE 12-71,22885288,ZIZI ARELY LOPEZ CHINCHILLA,,BASICO,PRIVADO,URBANA,CERRADA TEMPORALMENTE,MONOLINGUE,VESPERTINA,DIARIO(REGULAR),GUATEMALA NORTE
00-06-7856-45,01-101,CIUDAD CAPITAL,ZONA 6,LICEO EN COMPUTACION 2000,3A. CALLE 16-29,22545836,YENI XIOMARA CRÚZ SARCEÑO,,BASICO,PRIVADO,URBANA,CERRADA TEMPORALMENTE,MONOLINGUE,MATUTINA,DIARIO(REGULAR),GUATEMALA NORTE
00-06-7857-45,01-407,CIUDAD CAPITAL,ZONA 6,LICEO EN COMPUTACION 2000,3A. CALLE 16-29,,LILIAN YOLANDA RODRIGUEZ PINTO DE CASTRO,,BASICO,PRIVADO,URBANA,CERRADA TEMPORALMENTE,MONOLINGUE,VESPERTINA,DIARIO(REGULAR),GUATEMALA NORTE
00-06-7858-46,01-101,CIUDAD CAPITAL,ZONA 6,LICEO EN COMPUTACION 2000,3A. CALLE 16-29,22067425,YENI XIOMARA CRÚZ SARCEÑO,---,DIVERSIFICADO,PRIVADO,URBANA,CERRADA TEMPORALMENTE,MONOLINGUE,MATUTINA,DIARIO(REGULAR),GUATEMALA NORTE
00-06-7859-46,01-101,CIUDAD CAPITAL,ZONA 6,LICEO EN COMPUTACION 2000,3A. CALLE 16-29,22545836,YENI XIOMARA CRÚZ SARCEÑO,---,DIVERSIFICADO,PRIVADO,URBANA,CERRADA TEMPORALMENTE,MONOLINGUE,VESPERTINA,DIARIO(REGULAR),GUATEMALA NORTE
00-06-7884-42,01-01-0010,CIUDAD CAPITAL,ZONA 6,CEIN -PAIN-  30 DE JUNIO,19 CALLE Y 19 AVENIDA 30 DE JUNIO,42423046,ZIZI ARELY LOPEZ CHINCHILLA,JOSSELINE MARINSA LÓPEZ CIFUENTES,PARVULOS,OFICIAL,URBANA,ABIERTA,MONOLINGUE,MATUTINA,DIARIO(REGULAR),GUATEMALA NORTE
00-06-7885-42,01-001,CIUDAD CAPITAL,ZONA 6,CEIN -PAIN-,"25 AVENIDA LOTE 8, LA REINA",,SANDRA LIZZETH CRUZ IZAGUIRRE,,PARVULOS,OFICIAL,URBANA,CERRADA DEFINITIVAMENTE,MONOLINGUE,MATUTINA,DIARIO(REGULAR),GUATEMALA NORTE
00-06-7897-42,01-102,CIUDAD CAPITAL,ZONA 6,COLEGIO MIXTO 'GOTITAS DEL SABER',24 AVE. 'A' 16-22 BARRIO SAN ANTONIO,22702072,ZIZI ARELY LOPEZ CHINCHILLA,GLORIA MARINA FLORES TINTIN,PARVULOS,PRIVADO,URBANA,CERRADA TEMPORALMENTE,MONOLINGUE,MATUTINA,DIARIO(REGULAR),GUATEMALA NORTE
00-06-7898-43,01-102,CIUDAD CAPITAL,ZONA 6,COLEGIO MIXTO 'GOTITAS DEL SABER',26 AVENIDA 18-27 BARRIO SAN ANTONIO,47200242,ZIZI ARELY LOPEZ CHINCHILLA,ANA MARIA SANCHEZ,PRIMARIA,PRIVADO,URBANA,CERRADA TEMPORALMENTE,MONOLINGUE,MATUTINA,DIARIO(REGULAR),GUATEMALA NORTE
00-06-7923-42,01-102,CIUDAD CAPITAL,ZONA 6,COLEGIO MIXTO REAL AMERICANO,19AV. A 21-35 PROYECTO 4-10,22547086,ZIZI ARELY LOPEZ CHINCHILLA,,PARVULOS,PRIVADO,URBANA,CERRADA TEMPORALMENTE,MONOLINGUE,MATUTINA,DIARIO(REGULAR),GUATEMALA NORTE
00-06-7924-43,01-102,CIUDAD CAPITAL,ZONA 6,COLEGIO MIXTO REAL AMERICANO,21 AVENIDA 22-50 PROYECTO 4-10,47007232,ZIZI ARELY LOPEZ CHINCHILLA,ZOILA AURORA MARISCAL,PRIMARIA,PRIVADO,URBANA,CERRADA TEMPORALMENTE,MONOLINGUE,MATUTINA,DIARIO(REGULAR),GUATEMALA NORTE
00-06-7928-46,,CIUDAD CAPITAL,ZONA 6,COLEGIO TECNICO EL PORVENIR,17 CALLE 16-40 COLONIA CIPRESALES,22889582,,,DIVERSIFICADO,PRIVADO,URBANA,CERRADA DEFINITIVAMENTE,MONOLINGUE,DOBLE,DIARIO(REGULAR),GUATEMALA NORTE
00-06-7957-45,01-402,CIUDAD CAPITAL,ZONA 6,COLEGIO DE FORMACION PROFESIONAL EN COMPUTACION (C.F.P.C.),"28 CALLE 15-08, COLONIA EL MOLINO",22530372,CARLOS HUMBERTO GONZALEZ DE LEON,,BASICO,PRIVADO,URBANA,CERRADA TEMPORALMENTE,MONOLINGUE,NOCTURNA,DIARIO(REGULAR),GUATEMALA NORTE
00-06-7958-46,01-402,CIUDAD CAPITAL,ZONA 6,COLEGIO DE FORMACION PROFESIONAL EN COMPUTACION (C.F.P.C),"28 CALLE 15-08, COLONIA EL MOLINO",22891784,CARLOS HUMBERTO GONZALEZ DE LEON,,DIVERSIFICADO,PRIVADO,URBANA,CERRADA TEMPORALMENTE,MONOLINGUE,NOCTURNA,DIARIO(REGULAR),GUATEMALA NORTE
00-06-7959-46,01-402,CIUDAD CAPITAL,ZONA 6,COLEGIO DE FORMACION PROFESIONAL EN COMPUTACION (C.F.P.C),"28 CALLE 15-08, COLONIA EL MOLINO",22530372,CARLOS HUMBERTO GONZALEZ DE LEON,,DIVERSIFICADO,PRIVADO,URBANA,CERRADA DEFINITIVAMENTE,MONOLINGUE,DOBLE,FIN DE SEMANA,GUATEMALA NORTE
00-06-7960-44,01-402,CIUDAD CAPITAL,ZONA 6,COLEGIO DE FORMACION PROFESIONAL EN COMPUTACION (C.F.P.C),15 AV. 28-90 FINCA SAN RAFAEL,22530372,CARLOS HUMBERTO GONZALEZ DE LEON,,PRIMARIA DE ADULTOS,PRIVADO,URBANA,CERRADA DEFINITIVAMENTE,MONOLINGUE,NOCTURNA,DIARIO(REGULAR),GUATEMALA NORTE
00-06-7961-45,01-402,CIUDAD CAPITAL,ZONA 6,COLEGIO DE FORMACION PROFESIONAL EN COMPUTACION (C.F.P.C),"28 CALLE 15-08, COLONIA EL MOLINO",22530372,CARLOS HUMBERTO GONZALEZ DE LEON,,BASICO,PRIVADO,URBANA,CERRADA DEFINITIVAMENTE,MONOLINGUE,DOBLE,FIN DE SEMANA,GUATEMALA NORTE
00-06-8073-45,01-101,CIUDAD CAPITAL,ZONA 6,LICEO EN COMPUTACION SANTA ROSA,20 AV. 2-98 COLONIA LOS ANGELES,22884706,YENI XIOMARA CRÚZ SARCEÑO,,BASICO,PRIVADO,URBANA,CERRADA TEMPORALMENTE,MONOLINGUE,VESPERTINA,DIARIO(REGULAR),GUATEMALA NORTE
00-06-8074-43,01-101,CIUDAD CAPITAL,ZONA 6,COLEGIO EN COMPUTACION MI MUNDO DE JUGUETE,"20 AV. 2-98, COLONIA LOS ANGELES",22884706,YENI XIOMARA CRÚZ SARCEÑO,-----,PRIMARIA,PRIVADO,URBANA,CERRADA TEMPORALMENTE,MONOLINGUE,MATUTINA,DIARIO(REGULAR),GUATEMALA NORTE
00-06-8104-42,01-109,CIUDAD CAPITAL,ZONA 6,COLEGIO MIXTO VICENTINO MARÍA TERESA DE MARTÍNEZ SOBRAL,1A. CALLE LOTE 25 SANTA LUISA JOCOTALES,22868657,ALEX JOSUE MÉNDEZ MAYEN,ROSA MARÍA MONTENEGRO BONILLA,PARVULOS,PRIVADO,URBANA,CERRADA TEMPORALMENTE,MONOLINGUE,DOBLE,DIARIO(REGULAR),GUATEMALA NORTE
00-06-8108-42,01-01-0007,CIUDAD CAPITAL,ZONA 6,COLEGIO JESUS DE CANDELARIA,1A. CALLE 12-91,22881465,ZIZI ARELY LOPEZ CHINCHILLA,ANA MARGARITA SOSA CHAVEZ,PARVULOS,PRIVADO,URBANA,ABIERTA,MONOLINGUE,MATUTINA,DIARIO(REGULAR),GUATEMALA NORTE
00-06-8243-42,01-01-0008,CIUDAD CAPITAL,ZONA 6,KINDER SCHOOL,18 AVENIDA 24-60 PROYECTO 4-3,58701497,YENI XIOMARA CRÚZ SERCEÑO,MILITZA  DIAZ IZAGUIRRE,PARVULOS,PRIVADO,URBANA,ABIERTA,MONOLINGUE,MATUTINA,DIARIO(REGULAR),GUATEMALA NORTE
00-06-8275-42,,CIUDAD CAPITAL,ZONA 6,COLEGIO MIXTO DE INFORMATICA Y DESARROLLO HUMANO 'PRINCIPAL MARIA',17AV. A 25-14 PROYECTO 4-3,"2892091,2890382",,,PARVULOS,PRIVADO,URBANA,CERRADA TEMPORALMENTE,MONOLINGUE,VESPERTINA,DIARIO(REGULAR),GUATEMALA NORTE
00-06-8276-43,,CIUDAD CAPITAL,ZONA 6,COLEGIO MIXTO DE INFORMATICA Y DESARROLLO HUMANO 'PRINCIPAL MARIA',17AV. A 25-14 PROYECTO 4-3,"2892091,2890382",,,PRIMARIA,PRIVADO,URBANA,CERRADA TEMPORALMENTE,MONOLINGUE,VESPERTINA,DIARIO(REGULAR),GUATEMALA NORTE
00-06-8277-45,,CIUDAD CAPITAL,ZONA 6,COLEGIO MIXTO DE INFORMATICA Y DESARROLLO HUMANO 'PRINCIPAL MARIA',17AV. A 25-14 PROYECTO 4-3,"2892091,2890382",,,BASICO,PRIVADO,URBANA,CERRADA TEMPORALMENTE,MONOLINGUE,VESPERTINA,DIARIO(REGULAR),GUATEMALA NORTE
00-06-8401-45,01-01-0008,CIUDAD CAPITAL,ZONA 6,ESCUELA EXPERIMENTAL CON ORIENTACION OCUPACIONAL VILLA DE LOS NIÑOS,16 AVENIDA FINAL 22-99 PROYECTO 4-4,22543139,YENI XIOMARA CRÚZ SERCEÑO,VICTOR EMILIO GÓMEZ MENDOZA,BASICO,PRIVADO,URBANA,ABIERTA,MONOLINGUE,DOBLE,DIARIO(REGULAR),GUATEMALA NORTE
00-06-8417-42,01-102,CIUDAD CAPITAL,ZONA 6,CENTRO EDUCATIVO MIXTO KANT,4A. CALLE 21-69 ZONA 6,22895137,ZIZI ARELY LOPEZ CHINCHILLA,,PARVULOS,PRIVADO,URBANA,CERRADA TEMPORALMENTE,MONOLINGUE,MATUTINA,DIARIO(REGULAR),GUATEMALA NORTE
00-06-8437-45,01-101,CIUDAD CAPITAL,ZONA 6,INEB POR MADUREZ Y BACHILLERATO EN CC.LL POR MADUREZ ADSC. POLICIA NACIONAL CIVIL,21AV 12-17,24299965,YENI XIOMARA CRÚZ SARCEÑO,MAGDA RAQUEL RECINOS BARAHONA DE PÉREZ,BASICO,OFICIAL,URBANA,CERRADA DEFINITIVAMENTE,MONOLINGUE,DOBLE,FIN DE SEMANA,GUATEMALA NORTE
00-06-8438-46,01-101,CIUDAD CAPITAL,ZONA 6,INSTITUTO DE EDUCACION BASICA POR MADUREZ Y BACHILLERATO EN CC.LL POR MADUREZ ADSC. POLICIA NACIONAL CIVIL,21AV 12-17,24299965,YENI XIOMARA CRÚZ SARCEÑO,MAGDA RAQUEL RECINOS BARAHONA,DIVERSIFICADO,OFICIAL,URBANA,CERRADA DEFINITIVAMENTE,MONOLINGUE,DOBLE,FIN DE SEMANA,GUATEMALA NORTE
00-06-8444-42,01-01-0008,CIUDAD CAPITAL,ZONA 6,JARDIN INFANTIL LA FINCA,16 AV. 28-83 FINCA SAN RAFAEL,41414145,YENI XIOMARA CRÚZ SERCEÑO,AURA LILIANA AQUINO BARRIOS,PARVULOS,PRIVADO,URBANA,ABIERTA,MONOLINGUE,MATUTINA,DIARIO(REGULAR),GUATEMALA NORTE
00-06-8456-42,,CIUDAD CAPITAL,ZONA 6,CENTRO DE COMPUTACION 'IMB-PC' NO.2,"11 AVENIDA 5-16, MARTINICO",22540051,,,PARVULOS,PRIVADO,URBANA,CERRADA TEMPORALMENTE,MONOLINGUE,MATUTINA,DIARIO(REGULAR),GUATEMALA NORTE
00-06-8457-43,,CIUDAD CAPITAL,ZONA 6,CENTRO DE COMPUTACION 'IMB-PC' NO.2,"11 AVENIDA 5-16, MARTINICO",22540051,,,PRIMARIA,PRIVADO,URBANA,CERRADA TEMPORALMENTE,MONOLINGUE,MATUTINA,DIARIO(REGULAR),GUATEMALA NORTE
00-06-8458-45,01-407,CIUDAD CAPITAL,ZONA 6,CENTRO DE COMPUTACION 'IMB-PC' NO.2,11 AVENIDA 5-16 MARTINICO,22791315 -16,LILIAN YOLANDA RODRIGUEZ PINTO DE CASTRO,,BASICO,PRIVADO,URBANA,CERRADA TEMPORALMENTE,MONOLINGUE,DOBLE,FIN DE SEMANA,GUATEMALA NORTE
00-06-8459-46,01-407,CIUDAD CAPITAL,ZONA 6,CENTRO DE COMPUTACION  IMB-PC  NO.2,11 AVENIDA 5-16,22791315-16,LILIAN YOLANDA RODRIGUEZ PINTO DE CASTRO,----,DIVERSIFICADO,PRIVADO,URBANA,CERRADA TEMPORALMENTE,MONOLINGUE,DOBLE,FIN DE SEMANA,GUATEMALA NORTE
00-06-8624-42,01-101,CIUDAD CAPITAL,ZONA 6,COLEGIO MIXTO BILINGUE 'LA CAMPANITA',17 AVENIDA 'C' 18-76 ZONA 6 PROYECTO 4-4,22893697,YENI XIOMARA CRÚZ SARCEÑO,,PARVULOS,PRIVADO,URBANA,CERRADA TEMPORALMENTE,MONOLINGUE,VESPERTINA,DIARIO(REGULAR),GUATEMALA NORTE
00-06-8625-43,01-101,CIUDAD CAPITAL,ZONA 6,COLEGIO MIXTO BILINGUE 'LA CAMPANITA',"17 AVENIDA 'C' 18-76 ZONA 6, PROYECTO 4-4",22893697,YENI XIOMARA CRÚZ SARCEÑO,,PRIMARIA,PRIVADO,URBANA,CERRADA TEMPORALMENTE,MONOLINGUE,VESPERTINA,DIARIO(REGULAR),GUATEMALA NORTE
00-06-8695-42,01-102,CIUDAD CAPITAL,ZONA 6,JARDIN INFANTIL 'MIS PEQUEÑOS TRIUNFADORES',19 AV. 22-11 PROYECTO 4-10,22190660,ZIZI ARELY LOPEZ CHINCHILLA,MÓNICA LETICIA RAMÍREZ PÉREZ,PARVULOS,PRIVADO,URBANA,CERRADA TEMPORALMENTE,MONOLINGUE,MATUTINA,DIARIO(REGULAR),GUATEMALA NORTE
00-06-8706-45,01-643,CIUDAD CAPITAL,ZONA 6,"COLEGIO CRISTIANO ""TORRICELLI""","28 CALLE  28-00 COLONIA EL MOLINO, CHINAUTLA",23125768,CESAR AUGUSTO ORTIZ HERNANDEZ,EDWIN PEDRO RUANO HERNANDEZ,BASICO,PRIVADO,URBANA,CERRADA DEFINITIVAMENTE,MONOLINGUE,MATUTINA,DIARIO(REGULAR),GUATEMALA NORTE
00-06-8856-42,01-01-0008,CIUDAD CAPITAL,ZONA 6,EODP ANEXA A EOUN NO.40  MARIA CRISTINA BENNETT DE ROLZ,"21 CALLE  ""C""  23-85 PROYECTO 4-10",56961835,YENI XIOMARA CRÚZ SERCEÑO,GLADYS VIRGINIA SOSA DE LEON,PARVULOS,OFICIAL,URBANA,ABIERTA,MONOLINGUE,MATUTINA,DIARIO(REGULAR),GUATEMALA NORTE
00-06-8883-42,01-01-0006,CIUDAD CAPITAL,ZONA 6,LICEO DE COMPUTACION C.S.S,CALLE MARTI 14-49,22882093,GLORIA GABRIELA LARIOS GARCÍA,LEONEL RAMIRO ALVAREZ CARRERA,PARVULOS,PRIVADO,URBANA,ABIERTA,MONOLINGUE,MATUTINA,DIARIO(REGULAR),GUATEMALA NORTE
00-06-8989-43,01-102,CIUDAD CAPITAL,ZONA 6,JARDIN INFANTIL 'MIS PEQUEÑOS TRIUNFADORES',19 AVENIDA 22-11 PROYECTO 4-10,22190660,ZIZI ARELY LOPEZ CHINCHILLA,SUSAN GLORIANA SALAZAR FIGUEROA,PRIMARIA,PRIVADO,URBANA,CERRADA DEFINITIVAMENTE,MONOLINGUE,MATUTINA,DIARIO(REGULAR),GUATEMALA NORTE
00-06-9034-42,01-101,CIUDAD CAPITAL,ZONA 6,COLEGIO PARVULARIO RAYITOS DE COLORES,20AV. 2-32,56162449,YENI XIOMARA CRÚZ SARCEÑO,MARÍA LUISA ROY GARCÍA,PARVULOS,PRIVADO,URBANA,CERRADA TEMPORALMENTE,MONOLINGUE,MATUTINA,DIARIO(REGULAR),GUATEMALA NORTE
00-06-9072-46,01-101,CIUDAD CAPITAL,ZONA 6,ACADEMIA DE LA POLICIA NACIONAL CIVIL,15 CALLE 16-00 COLONIA CIPRESALES,22545153,YENI XIOMARA CRÚZ SARCEÑO,,DIVERSIFICADO,OFICIAL,URBANA,CERRADA DEFINITIVAMENTE,MONOLINGUE,DOBLE,DIARIO(REGULAR),GUATEMALA NORTE
00-06-9081-42,01-01-0008,CIUDAD CAPITAL,ZONA 6,COLEGIO 'LAS ARDILLITAS DE LIZ',21 CALLE 'A' 15-31 PROYECTO 4-4,47528044,YENI XIOMARA CRÚZ SERCEÑO,RAHMIH VIOLETA ANDRAUS MANSILLA,PARVULOS,PRIVADO,URBANA,ABIERTA,MONOLINGUE,MATUTINA,DIARIO(REGULAR),GUATEMALA NORTE
00-06-9084-43,01-01-0010,CIUDAD CAPITAL,ZONA 6,COLEGIO VANGUARDIA DE LA ENSEÑANZA,"19 CALLE ""F"" 17-41, PROYECTOS  4-4, COLONIA CIPRESALES",54092818,ZIZI ARELY LOPEZ CHINCHILLA,SILVIA PATRICIA BOBADILLA LIMA,PRIMARIA,PRIVADO,URBANA,ABIERTA,MONOLINGUE,MATUTINA,DIARIO(REGULAR),GUATEMALA NORTE
00-06-9125-46,01-101,CIUDAD CAPITAL,ZONA 6,ESCUELA EXPERIMENTAL CON ORIENTACION OCUPACIONAL VILLA DE LOS NIÑOS ZONA 6,16AV. FINAL PROYECTO 4-4 COLONIA LOS CIPRESALES,22543139,YENI XIOMARA CRÚZ SARCEÑO,JULIO BENJAMIN HERNANDEZ DIEGUEZ,DIVERSIFICADO,PRIVADO,URBANA,CERRADA TEMPORALMENTE,MONOLINGUE,DOBLE,DIARIO(REGULAR),GUATEMALA NORTE
00-06-9153-42,27-002,CIUDAD CAPITAL,ZONA 6,CENTRO INFANTIL NO. 00425 (SOSEP),17 CALLE 22 AV. PREDIO NO. 2,22325802,LESVIA AMPARO VELASQUEZ GOMEZ,,PARVULOS,OFICIAL,URBANA,CERRADA DEFINITIVAMENTE,MONOLINGUE,DOBLE,DIARIO(REGULAR),GUATEMALA NORTE
00-06-9235-42,27-003,CIUDAD CAPITAL,ZONA 6,PROGRAMA HOGARES COMUNITARIOS (SOSEP),6AV. 4-54,22535262,LESVIA AMPARO VELASQUEZ GOMEZ,,PARVULOS,OFICIAL,URBANA,CERRADA DEFINITIVAMENTE,MONOLINGUE,DOBLE,DIARIO(REGULAR),GUATEMALA NORTE
00-06-9245-42,01-643,CIUDAD CAPITAL,ZONA 6,LICEO MIXTO CRISTIANO PARA LAS NACIONES,3A. AV. NO. 237 COLONIA SAN JOSE JOCOTALES,54448603,CESAR AUGUSTO ORTIZ HERNANDEZ,,PARVULOS,PRIVADO,URBANA,CERRADA DEFINITIVAMENTE,MONOLINGUE,MATUTINA,DIARIO(REGULAR),GUATEMALA NORTE
00-06-9246-43,01-643,CIUDAD CAPITAL,ZONA 6,LICEO MIXTO CRISTIANO PARA LAS NACIONES,3A. AV. NO. 237 COLONIA SAN JOSE JOCOTALES,54148603,CESAR AUGUSTO ORTIZ HERNANDEZ,,PRIMARIA,PRIVADO,URBANA,CERRADA DEFINITIVAMENTE,MONOLINGUE,MATUTINA,DIARIO(REGULAR),GUATEMALA NORTE
00-06-9255-42,01-101,CIUDAD CAPITAL,ZONA 6,COLEGIO MIXTO PRIMAVERA DE GUATEMALA,6A. CALLE 16-97,22881448,YENI XIOMARA CRÚZ SARCEÑO,,PARVULOS,PRIVADO,URBANA,CERRADA TEMPORALMENTE,MONOLINGUE,MATUTINA,DIARIO(REGULAR),GUATEMALA NORTE
00-06-9272-45,01-102,CIUDAD CAPITAL,ZONA 6,COLEGIO MIXTO REAL AMERICANO,21 AV. 22-50 PROYECTO 4-10,47007232,ZIZI ARELY LOPEZ CHINCHILLA,ROSA IMPERIO CARDONA GALINDO,BASICO,PRIVADO,URBANA,CERRADA TEMPORALMENTE,MONOLINGUE,VESPERTINA,DIARIO(REGULAR),GUATEMALA NORTE
00-06-9344-42,01-102,CIUDAD CAPITAL,ZONA 6,COLEGIO MIXTO FRATERNIDAD INFANTIL,11 CALLE 15-17,22881049,ZIZI ARELY LOPEZ CHINCHILLA,,PARVULOS,PRIVADO,URBANA,CERRADA TEMPORALMENTE,MONOLINGUE,MATUTINA,DIARIO(REGULAR),GUATEMALA NORTE
00-06-9345-43,01-102,CIUDAD CAPITAL,ZONA 6,COLEGIO MIXTO FRATERNIDAD INFANTIL,11 CALLE 15-17,47200242,ZIZI ARELY LOPEZ CHINCHILLA,,PRIMARIA,PRIVADO,URBANA,CERRADA TEMPORALMENTE,MONOLINGUE,MATUTINA,DIARIO(REGULAR),GUATEMALA NORTE
00-06-9346-45,01-01-0017,CIUDAD CAPITAL,ZONA 6,"""LICEO DE COMPUTACIÓN C.S.S, ZONA 6""",CALLE MARTI 14-49,22882093,CARLOS HUMBERTO GONZALEZ DE LEON,LEONEL RAMIRO ALVAREZ CARRERA,BASICO,PRIVADO,URBANA,ABIERTA,MONOLINGUE,DOBLE,FIN DE SEMANA,GUATEMALA NORTE
00-06-9347-46,01-01-0017,CIUDAD CAPITAL,ZONA 6,"""LICEO DE COMPUTACIÓN C.S.S, ZONA 6""",CALLE MARTI 14-49,22882093,CARLOS HUMBERTO GONZALEZ DE LEON,LEONEL RAMIRO ALVAREZ CARRERA,DIVERSIFICADO,PRIVADO,URBANA,ABIERTA,MONOLINGUE,DOBLE,FIN DE SEMANA,GUATEMALA NORTE
00-06-9389-43,01-101,CIUDAD CAPITAL,ZONA 6,LICEO CHINAUTLECO FRANCISCO DE ASIS,"17 CALLE 15-36, COLONIA CIPRESALES",22895388,YENI XIOMARA CRÚZ SARCEÑO,,PRIMARIA,PRIVADO,URBANA,CERRADA TEMPORALMENTE,MONOLINGUE,MATUTINA,DIARIO(REGULAR),GUATEMALA NORTE
00-06-9390-45,01-102,CIUDAD CAPITAL,ZONA 6,LICEO CHINAUTLECO FRANCISCO DE ASIS,"17 CALLE 15-36, COLONIA CIPRESALES",22894268,ZIZI ARELY LOPEZ CHINCHILLA,,BASICO,PRIVADO,URBANA,CERRADA TEMPORALMENTE,MONOLINGUE,VESPERTINA,DIARIO(REGULAR),GUATEMALA NORTE
00-06-9398-42,01-307,CIUDAD CAPITAL,ZONA 6,EODP COLEGIO DE FORMACION EN COMPUTACION -CFPC-,15AV. 28-90 FINCA SAN RAFAEL,22891828,NORMA ARACELY PALOMO FRANCO DE DIAZ,,PARVULOS,PRIVADO,URBANA,CERRADA DEFINITIVAMENTE,MONOLINGUE,MATUTINA,DIARIO(REGULAR),GUATEMALA NORTE
00-06-9529-42,01-01-0010,CIUDAD CAPITAL,ZONA 6,COLEGIO VANGUARDIA DE LA ENSEÑANZA,"19 CALLE ""F"" 17-41, PROYECTOS  4-4, COLONIA CIPRESALES",50159355,ZIZI ARELY LOPEZ CHINCHILLA,JESSICA MARISOL CASTRO LARA,PARVULOS,PRIVADO,URBANA,ABIERTA,MONOLINGUE,MATUTINA,DIARIO(REGULAR),GUATEMALA NORTE
00-06-9556-46,01-643,CIUDAD CAPITAL,ZONA 6,"COLEGIO CRISTIANO ""TORRICELLI""","28 CALLE 28-00, COLONIA EL MOLINO, CHINAUTLA",23125768,CESAR AUGUSTO ORTIZ HERNANDEZ,EDWIN PEDRO RUANO HERNANDEZ,DIVERSIFICADO,PRIVADO,URBANA,CERRADA DEFINITIVAMENTE,MONOLINGUE,MATUTINA,DIARIO(REGULAR),GUATEMALA NORTE
00-06-9562-43,01-01-0008,CIUDAD CAPITAL,ZONA 6,COLEGIO 'LAS ARDILLITAS DE LIZ',21 CALLE 'A' 15-31 PROYECTO 4-4,47528044,YENI XIOMARA CRÚZ SERCEÑO,GRISELDA EUGENIA CUYÁN CONTRERAS,PRIMARIA,PRIVADO,URBANA,ABIERTA,MONOLINGUE,MATUTINA,DIARIO(REGULAR),GUATEMALA NORTE
00-06-9564-46,01-106,CIUDAD CAPITAL,ZONA 6,LICEO NAVARRA SOCIEDAD ANONIMA,"2A. CALLE LOTE 46, COLONIA SANTA ISABEL",22868990,CESAR ARNOLDO MARTINEZ GARCIA,DUNIA GRACIELA DÍAZ GUERRA,DIVERSIFICADO,PRIVADO,URBANA,CERRADA TEMPORALMENTE,MONOLINGUE,DOBLE,FIN DE SEMANA,GUATEMALA NORTE
00-06-9565-45,01-106,CIUDAD CAPITAL,ZONA 6,LICEO NAVARRA SOCIEDAD ANONIMA,"2A. CALLE LOTE 46, COLONIA SANTA ISABEL",22865952,CESAR ARNOLDO MARTINEZ GARCIA,DUNIA GRACIELA DÍAZ GUERRA,BASICO,PRIVADO,URBANA,CERRADA TEMPORALMENTE,MONOLINGUE,DOBLE,FIN DE SEMANA,GUATEMALA NORTE
00-06-9566-45,01-407,CIUDAD CAPITAL,ZONA 6,LICEO NAVARRA SOCIEDAD ANONIMA,"2A. CALLE LOTE 46, SANTA ISABEL",22898990-22868990,LILIAN YOLANDA RODRIGUEZ PINTO DE CASTRO,,BASICO,PRIVADO,URBANA,CERRADA TEMPORALMENTE,MONOLINGUE,DOBLE,FIN DE SEMANA,GUATEMALA NORTE
00-06-9571-46,01-01-0006,CIUDAD CAPITAL,ZONA 6,"""LICEO DE COMPUTACIÓN C.S.S, ZONA 6""",CALLE MARTI 14-49,22882093,GLORIA GABRIELA LARIOS GARCÍA,LEONEL RAMIRO ALVAREZ CARRERA,DIVERSIFICADO,PRIVADO,URBANA,ABIERTA,MONOLINGUE,DOBLE,DIARIO(REGULAR),GUATEMALA NORTE
00-06-9572-45,01-01-0010,CIUDAD CAPITAL,ZONA 6,COLEGIO 'PRESBITERO JULIO GONZALEZ CELIS',15 AVENIDA 7-17,50300784,ZIZI ARELY LOPEZ CHINCHILLA,CINDY MARIEL ANTILLÓN GRAMAJO,BASICO,PRIVADO,URBANA,ABIERTA,MONOLINGUE,MATUTINA,DIARIO(REGULAR),GUATEMALA NORTE
00-06-9575-42,01-01-0007,CIUDAD CAPITAL,ZONA 6,COLEGIO MIXTO 'ESTRELLITA DE COLORES',2A. CALLE 'C' 23-39,22546887,ZIZI ARELY LOPEZ CHINCHILLA,HEYDI NINNETH LUANGO RAMOS,PARVULOS,PRIVADO,URBANA,ABIERTA,MONOLINGUE,MATUTINA,DIARIO(REGULAR),GUATEMALA NORTE
00-06-9576-45,01-01-0017,CIUDAD CAPITAL,ZONA 6,COLEGIO PRESBITERIANO JULIO GONZALEZ CELIS,15 AVENIDA 7-17,50300784,CARLOS HUMBERTO GONZALEZ DE LEON,DANIEL  ANTILLÓN GRAMAJO,BASICO,PRIVADO,URBANA,ABIERTA,MONOLINGUE,DOBLE,FIN DE SEMANA,GUATEMALA NORTE
00-06-9606-45,01-106,CIUDAD CAPITAL,ZONA 6,LICEO NAVARRA SOCIEDAD ANONIMA,2A. CALLE LOTE 46 COLONIA SANTA ISABEL,22865952,CESAR ARNOLDO MARTINEZ GARCIA,DUNIA GRACIELA DÍAZ GUERRA,BASICO,PRIVADO,URBANA,CERRADA TEMPORALMENTE,MONOLINGUE,DOBLE,FIN DE SEMANA,GUATEMALA NORTE
00-06-9607-46,01-407,CIUDAD CAPITAL,ZONA 6,LICEO NAVARRA SOCIEDAD ANONIMA,2A. CALLE LOTE 46 COLONIA SANTA ISABEL,22868990,LILIAN YOLANDA RODRIGUEZ PINTO DE CASTRO,,DIVERSIFICADO,PRIVADO,URBANA,CERRADA DEFINITIVAMENTE,MONOLINGUE,DOBLE,FIN DE SEMANA,GUATEMALA NORTE
00-06-9608-45,01-407,CIUDAD CAPITAL,ZONA 6,LICEO NAVARRA SOCIEDAD ANONIMA,2A. CALLE LOTE 46 COLONIA SANTA ISABEL,22868990,LILIAN YOLANDA RODRIGUEZ PINTO DE CASTRO,,BASICO,PRIVADO,URBANA,CERRADA TEMPORALMENTE,MONOLINGUE,DOBLE,FIN DE SEMANA,GUATEMALA NORTE
00-06-9624-45,01-01-0007,CIUDAD CAPITAL,ZONA 6,LICEO FRONESIS,2A. CALLE 'A' 19-27,22884796,ZIZI ARELY LOPEZ CHINCHILLA,ELVIRA OFELIA MONTERROSO RIVERA,BASICO,PRIVADO,URBANA,ABIERTA,MONOLINGUE,MATUTINA,DIARIO(REGULAR),GUATEMALA NORTE
00-06-9625-45,01-01-0007,CIUDAD CAPITAL,ZONA 6,LICEO FRONESIS,2A. CALLE 'A' 19-27,22884796,ZIZI ARELY LOPEZ CHINCHILLA,LESTER ROBERTO LOPEZ ALVARADO,BASICO,PRIVADO,URBANA,ABIERTA,MONOLINGUE,VESPERTINA,DIARIO(REGULAR),GUATEMALA NORTE
00-06-9626-46,01-01-0007,CIUDAD CAPITAL,ZONA 6,LICEO FRONESIS,2A. CALLE 'A' 19-27,22884796,ZIZI ARELY LOPEZ CHINCHILLA,ELVIRA OFELIA MONTERROSO RIVERA,DIVERSIFICADO,PRIVADO,URBANA,ABIERTA,MONOLINGUE,MATUTINA,DIARIO(REGULAR),GUATEMALA NORTE
00-06-9627-46,01-102,CIUDAD CAPITAL,ZONA 6,LICEO FRONESIS,2A. CALLE 'A' 19-27,22884796,ZIZI ARELY LOPEZ CHINCHILLA,,DIVERSIFICADO,PRIVADO,URBANA,CERRADA TEMPORALMENTE,MONOLINGUE,VESPERTINA,DIARIO(REGULAR),GUATEMALA NORTE
00-06-9628-45,01-407,CIUDAD CAPITAL,ZONA 6,LICEO FRONESIS,2A. CALLE A 19-27 ZONA 6,22884796,LILIAN YOLANDA RODRIGUEZ PINTO DE CASTRO,,BASICO,PRIVADO,URBANA,CERRADA TEMPORALMENTE,MONOLINGUE,DOBLE,FIN DE SEMANA,GUATEMALA NORTE
00-06-9629-46,01-407,CIUDAD CAPITAL,ZONA 6,LICEO FRONESIS,2A. CALLE 'A' 19-27,22884796,LILIAN YOLANDA RODRIGUEZ PINTO DE CASTRO,,DIVERSIFICADO,PRIVADO,URBANA,CERRADA TEMPORALMENTE,MONOLINGUE,DOBLE,FIN DE SEMANA,GUATEMALA NORTE
00-06-9630-46,01-407,CIUDAD CAPITAL,ZONA 6,LICEO FRONESIS,2A. CALLE  A  19-27 ZONA 6,22884796,LILIAN YOLANDA RODRIGUEZ PINTO DE CASTRO,,DIVERSIFICADO,PRIVADO,URBANA,CERRADA TEMPORALMENTE,MONOLINGUE,DOBLE,FIN DE SEMANA,GUATEMALA NORTE
00-06-9673-43,01-101,CIUDAD CAPITAL,ZONA 6,CENTRO EDUCATIVO TIZCAPA,13 AVENIDA 15-08 COLONIA TIZCAPA,42499565,YENI XIOMARA CRÚZ SARCEÑO,,PRIMARIA,PRIVADO,URBANA,CERRADA TEMPORALMENTE,MONOLINGUE,MATUTINA,DIARIO(REGULAR),GUATEMALA NORTE
00-06-9674-45,01-102,CIUDAD CAPITAL,ZONA 6,LICEO 'FRANCISCO DE ASIS',24 CALLE 'A' 16-15 PROYECTO 4-3,22895388,ZIZI ARELY LOPEZ CHINCHILLA,,BASICO,PRIVADO,URBANA,CERRADA TEMPORALMENTE,MONOLINGUE,MATUTINA,DIARIO(REGULAR),GUATEMALA NORTE
00-06-9713-45,01-403,CIUDAD CAPITAL,ZONA 6,LICEO EN COMPUTACION 2000,3A. CALLE 16-29,22545836,CARLOS HUMBERTO GONZÁLEZ DE LEÓN,,BASICO,PRIVADO,URBANA,CERRADA TEMPORALMENTE,MONOLINGUE,DOBLE,FIN DE SEMANA,GUATEMALA NORTE
00-06-9714-46,01-403,CIUDAD CAPITAL,ZONA 6,LICEO EN COMPUTACION 2000,3A. CALLE 16-29,22545836,CARLOS HUMBERTO GONZÁLEZ DE LEÓN,,DIVERSIFICADO,PRIVADO,URBANA,CERRADA TEMPORALMENTE,MONOLINGUE,DOBLE,FIN DE SEMANA,GUATEMALA NORTE
00-06-9733-42,01-102,CIUDAD CAPITAL,ZONA 6,EODP ANEXA A EOUN NO.4 'JUSTO RUFINO BARRIOS',13 AVENIDA 1-28,,ZIZI ARELY LOPEZ CHINCHILLA,,PARVULOS,OFICIAL,URBANA,CERRADA DEFINITIVAMENTE,MONOLINGUE,MATUTINA,DIARIO(REGULAR),GUATEMALA NORTE
00-06-9734-42,01-102,CIUDAD CAPITAL,ZONA 6,EODP ANEXA A EOUN NO.48 'MIGUEL MORAZAN',8A. CALLE 13-44,,ZIZI ARELY LOPEZ CHINCHILLA,,PARVULOS,OFICIAL,URBANA,CERRADA DEFINITIVAMENTE,MONOLINGUE,VESPERTINA,DIARIO(REGULAR),GUATEMALA NORTE
00-06-9756-43,01-01-0008,CIUDAD CAPITAL,ZONA 6,JARDIN INFANTIL 'LA FINCA',16 AVENIDA 28-83,41414145,YENI XIOMARA CRÚZ SERCEÑO,AURA LILIANA AQUINO BARRIOS,PRIMARIA,PRIVADO,URBANA,ABIERTA,MONOLINGUE,MATUTINA,DIARIO(REGULAR),GUATEMALA NORTE
00-06-9778-42,01-01-0010,CIUDAD CAPITAL,ZONA 6,COLEGIO CRISTIANO 'SEMILLAS DE AMOR',5A. CALLE 'A' 17-15,22544806,ZIZI ARELY LOPEZ CHINCHILLA,VIDALIA MAGALÍ GIRÓN AVILA,PARVULOS,PRIVADO,URBANA,ABIERTA,MONOLINGUE,MATUTINA,DIARIO(REGULAR),GUATEMALA NORTE
00-06-9779-43,01-01-0010,CIUDAD CAPITAL,ZONA 6,COLEGIO CRISTIANO  SEMILLAS DE AMOR,5A. CALLE A 17-15,24544806,ZIZI ARELY LOPEZ CHINCHILLA,VIDALIA MAGALÍ GIRÓN AVILA,PRIMARIA,PRIVADO,URBANA,ABIERTA,MONOLINGUE,MATUTINA,DIARIO(REGULAR),GUATEMALA NORTE
00-06-9786-43,01-109,CIUDAD CAPITAL,ZONA 6,COLEGIO MIXTO VICENTINO MARIA TERESA DE MARTINEZ SOBRAL,"1A. CALLE LOTE 25, SANTA LUISA JOCOTALES",22868657,ALEX JOSUE MÉNDEZ MAYEN,ROSA MARÍA MONTENEGRO BONILLA,PRIMARIA,PRIVADO,URBANA,CERRADA TEMPORALMENTE,MONOLINGUE,VESPERTINA,DIARIO(REGULAR),GUATEMALA NORTE
00-06-9795-46,99-001,CIUDAD CAPITAL,ZONA 6,INSTITUTO NACIONAL DIVERSIFICADO VESPERTINO  ENRIQUE GOMEZ CARRILLO  CON ORIENTACION COMERCIAL,15 CALLE Y 13 AVENIDA,,SILVIA EUGENIA VALDEZ MONTERROSO DE CARBALLO,----------,DIVERSIFICADO,OFICIAL,URBANA,TEMPORAL TITULOS,MONOLINGUE,VESPERTINA,DIARIO(REGULAR),GUATEMALA NORTE
00-06-9796-46,99-001,CIUDAD CAPITAL,ZONA 6,INSTITUTO NACIONAL DIVERSIFICADO VESPERTINO  ROMULO GALLEGOS FREIRE  CON ORIENTACION COMERCIAL,13 AVENIDA Y 15 CALLE FINAL,,SILVIA EUGENIA VALDEZ MONTERROSO DE CARBALLO,----------------,DIVERSIFICADO,OFICIAL,URBANA,TEMPORAL TITULOS,MONOLINGUE,VESPERTINA,DIARIO(REGULAR),GUATEMALA NORTE
00-06-9808-45,01-101,CIUDAD CAPITAL,ZONA 6,INSTITUTO MIXTO PRIVADO 'JOSE ERNESTO MONZON',21 AVENIDA 15-42,22886512,YENI XIOMARA CRÚZ SARCEÑO,,BASICO,PRIVADO,URBANA,CERRADA TEMPORALMENTE,MONOLINGUE,MATUTINA,DIARIO(REGULAR),GUATEMALA NORTE
00-06-9809-46,01-102,CIUDAD CAPITAL,ZONA 6,INSTITUTO MIXTO PRIVADO 'JOSE ERNESTO MONZON',21 AVENIDA 15-42,22894824-22881328,ZIZI ARELY LOPEZ CHINCHILLA,,DIVERSIFICADO,PRIVADO,URBANA,CERRADA TEMPORALMENTE,MONOLINGUE,MATUTINA,DIARIO(REGULAR),GUATEMALA NORTE
00-07-0001-45,01-623,CIUDAD CAPITAL,ZONA 7,COLEGIO BILINGUE DE COMPUTACION C.B.C.,38 AVENIDA 4-55 COLONIA LA FLORESTA,24312167,FEDERICO ESTUARDO IRUNGARAY SAMAYOA,DELIA RAMÍREZ FARFÁN,BASICO,PRIVADO,URBANA,CERRADA DEFINITIVAMENTE,MONOLINGUE,DOBLE,FIN DE SEMANA,GUATEMALA OCCIDENTE
00-07-0002-46,01-623,CIUDAD CAPITAL,ZONA 7,COLEGIO BILINGUE DE COMPUTACION C.B.C,38 AVENIDA 4-55 COLONIA LA FLORESTA,24312167,FEDERICO ESTUARDO IRUNGARAY SAMAYOA,DELIA RAMÍREZ FARFÁN,DIVERSIFICADO,PRIVADO,URBANA,CERRADA DEFINITIVAMENTE,MONOLINGUE,DOBLE,FIN DE SEMANA,GUATEMALA OCCIDENTE
00-07-0003-46,01-101,CIUDAD CAPITAL,ZONA 7,LICEO TECNICO COMERCIAL MIRAMUNDO,4A. AVENIDA 0-24,,YENI XIOMARA CRÚZ SARCEÑO,---,DIVERSIFICADO,PRIVADO,URBANA,CERRADA DEFINITIVAMENTE,MONOLINGUE,INTERMEDIA,DIARIO(REGULAR),GUATEMALA OCCIDENTE
00-07-0004-46,01-101,CIUDAD CAPITAL,ZONA 7,LICEO TECNICO COMERCIAL MIRAMUNDO,"4A. AVENIDA 0-24, COLONIA LANDIVAR",,YENI XIOMARA CRÚZ SARCEÑO,MARIO  GONZALEZ,DIVERSIFICADO,PRIVADO,URBANA,TEMPORAL TITULOS,MONOLINGUE,INTERMEDIA,DIARIO(REGULAR),GUATEMALA OCCIDENTE
00-07-0005-45,01-01-0103,CIUDAD CAPITAL,ZONA 7,INEB,"COLONIA EL GRANIZO ""B""",58439138,DORIS DARLENY DUEÑAS CARRILLO,EVELYN GIOMARA CHOJOLÁN ORTIZ,BASICO,OFICIAL,RURAL,ABIERTA,MONOLINGUE,VESPERTINA,DIARIO(REGULAR),GUATEMALA OCCIDENTE
00-07-0006-45,01-01-0164,CIUDAD CAPITAL,ZONA 7,INEB,COLONIA EL ESFUERZO,52159692,JUAN WALDEMAR CABRERA MÉNDEZ,IRIS LORENA HERNÁNDEZ MORALES,BASICO,OFICIAL,RURAL,ABIERTA,MONOLINGUE,VESPERTINA,DIARIO(REGULAR),GUATEMALA OCCIDENTE
00-07-0007-46,01-01-0103,CIUDAD CAPITAL,ZONA 7,INSTITUTO NACIONAL DE EDUCACION DIVERSIFICADA,38 CALLE 33-20 ZONA 7 COLONIA EL AMPARO,51004475,DORIS DARLENY DUEÑAS CARRILLO,ALBERTO FELIPE YAX,DIVERSIFICADO,OFICIAL,RURAL,ABIERTA,MONOLINGUE,VESPERTINA,DIARIO(REGULAR),GUATEMALA OCCIDENTE
00-07-0008-42,01-01-0163,CIUDAD CAPITAL,ZONA 7,EODP ANEXA A EOUM JOSE BONILLA RUANO,13 AVENIDA 5-18 COLONIA QUINTA SAMAYOA,24454191,FEDERICO ESTUARDO IRUNGARAY SAMAYOA,ADELINA  ROSALES ARRIOLA,PARVULOS,OFICIAL,URBANA,ABIERTA,MONOLINGUE,VESPERTINA,DIARIO(REGULAR),GUATEMALA OCCIDENTE
00-07-0009-42,01-01-0103,CIUDAD CAPITAL,ZONA 7,EODP ANEXA A EOUM 0435 ASENTAMIENTO PATRONATO ANTIALCOHOLICO,"38 CALLE 33-92, COLONIA AMPARO",41408302,DORIS DARLENY DUEÑAS CARRILLO,GLORIA  XINICO SUQUÉN,PARVULOS,OFICIAL,URBANA,ABIERTA,MONOLINGUE,MATUTINA,DIARIO(REGULAR),GUATEMALA OCCIDENTE
00-07-0010-46,01-639,CIUDAD CAPITAL,ZONA 7,INSTITUTO TECNICO DE CAPACITACION Y PRODUCTIVIDAD -INTECAP-,"14 CALLE 31-30 COLONIA ""CIUDAD DE PLATA II""",23200000,LUDVIN RICARDO URRUTIA LORENTI,ROBERTO CARLOS ORTÍZ RIZZO,DIVERSIFICADO,PRIVADO,URBANA,CERRADA TEMPORALMENTE,MONOLINGUE,DOBLE,DIARIO(REGULAR),GUATEMALA OCCIDENTE
00-07-0011-42,01-01-0103,CIUDAD CAPITAL,ZONA 7,EODP ANEXA A EOUV NO.23 RAFAEL MAURICIO,38 CALLE 33-92 AMPARO 1,54175642,DORIS DARLENY DUEÑAS CARRILLO,FELICIANA  VIVAR GUDIEL,PARVULOS,OFICIAL,URBANA,ABIERTA,MONOLINGUE,VESPERTINA,DIARIO(REGULAR),GUATEMALA OCCIDENTE
00-07-0012-42,01-619,CIUDAD CAPITAL,ZONA 7,CENTRO EDUCATIVO MIS HUELLITAS,"13 CALLE B 26-61, KAMINAL JUYU II",24738736,JUAN WALDEMAR CABRERA MENDEZ,CLAUDIA CECILIA CARDONA MORALES DE CARIN,PARVULOS,PRIVADO,URBANA,CERRADA TEMPORALMENTE,MONOLINGUE,MATUTINA,DIARIO(REGULAR),GUATEMALA OCCIDENTE
00-07-0013-42,01-619,CIUDAD CAPITAL,ZONA 7,CENTRO EDUCATIVO MIS HUELLITAS,"13 CALLE B 26-61, KAMINAL JUYU II",24738736,JUAN WALDEMAR CABRERA MENDEZ,CLAUDIA CECILIA CARDONA MORALES,PARVULOS,PRIVADO,URBANA,CERRADA TEMPORALMENTE,MONOLINGUE,VESPERTINA,DIARIO(REGULAR),GUATEMALA OCCIDENTE
00-07-0014-45,01-407,CIUDAD CAPITAL,ZONA 7,INSTITUTO SAN JUAN DE LA CRUZ,"34 AVENIDA Y 38 CALLE ""C"", FINAL, EL AMPARO I,",24353249,LILIAN YOLANDA RODRIGUEZ PINTO DE CASTRO,EVELYN LUCRECIA LEZANA CONTRERAS,BASICO,PRIVADO,URBANA,CERRADA DEFINITIVAMENTE,MONOLINGUE,NOCTURNA,FIN DE SEMANA,GUATEMALA OCCIDENTE
00-07-0015-46,01-407,CIUDAD CAPITAL,ZONA 7,INSTITUTO SAN JUAN DE LA CRUZ,"34 AVENIDA Y 38 CALLE ""C"", FINAL, EL AMPARO",24353249,LILIAN YOLANDA RODRIGUEZ PINTO DE CASTRO,EVELYN LUCRECIA LEZANA CONTRERAS,DIVERSIFICADO,PRIVADO,URBANA,CERRADA DEFINITIVAMENTE,MONOLINGUE,NOCTURNA,FIN DE SEMANA,GUATEMALA OCCIDENTE
00-07-0016-46,01-407,CIUDAD CAPITAL,ZONA 7,INSTITUTO SAN JUAN DE LA CRUZ,"34 AVENIDA Y 38 CALLE ""C"", FINAL, EL AMPARO",24353249,LILIAN YOLANDA RODRIGUEZ PINTO DE CASTRO,EVELYN LUCRECIA LEZANA CONTRERAS,DIVERSIFICADO,PRIVADO,URBANA,CERRADA TEMPORALMENTE,MONOLINGUE,DOBLE,FIN DE SEMANA,GUATEMALA OCCIDENTE
00-07-0017-46,01-101,CIUDAD CAPITAL,ZONA 7,"INSTITUTO MIXTO ""MIGUEL ANGEL ASTURIAS""",ZONA 7,,YENI XIOMARA CRÚZ SARCEÑO,JORGE GRANADOS GUZMÁN,DIVERSIFICADO,PRIVADO,URBANA,CERRADA DEFINITIVAMENTE,MONOLINGUE,NOCTURNA,DIARIO(REGULAR),GUATEMALA OCCIDENTE
00-07-0018-46,01-101,CIUDAD CAPITAL,ZONA 7,"INSTITUTO PRIVADO ""ALBERT EINSTEIN""",ZONA 7,,YENI XIOMARA CRÚZ SARCEÑO,---,DIVERSIFICADO,PRIVADO,URBANA,CERRADA DEFINITIVAMENTE,MONOLINGUE,NOCTURNA,DIARIO(REGULAR),GUATEMALA OCCIDENTE
00-07-0019-46,01-101,CIUDAD CAPITAL,ZONA 7,"INSTITUTO MIXTO ""LANDIVAR""","ZONA 7, COLONIA LANDIVAR",,YENI XIOMARA CRÚZ SARCEÑO,---,DIVERSIFICADO,PRIVADO,URBANA,CERRADA DEFINITIVAMENTE,MONOLINGUE,MATUTINA,DIARIO(REGULAR),GUATEMALA OCCIDENTE
00-07-0020-46,01-101,CIUDAD CAPITAL,ZONA 7,ESCUELA NACIONAL DE CIENCIAS COMERCIALES NUMERO 2,CALZADA SAN JUAN 32-50,,YENI XIOMARA CRÚZ SARCEÑO,---,DIVERSIFICADO,OFICIAL,URBANA,CERRADA DEFINITIVAMENTE,MONOLINGUE,VESPERTINA,DIARIO(REGULAR),GUATEMALA OCCIDENTE
00-07-0021-45,01-407,CIUDAD CAPITAL,ZONA 7,INSTITUTO SAN JUAN DE LA CRUZ,"34 AVENIDA Y 38 CALLE ""C"", FINAL, EL AMPARO I,",24353249,LILIAN YOLANDA RODRIGUEZ PINTO DE CASTRO,EVELYN LUCRECIA LEZANA CONTRERAS,BASICO,PRIVADO,URBANA,CERRADA TEMPORALMENTE,MONOLINGUE,NOCTURNA,DIARIO(REGULAR),GUATEMALA OCCIDENTE
00-07-0022-46,01-407,CIUDAD CAPITAL,ZONA 7,INSTITUTO SAN JUAN DE LA CRUZ,"34 AVENIDA Y 38 CALLE ""C"", FINAL, EL AMPARO",24353249,LILIAN YOLANDA RODRIGUEZ PINTO DE CASTRO,EVELYN LUCRECIA LEZANA CONTRERAS,DIVERSIFICADO,PRIVADO,URBANA,CERRADA TEMPORALMENTE,MONOLINGUE,NOCTURNA,DIARIO(REGULAR),GUATEMALA OCCIDENTE
00-07-0023-42,01-623,CIUDAD CAPITAL,ZONA 7,COLEGIO CRISTIANO JERUSALEM GRANIZO,"33 AVENIDA ""A"", 45-99, COLONIA GRANIZO I",24316456,FEDERICO ESTUARDO IRUNGARAY SAMAYOA,BETZAIDA BETSABET AMAYA PAREDES,PARVULOS,PRIVADO,URBANA,ABIERTA,MONOLINGUE,MATUTINA,DIARIO(REGULAR),GUATEMALA OCCIDENTE
00-07-0024-43,01-623,CIUDAD CAPITAL,ZONA 7,COLEGIO CRISTIANO JERUSALEM GRANIZO,"33 AVENIDA ""A"", 45-99, COLONIA GRANIZO I",24316456,FEDERICO ESTUARDO IRUNGARAY SAMAYOA,BETZAIDA BETSABET AMAYA PAREDES,PRIMARIA,PRIVADO,URBANA,ABIERTA,MONOLINGUE,MATUTINA,DIARIO(REGULAR),GUATEMALA OCCIDENTE
00-07-0025-45,01-623,CIUDAD CAPITAL,ZONA 7,CENTRO EDUCATIVO LOS SAUCES,"31 AVENIDA 14-26, COLONIA CIUDAD DE PLATA II",24738983,FEDERICO ESTUARDO IRUNGARAY SAMAYOA,AGUSTIN SENCION ALVARADO,BASICO,PRIVADO,URBANA,CERRADA TEMPORALMENTE,MONOLINGUE,VESPERTINA,DIARIO(REGULAR),GUATEMALA OCCIDENTE
00-07-0026-46,01-01-0164,CIUDAD CAPITAL,ZONA 7,CENTRO EDUCATIVO LOS SAUCES,"31 AVENIDA 14-26, COLONIA CIUDAD DE PLATA II",24738983,JUAN WALDEMAR CABRERA MÉNDEZ,AGUSTÍN SENCIÓN ALVARADO,DIVERSIFICADO,PRIVADO,URBANA,ABIERTA,MONOLINGUE,VESPERTINA,DIARIO(REGULAR),GUATEMALA OCCIDENTE
00-07-0027-45,01-403,CIUDAD CAPITAL,ZONA 7,CENTRO EDUCATIVO LOS SAUCES,"31 AVENIDA 14-26, COLONIA CIUDAD DE PLATA II",24738983,CARLOS HUMBERTO GONZÁLEZ DE LEÓN,AGUSTIN SENCION ALVARADO,BASICO,PRIVADO,URBANA,CERRADA TEMPORALMENTE,MONOLINGUE,NOCTURNA,DIARIO(REGULAR),GUATEMALA OCCIDENTE
00-07-0028-44,01-623,CIUDAD CAPITAL,ZONA 7,CENTRO EDUCATIVO LOS SAUCES,"31 AVENIDA 14-26, COLONIA CIUDAD DE PLATA II",24738983,FEDERICO ESTUARDO IRUNGARAY SAMAYOA,AGUSTÍN SENCIÓN ALVARADO,PRIMARIA DE ADULTOS,PRIVADO,URBANA,CERRADA TEMPORALMENTE,MONOLINGUE,NOCTURNA,DIARIO(REGULAR),GUATEMALA OCCIDENTE
00-07-0029-46,01-99-0090,CIUDAD CAPITAL,ZONA 7,CENTRO EDUCATIVO LOS SAUCES,"31 AVENIDA 14-26, COLONIA CIUDAD DE PLATA II",24738983,IDALIA DEL ROSARIO LÓPEZ SANDOVAL,AGUSTÍN SENCIÓN ALVARADO,DIVERSIFICADO,PRIVADO,URBANA,ABIERTA,MONOLINGUE,DOBLE,FIN DE SEMANA,GUATEMALA OCCIDENTE
00-07-0030-46,01-409,CIUDAD CAPITAL,ZONA 7,COLEGIO MIXTO CENTROAMERICANO EL MAESTRO AMIGO,"CALZADA ROOSEVELT, 2-34",24751249,IDALIA DEL ROSARIO LOPEZ SANDOVAL DE PAIZ,SERGIO  MEJÍA AGUILAR,DIVERSIFICADO,PRIVADO,URBANA,CERRADA TEMPORALMENTE,MONOLINGUE,DOBLE,FIN DE SEMANA,GUATEMALA OCCIDENTE
00-07-0031-46,01-619,CIUDAD CAPITAL,ZONA 7,COLEGIO DE INFORMATICA IMB-PC NO. 1,CALZADA SAN JUAN 31-97 Y 32 AVENIDA 4-04,23025400,JUAN WALDEMAR CABRERA MENDEZ,KETTY ALBERTINA OSORIO RIVAS,DIVERSIFICADO,PRIVADO,URBANA,CERRADA TEMPORALMENTE,MONOLINGUE,DOBLE,DIARIO(REGULAR),GUATEMALA OCCIDENTE
00-07-0032-45,01-318,CIUDAD CAPITAL,ZONA 7,COLEGIO MIXTO MARIA DE FATIMA,37 AVENIDA 2-64,24394552,SANDRA CAROLINA PÉREZ DONDIEGO DE CHOC,SONIA HAYDEE CRISTIANI ALVARADO,BASICO,PRIVADO,URBANA,CERRADA TEMPORALMENTE,MONOLINGUE,DOBLE,FIN DE SEMANA,GUATEMALA OCCIDENTE
00-07-0033-46,01-318,CIUDAD CAPITAL,ZONA 7,COLEGIO MIXTO MARIA DE FATIMA,37 AVENIDA 2-64,24394552,SANDRA CAROLINA PÉREZ DONDIEGO DE CHOC,SONIA HAYDEE CRISTIANI ALVARADO,DIVERSIFICADO,PRIVADO,URBANA,CERRADA TEMPORALMENTE,MONOLINGUE,DOBLE,FIN DE SEMANA,GUATEMALA OCCIDENTE
00-07-0034-43,01-01-0103,CIUDAD CAPITAL,ZONA 7,CENTRO EDUCATIVO FE Y ALEGRIA NO. 9,32 AVENIDA B 38-01 COLONIA AMPARO II,24319989,DORIS DARLENY DUEÑAS CARRILLO,CANDICE MARÍA HERNÁNDEZ LUNA,PRIMARIA,PRIVADO,URBANA,ABIERTA,MONOLINGUE,MATUTINA,DIARIO(REGULAR),GUATEMALA OCCIDENTE
00-07-0035-43,01-01-0103,CIUDAD CAPITAL,ZONA 7,COLEGIO UNA VIDA FELIZ,13 AVENIDA 33-56 COLONIA BANVI I,24318625,DORIS DARLENY DUEÑAS CARRILLO,MONICA LISETTE RIVERA JUÁREZ,PRIMARIA,PRIVADO,URBANA,ABIERTA,MONOLINGUE,MATUTINA,DIARIO(REGULAR),GUATEMALA OCCIDENTE
00-07-0036-46,01-619,CIUDAD CAPITAL,ZONA 7,CENTRO EDUCATIVO TECNICO LABORAL KINAL,"6A. AVENIDA 13-54, COLONIA LANDIVAR",23877600,JUAN WALDEMAR CABRERA MENDEZ,JOSÉ MARIANO ESCALANTE ALEGRÍA,DIVERSIFICADO,PRIVADO,URBANA,ABIERTA,MONOLINGUE,DOBLE,DIARIO(REGULAR),GUATEMALA OCCIDENTE
00-07-0037-42,01-623,CIUDAD CAPITAL,ZONA 7,COLEGIO JARDIN DE LAS ESTRELLAS,25 AVENIDA 6-64 KAMINAL JUYU I,42419292,FEDERICO ESTUARDO IRUNGARAY SAMAYOA,SILVIA ELIZABETH ASTURIAS JOHNSTON DE RIVERA,PARVULOS,PRIVADO,URBANA,CERRADA TEMPORALMENTE,MONOLINGUE,MATUTINA,DIARIO(REGULAR),GUATEMALA OCCIDENTE
00-07-0038-46,01-406,CIUDAD CAPITAL,ZONA 7,COLEGIO GUATEMALTECO DE INFORMATICA,"9A. CALLE 03-57, COLONIA QUINTA SAMAYOA",24738890,MIGUEL ALVARO RODRIGUEZ PORTILLO,HILDA LUCY VILLATORO FLORES DE HERRERA,DIVERSIFICADO,PRIVADO,URBANA,CERRADA TEMPORALMENTE,MONOLINGUE,DOBLE,FIN DE SEMANA,GUATEMALA OCCIDENTE
00-07-0039-46,01-01-0103,CIUDAD CAPITAL,ZONA 7,ESCUELA EXPERIMENTAL DE APLICACIÓN MIRÓN MUÑOZ FE Y ALEGRIA NO. 40,"32 AVENIDA ""B"" 38-01 COLONIA EL AMPARO II",24319988,DORIS DARLENY DUEÑAS CARRILLO,CANDICE MARÍA HERNÁNDEZ LUNA,DIVERSIFICADO,PRIVADO,URBANA,ABIERTA,MONOLINGUE,MATUTINA,DIARIO(REGULAR),GUATEMALA OCCIDENTE
00-07-0040-46,01-01-0103,CIUDAD CAPITAL,ZONA 7,COLEGIO MIXTO DURUELO,"38 CALLE ""C"" FINAL 34-31 COLONIA EL AMPARO I",24316649,DORIS DARLENY DUEÑAS CARRILLO,MARIA DEL CARMEN GONZÁLEZ GONZÁLEZ,DIVERSIFICADO,PRIVADO,URBANA,ABIERTA,MONOLINGUE,MATUTINA,DIARIO(REGULAR),GUATEMALA OCCIDENTE
00-07-0041-42,01-619,CIUDAD CAPITAL,ZONA 7,CENTRO EDUCACIONAL LA CASITA DE LOS NIÑOS,CALZADA SAN JUAN 32-37,24397622,JUAN WALDEMAR CABRERA MENDEZ,MONICA CRISSEL LOPEZ SALGUERO,PARVULOS,PRIVADO,URBANA,CERRADA TEMPORALMENTE,MONOLINGUE,MATUTINA,DIARIO(REGULAR),GUATEMALA OCCIDENTE
00-07-0042-46,01-99-0090,CIUDAD CAPITAL,ZONA 7,LICEO MIXTO EN COMPUTACION ROTTERDAM,31 AVENIDA 14-12 CIUDAD PLATA II,24738493,IDALIA DEL ROSARIO LÓPEZ SANDOVAL,MARÍA DEL CARMEN LÓPEZ BENAVENTE,DIVERSIFICADO,PRIVADO,URBANA,ABIERTA,MONOLINGUE,DOBLE,FIN DE SEMANA,GUATEMALA OCCIDENTE
00-07-0043-45,01-01-0103,CIUDAD CAPITAL,ZONA 7,INSTITUTO BASICO EXPERIMENTAL CON ORIENTACION OCUPACIONAL FE Y ALEGRIA NO. 9,32 AVENIDA B 38-01 COLONIA AMPARO II,24319989,DORIS DARLENY DUEÑAS CARRILLO,CANDICE MARÍA HERNÁNDEZ LUNA,BASICO,PRIVADO,URBANA,ABIERTA,MONOLINGUE,VESPERTINA,DIARIO(REGULAR),GUATEMALA OCCIDENTE
00-07-0044-42,01-01-0163,CIUDAD CAPITAL,ZONA 7,EODP ANEXA EOUN NO. 52 EMMA GONZALEZ DE LOPEZ,13 AVENIDA 5-18 COLONIA QUINTA SAMAYOA,24407701,FEDERICO ESTUARDO IRUNGARAY SAMAYOA,CLAUDIA MARIA FAJARDO SILIEZAR,PARVULOS,OFICIAL,URBANA,ABIERTA,MONOLINGUE,MATUTINA,DIARIO(REGULAR),GUATEMALA OCCIDENTE
00-07-0045-45,01-105,CIUDAD CAPITAL,ZONA 7,CENTRO EDUCATIVO DE INFORMATICA SINAI,"MANZANA 33 LOTE 6, CANTON CENTRAL, ALDEA CANALITOS",22584390,YAMILET VERSALÍ AGUÍLAR PÉREZ,MIRIAM MENDEZ VASQUEZ DE CARIAS,BASICO,PRIVADO,URBANA,CERRADA DEFINITIVAMENTE,MONOLINGUE,VESPERTINA,DIARIO(REGULAR),GUATEMALA OCCIDENTE
00-07-0046-45,01-211,CIUDAD CAPITAL,ZONA 7,CEEX-KINAL,6 AVENIDA 13-54 COLONIA LANDIVAR,23877600,ADRIANA FABIOLA BOLAÑOS ESTRADA,JOSE MARIANO ESCALANTE ALEGRIA,BASICO,PRIVADO,URBANA,CERRADA TEMPORALMENTE,MONOLINGUE,MATUTINA,SABATINO,GUATEMALA OCCIDENTE
00-07-0047-42,01-01-0164,CIUDAD CAPITAL,ZONA 7,ESCUELA MIXTA PRIVADA RAYO DE LUZ,14 CALLE 10-80 COLONIA LA VERBENA,24715730,JUAN WALDEMAR CABRERA MÉNDEZ,ROSA ASUSELY CHOC AVILA,PARVULOS,PRIVADO,URBANA,ABIERTA,MONOLINGUE,MATUTINA,DIARIO(REGULAR),GUATEMALA OCCIDENTE
00-07-0048-45,01-01-0163,CIUDAD CAPITAL,ZONA 7,COLEGIO TECNICO EN COMPUTACION SAN JUAN,9A CALLE 8-63 Y 8-67 COLONIA QUINTA SAMAYOA,24754329,FEDERICO ESTUARDO IRUNGARAY SAMAYOA,AURA MARINA MEJIA FUENTES,BASICO,PRIVADO,URBANA,ABIERTA,MONOLINGUE,MATUTINA,DIARIO(REGULAR),GUATEMALA OCCIDENTE
00-07-0049-43,01-01-0163,CIUDAD CAPITAL,ZONA 7,COLEGIO TECNICO EN COMPUTACION SAN JUAN,9A CALLE 8-63 Y 8-67 COLONIA QUINTA SAMAYOA,24754329,FEDERICO ESTUARDO IRUNGARAY SAMAYOA,AURA MARINA MEJIA FUENTES,PRIMARIA,PRIVADO,URBANA,ABIERTA,MONOLINGUE,MATUTINA,DIARIO(REGULAR),GUATEMALA OCCIDENTE
00-07-0050-42,01-01-0163,CIUDAD CAPITAL,ZONA 7,COLEGIO TECNICO EN COMPUTACION SAN JUAN,9A CALLE 8-63 Y 8-67 COLONIA QUINTA SAMAYOA,24754329,FEDERICO ESTUARDO IRUNGARAY SAMAYOA,AURA MARINA MEJIA FUENTES,PARVULOS,PRIVADO,URBANA,ABIERTA,MONOLINGUE,MATUTINA,DIARIO(REGULAR),GUATEMALA OCCIDENTE
00-07-0051-42,01-01-0106,CIUDAD CAPITAL,ZONA 7,COLEGIO MIXTO EVANGELICO MANANTIAL DE VIDA NUEVA,13 AVENIDA A 32-03 COLONIA BANVI I  BETHANIA  ZONA 7,54144500,MARÍA DEL ROSARIO VARGAS SANDOVAL,SEIDY GEORGINA GÓMEZ GONZÁLEZ,PARVULOS,PRIVADO,URBANA,ABIERTA,MONOLINGUE,MATUTINA,DIARIO(REGULAR),GUATEMALA OCCIDENTE
00-07-0052-43,01-01-0106,CIUDAD CAPITAL,ZONA 7,COLEGIO MIXTO EVANGELICO MANANTIAL DE VIDA NUEVA,13 AVENIDA A 32-03 COLONIA BANVI I  BETHANIA  ZONA 7,54144500,MARÍA DEL ROSARIO VARGAS SANDOVAL,NORMA ISABEL GONZÁLEZ GARCÍA,PRIMARIA,PRIVADO,URBANA,ABIERTA,MONOLINGUE,MATUTINA,DIARIO(REGULAR),GUATEMALA OCCIDENTE
00-07-0053-45,01-01-0106,CIUDAD CAPITAL,ZONA 7,COLEGIO MIXTO EVANGELICO MANANTIAL DE VIDA NUEVA,13 AVENIDA A 32-03 COLONIA BANVI I  BETHANIA  ZONA 7,54144500,MARÍA DEL ROSARIO VARGAS SANDOVAL,BRENDA CECILIA REYES ARRIOLA,BASICO,PRIVADO,URBANA,ABIERTA,MONOLINGUE,MATUTINA,DIARIO(REGULAR),GUATEMALA OCCIDENTE
00-07-0054-46,01-01-0163,CIUDAD CAPITAL,ZONA 7,COLEGIO TÉCNICO EN COMPUTACIÓN SAN JUAN,9A CALLE 8-63 Y 8-67 COLONIA QUINTA SAMAYOA,24754329,FEDERICO ESTUARDO IRUNGARAY SAMAYOA,AURA MARINA MEJIA FUENTES,DIVERSIFICADO,PRIVADO,URBANA,ABIERTA,MONOLINGUE,MATUTINA,DIARIO(REGULAR),GUATEMALA OCCIDENTE
00-07-0055-46,01-604,CIUDAD CAPITAL,ZONA 7,LICEO TECNOLOGICO ANDRE AMPERE,37 AVENIDA 2-29 VILLA DEL PEDREGAL,24396679,EMORA EMPERATRIZ CRUZ DE FUENTES,AXEL ROMEO CALDERON ROJAS,DIVERSIFICADO,PRIVADO,URBANA,CERRADA TEMPORALMENTE,MONOLINGUE,VESPERTINA,DIARIO(REGULAR),GUATEMALA OCCIDENTE
00-07-0056-46,01-604,CIUDAD CAPITAL,ZONA 7,LICEO TECNOLOGICO ANDRE AMPERE,37 AVENIDA 2-29 VILLA DEL PEDREGAL,24396679,EMORA EMPERATRIZ CRUZ DE FUENTES,AXEL ROMEO CALDERON ROJAS,DIVERSIFICADO,PRIVADO,URBANA,CERRADA TEMPORALMENTE,MONOLINGUE,DOBLE,DIARIO(REGULAR),GUATEMALA OCCIDENTE
00-07-0057-43,01-607,CIUDAD CAPITAL,ZONA 7,CENTRO PEDAGOGICO IROGAMA,"9A. CALLE 30-04, TIKAL I 14 AVE. A 0-41 URBANIZACION GONZALEZ  ZONA 2 MIXCO",22507732,OLGA MARINA AJQUEJAY SALOJ DE TUBAC,NORA ESTELA LARA DIEMECKE,PRIMARIA,PRIVADO,URBANA,CERRADA TEMPORALMENTE,MONOLINGUE,MATUTINA,DIARIO(REGULAR),GUATEMALA OCCIDENTE
00-07-0058-44,01-409,CIUDAD CAPITAL,ZONA 7,COLEGIO EN COMPUTACION SAN JUAN,"CALZADA SAN JUAN 39-45, COLONIA EL RODEO",24314037,IDALIA DEL ROSARIO LOPEZ SANDOVAL DE PAIZ,DORA GRACIELA VIELMAN,PRIMARIA DE ADULTOS,PRIVADO,URBANA,CERRADA TEMPORALMENTE,MONOLINGUE,DOBLE,FIN DE SEMANA,GUATEMALA OCCIDENTE
00-07-0059-45,01-409,CIUDAD CAPITAL,ZONA 7,COLEGIO EN COMPUTACION SAN JUAN,"CALZADA SAN JUAN 39-45, COLONIA EL RODEO",24314037,IDALIA DEL ROSARIO LOPEZ SANDOVAL DE PAIZ,DORA GRACIELA VIELMAN,BASICO,PRIVADO,URBANA,CERRADA TEMPORALMENTE,MONOLINGUE,DOBLE,FIN DE SEMANA,GUATEMALA OCCIDENTE
00-07-0060-45,01-409,CIUDAD CAPITAL,ZONA 7,COLEGIO EN COMPUTACION SAN JUAN,"CALZADA SAN JUAN 39-45, COLONIA EL RODEO",24314037,IDALIA DEL ROSARIO LOPEZ SANDOVAL DE PAIZ,DORA GRACIELA VIELMAN,BASICO,PRIVADO,URBANA,ABIERTA,MONOLINGUE,DOBLE,FIN DE SEMANA,GUATEMALA OCCIDENTE
00-07-0061-46,01-409,CIUDAD CAPITAL,ZONA 7,COLEGIO EN COMPUTACION SAN JUAN,"CALZADA SAN JUAN 39-45, COLONIA EL RODEO",24314037,IDALIA DEL ROSARIO LOPEZ SANDOVAL DE PAIZ,DORA GRACIELA VIELMAN,DIVERSIFICADO,PRIVADO,URBANA,CERRADA TEMPORALMENTE,MONOLINGUE,DOBLE,FIN DE SEMANA,GUATEMALA OCCIDENTE
00-07-0062-45,01-619,CIUDAD CAPITAL,ZONA 7,COLEGIO EN COMPUTACION SAN JUAN,"CALZADA SAN JUAN 39-45, COLONIA EL RODEO",24314037,JUAN WALDEMAR CABRERA MENDEZ,DORA GRACIELA VIELMAN,BASICO,PRIVADO,URBANA,CERRADA TEMPORALMENTE,MONOLINGUE,MATUTINA,DIARIO(REGULAR),GUATEMALA OCCIDENTE
00-07-0063-46,01-619,CIUDAD CAPITAL,ZONA 7,COLEGIO EN COMPUTACION SAN JUAN,"CALZADA SAN JUAN 39-45, COLONIA EL RODEO",24313047,JUAN WALDEMAR CABRERA MENDEZ,DORA GRACIELA VIELMAN,DIVERSIFICADO,PRIVADO,URBANA,CERRADA TEMPORALMENTE,MONOLINGUE,MATUTINA,DIARIO(REGULAR),GUATEMALA OCCIDENTE
00-07-0064-46,01-619,CIUDAD CAPITAL,ZONA 7,COLEGIO EN COMPUTACION SAN JUAN,"CALZADA SAN JUAN 39-45, COLONIA EL RODEO",24313047,JUAN WALDEMAR CABRERA MENDEZ,DORA GRACIELA VIELMAN,DIVERSIFICADO,PRIVADO,URBANA,CERRADA DEFINITIVAMENTE,MONOLINGUE,DOBLE,DIARIO(REGULAR),GUATEMALA OCCIDENTE
00-07-0065-45,01-01-0106,CIUDAD CAPITAL,ZONA 7,LICEO FLORENTINO-GUATEMALTECO,"5TA. AVENIDA 5-38, COLONIA LANDIVAR",47134006,MARÍA DEL ROSARIO VARGAS SANDOVAL,LISBETH ICENIA RAMIREZ VARGAS,BASICO,PRIVADO,URBANA,ABIERTA,MONOLINGUE,MATUTINA,DIARIO(REGULAR),GUATEMALA OCCIDENTE
00-07-0066-45,01-01-0106,CIUDAD CAPITAL,ZONA 7,COLEGIO EXPERIMENTAL HANLEY DENNING,"5TA. AV. 12-51/12-55 APTO A ZONA 7, COLONIA LANDIVAR/ Y 12-55",55705761,MARÍA DEL ROSARIO VARGAS SANDOVAL,PATRICIA  BARNEOND ALVAREZ,BASICO,PRIVADO,URBANA,ABIERTA,MONOLINGUE,MATUTINA,DIARIO(REGULAR),GUATEMALA OCCIDENTE
00-07-0067-43,01-01-0106,CIUDAD CAPITAL,ZONA 7,COLEGIO EXPERIMENTAL HANLEY DENNING,"6A. AVENIDA 11-95, COLONIA LANDIVAR ZONA 7",30262450,MARÍA DEL ROSARIO VARGAS SANDOVAL,KARLA YASMÍN HERNÁNDEZ MORALES,PRIMARIA,PRIVADO,URBANA,ABIERTA,MONOLINGUE,MATUTINA,DIARIO(REGULAR),GUATEMALA OCCIDENTE
00-07-0068-45,01-617,CIUDAD CAPITAL,ZONA 7,LICEO MIXTO RICARDO LIMA,25 CALLE 33-89 COLONIA KJELL,50190850,MARIA DEL ROSARIO VARGAS SANDOVAL,KARLA ARALY VELASQUEZ MAZARIEGOS,BASICO,PRIVADO,URBANA,ABIERTA,MONOLINGUE,MATUTINA,DIARIO(REGULAR),GUATEMALA OCCIDENTE
00-07-0069-42,01-01-0106,CIUDAD CAPITAL,ZONA 7,INSTITUTO TECNOLOGICO EN ESTUDIOS DIVERSIFICADOS SAN JUAN,31 AV. 35-30 COLONIA TIKAL 1,24740582,MARÍA DEL ROSARIO VARGAS SANDOVAL,ORFANIA  ALVAREZ PERDOMO,PARVULOS,PRIVADO,URBANA,ABIERTA,MONOLINGUE,MATUTINA,DIARIO(REGULAR),GUATEMALA OCCIDENTE
00-07-0070-43,01-01-0106,CIUDAD CAPITAL,ZONA 7,"INSTITUTO  TECNOLOGICO EN ESTUDIOS DIVERSIFICADOS ""SAN JUAN""",31 AV. 35-30 COLONIA TIKAL 1,24740582,MARÍA DEL ROSARIO VARGAS SANDOVAL,ORFANIA  ALVAREZ PERDOMO,PRIMARIA,PRIVADO,URBANA,ABIERTA,MONOLINGUE,MATUTINA,DIARIO(REGULAR),GUATEMALA OCCIDENTE
00-07-0071-45,01-01-0106,CIUDAD CAPITAL,ZONA 7,INSTITUTO TECNOLOGICO EN ESTUDIOS DIVERSIFICADOS SAN JUAN,31 AV. 35-30 COLONIA TIKAL 1,24740582,MARÍA DEL ROSARIO VARGAS SANDOVAL,ORFANIA  ALVAREZ PERDOMO,BASICO,PRIVADO,URBANA,ABIERTA,MONOLINGUE,MATUTINA,DIARIO(REGULAR),GUATEMALA OCCIDENTE
00-07-0072-46,01-01-0106,CIUDAD CAPITAL,ZONA 7,"INSTITUTO TECNOLÓGICO EN ESTUDIOS DIVERSIFICADOS ""SAN JUAN""","31 AVENIDA 5-30 ZONA 7 JARDINES DE TIKAL 1 GUATEMALA, GUATEMALA",24740582,MARÍA DEL ROSARIO VARGAS SANDOVAL,ORFANIA  ALVAREZ PERDOMO,DIVERSIFICADO,PRIVADO,URBANA,ABIERTA,MONOLINGUE,MATUTINA,DIARIO(REGULAR),GUATEMALA OCCIDENTE
00-07-0073-44,01-99-0095,CIUDAD CAPITAL,ZONA 7,INSTITUTO TECNOLOGICO EN ESTUDIOS DIVERSIFICADOS SAN JUAN,31 AV. 35-30 TIKAL 1,24740582,MARCELINO ARNULFO DE LEÓN MEJÍA,ORFANIA  ALVAREZ PERDOMO,PRIMARIA DE ADULTOS,PRIVADO,URBANA,ABIERTA,MONOLINGUE,DOBLE,FIN DE SEMANA,GUATEMALA OCCIDENTE
00-07-0074-45,01-99-0095,CIUDAD CAPITAL,ZONA 7,INSTITUTO TECNOLOGICO EN ESTUDIOS DIVERSIFICADOS SAN JUAN,31 AV. 35-30 COLONIA TIKAL 1,24740582,MARCELINO ARNULFO DE LEÓN MEJÍA,ORFANIA  ALVAREZ PERDOMO,BASICO,PRIVADO,URBANA,ABIERTA,MONOLINGUE,DOBLE,FIN DE SEMANA,GUATEMALA OCCIDENTE
00-07-0075-45,01-409,CIUDAD CAPITAL,ZONA 7,"INSTITUTO TECNOLOGICO EN ESTUDIOS DIVERSIFICADOS ""SAN JUAN""",31 AV. 35-30 COLONIA TIKAL 1,24740582,IDALIA DEL ROSARIO LOPEZ SANDOVAL DE PAIZ,ORFANIA  ALVAREZ PERDOMO,BASICO,PRIVADO,URBANA,CERRADA DEFINITIVAMENTE,MONOLINGUE,DOBLE,FIN DE SEMANA,GUATEMALA OCCIDENTE
00-07-0076-46,01-409,CIUDAD CAPITAL,ZONA 7,INSTITUTO TECNOLOGICO EN ESTUDIOS DIVERSIFICADOS SAN JUAN,31 AV. 35-30 COLONIA TIKAL 1,24740582,IDALIA DEL ROSARIO LOPEZ SANDOVAL DE PAIZ,ORFANIA  ALVAREZ PERDOMO,DIVERSIFICADO,PRIVADO,URBANA,CERRADA DEFINITIVAMENTE,MONOLINGUE,DOBLE,FIN DE SEMANA,GUATEMALA OCCIDENTE
00-07-0077-46,01-99-0095,CIUDAD CAPITAL,ZONA 7,"INSTITUTO TECNOLÓGICO EN ESTUDIOS DIVERSIFICADOS ""SAN JUAN""",31 AENIDA. 5-30 JARDINES DE TIKAL I,24740582,MARCELINO ARNULFO DE LEÓN MEJÍA,ORFANIA  ALVAREZ PERDOMO,DIVERSIFICADO,PRIVADO,URBANA,ABIERTA,MONOLINGUE,DOBLE,FIN DE SEMANA,GUATEMALA OCCIDENTE
00-07-0078-45,01-99-0095,CIUDAD CAPITAL,ZONA 7,INSTITUTO TECNOLOGICO  EN ELECTRONICA Y DIBUJO,CALZADA SAN JUAN 31-47 ZONA 7,24392574,MARCELINO ARNULFO DE LEÓN MEJÍA,OSCAR ALFREDO HERRERA JUAREZ,BASICO,PRIVADO,URBANA,ABIERTA,MONOLINGUE,DOBLE,FIN DE SEMANA,GUATEMALA OCCIDENTE
00-07-0079-45,01-409,CIUDAD CAPITAL,ZONA 7,INSTITUTO TECNOLOGICO EN ELECTRONICA Y DIBUJO,CALZADA SAN JUAN 31-47,24392574,IDALIA DEL ROSARIO LOPEZ SANDOVAL DE PAIZ,OSCAR ALFREDO HERRERA JUAREZ,BASICO,PRIVADO,URBANA,CERRADA DEFINITIVAMENTE,MONOLINGUE,DOBLE,FIN DE SEMANA,GUATEMALA OCCIDENTE
00-07-0080-46,01-409,CIUDAD CAPITAL,ZONA 7,INSTITUTO TECNOLOGICO EN ELECTRONICA Y DIBUJO,CALZADA SAN JUAN 31-47 ZONA 7,24392574,IDALIA DEL ROSARIO LOPEZ SANDOVAL DE PAIZ,OSCAR ALFREDO HERRERA JUAREZ,DIVERSIFICADO,PRIVADO,URBANA,ABIERTA,MONOLINGUE,DOBLE,FIN DE SEMANA,GUATEMALA OCCIDENTE
00-07-0081-45,01-403,CIUDAD CAPITAL,ZONA 7,INSTITUTO TECNOLOGICO EN ELECTRONICA Y DIBUJO,CALZADA SAN JUAN 31-47,,CARLOS HUMBERTO GONZÁLEZ DE LEÓN,MARITZA ESTELA JUAREZ RUIZ,BASICO,PRIVADO,URBANA,CERRADA DEFINITIVAMENTE,MONOLINGUE,DOBLE,FIN DE SEMANA,GUATEMALA OCCIDENTE
00-07-0082-45,01-619,CIUDAD CAPITAL,ZONA 7,INSTITUTO TECNOLOGICO EN ELECTRONICA Y DIBUJO I.TE.D. II,CALZADA SAN JUAN 32-37 ZONA 7,24392574,JUAN WALDEMAR CABRERA MENDEZ,MARITZA ESTELA JUAREZ RUIZ,BASICO,PRIVADO,URBANA,CERRADA TEMPORALMENTE,MONOLINGUE,MATUTINA,DIARIO(REGULAR),GUATEMALA OCCIDENTE
00-07-0083-45,01-619,CIUDAD CAPITAL,ZONA 7,INSTITUTO TECNOLOGICO EN ELECTRONICO Y DIBUJO I.T.E.D. II,CALZADASAN JUAN 32-37 ZONA 7,24392574,JUAN WALDEMAR CABRERA MENDEZ,MARITZA ESTELA JUAREZ RUIZ,BASICO,PRIVADO,URBANA,CERRADA TEMPORALMENTE,MONOLINGUE,VESPERTINA,DIARIO(REGULAR),GUATEMALA OCCIDENTE
00-07-0084-46,01-619,CIUDAD CAPITAL,ZONA 7,INSTITUTO TECNOLOGICO EN ELECTRONICA Y DIBUJO I.TE.D. II,CALZADA SAN JUAN 32-37,24392574,JUAN WALDEMAR CABRERA MENDEZ,OSCAR ALFREDO HERRERA JUAREZ,DIVERSIFICADO,PRIVADO,URBANA,CERRADA TEMPORALMENTE,MONOLINGUE,MATUTINA,DIARIO(REGULAR),GUATEMALA OCCIDENTE
00-07-0085-46,01-619,CIUDAD CAPITAL,ZONA 7,INSTITUTO TECNOLOGICO EN ELECTRONICA Y DIBUJO I.TE.D. II,CALZADA SAN JUAN 32-37 ZONA 7,24392574,JUAN WALDEMAR CABRERA MENDEZ,MARITZA ESTELA JUAREZ RUIZ,DIVERSIFICADO,PRIVADO,URBANA,CERRADA TEMPORALMENTE,MONOLINGUE,VESPERTINA,DIARIO(REGULAR),GUATEMALA OCCIDENTE
00-07-0086-46,01-619,CIUDAD CAPITAL,ZONA 7,COLEGIO EN COMPUTACION SAN JUAN,CALZDA SAN JUAN 39-45 COLONIA EL RODEO,24314037,JUAN WALDEMAR CABRERA MENDEZ,DORA GRACIELA VIELMAN,DIVERSIFICADO,PRIVADO,URBANA,CERRADA TEMPORALMENTE,MONOLINGUE,VESPERTINA,DIARIO(REGULAR),GUATEMALA OCCIDENTE
00-07-0087-46,01-409,CIUDAD CAPITAL,ZONA 7,COLEGIO EN COMPUTACION SAN JUAN,CALZADA SAN JUAN 39-45 COLONIA EL RODEO,24314037,IDALIA DEL ROSARIO LOPEZ SANDOVAL DE PAIZ,DORA GRACIELA VIELMAN,DIVERSIFICADO,PRIVADO,URBANA,ABIERTA,MONOLINGUE,DOBLE,FIN DE SEMANA,GUATEMALA OCCIDENTE
00-07-0088-45,01-619,CIUDAD CAPITAL,ZONA 7,COLEGIO EN COMPUTACION SAN JUAN,CALZADA SAN JUAN 39-45 COLONIA EL RODEO,24314037,JUAN WALDEMAR CABRERA MENDEZ,DORA GRACIELA VIELMAN,BASICO,PRIVADO,URBANA,CERRADA TEMPORALMENTE,MONOLINGUE,VESPERTINA,DIARIO(REGULAR),GUATEMALA OCCIDENTE
00-07-0089-46,01-619,CIUDAD CAPITAL,ZONA 7,LICEO DE COMPUTACION C.S.S.,CALZADA SAN JUAN 38-83 COLONIA EL RODEO,24314311,JUAN WALDEMAR CABRERA MENDEZ,OLGA MARINA LOPEZ LOPEZ,DIVERSIFICADO,PRIVADO,URBANA,CERRADA DEFINITIVAMENTE,MONOLINGUE,DOBLE,DIARIO(REGULAR),GUATEMALA OCCIDENTE
00-07-0090-42,01-01-0106,CIUDAD CAPITAL,ZONA 7,COLEGIO SMILES (SONRISAS),31 AVENIDA 0-60 JARDINES UTATLAN 1 ZONA 7 GUATEMALA,23937884,MARÍA DEL ROSARIO VARGAS SANDOVAL,FLOR DE MARIA ANAVISCA PEREZ,PARVULOS,PRIVADO,URBANA,ABIERTA,MONOLINGUE,MATUTINA,DIARIO(REGULAR),GUATEMALA OCCIDENTE
00-07-0091-43,01-01-0106,CIUDAD CAPITAL,ZONA 7,COLEGIO SMILES (SONRISAS),31 AVENIDA 0-60 JARDINES UTATLAN 1 ZONA 7 GUATEMALA,23937884,MARÍA DEL ROSARIO VARGAS SANDOVAL,FLOR DE MARIA ANAVISCA PEREZ,PRIMARIA,PRIVADO,URBANA,ABIERTA,MONOLINGUE,MATUTINA,DIARIO(REGULAR),GUATEMALA OCCIDENTE
00-07-0092-46,01-01-0106,CIUDAD CAPITAL,ZONA 7,LICEO DE COMPUTACION C.S.S.,CALZADA SAN JUAN 38-83,24314311,MARÍA DEL ROSARIO VARGAS SANDOVAL,SANDRA PATRICIA RAXÓN MAX,DIVERSIFICADO,PRIVADO,URBANA,ABIERTA,MONOLINGUE,DOBLE,DIARIO(REGULAR),GUATEMALA OCCIDENTE
00-07-0093-46,01-409,CIUDAD CAPITAL,ZONA 7,INSTITUTO TECNOLOGICO EN ELECTRONICA Y DIBUJO,CALZADA SAN JUAN 31-47,24392574,IDALIA DEL ROSARIO LOPEZ SANDOVAL DE PAIZ,OSCAR ALFREDO HERRERA JUAREZ,DIVERSIFICADO,PRIVADO,URBANA,CERRADA DEFINITIVAMENTE,MONOLINGUE,DOBLE,FIN DE SEMANA,GUATEMALA OCCIDENTE
00-07-0094-42,01-623,CIUDAD CAPITAL,ZONA 7,COLEGIO CARRUSEL DE LETRAS,13 AVENIDA 34-14 COLONIA BANVI-1-BETHANIA,41160093,FEDERICO ESTUARDO IRUNGARAY SAMAYOA,MAYRA DOLORES ALVAREZ REYES,PARVULOS,PRIVADO,URBANA,ABIERTA,MONOLINGUE,MATUTINA,DIARIO(REGULAR),GUATEMALA OCCIDENTE
00-07-0095-46,01-01-0106,CIUDAD CAPITAL,ZONA 7,"COLEGIO ""SUBLIME GRACIA""",8A. CALLE 28-96 KAMINAL JUYU I,56074104,MARÍA DEL ROSARIO VARGAS SANDOVAL,ZOILA ARGENTINA CONDE OSORIO,DIVERSIFICADO,PRIVADO,URBANA,ABIERTA,MONOLINGUE,MATUTINA,DIARIO(REGULAR),GUATEMALA OCCIDENTE
00-07-0096-42,01-617,CIUDAD CAPITAL,ZONA 7,CENTRO EDUCATIVO DESTREZAS DEL APRENDIZAJE,13 AVENIDA 34-24 COLONIA ÁLIDA ESPAÑA BANVI I BETHANIA,42196903,MARIA DEL ROSARIO VARGAS SANDOVAL,CARMEN LIZETH RAXÓN CUC,PARVULOS,PRIVADO,URBANA,ABIERTA,MONOLINGUE,MATUTINA,DIARIO(REGULAR),GUATEMALA OCCIDENTE
00-07-0097-43,01-617,CIUDAD CAPITAL,ZONA 7,CENTRO EDUCATIVO DESTREZAS DEL APRENDIZAJE,13 AVENIDA 34-24 COLONIA ÁLIDA ESPAÑA BANVI I BETHANIA,42196903,MARIA DEL ROSARIO VARGAS SANDOVAL,INGRID LUCRECIA CRUZ SOTO,PRIMARIA,PRIVADO,URBANA,ABIERTA,MONOLINGUE,MATUTINA,DIARIO(REGULAR),GUATEMALA OCCIDENTE
00-07-0098-43,01-01-0164,CIUDAD CAPITAL,ZONA 7,LICEO ADVENTISTA EL PROGRESO,2DA.  CALLE  35-44  COLONIA   TOLEDO,24396819,JUAN WALDEMAR CABRERA MÉNDEZ,BELMI ELOÍNA GUERRA Y GUERRA,PRIMARIA,PRIVADO,URBANA,ABIERTA,MONOLINGUE,MATUTINA,DIARIO(REGULAR),GUATEMALA OCCIDENTE
00-07-0099-45,01-01-0164,CIUDAD CAPITAL,ZONA 7,LICEO ADVENTISTA EL PROGRESO,2A. CALLE  35-44 COLONIA TOLEDO,24396819,JUAN WALDEMAR CABRERA MÉNDEZ,ELNA JANETTE RUÍZ REYES,BASICO,PRIVADO,URBANA,ABIERTA,MONOLINGUE,MATUTINA,DIARIO(REGULAR),GUATEMALA OCCIDENTE
00-07-0100-46,01-01-0164,CIUDAD CAPITAL,ZONA 7,LICEO ADVENTISTA EL PROGRESO,2DA. CALLE 35-44 COLONIA TOLEDO,24396819,JUAN WALDEMAR CABRERA MÉNDEZ,ELNA JANETTE RUÍZ REYES,DIVERSIFICADO,PRIVADO,URBANA,ABIERTA,MONOLINGUE,MATUTINA,DIARIO(REGULAR),GUATEMALA OCCIDENTE
00-07-0101-46,01-617,CIUDAD CAPITAL,ZONA 7,LICEO MIXTO RICARDO LIMA,25 CALLE 33-89 COLONIA KJELL,50190850,MARIA DEL ROSARIO VARGAS SANDOVAL,KARLA ARALY VELASQUEZ MAZARIEGOS,DIVERSIFICADO,PRIVADO,URBANA,CERRADA TEMPORALMENTE,MONOLINGUE,MATUTINA,DIARIO(REGULAR),GUATEMALA OCCIDENTE
00-07-0102-42,01-01-0103,CIUDAD CAPITAL,ZONA 7,ESCUELA OFICIAL URBANA MIXTA DE PÁRVULOS LAS OVEJITAS,"39 AVENIDA Y 33 CALLE, COLONIA EL AMPARO I, PARQUE LOS PINOS",24367604,DORIS DARLENY DUEÑAS CARRILLO,ÉRIKA JOHANA RIVERA ARRIAZA,PARVULOS,OFICIAL,URBANA,ABIERTA,MONOLINGUE,MATUTINA,DIARIO(REGULAR),GUATEMALA OCCIDENTE
00-07-0103-45,01-619,CIUDAD CAPITAL,ZONA 7,"COLEGIO ""EL PATRIARCA SAN JOSÉ""","39 CALLE ""A"" 33-92, COLONIA AMPARO 1",56455373,JUAN WALDEMAR CABRERA MENDEZ,ANTONIO PORTILLO,BASICO,PRIVADO,URBANA,CERRADA DEFINITIVAMENTE,MONOLINGUE,MATUTINA,DIARIO(REGULAR),GUATEMALA OCCIDENTE
00-07-0104-45,01-01-0103,CIUDAD CAPITAL,ZONA 7,"COLEGIO ""EL PATRIARCA SAN JOSÉ""","39 CALLE ""A"" 33-92, COLONIA AMPARO 1",56455373,DORIS DARLENY DUEÑAS CARRILLO,JOSÉ DAVID GARCÍA GARMA,BASICO,PRIVADO,URBANA,ABIERTA,MONOLINGUE,VESPERTINA,DIARIO(REGULAR),GUATEMALA OCCIDENTE
00-07-0105-43,01-01-0103,CIUDAD CAPITAL,ZONA 7,"COLEGIO ""EL PATRIARCA SAN JOSÉ""","39 CALLE ""A"" 33-92, COLONIA AMPARO 1",56455373,DORIS DARLENY DUEÑAS CARRILLO,OTONIEL  ALFARO PAYES,PRIMARIA,PRIVADO,URBANA,ABIERTA,MONOLINGUE,MATUTINA,DIARIO(REGULAR),GUATEMALA OCCIDENTE
00-07-0106-44,01-99-0095,CIUDAD CAPITAL,ZONA 7,"CENTRO EDUCATIVO PRIVADO ""MONTE HOREB""",4TA. CALLE 12-27 COLONIA QUINTA SAMAYOA,30345988,MARCELINO ARNULFO DE LEÓN MEJÍA,ANA CECILIA PÉREZ CHAMALÉ,PRIMARIA DE ADULTOS,PRIVADO,URBANA,ABIERTA,MONOLINGUE,DOBLE,FIN DE SEMANA,GUATEMALA OCCIDENTE
00-07-0107-45,01-623,CIUDAD CAPITAL,ZONA 7,"CENTRO EDUCATIVO PRIVADO ""MONTE HOREB""",4TA. CALLE 12-27 COLONIA QUINTA SAMAYOA,30345988,FEDERICO ESTUARDO IRUNGARAY SAMAYOA,EMMA LUCRECIA PÉREZ CHAMALÉ,BASICO,PRIVADO,URBANA,CERRADA DEFINITIVAMENTE,MONOLINGUE,DOBLE,FIN DE SEMANA,GUATEMALA OCCIDENTE
00-07-0108-46,01-623,CIUDAD CAPITAL,ZONA 7,"CENTRO EDUCATIVO PRIVADO ""MONTE HOREB""",4TA. CALLE 12-27 COLONIA QUINTA SAMAYOA,30345988,FEDERICO ESTUARDO IRUNGARAY SAMAYOA,EMMA LUCRECIA PÉREZ CHAMALÉ,DIVERSIFICADO,PRIVADO,URBANA,CERRADA DEFINITIVAMENTE,MONOLINGUE,DOBLE,FIN DE SEMANA,GUATEMALA OCCIDENTE
00-07-0109-45,01-99-0095,CIUDAD CAPITAL,ZONA 7,"CENTRO EDUCATIVO PRIVADO ""MONTE HOREB""",4TA. CALLE 12-27 COLONIA QUINTA SAMAYOA,30345988,MARCELINO ARNULFO DE LEÓN MEJÍA,EMMA LUCRECIA PÉREZ CHAMALÉ,BASICO,PRIVADO,URBANA,ABIERTA,MONOLINGUE,DOBLE,FIN DE SEMANA,GUATEMALA OCCIDENTE
00-07-0110-46,01-99-0095,CIUDAD CAPITAL,ZONA 7,"CENTRO EDUCATIVO PRIVADO ""MONTE HOREB""",4TA. CALLE 12-27 COLONIA QUINTA SAMAYOA GUATEMALA,30345988,MARCELINO ARNULFO DE LEÓN MEJÍA,EMMA LUCRECIA PÉREZ CHAMALÉ,DIVERSIFICADO,PRIVADO,URBANA,ABIERTA,MONOLINGUE,DOBLE,FIN DE SEMANA,GUATEMALA OCCIDENTE
00-07-0111-46,01-01-0106,CIUDAD CAPITAL,ZONA 7,LICEO FLORENTINO-GUATEMALTECO,"5TA. AVENIDA 5-38 COLONIA LANDÍVAR GUATEMALA, GUATEMALA",47134006,MARÍA DEL ROSARIO VARGAS SANDOVAL,LISBETH ICENIA RAMIREZ VARGAS,DIVERSIFICADO,PRIVADO,URBANA,ABIERTA,MONOLINGUE,MATUTINA,DIARIO(REGULAR),GUATEMALA OCCIDENTE
00-07-0112-44,01-401,CIUDAD CAPITAL,ZONA 7,COLEGIO TÉCNICO EN COMPUTACIÓN SAN JUAN,9A. CALLE 8-63 Y 8-67 COLONIA QUINTA SAMAYOA,24754329,IXMUCANE ALDANA VILLAVICENCIO,JORGE LUIS GARCÍA REYES,PRIMARIA DE ADULTOS,PRIVADO,URBANA,CERRADA TEMPORALMENTE,MONOLINGUE,DOBLE,FIN DE SEMANA,GUATEMALA OCCIDENTE
00-07-0113-45,01-409,CIUDAD CAPITAL,ZONA 7,COLEGIO TÉCNICO EN COMPUTACIÓN SAN JUAN,9A. CALLE 8-63 Y 8-67 COLONIA QUINTA SAMAYOA,24754329,IDALIA DEL ROSARIO LOPEZ SANDOVAL DE PAIZ,AURA MARINA MEJIA FUENTES,BASICO,PRIVADO,URBANA,CERRADA DEFINITIVAMENTE,MONOLINGUE,DOBLE,FIN DE SEMANA,GUATEMALA OCCIDENTE
00-07-0114-46,01-409,CIUDAD CAPITAL,ZONA 7,COLEGIO TÉCNICO EN COMPUTACIÓN SAN JUAN,9A. CALLE 8-63 Y 8-67 COLONIA QUINTA SAMAYOA,24754329,IDALIA DEL ROSARIO LOPEZ SANDOVAL DE PAIZ,AURA MARINA MEJIA FUENTES,DIVERSIFICADO,PRIVADO,URBANA,CERRADA DEFINITIVAMENTE,MONOLINGUE,DOBLE,FIN DE SEMANA,GUATEMALA OCCIDENTE
00-07-0115-45,01-99-0095,CIUDAD CAPITAL,ZONA 7,COLEGIO TÉCNICO EN COMPUTACIÓN SAN JUAN,9A. CALLE 8-63 Y 8-67 COLONIA QUINTA SAMAYOA,24754329,MARCELINO ARNULFO DE LEÓN MEJÍA,AURA MARINA MEJIA FUENTES,BASICO,PRIVADO,URBANA,ABIERTA,MONOLINGUE,DOBLE,FIN DE SEMANA,GUATEMALA OCCIDENTE
00-07-0116-46,01-99-0095,CIUDAD CAPITAL,ZONA 7,COLEGIO TÉCNICO EN COMPUTACIÓN SAN JUAN,9A. CALLE 8-63 Y 8-67 COLONIA QUINTA SAMAYOA,24754329,MARCELINO ARNULFO DE LEÓN MEJÍA,AURA MARINA MEJIA FUENTES,DIVERSIFICADO,PRIVADO,URBANA,ABIERTA,MONOLINGUE,DOBLE,FIN DE SEMANA,GUATEMALA OCCIDENTE
00-07-0117-46,01-01-0163,CIUDAD CAPITAL,ZONA 7,"LICEO MIXTO ""OBED""",4TA. CALLE 8-26 COLONIA QUINTA SAMAYOA GUATEMALA ZONA 7,48853901,FEDERICO ESTUARDO IRUNGARAY SAMAYOA,SERGIA JOSEFINA SALAY ALVAREZ,DIVERSIFICADO,PRIVADO,URBANA,ABIERTA,MONOLINGUE,VESPERTINA,DIARIO(REGULAR),GUATEMALA OCCIDENTE
00-07-0118-46,01-639,CIUDAD CAPITAL,ZONA 7,LICEO MIXTO EN COMPUTACIÓN ROTTERDAM,"CARRIL AUXILIAR ANILLO PERIFERICO 14-12, CIUDAD DE PLATA II",24739757,LUDVIN RICARDO URRUTIA LORENTI,MARÍA DEL CARMEN LÓPEZ BENAVENTE,DIVERSIFICADO,PRIVADO,URBANA,CERRADA DEFINITIVAMENTE,MONOLINGUE,DOBLE,A DISTANCIA,GUATEMALA OCCIDENTE
00-07-0119-45,01-01-0106,CIUDAD CAPITAL,ZONA 7,LICEO MIXTO EN COMPUTACIÓN ROTTERDAM,"CARRIL AUXILIAR ANILLO PERIFERICO 14-12, CIUDAD DE PLATA II",24738493,MARÍA DEL ROSARIO VARGAS SANDOVAL,MARÍA DEL CARMEN LÓPEZ BENAVENTE,BASICO,PRIVADO,URBANA,ABIERTA,MONOLINGUE,DOBLE,A DISTANCIA,GUATEMALA OCCIDENTE
00-07-0120-45,01-639,CIUDAD CAPITAL,ZONA 7,LICEO MIXTO EN COMPUTACIÓN ROTTERDAM,"CARRIL AUXILIAR ANILLO PERIFERICO 14-12, CIUDAD DE PLATA II",24739757,LUDVIN RICARDO URRUTIA LORENTI,MARÍA DEL CARMEN LÓPEZ BENAVENTE,BASICO,PRIVADO,URBANA,CERRADA DEFINITIVAMENTE,MONOLINGUE,DOBLE,A DISTANCIA,GUATEMALA OCCIDENTE
00-07-0121-45,01-639,CIUDAD CAPITAL,ZONA 7,CENTRO DE EDUCACIÓN EXTRA ESCOLAR CEEX,7A. AVENIDA 6-32 COLONIA LANDIVAR,24721051,LUDVIN RICARDO URRUTIA LORENTI,ROXANA ARELY VILLATORO HIGUEROS,BASICO,PRIVADO,URBANA,CERRADA TEMPORALMENTE,MONOLINGUE,MATUTINA,DIARIO(REGULAR),GUATEMALA OCCIDENTE
00-07-0122-46,01-01-0106,CIUDAD CAPITAL,ZONA 7,COLEGIO  CAB GUATEMALA,"23 AVENIDA  5-06  ZONA 7 KAMINAL JUYU I GUATEMALA, GUATEMALA",25048292,MARÍA DEL ROSARIO VARGAS SANDOVAL,JUANA FRANCISCA ESTRADA LÓPEZ,DIVERSIFICADO,PRIVADO,URBANA,ABIERTA,MONOLINGUE,MATUTINA,DIARIO(REGULAR),GUATEMALA OCCIDENTE
00-07-0123-45,01-01-0106,CIUDAD CAPITAL,ZONA 7,COLEGIO CAB GUATEMALA,"23  AVENIDA  5-06 ZONA 7 ""KAMINAL JUYU I""",25048292,MARÍA DEL ROSARIO VARGAS SANDOVAL,JUANA FRANCISCA ESTRADA LÓPEZ,BASICO,PRIVADO,URBANA,ABIERTA,MONOLINGUE,MATUTINA,DIARIO(REGULAR),GUATEMALA OCCIDENTE
00-07-0124-43,01-01-0106,CIUDAD CAPITAL,ZONA 7,COLEGIO CAB GUATEMALA,23 AVENIDA  5-06  ZONA 7 KAMINAL JUYU I GUATEMALA,25048292,MARÍA DEL ROSARIO VARGAS SANDOVAL,VIVIAN CORYNA GORDILLO CASTRO,PRIMARIA,PRIVADO,URBANA,ABIERTA,MONOLINGUE,MATUTINA,DIARIO(REGULAR),GUATEMALA OCCIDENTE
00-07-0125-42,01-01-0106,CIUDAD CAPITAL,ZONA 7,COLEGIO CAB GUATEMALA,"23  AVENIDA  5-06  ZONA 7,  KAMINAL JUYÚ  I GUATEMALA",25048292,MARÍA DEL ROSARIO VARGAS SANDOVAL,KARINA WALESKA RAMÍREZ BARRIENTOS,PARVULOS,PRIVADO,URBANA,ABIERTA,MONOLINGUE,MATUTINA,DIARIO(REGULAR),GUATEMALA OCCIDENTE
00-07-0126-43,01-01-0106,CIUDAD CAPITAL,ZONA 7,LICEO CRISTIANO DE FORMACIÓN EMPRESARIAL,CALZADA SAN JUAN 32-83 ZONA 7,24339685,MARÍA DEL ROSARIO VARGAS SANDOVAL,LICDA. DELIA ROSAURA HERNÁNDEZ SANTOS,PRIMARIA,PRIVADO,URBANA,ABIERTA,MONOLINGUE,MATUTINA,DIARIO(REGULAR),GUATEMALA OCCIDENTE
00-07-0127-45,01-01-0164,CIUDAD CAPITAL,ZONA 7,ESCUELA PRIVADA MIXTA RAYO DE LUZ,14 CALLE 10-80 ZONA 7 COLONIA LA VERBENA,24715730,JUAN WALDEMAR CABRERA MÉNDEZ,MARIO RENÉ CATALÁN AMAYA,BASICO,PRIVADO,URBANA,ABIERTA,MONOLINGUE,MATUTINA,DIARIO(REGULAR),GUATEMALA OCCIDENTE
00-07-0128-43,01-623,CIUDAD CAPITAL,ZONA 7,EMUM ESCUELA MUNICIPAL EL CERRITO,COMUNIDAD EL CERRITO ZONA 7 GUATEMALA,24316462,FEDERICO ESTUARDO IRUNGARAY SAMAYOA,---,PRIMARIA,MUNICIPAL,URBANA,CERRADA TEMPORALMENTE,MONOLINGUE,MATUTINA,DIARIO(REGULAR),GUATEMALA OCCIDENTE
00-07-0129-46,01-01-0106,CIUDAD CAPITAL,ZONA 7,"INSTITUTO TECNOLÓGICO EN ESTUDIOS DIVERSIFICADOS ""SAN JUAN""",31 AVENIDA 5-30 ZONA 7 JARDINES DE TIKAL I GUATEMALA,24740582,MARÍA DEL ROSARIO VARGAS SANDOVAL,ORFANIA  ALVAREZ PERDOMO,DIVERSIFICADO,PRIVADO,URBANA,ABIERTA,MONOLINGUE,VESPERTINA,DIARIO(REGULAR),GUATEMALA OCCIDENTE
00-07-0130-46,01-619,CIUDAD CAPITAL,ZONA 7,LICEO MINERVA,1A. CALLE 30-44 COLONIA UTATLAN I,59515576,JUAN WALDEMAR CABRERA MENDEZ,MARIO INES GONZALEZ ARREAGA,DIVERSIFICADO,PRIVADO,URBANA,CERRADA DEFINITIVAMENTE,MONOLINGUE,MATUTINA,DIARIO(REGULAR),GUATEMALA OCCIDENTE
00-07-0131-46,01-623,CIUDAD CAPITAL,ZONA 7,COLEGIO PRE - UNIVERSITARIO CATÓLICO DE GUATEMALA,"5A.  AVENIDA 15-56, COLONIA CIUDAD DE PLATA",59515576,FEDERICO ESTUARDO IRUNGARAY SAMAYOA,MARIO INES GONZALEZ ARREAGA,DIVERSIFICADO,PRIVADO,URBANA,CERRADA DEFINITIVAMENTE,MONOLINGUE,MATUTINA,DIARIO(REGULAR),GUATEMALA OCCIDENTE
00-07-0132-46,01-409,CIUDAD CAPITAL,ZONA 7,COLEGIO MIXTO JUSTO RUFINO BARRIOS,"2A. CALLE 31-36, ZONA 7, CALZADA MATEO FLORES",24394939,IDALIA DEL ROSARIO LOPEZ SANDOVAL DE PAIZ,JOVITA ANTONIETA MIRANDA BARRIOS,DIVERSIFICADO,PRIVADO,URBANA,CERRADA TEMPORALMENTE,MONOLINGUE,MATUTINA,DIARIO(REGULAR),GUATEMALA OCCIDENTE
00-07-0133-46,01-619,CIUDAD CAPITAL,ZONA 7,COLEGIO PANAMERICANO NO. 4,37 AVENIDA 3-88 ZONA 7 GUATEMALA,24374265,JUAN WALDEMAR CABRERA MENDEZ,SONIA LETICIA MACHUCA RODRIGUEZ,DIVERSIFICADO,PRIVADO,URBANA,CERRADA TEMPORALMENTE,MONOLINGUE,MATUTINA,DIARIO(REGULAR),GUATEMALA OCCIDENTE
00-07-0134-43,01-623,CIUDAD CAPITAL,ZONA 7,COLEGIO CARRUSEL DE LETRAS,"13 AVENIDA 34-14 ZONA 7, BANVI 1, BETHANIA",50226179,FEDERICO ESTUARDO IRUNGARAY SAMAYOA,ANA ARCELÌ ORDOÑEZ ROSALES,PRIMARIA,PRIVADO,URBANA,ABIERTA,MONOLINGUE,MATUTINA,DIARIO(REGULAR),GUATEMALA OCCIDENTE
00-07-0135-45,01-639,CIUDAD CAPITAL,ZONA 7,CENTRO DE EDUCACIÓN EXTRA ESCOLAR FUNDACIÓN AMG INTERNACIONAL,"14 CALLE 10-80, ZONA 7, COLONIA LA VERBENA.",24715730,LUDVIN RICARDO URRUTIA LORENTI,ELIZABETH  ARRIAGA MARROQUIN,BASICO,PRIVADO,URBANA,CERRADA TEMPORALMENTE,MONOLINGUE,DOBLE,FIN DE SEMANA,GUATEMALA OCCIDENTE
00-07-0136-45,01-639,CIUDAD CAPITAL,ZONA 7,CENTRO DE EDUCACIÓN EXTRAESCOLAR ASOCIACIÓN CAMINO SEGURO,"6A. AVENILDA 11-95 ZONA 7, COLONIA LANDIVAR",24404388,LUDVIN RICARDO URRUTIA LORENTI,CARMEN ROSSANA BOCHE NORIEGA,BASICO,PRIVADO,URBANA,CERRADA TEMPORALMENTE,MONOLINGUE,MATUTINA,DIARIO(REGULAR),GUATEMALA OCCIDENTE
00-07-0137-45,01-639,CIUDAD CAPITAL,ZONA 7,CENTRO DE EDUCACIÓN EXTRAESCOLAR ASOCIACIÓN CAMINO SEGURO,"6A. AVENIDA 11-95, COLONIA LANDIVAR",24404388,LUDVIN RICARDO URRUTIA LORENTI,FABIOLA EUGENIA VETTORAZZI DE PAPA,BASICO,PRIVADO,URBANA,CERRADA DEFINITIVAMENTE,MONOLINGUE,MATUTINA,DIARIO(REGULAR),GUATEMALA OCCIDENTE
00-07-0138-42,01-01-0164,CIUDAD CAPITAL,ZONA 7,"COLEGIO ""ABC TECNOLOGÍA""","33 CALLE 31-90 ZONA 7, COLONIA SAN LAZARO",56115838,JUAN WALDEMAR CABRERA MÉNDEZ,VIRGINIA MARISOL MORALES GIRÓN,PARVULOS,PRIVADO,URBANA,ABIERTA,MONOLINGUE,MATUTINA,DIARIO(REGULAR),GUATEMALA OCCIDENTE
00-07-0139-46,01-639,CIUDAD CAPITAL,ZONA 7,CENTRO DE EDUCACIÓN EXTRAESCOLAR-CEEX,"7A. AVENIDA 6-32 ZONA 7, COLONIA LANDIVAR",24721051,LUDVIN RICARDO URRUTIA LORENTI,PATRICIO  NAJARRO ASENCIO,DIVERSIFICADO,PRIVADO,URBANA,CERRADA DEFINITIVAMENTE,MONOLINGUE,MATUTINA,DIARIO(REGULAR),GUATEMALA OCCIDENTE
00-07-0140-45,01-617,CIUDAD CAPITAL,ZONA 7,COLEGIO BILINGUE DIDACTICO,"13 CALLE 30-66 ZONA 7, COLONIA CIUDAD DE PLATA 1",24746893,MARIA DEL ROSARIO VARGAS SANDOVAL,MARTA  AZUCENA  PAZ QUIÑONES DE LINARES,BASICO,PRIVADO,URBANA,ABIERTA,MONOLINGUE,VESPERTINA,DIARIO(REGULAR),GUATEMALA OCCIDENTE
00-07-0141-46,01-639,CIUDAD CAPITAL,ZONA 7,CENTRO DE EDUCACIÓN EXTRAESCOLAR CEEX,7A. AVENIDA 6-32 COLONIA  LANDIVAR ZONA  7,24721051,LUDVIN RICARDO URRUTIA LORENTI,ROXANA ARELY VILLATORO HIGUEROS,DIVERSIFICADO,PRIVADO,URBANA,ABIERTA,MONOLINGUE,MATUTINA,DIARIO(REGULAR),GUATEMALA OCCIDENTE
00-07-0142-42,01-01-0106,CIUDAD CAPITAL,ZONA 7,COLEGIO EL  CORDERO,35 AVENIDA 8-55 COLONIA TIKAL II ZONA 7,55449133,MARÍA DEL ROSARIO VARGAS SANDOVAL,ANA LETICIA PINEDA GUACAMAYA,PARVULOS,PRIVADO,URBANA,ABIERTA,MONOLINGUE,MATUTINA,DIARIO(REGULAR),GUATEMALA OCCIDENTE
00-07-0143-43,01-01-0106,CIUDAD CAPITAL,ZONA 7,COLEGIO  EL  CORDERO,35  AVENIDA  8-55  COLONIA  TIKAL  II,55449133,MARÍA DEL ROSARIO VARGAS SANDOVAL,DORA PATRICIA GALINDO MATAMOROS,PRIMARIA,PRIVADO,URBANA,ABIERTA,MONOLINGUE,MATUTINA,DIARIO(REGULAR),GUATEMALA OCCIDENTE
00-07-0144-46,01-619,CIUDAD CAPITAL,ZONA 7,COLEGIO EN COMPUTACIÓN SAN JUAN,CALZADA SAN JUAN  39-45 ZONA 7 EL  RODEO,24314037,JUAN WALDEMAR CABRERA MENDEZ,DORA GRACIELA VIELMAN,DIVERSIFICADO,PRIVADO,URBANA,CERRADA DEFINITIVAMENTE,MONOLINGUE,DOBLE,DIARIO(REGULAR),GUATEMALA OCCIDENTE
00-07-0145-45,01-619,CIUDAD CAPITAL,ZONA 7,"CENTRO DE  ESTUDIOS  TURÍSTICOS  Y  FINANCIEROS  ""CONTINENTAL""",37A  AVENIDA  2-24  ZONA  7  COLONIA  EL  RODEO,24396744,JUAN WALDEMAR CABRERA MENDEZ,MANUEL ANTONIO MELGAR HERNANDEZ,BASICO,PRIVADO,URBANA,CERRADA TEMPORALMENTE,MONOLINGUE,MATUTINA,DIARIO(REGULAR),GUATEMALA OCCIDENTE
00-07-0146-42,01-01-0164,CIUDAD CAPITAL,ZONA 7,"LICEO  ADVENTISTA  ""EL PROGRESO""","2A.  CALLE  35-44 ZONA  7,  COLONIA  TOLEDO",24396819,JUAN WALDEMAR CABRERA MÉNDEZ,DÁMARIS SUCELY XILOJ PELICÓ,PARVULOS,PRIVADO,URBANA,ABIERTA,MONOLINGUE,MATUTINA,DIARIO(REGULAR),GUATEMALA OCCIDENTE
00-07-0147-42,01-623,CIUDAD CAPITAL,ZONA 7,COLEGIO ASEDES   DE  GUATEMALA -ASOCIACIÓN  EDUCATIVA   PARA  EL  SORDO,"6A.   CALLE  30-60  COLONIA   TIKAL  I,  ZONA  7",24741464,FEDERICO ESTUARDO IRUNGARAY SAMAYOA,NIURKA WALESKA BENDFELDT ROSADA,PARVULOS,PRIVADO,URBANA,CERRADA TEMPORALMENTE,MONOLINGUE,MATUTINA,DIARIO(REGULAR),GUATEMALA OCCIDENTE
00-07-0148-42,01-01-0163,CIUDAD CAPITAL,ZONA 7,"CENTRO   EDUCATIVO   PRIVADO   MIXTO   ""MONTE  HOREB""",4A.   CALLE  12-27  COLONIA  QUINTA  SAMAYOA,30345988,FEDERICO ESTUARDO IRUNGARAY SAMAYOA,ANA LUCRECIA LÓPEZ PÉREZ,PARVULOS,PRIVADO,URBANA,ABIERTA,MONOLINGUE,MATUTINA,DIARIO(REGULAR),GUATEMALA OCCIDENTE
00-07-0149-43,01-01-0163,CIUDAD CAPITAL,ZONA 7,"CENTRO  EDUCATIVO   PRIVADO   MIXTO  ""MONTE  HOREB""",4A.  CALLE  12-27 ZONA  7  COLONIA  QUINTA  SAMAYOA,30345988,FEDERICO ESTUARDO IRUNGARAY SAMAYOA,ANA CECILIA PÉREZ CHAMALÉ,PRIMARIA,PRIVADO,URBANA,ABIERTA,MONOLINGUE,MATUTINA,DIARIO(REGULAR),GUATEMALA OCCIDENTE
00-07-0150-45,01-01-0163,CIUDAD CAPITAL,ZONA 7,"CENTRO  EDUCATIVO   PRIVADO  ""MONTE  HOREB""",4A.  CALLE  12-27 ZONA  7   COLONIA  QUINTA  SAMAYOA,30345988,FEDERICO ESTUARDO IRUNGARAY SAMAYOA,EMMA LUCRECIA PÉREZ CHAMALÉ,BASICO,PRIVADO,URBANA,ABIERTA,MONOLINGUE,MATUTINA,DIARIO(REGULAR),GUATEMALA OCCIDENTE
00-07-0151-46,01-01-0163,CIUDAD CAPITAL,ZONA 7,"CENTRO  EDUCATIVO  PRIVADO  MIXTO  ""MONTE HOREB""",4A.  CALLE  12-27 ZONA 7  COLONIA  QUINTA  SAMAYOA,30345988,FEDERICO ESTUARDO IRUNGARAY SAMAYOA,EMMA LUCRECIA PÉREZ CHAMALÉ,DIVERSIFICADO,PRIVADO,URBANA,ABIERTA,MONOLINGUE,VESPERTINA,DIARIO(REGULAR),GUATEMALA OCCIDENTE
00-07-0152-42,01-01-0164,CIUDAD CAPITAL,ZONA 7,COLEGIO   MIXTO  INMACULALDO  CORAZÓN   DE MARÍA,11  AVENIDA   A  10-70  ZONA  7  CASTILLO  LARA,24752660,JUAN WALDEMAR CABRERA MÉNDEZ,GLADYS ROXANA OSORIO SAQUIL,PARVULOS,PRIVADO,URBANA,ABIERTA,MONOLINGUE,MATUTINA,DIARIO(REGULAR),GUATEMALA OCCIDENTE
00-07-0153-43,01-623,CIUDAD CAPITAL,ZONA 7,COLEGIO  ASEDES   DE  GUATEMALA-ASOCIACIÓN  EDUCATIVA  PARA EL  SORDO,6A.  CALLE  30-60  COLONIA TIKAL  1  ZONA  7,24741464,FEDERICO ESTUARDO IRUNGARAY SAMAYOA,NIURKA WALESKA BENDFELDT ROSADA,PRIMARIA,PRIVADO,URBANA,CERRADA TEMPORALMENTE,MONOLINGUE,MATUTINA,DIARIO(REGULAR),GUATEMALA OCCIDENTE
00-07-0154-43,01-01-0164,CIUDAD CAPITAL,ZONA 7,COLEGIO  MIXTO  INMACULADO  CORAZÓN   DE  MARÍA,11  AVENIDA  A  10-70  ZONA  7 CASTILLO   LARA,24752660,JUAN WALDEMAR CABRERA MÉNDEZ,ARMANDO  XICAY JUÁREZ,PRIMARIA,PRIVADO,URBANA,ABIERTA,MONOLINGUE,MATUTINA,DIARIO(REGULAR),GUATEMALA OCCIDENTE
00-07-0155-45,01-01-0164,CIUDAD CAPITAL,ZONA 7,COLEGIO  MIXTO  INMACULADO  CORAZÓN  DE  MARÍA,11 AVENIDA  A  10-70   ZONA 7  CASTILLO   LARA,24752660,JUAN WALDEMAR CABRERA MÉNDEZ,LISBETH ICENIA RAMIREZ VARGAS,BASICO,PRIVADO,URBANA,ABIERTA,MONOLINGUE,MATUTINA,DIARIO(REGULAR),GUATEMALA OCCIDENTE
00-07-0156-46,01-01-0163,CIUDAD CAPITAL,ZONA 7,INSTITUTO TECNICO DE CAPACITACIÓN Y PRODUCTIVIDAD- INTECAP-,14 CALLE  31-30 ZONA 7,52004533,FEDERICO ESTUARDO IRUNGARAY SAMAYOA,CARLOS REMBERTO MONROY MORÁN,DIVERSIFICADO,PRIVADO,URBANA,ABIERTA,BILINGUE,DOBLE,DIARIO(REGULAR),GUATEMALA OCCIDENTE
00-07-0157-43,01-617,CIUDAD CAPITAL,ZONA 7,PASOS  EXTRAORDINARIOS,"13  CALLE  3-03  ZONA  7,  COLONIA  LANDIVAR",24403182,MARIA DEL ROSARIO VARGAS SANDOVAL,JUAN CARLOS MOLINA DAVID,PRIMARIA,PRIVADO,URBANA,CERRADA DEFINITIVAMENTE,MONOLINGUE,MATUTINA,DIARIO(REGULAR),GUATEMALA OCCIDENTE
00-07-0158-44,01-617,CIUDAD CAPITAL,ZONA 7,CENTRO  EDUCATIVO  PASOS  EXTRAORDINARIOS,13  CALLE  3-03   ZONA  7  COLONIA  LANDIVAR,24403182,MARIA DEL ROSARIO VARGAS SANDOVAL,JUAN   CARLOS  MOLINA   DAVID,PRIMARIA DE ADULTOS,PRIVADO,URBANA,CERRADA DEFINITIVAMENTE,MONOLINGUE,MATUTINA,DIARIO(REGULAR),GUATEMALA OCCIDENTE
00-07-0159-45,01-617,CIUDAD CAPITAL,ZONA 7,CENTRO  EDUCATIVO  PASOS  EXTRAORDINARIOS,13 CALLE  3-03  ZONA 7  COLONIA  LANDIVAR,24403182,MARIA DEL ROSARIO VARGAS SANDOVAL,JUAN CARLOS MOLINA DAVID,BASICO,PRIVADO,URBANA,CERRADA DEFINITIVAMENTE,MONOLINGUE,MATUTINA,DIARIO(REGULAR),GUATEMALA OCCIDENTE
00-07-0160-45,01-617,CIUDAD CAPITAL,ZONA 7,CENTRO EDUCATIVO  PASOS  EXTRAORDINARIOS,13 CALLE  3-03 ZONA  7  COLONIA  LANDIVAR,24403182,MARIA DEL ROSARIO VARGAS SANDOVAL,JUAN CARLOS MOLINA DAVID,BASICO,PRIVADO,URBANA,CERRADA DEFINITIVAMENTE,MONOLINGUE,MATUTINA,FIN DE SEMANA,GUATEMALA OCCIDENTE
00-07-0161-46,01-617,CIUDAD CAPITAL,ZONA 7,CENTRO  EDUCATIVO  PASOS  EXTRAORDINARIOS,13  CALLE  3-03  ZONA  7  COLONIA  LANDIVAR,24403182,MARIA DEL ROSARIO VARGAS SANDOVAL,JUAN CARLOS MOLINA DAVID,DIVERSIFICADO,PRIVADO,URBANA,CERRADA DEFINITIVAMENTE,MONOLINGUE,MATUTINA,FIN DE SEMANA,GUATEMALA OCCIDENTE
00-07-0162-45,01-01-0163,CIUDAD CAPITAL,ZONA 7,"CENTRO  EDUCATIVO  PRIVADO  MIXTO  ""MONTE  HOREB""",4A.  CALLE  12-27  COLONIA  QUINTA  SAMAYOA  ZONA  7,30345988,FEDERICO ESTUARDO IRUNGARAY SAMAYOA,EMMA LUCRECIA PÉREZ CHAMALÉ,BASICO,PRIVADO,URBANA,ABIERTA,MONOLINGUE,VESPERTINA,DIARIO(REGULAR),GUATEMALA OCCIDENTE
00-07-0163-43,01-01-0163,CIUDAD CAPITAL,ZONA 7,EOUM ESCUELA  OFICIAL  URBANA  MIXTA,"COMUNIDAD  EL  CERRITO, ANILLO  PERIFERICO",59678967,FEDERICO ESTUARDO IRUNGARAY SAMAYOA,SARA JAQUELIN MONTUFAR ULISES,PRIMARIA,OFICIAL,URBANA,ABIERTA,MONOLINGUE,MATUTINA,DIARIO(REGULAR),GUATEMALA OCCIDENTE
00-07-0164-46,01-639,CIUDAD CAPITAL,ZONA 7,CENTRO  DE  EDUCACIÓN  EXTRAESCOLAR  ASOCIACIÓN  CAMINO  SEGURO,6A.  AVENIDA  11-95  ZONA  7  COLONIA  LANDIVAR,54601270,LUDVIN RICARDO URRUTIA LORENTI,CARMEN ROSSANA BOCHE NORIEGA,DIVERSIFICADO,PRIVADO,URBANA,CERRADA TEMPORALMENTE,MONOLINGUE,MATUTINA,DIARIO(REGULAR),GUATEMALA OCCIDENTE
00-07-0165-43,01-01-0163,CIUDAD CAPITAL,ZONA 7,CENTRO  INTEGRAL  EDUCATIVO  LA SABIDURÍA-CIES-,"13  AVENIDA  3-76 ZONA  7,   COLONIA  QUINTA   SAMAYOA",41849496,FEDERICO ESTUARDO IRUNGARAY SAMAYOA,OLGA GRACIELA REYES ARRIOLA,PRIMARIA,PRIVADO,URBANA,ABIERTA,MONOLINGUE,MATUTINA,DIARIO(REGULAR),GUATEMALA OCCIDENTE
00-07-0166-45,01-01-0163,CIUDAD CAPITAL,ZONA 7,CENTRO  INTEGRAL   EDUCATIVO   LA  SABIDURÍA-CIES-,"13 AVENIDA  3-76  ZONA  7,  COLONIA  QUINTA  SAMAYOA",41849496,FEDERICO ESTUARDO IRUNGARAY SAMAYOA,CARLOS HUMBERTO GONZALEZ AGUIRRE,BASICO,PRIVADO,URBANA,ABIERTA,MONOLINGUE,MATUTINA,DIARIO(REGULAR),GUATEMALA OCCIDENTE
00-07-0167-46,01-01-0163,CIUDAD CAPITAL,ZONA 7,CENTRO   INTEGRAL   EDUCATIVO  LA  SABIDURÍA-CIES-,"13  AVENIDA  3-76 ZONA  7,  COLONIA  QUINTA  SAMAYOA",41849496,FEDERICO ESTUARDO IRUNGARAY SAMAYOA,CARLOS HUMBERTO GONZALEZ AGUIRRE,DIVERSIFICADO,PRIVADO,URBANA,ABIERTA,MONOLINGUE,MATUTINA,DIARIO(REGULAR),GUATEMALA OCCIDENTE
00-07-0168-43,01-01-0103,CIUDAD CAPITAL,ZONA 7,"""INSTITUTO  DE  COOPERACIÓN  SOCIAL""","38  CALLE  Y  32  AVENIDA,  COLONIA  EL   AMPARO  II  ZONA 7",24367081,DORIS DARLENY DUEÑAS CARRILLO,HEIDI VALESCA JUÁREZ TUNCHE,PRIMARIA,PRIVADO,URBANA,ABIERTA,MONOLINGUE,MATUTINA,DIARIO(REGULAR),GUATEMALA OCCIDENTE
00-07-0169-42,01-01-0106,CIUDAD CAPITAL,ZONA 7,CENTRO EDUCATIVO BILINGÜE DIDÁCTICO,13 CALLE 30-66 ZONA 7 COLONIA CIUDAD DE PLATA I,22279917,MARÍA DEL ROSARIO VARGAS SANDOVAL,ISABEL CRISTINA MELENDEZ CRISPIN,PARVULOS,PRIVADO,URBANA,ABIERTA,MONOLINGUE,MATUTINA,DIARIO(REGULAR),GUATEMALA OCCIDENTE
00-07-0170-43,01-01-0106,CIUDAD CAPITAL,ZONA 7,CENTRO EDUCATIVO BILINGÜE DIDÁCTICO,13 CALLE 30-66 ZONA 7 COLONIA CIUDAD DE PLATA I,22279917,MARÍA DEL ROSARIO VARGAS SANDOVAL,ISABEL CRISTINA MELENDEZ CRISPIN,PRIMARIA,PRIVADO,URBANA,ABIERTA,MONOLINGUE,MATUTINA,DIARIO(REGULAR),GUATEMALA OCCIDENTE
00-07-0171-45,01-623,CIUDAD CAPITAL,ZONA 7,LICEO   CRISTIANO   VERDAD   L.C.V.,13  AVENIDA  04-03   COLONIA   QUINTA  SAMAYOA   ZONA  7,24404750,FEDERICO ESTUARDO IRUNGARAY SAMAYOA,MARTA AZUCENA PAZ QUIÑONEZ,BASICO,PRIVADO,URBANA,ABIERTA,MONOLINGUE,DOBLE,FIN DE SEMANA,GUATEMALA OCCIDENTE
00-07-0172-46,01-623,CIUDAD CAPITAL,ZONA 7,LICEO CRISTIANO  VERDAD   L.C.V.,13  AVENIDA   04-03 COLONIA   QUINTA  SAMAYOA  ZONA  7,24404750,FEDERICO ESTUARDO IRUNGARAY SAMAYOA,MARTA AZUCENA PAZ QUIÑONEZ,DIVERSIFICADO,PRIVADO,URBANA,ABIERTA,MONOLINGUE,DOBLE,FIN DE SEMANA,GUATEMALA OCCIDENTE
00-07-0173-44,01-99-0090,CIUDAD CAPITAL,ZONA 7,"""CENTRO EDUCATIVO LOS SAUCES""",31 AVENIDA 14-26 ZONA 7 COLONIA CIUDAD DE PLATA II,24738983,IDALIA DEL ROSARIO LÓPEZ SANDOVAL,AGUSTÍN SENCIÓN ALVARADO,PRIMARIA DE ADULTOS,PRIVADO,URBANA,ABIERTA,MONOLINGUE,DOBLE,FIN DE SEMANA,GUATEMALA OCCIDENTE
00-07-0174-43,01-01-0164,CIUDAD CAPITAL,ZONA 7,COLEGIO  AMERICANO  HOWARD GARDNER,2A.  CALLE  32-88   ZONA  7  COLONIA  TOLEDO,24396643,JUAN WALDEMAR CABRERA MÉNDEZ,CLAUDIA  BELTRANENA FUENTES,PRIMARIA,PRIVADO,URBANA,ABIERTA,MONOLINGUE,MATUTINA,DIARIO(REGULAR),GUATEMALA OCCIDENTE
00-07-0175-45,01-01-0164,CIUDAD CAPITAL,ZONA 7,COLEGIO   AMERICANO   HOWARD   GARDNER,2A.   CALLE  32-88  ZONA   7  COLONIA   TOLEDO,24397569,JUAN WALDEMAR CABRERA MÉNDEZ,EDNA MARINA CASTAÑAZA DE CERRATE,BASICO,PRIVADO,URBANA,ABIERTA,MONOLINGUE,MATUTINA,DIARIO(REGULAR),GUATEMALA OCCIDENTE
00-07-0176-46,01-01-0164,CIUDAD CAPITAL,ZONA 7,COLEGIO   AMERICANO  HOWARD   GARDNER,"2A.  CALLE   32-88  ZONA  7,  COLONIA   TOLEDO, CALZADA DOROTEO GUAMUCH",24396643,JUAN WALDEMAR CABRERA MÉNDEZ,EDNA MARINA CASTAÑAZA DE CERRATE,DIVERSIFICADO,PRIVADO,URBANA,ABIERTA,MONOLINGUE,MATUTINA,DIARIO(REGULAR),GUATEMALA OCCIDENTE
00-07-0177-46,01-99-0090,CIUDAD CAPITAL,ZONA 7,ESCUELA DE CIENCIAS   COMERCIALES  Y  BACHILLERATO EN MERCADOTECNIA ANEXOS,"AVENIDA  MOCTEZUMA  31-02,  ZONA 7, COLONIA  BETHANIA GUATEMALA",50166164,IDALIA DEL ROSARIO LÓPEZ SANDOVAL,ANA PATRICIA LÓPEZ LÓPEZ,DIVERSIFICADO,OFICIAL,URBANA,ABIERTA,MONOLINGUE,NOCTURNA,DIARIO(REGULAR),GUATEMALA OCCIDENTE
00-07-0178-42,01-01-0103,CIUDAD CAPITAL,ZONA 7,"COLEGIO  BILINGÜE CRISTIANO  ""EL  ÁRBOL  DEL CONOCIMIENTO""",32 AVENIDA D 45-25 COLONIA LOS  GRANIZOS  II DENTRO DE LA FINCA BETANIA,42035921,DORIS DARLENY DUEÑAS CARRILLO,MÓNICA LISSETE MORALES ROMAN,PARVULOS,PRIVADO,URBANA,ABIERTA,MONOLINGUE,MATUTINA,DIARIO(REGULAR),GUATEMALA OCCIDENTE
00-07-0179-43,01-01-0103,CIUDAD CAPITAL,ZONA 7,"COLEGIO  BILINGÜE CRISTIANO  ""EL  ÁRBOL  DEL CONOCIMIENTO""",32 AVENIDA D LOTE 45-25 COLONIA LOS GRANIZOS II DENTRO DE LA FINCA BETANIA.,42035921,DORIS DARLENY DUEÑAS CARRILLO,SONIA ALBERTINA VELÁSQUEZ PÉREZ,PRIMARIA,PRIVADO,URBANA,ABIERTA,MONOLINGUE,MATUTINA,DIARIO(REGULAR),GUATEMALA OCCIDENTE
00-07-0180-45,01-01-0103,CIUDAD CAPITAL,ZONA 7,"COLEGIO  BILINGÜE CRISTIANO  ""EL  ÁRBOL  DEL CONOCIMIENTO""",32 AVENIDA D LOTE 45-25 COLONIA LOS GRANIZOS II DENTRO DE LA FINCA BETANIA.,42035921,DORIS DARLENY DUEÑAS CARRILLO,ESPERANZA  GARCÍA PALMA,BASICO,PRIVADO,URBANA,ABIERTA,MONOLINGUE,VESPERTINA,DIARIO(REGULAR),GUATEMALA OCCIDENTE
00-07-0181-44,01-639,CIUDAD CAPITAL,ZONA 7,LICEO  MIXTO  EN COMPUTACIÓN ROTTERDAM,"31 AVENIDA  14-12 ZONA 7, COLONIA  CIUDAD  DE PLATA II",24738493,LUDVIN RICARDO URRUTIA LORENTI,MARÍA DEL CARMEN LÓPEZ BENAVENTE,PRIMARIA DE ADULTOS,PRIVADO,URBANA,CERRADA TEMPORALMENTE,MONOLINGUE,DOBLE,A DISTANCIA,GUATEMALA OCCIDENTE
00-07-0182-44,01-99-0095,CIUDAD CAPITAL,ZONA 7,LICEO  MIXTO  OBED,4A. CALLE 8-26 COLONIA  QUINTA  SAMAYOA  ZONA 7,48853901,MARCELINO ARNULFO DE LEÓN MEJÍA,SERGIA JOSEFINA SALAY ALVAREZ,PRIMARIA DE ADULTOS,PRIVADO,URBANA,ABIERTA,MONOLINGUE,DOBLE,FIN DE SEMANA,GUATEMALA OCCIDENTE
00-07-0183-45,01-99-0095,CIUDAD CAPITAL,ZONA 7,LICEO  MIXTO  OBED,4A. CALLE 8-26 COLONIA  QUINTA  SAMAYOA  ZONA 7,48853901,MARCELINO ARNULFO DE LEÓN MEJÍA,SERGIA JOSEFINA SALAY ALVAREZ,BASICO,PRIVADO,URBANA,ABIERTA,MONOLINGUE,DOBLE,FIN DE SEMANA,GUATEMALA OCCIDENTE
00-07-0184-45,01-409,CIUDAD CAPITAL,ZONA 7,LICEO   MIXTO   OBED,4A. CALLE 8-26 COLONIA  QUINTA  SAMAYOA  ZONA 7,48853901,IDALIA DEL ROSARIO LOPEZ SANDOVAL DE PAIZ,SERGIA JOSEFINA SALAY ALVAREZ,BASICO,PRIVADO,URBANA,CERRADA DEFINITIVAMENTE,MONOLINGUE,DOBLE,FIN DE SEMANA,GUATEMALA OCCIDENTE
00-07-0185-46,01-409,CIUDAD CAPITAL,ZONA 7,LICEO  MIXTO  OBED,4A. CALLE 8-26 COLONIA  QUINTA  SAMAYOA  ZONA 7,48853901,IDALIA DEL ROSARIO LOPEZ SANDOVAL DE PAIZ,SERGIA JOSEFINA SALAY ALVAREZ,DIVERSIFICADO,PRIVADO,URBANA,CERRADA DEFINITIVAMENTE,BILINGUE,DOBLE,FIN DE SEMANA,GUATEMALA OCCIDENTE
00-07-0186-46,01-99-0095,CIUDAD CAPITAL,ZONA 7,LICEO  MIXTO  OBED,4A. CALLE 8-26 COLONIA  QUINTA  SAMAYOA  ZONA 7 GUATEMALA ZONA 7,48853901,MARCELINO ARNULFO DE LEÓN MEJÍA,SERGIA JOSEFINA SALAY ALVAREZ,DIVERSIFICADO,PRIVADO,URBANA,ABIERTA,MONOLINGUE,DOBLE,FIN DE SEMANA,GUATEMALA OCCIDENTE
00-07-0187-46,01-01-0163,CIUDAD CAPITAL,ZONA 7,CENTRO  EDUCATIVO  PRIVADO  MONTE  HOREB,4 CALLE  12-27  COLONIA  QUINTA  SAMAYOA  ZONA  7,30345988,FEDERICO ESTUARDO IRUNGARAY SAMAYOA,EMMA LUCRECIA PÉREZ CHAMALÉ,DIVERSIFICADO,PRIVADO,URBANA,ABIERTA,MONOLINGUE,VESPERTINA,DIARIO(REGULAR),GUATEMALA OCCIDENTE
00-07-0188-46,01-99-0095,CIUDAD CAPITAL,ZONA 7,LICEO  CRISTIANO  VERDAD L.C.V.,"13 AVENIDA  04-03 COLONIA QUINTA  SAMAYOA, ZONA 7",53149361,MARCELINO ARNULFO DE LEÓN MEJÍA,MARTA AZUCENA PAZ QUIÑONEZ,DIVERSIFICADO,PRIVADO,URBANA,ABIERTA,MONOLINGUE,DOBLE,FIN DE SEMANA,GUATEMALA OCCIDENTE
00-07-0189-45,01-99-0095,CIUDAD CAPITAL,ZONA 7,LICEO CRISTIANO  VERDAD  L.C.V.,13 AVENIDA  04-03 COLONIA QUINTA  SAMAYOA ZONA 7,53149361,MARCELINO ARNULFO DE LEÓN MEJÍA,MARTA AZUCENA PAZ QUIÑONEZ,BASICO,PRIVADO,URBANA,ABIERTA,MONOLINGUE,DOBLE,FIN DE SEMANA,GUATEMALA OCCIDENTE
00-07-0190-45,01-01-0163,CIUDAD CAPITAL,ZONA 7,LICEO CRISTIANO  VERDAD  L.C.V.,"13 AVENIDA  04-03, COLONIA QUINTA  SAMAYOA ZONA 7",53149361,FEDERICO ESTUARDO IRUNGARAY SAMAYOA,MARTA AZUCENA PAZ QUIÑONEZ,BASICO,PRIVADO,URBANA,ABIERTA,MONOLINGUE,VESPERTINA,DIARIO(REGULAR),GUATEMALA OCCIDENTE
00-07-0191-46,01-01-0163,CIUDAD CAPITAL,ZONA 7,LICEO  CRISTIANO  VERDAD L.C.V.,13 AVENDA 04-03 COLONIA QUINTA SAMAYOA ZONA 7,53149361,FEDERICO ESTUARDO IRUNGARAY SAMAYOA,MARTA AZUCENA PAZ QUIÑONEZ,DIVERSIFICADO,PRIVADO,URBANA,ABIERTA,MONOLINGUE,VESPERTINA,DIARIO(REGULAR),GUATEMALA OCCIDENTE
00-07-0192-42,01-01-0163,CIUDAD CAPITAL,ZONA 7,EODP ESCUELA OFICIAL  URBANA  MIXTA,"COMUNIDAD  EL  CERRITO, ANILLO  PERIFÉRICO ZONA 7",35819926,FEDERICO ESTUARDO IRUNGARAY SAMAYOA,SARA JAQUELIN MONTUFAR ULISES,PARVULOS,OFICIAL,URBANA,ABIERTA,MONOLINGUE,MATUTINA,DIARIO(REGULAR),GUATEMALA OCCIDENTE
00-07-0193-42,01-617,CIUDAD CAPITAL,ZONA 7,CENTRO ESTUDIANTIL DIDÁCTICA DEL APRENDIZAJE,13 AVENIDA 34-24 ZONA 7 COLONIA BETHANIA,47366494,MARIA DEL ROSARIO VARGAS SANDOVAL,LESLIE FRANCIS COUTIÑO ALVARADO,PARVULOS,PRIVADO,URBANA,ABIERTA,MONOLINGUE,MATUTINA,DIARIO(REGULAR),GUATEMALA OCCIDENTE
00-07-0194-43,01-617,CIUDAD CAPITAL,ZONA 7,CENTRO ESTUDIANTIL DIDÁCTICA DEL APRENDIZAJE,13 AVENIDA 34-24 ZONA 7 COLONIA BETHANIA,59423933,MARIA DEL ROSARIO VARGAS SANDOVAL,LESLIE FRANCIS COUTIÑO ALVARADO,PRIMARIA,PRIVADO,URBANA,ABIERTA,MONOLINGUE,MATUTINA,DIARIO(REGULAR),GUATEMALA OCCIDENTE
00-07-0195-46,01-409,CIUDAD CAPITAL,ZONA 7,LICEO  MIXTO  TÉCNICO  EN  COMPUTACIÓN  SENDA  2000,CALZADA SAN JUAN  12-73  ZONA 7,24401029,IDALIA DEL ROSARIO LOPEZ SANDOVAL DE PAIZ,BENEDICTO  HERNÁNDEZ  AGUILAR,DIVERSIFICADO,PRIVADO,URBANA,CERRADA TEMPORALMENTE,MONOLINGUE,DOBLE,FIN DE SEMANA,GUATEMALA OCCIDENTE
00-07-0196-45,01-99-0095,CIUDAD CAPITAL,ZONA 7,LICEO  MIXTO  TÉCNICO  EN COMPUTACIÓN  SENDA  2000,CALZADA  SAN JUAN  12-73  ZONA  7,47546893,MARCELINO ARNULFO DE LEÓN MEJÍA,BENEDICTO  HERNÁNDEZ AGUILAR,BASICO,PRIVADO,URBANA,ABIERTA,MONOLINGUE,DOBLE,FIN DE SEMANA,GUATEMALA OCCIDENTE
00-07-0197-45,01-01-0106,CIUDAD CAPITAL,ZONA 7,CENTRO  EDUCATIVO  BILINGÜE  DIDÁCTICO,13  CALLE  30-70  COLONIA  CIUDAD  DE  PLATA I  ZONA 7,22279917,MARÍA DEL ROSARIO VARGAS SANDOVAL,YESICA SUCELY ARREAGA MAZARIEGOS,BASICO,PRIVADO,URBANA,ABIERTA,MONOLINGUE,MATUTINA,DIARIO(REGULAR),GUATEMALA OCCIDENTE
00-07-0198-46,01-01-0106,CIUDAD CAPITAL,ZONA 7,CENTRO  EDUCATIVO  BILINGÜE  DIDÁCTICO,13  CALLE  30-70  COLONIA  CIUDAD  DE  PLATA I  ZONA 7 GUATEMALA,22279917,MARÍA DEL ROSARIO VARGAS SANDOVAL,YESICA SUCELY ARREAGA MAZARIEGOS,DIVERSIFICADO,PRIVADO,URBANA,ABIERTA,MONOLINGUE,MATUTINA,DIARIO(REGULAR),GUATEMALA OCCIDENTE
00-07-0199-45,01-01-0103,CIUDAD CAPITAL,ZONA 7,COLEGIO BILINGÜE CRISTIANO  EL ÁRBOL  DEL  CONOCIMIENTO,"32  AV.  ""D""  45-25,  COLONIA  GRANIZO  II,  ZONA  7",42035921,DORIS DARLENY DUEÑAS CARRILLO,XENI SARAHÍ PAZ MONTEZUMA,BASICO,PRIVADO,URBANA,ABIERTA,MONOLINGUE,DOBLE,SEMIPRESENCIAL,GUATEMALA OCCIDENTE
00-07-0200-46,01-01-0103,CIUDAD CAPITAL,ZONA 7,"COLEGIO  BILINGÜE CRISTIANO  ""EL  ÁRBOL  DEL CONOCIMIENTO""","32  AV.  ""D""  45-25,  COLONIA  GRANIZO  II,  ZONA  7",42035921,DORIS DARLENY DUEÑAS CARRILLO,XENI SARAHÍ PAZ MONTEZUMA,DIVERSIFICADO,PRIVADO,URBANA,ABIERTA,MONOLINGUE,DOBLE,SEMIPRESENCIAL,GUATEMALA OCCIDENTE
00-07-0201-46,01-01-0103,CIUDAD CAPITAL,ZONA 7,COLEGIO  BILINGÜE CRISTIANO  EL  ÁRBOL  DEL CONOCIMIENTO,"32  AV.  ""D""  45-25,  LOS GRANIZOS  II,  ZONA  7",42035921,DORIS DARLENY DUEÑAS CARRILLO,XENI SARAHÍ PAZ MONTEZUMA,DIVERSIFICADO,PRIVADO,URBANA,ABIERTA,MONOLINGUE,DOBLE,SEMIPRESENCIAL,GUATEMALA OCCIDENTE
00-07-0202-42,01-01-0106,CIUDAD CAPITAL,ZONA 7,CENTRO  EDUCATIVO  BILINGÜE  DIDÁCTICO,"13  CALLE  30-70  ZONA  7,  COLONIA  CIUDAD DE  PLATA I",22279917,MARÍA DEL ROSARIO VARGAS SANDOVAL,ISABEL CRISTINA MELENDEZ CRISPIN,PARVULOS,PRIVADO,URBANA,ABIERTA,MONOLINGUE,DOBLE,SEMIPRESENCIAL,GUATEMALA OCCIDENTE
00-07-0203-43,01-01-0106,CIUDAD CAPITAL,ZONA 7,CENTRO  EDUCATIVO  BILINGÜE  DIDÁCTICO,"13  CALLE  30-70  ZONA  7,  COLONIA  CIUDAD DE  PLATA I",22279917,MARÍA DEL ROSARIO VARGAS SANDOVAL,ISABEL CRISTINA MELENDEZ CRISPIN,PRIMARIA,PRIVADO,URBANA,ABIERTA,MONOLINGUE,DOBLE,SEMIPRESENCIAL,GUATEMALA OCCIDENTE
00-07-0204-45,01-01-0106,CIUDAD CAPITAL,ZONA 7,CENTRO  EDUCATIVO  BILINGÜE  DIDÁCTICO,"13  CALLE  30-70  ZONA  7,  COLONIA  CIUDAD DE  PLATA I",22279917,MARÍA DEL ROSARIO VARGAS SANDOVAL,YESICA SUCELY ARREAGA MAZARIEGOS,BASICO,PRIVADO,URBANA,ABIERTA,MONOLINGUE,DOBLE,SEMIPRESENCIAL,GUATEMALA OCCIDENTE
00-07-0205-46,01-639,CIUDAD CAPITAL,ZONA 7,CENTRO DE EDUCACIÓN EXTRAESCOLAR  ASOCIACIÓN  CREAMOS,6A.  AVENIDA 11-95 ZONA 7  COLONIA  LANDÍVAR,54601270,LUDVIN RICARDO URRUTIA LORENTI,CARMEN  ROSSANA  BOCHE  NORIEGA,DIVERSIFICADO,PRIVADO,URBANA,ABIERTA,MONOLINGUE,MATUTINA,SEMIPRESENCIAL,GUATEMALA OCCIDENTE
00-07-0206-45,01-01-0103,CIUDAD CAPITAL,ZONA 7,COLEGIO MIXTO  EL  DESPERTAR,35  CALLE  F  35-94  COLONIA  SAKERTY  II  ZONA 7,30881677,DORIS DARLENY DUEÑAS CARRILLO,ALMA JEANNETTE ECHEVERRIA LÁZARO,BASICO,PRIVADO,URBANA,ABIERTA,MONOLINGUE,MATUTINA,DIARIO(REGULAR),GUATEMALA OCCIDENTE
00-07-0207-46,01-01-0106,CIUDAD CAPITAL,ZONA 7,LICEO MIXTO EN COMPUTACIÓN ROTTERDAM,"31 AVENIDA14-12 ZONA 7, CIUDAD DE PLATA II",24738493,MARÍA DEL ROSARIO VARGAS SANDOVAL,MARÍA DEL CARMEN LÓPEZ BENAVENTE,DIVERSIFICADO,PRIVADO,URBANA,ABIERTA,MONOLINGUE,SIN JORNADA,SEMIPRESENCIAL (DOS DÍAS A LA SEMANA),GUATEMALA OCCIDENTE
00-07-0208-45,01-01-0106,CIUDAD CAPITAL,ZONA 7,LICEO MIXTO EN COMPUTACIÓN ROTTERDAM,"31 AVENIDA 14-12 ZONA 7, CIUDAD DE PLATA II",24738493,MARÍA DEL ROSARIO VARGAS SANDOVAL,MARÍA DEL CARMEN LÓPEZ BENAVENTE,BASICO,PRIVADO,URBANA,ABIERTA,MONOLINGUE,SIN JORNADA,A DISTANCIA,GUATEMALA OCCIDENTE
00-07-0209-45,01-01-0106,CIUDAD CAPITAL,ZONA 7,LICEO MIXTO EN COMPUTACIÓN ROTTERDAM,"31 AVENIDA 14-12 ZONA 7, CIUDAD DE PLATA II",24738493,MARÍA DEL ROSARIO VARGAS SANDOVAL,MARÍA DEL CARMEN LÓPEZ BENAVENTE,BASICO,PRIVADO,URBANA,ABIERTA,MONOLINGUE,SIN JORNADA,SEMIPRESENCIAL (DOS DÍAS A LA SEMANA),GUATEMALA OCCIDENTE
00-07-0210-46,01-01-0106,CIUDAD CAPITAL,ZONA 7,LICEO MIXTO EN COMPUTACIÓN ROTTERDAM,"31 AVENIDA14-12 ZONA 7, CIUDAD DE PLATA II",24738493,MARÍA DEL ROSARIO VARGAS SANDOVAL,MARÍA DEL CARMEN LÓPEZ BENAVENTE,DIVERSIFICADO,PRIVADO,URBANA,ABIERTA,MONOLINGUE,SIN JORNADA,SEMIPRESENCIAL (DOS DÍAS A LA SEMANA),GUATEMALA OCCIDENTE
00-07-0211-45,01-409,CIUDAD CAPITAL,ZONA 7,COLEGIO EN COMPUTACIÓN SAN JUAN,CALZADA SAN JUAN 39-45 ZONA 7 COLONIA EL RODEO,24314037,IDALIA DEL ROSARIO LOPEZ SANDOVAL DE PAIZ,DORA GRACIELA VIELMAN,BASICO,PRIVADO,URBANA,CERRADA TEMPORALMENTE,MONOLINGUE,SIN JORNADA,SEMIPRESENCIAL (FIN DE SEMANA),GUATEMALA OCCIDENTE
00-07-0212-46,01-409,CIUDAD CAPITAL,ZONA 7,COLEGIO EN COMPUTACIÓN SAN JUAN,CALZADA 39-45 ZONA 7 COLONIA EL RODEO,24314037,IDALIA DEL ROSARIO LOPEZ SANDOVAL DE PAIZ,DORA GRACIELA VIELMAN,DIVERSIFICADO,PRIVADO,URBANA,CERRADA TEMPORALMENTE,MONOLINGUE,SIN JORNADA,SEMIPRESENCIAL (FIN DE SEMANA),GUATEMALA OCCIDENTE
00-07-0213-45,01-99-0095,CIUDAD CAPITAL,ZONA 7,LICEO DE CIENCIA Y TECNOLOGÍA,"CALZADA SAN JUAN 37-78 ZONA 7, COLONIA EL RODEO",24321644,MARCELINO ARNULFO DE LEÓN MEJÍA,VILMA ISABEL OROZCO LÓPEZ,BASICO,PRIVADO,URBANA,ABIERTA,MONOLINGUE,SIN JORNADA,SEMIPRESENCIAL (FIN DE SEMANA),GUATEMALA OCCIDENTE
00-07-0214-46,01-99-0095,CIUDAD CAPITAL,ZONA 7,LICEO DE CIENCIA Y TECNOLOGÍA,"CALZADA SAN JUAN 37-78 ZONA 7, COLONIA EL RODEO",24321644,MARCELINO ARNULFO DE LEÓN MEJÍA,VILMA ISABEL OROZCO LÓPEZ,DIVERSIFICADO,PRIVADO,URBANA,ABIERTA,MONOLINGUE,SIN JORNADA,SEMIPRESENCIAL (FIN DE SEMANA),GUATEMALA OCCIDENTE
00-07-0215-45,01-99-0090,CIUDAD CAPITAL,ZONA 7,CENTRO EDUCATIVO LOS SAUCES,"31 AVENIDA 14-26 ZONA 7, COLONIA CIUDAD DE PLATA II",24738983,IDALIA DEL ROSARIO LÓPEZ SANDOVAL,AGUSTÍN SENCIÓN ALVARADO,BASICO,PRIVADO,URBANA,ABIERTA,MONOLINGUE,SIN JORNADA,SEMIPRESENCIAL (FIN DE SEMANA),GUATEMALA OCCIDENTE
00-07-0216-46,01-99-0090,CIUDAD CAPITAL,ZONA 7,CENTRO EDUCATIVO LOS SAUCES,"31 AVENIDA 14-26 ZONA 7, COLONIA CIUDAD DE PLATA II",24738983,IDALIA DEL ROSARIO LÓPEZ SANDOVAL,AGUSTÍN SENCIÓN ALVARADO,DIVERSIFICADO,PRIVADO,URBANA,ABIERTA,MONOLINGUE,SIN JORNADA,SEMIPRESENCIAL (FIN DE SEMANA),GUATEMALA OCCIDENTE
00-07-0217-46,01-99-0095,CIUDAD CAPITAL,ZONA 7,LICEO MIXTO OBED,4TA. 8-26 ZONA 7 COLONIA QUINTA SAMAYOA,48853901,MARCELINO ARNULFO DE LEÓN MEJÍA,SERGIA JOSEFINA SALAY ALVAREZ,DIVERSIFICADO,PRIVADO,URBANA,ABIERTA,MONOLINGUE,SIN JORNADA,SEMIPRESENCIAL (FIN DE SEMANA),GUATEMALA OCCIDENTE
00-07-0218-45,01-99-0095,CIUDAD CAPITAL,ZONA 7,LICEO MIXTO OBED,4TA. 8-26 COLONIA QUINTA SAMAYOA ZONA 7,48853901,MARCELINO ARNULFO DE LEÓN MEJÍA,SERGIA JOSEFINA SALAY ALVAREZ,BASICO,PRIVADO,URBANA,ABIERTA,MONOLINGUE,SIN JORNADA,SEMIPRESENCIAL (FIN DE SEMANA),GUATEMALA OCCIDENTE
00-07-0219-45,01-01-0164,CIUDAD CAPITAL,ZONA 7,INSTITUTO TECNOLÓGICO EN ELECTRÓNICA Y DIBUJO,CALZADA SAN JUAN 31-47 ZONA 7,24392574,JUAN WALDEMAR CABRERA MÉNDEZ,OSCAR ALFREDO HERRERA JUAREZ,BASICO,PRIVADO,URBANA,ABIERTA,MONOLINGUE,SIN JORNADA,SEMIPRESENCIAL (FIN DE SEMANA),GUATEMALA OCCIDENTE
00-07-0220-46,01-01-0164,CIUDAD CAPITAL,ZONA 7,INSTITUTO TECNOLÓGICO EN ELECTRÓNICA Y DIBUJO,CALZADA SAN JUAN 31-47 ZONA 7,24392574,JUAN WALDEMAR CABRERA MÉNDEZ,OSCAR ALFREDO HERRERA JUAREZ,DIVERSIFICADO,PRIVADO,URBANA,ABIERTA,MONOLINGUE,SIN JORNADA,SEMIPRESENCIAL (FIN DE SEMANA),GUATEMALA OCCIDENTE
00-07-0221-45,01-01-0164,CIUDAD CAPITAL,ZONA 7,COLEGIO DE INFORMÁTICA IMB-PC NO. 1,CALZADA SAN JUAN  31-97 Y 32 AVENIDA 4-04 ZONA 7,23025400,JUAN WALDEMAR CABRERA MÉNDEZ,CARLOS ALFREDO DE LEÓN ALB,BASICO,PRIVADO,URBANA,ABIERTA,MONOLINGUE,SIN JORNADA,SEMIPRESENCIAL (UN DÍA A LA SEMANA),GUATEMALA OCCIDENTE
00-07-0222-46,01-99-0090,CIUDAD CAPITAL,ZONA 7,COLEGIO DE INFORMÁTICA IMB-PC NO. 1,"CALZADA SAN JUAN Y 32 AVENIDA 31-97,31-99 Y 4-04 ZONA 7 GUATEMALA",23025400,IDALIA DEL ROSARIO LÓPEZ SANDOVAL,CARLOS ALFREDO DE LEÓN ALB,DIVERSIFICADO,PRIVADO,URBANA,ABIERTA,MONOLINGUE,SIN JORNADA,SEMIPRESENCIAL (UN DÍA A LA SEMANA),GUATEMALA OCCIDENTE
00-07-0223-45,01-01-0163,CIUDAD CAPITAL,ZONA 7,LICEO CRISTIANO VERDAD L.C.V.,13 AVENIDA 04-03 COLONIA QUINTA SAMAYOA ZONA 7,53149361,FEDERICO ESTUARDO IRUNGARAY SAMAYOA,MARTA AZUCENA PAZ QUIÑONEZ,BASICO,PRIVADO,URBANA,ABIERTA,MONOLINGUE,SIN JORNADA,SEMIPRESENCIAL (FIN DE SEMANA),GUATEMALA OCCIDENTE
00-07-0224-46,01-01-0163,CIUDAD CAPITAL,ZONA 7,LICEO CRISTIANO VERDAD L.C.V.,13 AVENIDA 04-03 COLONIA QUINTA SAMAYOA ZONA 7,53149361,FEDERICO ESTUARDO IRUNGARAY SAMAYOA,MARTA AZUCENA PAZ QUIÑONEZ,DIVERSIFICADO,PRIVADO,URBANA,ABIERTA,MONOLINGUE,SIN JORNADA,SEMIPRESENCIAL (FIN DE SEMANA),GUATEMALA OCCIDENTE
00-07-0225-46,01-99-0090,CIUDAD CAPITAL,ZONA 7,CENTRO EDUCATIVO PRIVADO MONTE HOREB,4A. CALLE 12-27 COLONIA QUINTA SAMAYOA ZONA 7,30345988,IDALIA DEL ROSARIO LÓPEZ SANDOVAL,EMMA LUCRECIA PÉREZ CHAMALÉ,DIVERSIFICADO,PRIVADO,URBANA,ABIERTA,MONOLINGUE,SIN JORNADA,SEMIPRESENCIAL (FIN DE SEMANA),GUATEMALA OCCIDENTE
00-07-0226-45,01-99-0090,CIUDAD CAPITAL,ZONA 7,CENTRO EDUCATIVO PRIVADO MONTE HOREB,4A. CALLE 12-27 COLONIA QUINTA SAMAYOA ZONA 7,30345988,IDALIA DEL ROSARIO LÓPEZ SANDOVAL,EMMA LUCRECIA PÉREZ CHAMALÉ,BASICO,PRIVADO,URBANA,ABIERTA,MONOLINGUE,SIN JORNADA,SEMIPRESENCIAL (FIN DE SEMANA),GUATEMALA OCCIDENTE
00-07-0227-45,01-99-0090,CIUDAD CAPITAL,ZONA 7,INSTITUTO TECNOLÓGICO EN ESTUDIOS DIVERSIFICADOS SAN JUAN,"31 AVENIDA 5-30 ZONA 7, JARDINES DE TIKAL I",24740582,IDALIA DEL ROSARIO LÓPEZ SANDOVAL,ORFANIA  ALVAREZ PERDOMO,BASICO,PRIVADO,URBANA,ABIERTA,MONOLINGUE,DOBLE,FIN DE SEMANA,GUATEMALA OCCIDENTE
00-07-0228-46,01-99-0090,CIUDAD CAPITAL,ZONA 7,"INSTITUTO TECNOLÓGICO EN ESTUDIOS DIVERSIFICADOS ""SAN JUAN""","31 AVENIDA 5-30 ZONA 7, JARDINES DE TIKAL I GUATEMALA",24740582,IDALIA DEL ROSARIO LÓPEZ SANDOVAL,ORFANIA  ALVAREZ PERDOMO,DIVERSIFICADO,PRIVADO,URBANA,ABIERTA,MONOLINGUE,SIN JORNADA,SEMIPRESENCIAL (FIN DE SEMANA),GUATEMALA OCCIDENTE
00-07-0229-45,01-99-0090,CIUDAD CAPITAL,ZONA 7,INSTITUTO PRIVADO MIXTO SAN JUAN,CALZADA SAN JUAN 31-47 ZONA 7,24316649,IDALIA DEL ROSARIO LÓPEZ SANDOVAL,JUAN WALDEMAR CABRERA MENDEZ,BASICO,PRIVADO,URBANA,ABIERTA,MONOLINGUE,SIN JORNADA,SEMIPRESENCIAL (FIN DE SEMANA),GUATEMALA OCCIDENTE
00-07-0230-46,01-99-0090,CIUDAD CAPITAL,ZONA 7,INSTITUTO PRIVADO MIXTO SAN JUAN,CALZADA SAN JUAN 31-47 ZONA 7,21316649,IDALIA DEL ROSARIO LÓPEZ SANDOVAL,JUAN WALDEMAR CABRERA MENDEZ,DIVERSIFICADO,PRIVADO,URBANA,ABIERTA,MONOLINGUE,SIN JORNADA,SEMIPRESENCIAL (FIN DE SEMANA),GUATEMALA OCCIDENTE
00-07-0231-45,01-01-0163,CIUDAD CAPITAL,ZONA 7,COLEGIO TÉCNICO EN COMPUTACIÓN SAN JUAN,9A. CALLE 8-63 Y 8-67 ZONA 7 COLONIA QUINTA SAMAYOA,24754329,FEDERICO ESTUARDO IRUNGARAY SAMAYOA,AURA MARINA MEJIA FUENTES,BASICO,PRIVADO,URBANA,ABIERTA,MONOLINGUE,SIN JORNADA,SEMIPRESENCIAL (FIN DE SEMANA),GUATEMALA OCCIDENTE
00-07-0232-46,01-01-0163,CIUDAD CAPITAL,ZONA 7,COLEGIO TÉCNICO EN COMPUTACIÓN SAN JUAN,9A. CALLE 8-63 Y 8-67 ZONA 7 COLONIA QUINTA SAMAYOA,24754329,FEDERICO ESTUARDO IRUNGARAY SAMAYOA,AURA MARINA MEJIA FUENTES,DIVERSIFICADO,PRIVADO,URBANA,ABIERTA,MONOLINGUE,SIN JORNADA,SEMIPRESENCIAL (FIN DE SEMANA),GUATEMALA OCCIDENTE
00-07-0233-46,01-99-0090,CIUDAD CAPITAL,ZONA 7,"LICEO MIXTO TÉCNICO EN COMPUTACIÓN SENDA 2,000",CALZADA SAN JUAN 12-73 ZONA 7 GUATEMALA,47546893,IDALIA DEL ROSARIO LÓPEZ SANDOVAL,BENEDICTO  HERNÁNDEZ AGUILAR,DIVERSIFICADO,PRIVADO,URBANA,ABIERTA,MONOLINGUE,SIN JORNADA,SEMIPRESENCIAL (FIN DE SEMANA),GUATEMALA OCCIDENTE
00-07-0234-45,01-01-0164,CIUDAD CAPITAL,ZONA 7,"LICEO MIXTO TÉCNICO EN COMPUTACIÓN SENDA 2,000",CALZADA SAN JUAN 12-73 ZONA 7,47546893,JUAN WALDEMAR CABRERA MÉNDEZ,BENEDICTO  HERNÁNDEZ AGUILAR,BASICO,PRIVADO,URBANA,ABIERTA,MONOLINGUE,SIN JORNADA,SEMIPRESENCIAL (FIN DE SEMANA),GUATEMALA OCCIDENTE
00-07-0235-45,01-603,CIUDAD CAPITAL,ZONA 7,IPMB 'SEMINARIO MONSEÑOR PROSPERO PENADOS DEL BARRIO',"6A. CALLE 48-98, COLONIA EL ROSARIO",24320292,ROSA ALBELIA ARDON DE MOTTA,,BASICO,PRIVADO,URBANA,CERRADA DEFINITIVAMENTE,MONOLINGUE,MATUTINA,DIARIO(REGULAR),GUATEMALA OCCIDENTE
00-07-0236-45,01-409,CIUDAD CAPITAL,ZONA 7,COLEGIO PANAMERICANO NO. 4,37 AVENIDA 3-88 ZONA 7,41326504,IDALIA DEL ROSARIO LOPEZ SANDOVAL DE PAIZ,SONIA LETICIA MACHUCA RODRÍGUEZ DE PARDUCCI,BASICO,PRIVADO,URBANA,ABIERTA,MONOLINGUE,SIN JORNADA,SEMIPRESENCIAL (FIN DE SEMANA),GUATEMALA OCCIDENTE
00-07-0237-46,01-409,CIUDAD CAPITAL,ZONA 7,COLEGIO PANAMERICANO NO. 4,37 AVENIDA 3-88 ZONA 7,41326504,IDALIA DEL ROSARIO LOPEZ SANDOVAL DE PAIZ,SONIA LETICIA MACHUCA RODRÍGUEZ DE PARDUCCI,DIVERSIFICADO,PRIVADO,URBANA,ABIERTA,MONOLINGUE,SIN JORNADA,SEMIPRESENCIAL (FIN DE SEMANA),GUATEMALA OCCIDENTE
00-07-0238-42,01-639,CIUDAD CAPITAL,ZONA 7,"CENTRO DE EDUCACIÓN INTEGRAL ""ELYON""","38 CALLE ""E"" 34-10, COLONIA AMPARO 1, ZONA 7",46810615,LUDVIN RICARDO URRUTIA LORENTI,SILVIA MARLENI ALVARADO GUARDADO DE MARTÍNEZ,PARVULOS,PRIVADO,URBANA,ABIERTA,MONOLINGUE,DOBLE,SEMIPRESENCIAL,GUATEMALA OCCIDENTE
00-07-0239-43,01-01-0103,CIUDAD CAPITAL,ZONA 7,"CENTRO DE EDUCACIÓN INTEGRAL ""ELYON""","38 CALLE ""E"" 34-10, COLONIA AMPARO 1, ZONA 7",48610615,DORIS DARLENY DUEÑAS CARRILLO,SILVIA MARLENI ALVARADO GUARDADO,PRIMARIA,PRIVADO,URBANA,ABIERTA,MONOLINGUE,DOBLE,SEMIPRESENCIAL,GUATEMALA OCCIDENTE
00-07-0240-45,01-01-0103,CIUDAD CAPITAL,ZONA 7,"CENTRO DE EDUCACIÓN INTEGRAL ""ELYON""","38 CALLE ""E"" 34-10, COLONIA AMPARO 1, ZONA 7",48610615,DORIS DARLENY DUEÑAS CARRILLO,SILVIA MARLENI ALVARADO GUARDADO,BASICO,PRIVADO,URBANA,ABIERTA,MONOLINGUE,DOBLE,SEMIPRESENCIAL,GUATEMALA OCCIDENTE
00-07-0241-45,01-01-0103,CIUDAD CAPITAL,ZONA 7,"CENTRO DE EDUCACIÓN INTEGRAL ""ELYON""","38 CALLE ""E"" 34-10, COLONIA AMPARO 1, ZONA 7",48610615,DORIS DARLENY DUEÑAS CARRILLO,SILVIA MARLENI ALVARADO GUARDADO,BASICO,PRIVADO,URBANA,ABIERTA,MONOLINGUE,SIN JORNADA,SEMIPRESENCIAL (DOS DÍAS A LA SEMANA),GUATEMALA OCCIDENTE
00-07-0242-46,01-01-0103,CIUDAD CAPITAL,ZONA 7,"CENTRO DE EDUCACIÓN INTEGRAL ""ELYON""","38 CALLE ""E"" 34-10, COLONIA AMPARO 1, ZONA 7",48610615,DORIS DARLENY DUEÑAS CARRILLO,SILVIA MARLENI ALVARADO GUARDADO,DIVERSIFICADO,PRIVADO,URBANA,ABIERTA,MONOLINGUE,DOBLE,SEMIPRESENCIAL,GUATEMALA OCCIDENTE
00-07-0243-46,01-01-0103,CIUDAD CAPITAL,ZONA 7,"CENTRO DE EDUCACIÓN INTEGRAL ""ELYON""","38 CALLE ""E"" 34-10, COLONIA AMPARO 1, ZONA 7",48610615,DORIS DARLENY DUEÑAS CARRILLO,SILVIA MARLENI ALVARADO GUARDADO,DIVERSIFICADO,PRIVADO,URBANA,ABIERTA,MONOLINGUE,SIN JORNADA,SEMIPRESENCIAL (DOS DÍAS A LA SEMANA),GUATEMALA OCCIDENTE
00-07-0244-45,01-01-0106,CIUDAD CAPITAL,ZONA 7,LICEO DE COMPUTACIÓN C.S.S.,CALZADA SAN JUAN 38-83 ZONA 7COLONIA EL RODEO,24314311,MARÍA DEL ROSARIO VARGAS SANDOVAL,SANDRA PATRICIA RAXÓN MAX,BASICO,PRIVADO,URBANA,ABIERTA,MONOLINGUE,VESPERTINA,DIARIO(REGULAR),GUATEMALA OCCIDENTE
00-07-0245-46,01-01-0106,CIUDAD CAPITAL,ZONA 7,LICEO DE COMPUTACION  C.S.S,CALZADA SAN JUAN 38-83 ZONA 7 COLONIA EL RODEO,24314311,MARÍA DEL ROSARIO VARGAS SANDOVAL,SANDRA PATRICIA RAXÓN MAX,DIVERSIFICADO,PRIVADO,URBANA,ABIERTA,MONOLINGUE,VESPERTINA,DIARIO(REGULAR),GUATEMALA OCCIDENTE
00-07-0246-45,01-99-0090,CIUDAD CAPITAL,ZONA 7,LICEO DE COMPUTACIÓN C.S.S. ZONA 7,"CALZADA SAN JUAN 38-87 COLONIA EL RODEO, ZONA 7",24314311,IDALIA DEL ROSARIO LÓPEZ SANDOVAL,SANDRA PATRICIA RAXÓN MAX,BASICO,PRIVADO,URBANA,ABIERTA,MONOLINGUE,SIN JORNADA,SEMIPRESENCIAL (FIN DE SEMANA),GUATEMALA OCCIDENTE
00-07-0247-46,01-99-0090,CIUDAD CAPITAL,ZONA 7,LICEO DE COMPUTACIÓN  C.S.S. ZONA 7,CALZADA SAN JUAN 38-83 COLONIA EL RODEO ZONA 7,24314311,IDALIA DEL ROSARIO LÓPEZ SANDOVAL,SANDRA PATRICIA RAXÓN MAX,DIVERSIFICADO,PRIVADO,URBANA,ABIERTA,MONOLINGUE,SIN JORNADA,SEMIPRESENCIAL (FIN DE SEMANA),GUATEMALA OCCIDENTE
00-07-0248-45,01-99-0090,CIUDAD CAPITAL,ZONA 7,LICEO DE FORMACIÓN PROFESIONAL,"35 AVENIDA 25-02, COLONIA LAS MARGARITAS ZONA 7",59445400,IDALIA DEL ROSARIO LÓPEZ SANDOVAL,EDITH NOHEMY PAZ CASTILLO,BASICO,PRIVADO,URBANA,ABIERTA,MONOLINGUE,SIN JORNADA,SEMIPRESENCIAL (FIN DE SEMANA),GUATEMALA OCCIDENTE
00-07-0249-46,01-99-0090,CIUDAD CAPITAL,ZONA 7,LICEO DE FORMACIÓN PROFESIONAL,"35 AVENIDA 25-02, COLONIA LAS MARGARITAS ZONA 7",59445400,IDALIA DEL ROSARIO LÓPEZ SANDOVAL,EDITH NOHEMY PAZ CASTILLO,DIVERSIFICADO,PRIVADO,URBANA,ABIERTA,MONOLINGUE,SIN JORNADA,SEMIPRESENCIAL (FIN DE SEMANA),GUATEMALA OCCIDENTE
00-07-0250-42,01-01-0103,CIUDAD CAPITAL,ZONA 7,COLEGIO EL PATRIARCA SAN JOSÉ,"38 CALLE E 34-25, COLONIA EL AMPARO 1, ZONA 7",56455373,DORIS DARLENY DUEÑAS CARRILLO,JOSÉ DAVID GARCÍA GARMA,PARVULOS,PRIVADO,URBANA,ABIERTA,MONOLINGUE,DOBLE,SEMIPRESENCIAL,GUATEMALA OCCIDENTE
00-07-0251-45,01-01-0103,CIUDAD CAPITAL,ZONA 7,COLEGIO EL PATRIARCA SAN JOSÉ,"38 CALLE E 34-25 COLONIA EL AMPARO 1, ZONA 7",56455373,DORIS DARLENY DUEÑAS CARRILLO,JOSÉ DAVID GARCÍA GARMA,BASICO,PRIVADO,URBANA,ABIERTA,MONOLINGUE,DOBLE,SEMIPRESENCIAL,GUATEMALA OCCIDENTE
00-07-0252-46,01-01-0103,CIUDAD CAPITAL,ZONA 7,COLEGIO EL PATRIARCA SAN JOSÉ,"38 CALLE E 34-25 COLONIA EL AMPARO 1, ZONA 7 GUATEMALA",56455373,DORIS DARLENY DUEÑAS CARRILLO,JOSÉ DAVID GARCÍA GARMA,DIVERSIFICADO,PRIVADO,URBANA,ABIERTA,MONOLINGUE,DOBLE,SEMIPRESENCIAL,GUATEMALA OCCIDENTE
00-07-0253-46,01-01-0103,CIUDAD CAPITAL,ZONA 7,COLEGIO EL PATRIARCA SAN JOSÉ,"38 CALLE E 34-25, COLONIA EL AMPARO 1, ZONA 7 GUATEMALA",56455373,DORIS DARLENY DUEÑAS CARRILLO,JOSÉ DAVID GARCÍA GARMA,DIVERSIFICADO,PRIVADO,URBANA,ABIERTA,MONOLINGUE,SIN JORNADA,SEMIPRESENCIAL (DOS DÍAS A LA SEMANA),GUATEMALA OCCIDENTE
00-07-0254-42,01-01-0106,CIUDAD CAPITAL,ZONA 7,COLEGIO WONDERLAND DE GUATEMALA,"30 AVENIDA ""D"" 11-73, COLONIA TIKAL 1, ZONA 7",54114550,MARÍA DEL ROSARIO VARGAS SANDOVAL,LOURDES NINNETHE MARROQUIN TRABANINO,PARVULOS,PRIVADO,URBANA,ABIERTA,MONOLINGUE,DOBLE,SEMIPRESENCIAL,GUATEMALA OCCIDENTE
00-07-0255-45,01-01-0106,CIUDAD CAPITAL,ZONA 7,"""COLEGIO EL CORDERO""",35 AVENIDA 08-55 ZONA 7 TIKAL II ZONA 7,55449133,MARÍA DEL ROSARIO VARGAS SANDOVAL,ROSALYN GRISSELL JUÁREZ REVOLORIO,BASICO,PRIVADO,URBANA,ABIERTA,MONOLINGUE,MATUTINA,DIARIO(REGULAR),GUATEMALA OCCIDENTE
00-07-0256-46,01-01-0106,CIUDAD CAPITAL,ZONA 7,LICEO MIXTO EN COMPUTACIÓN ROTTERDAM,"31AVENIDA 14-12, COLONIA CIUDAD DE PLATA II, ZONA 7",24738493,MARÍA DEL ROSARIO VARGAS SANDOVAL,MARÍA DEL CARMEN LÓPEZ BENAVENTE,DIVERSIFICADO,PRIVADO,URBANA,ABIERTA,MONOLINGUE,DOBLE,SEMIPRESENCIAL,GUATEMALA OCCIDENTE
00-07-0257-43,01-01-0106,CIUDAD CAPITAL,ZONA 7,CENTRO EDUCATIVO INNOVA,"14 CALLE 33-32, COLONIA EL RODEO ZONA 7",38171540,MARÍA DEL ROSARIO VARGAS SANDOVAL,LUCIA ALEJANDRA CRUZ CASTELLANOS,PRIMARIA,PRIVADO,URBANA,ABIERTA,MONOLINGUE,DOBLE,SEMIPRESENCIAL,GUATEMALA OCCIDENTE
00-07-0258-45,01-01-0106,CIUDAD CAPITAL,ZONA 7,CENTRO EDUCATIVO INNOVA,"14 CALLE 33-32, COLONIA EL RODEO ZONA 7",38171540,MARÍA DEL ROSARIO VARGAS SANDOVAL,LUCIA ALEJANDRA CRUZ CASTELLANOS,BASICO,PRIVADO,URBANA,ABIERTA,MONOLINGUE,DOBLE,SEMIPRESENCIAL,GUATEMALA OCCIDENTE
00-07-0259-46,01-01-0106,CIUDAD CAPITAL,ZONA 7,CENTRO EDUCATIVO INNOVA,"14 CALLE 33-32, COLONIA EL RODEO ZONA 7",38171540,MARÍA DEL ROSARIO VARGAS SANDOVAL,LUCIA ALEJANDRA CRUZ CASTELLANOS,DIVERSIFICADO,PRIVADO,URBANA,ABIERTA,MONOLINGUE,DOBLE,SEMIPRESENCIAL,GUATEMALA OCCIDENTE
00-07-0260-46,01-643,CIUDAD CAPITAL,ZONA 7,COLEGIO PRE-UNIVERSITARIO CATOLICO DE GUATEMALA,37 AV. 3-18,,CESAR AUGUSTO ORTIZ HERNANDEZ,ROSA  ESTELA SILIEZAR  FLORES,DIVERSIFICADO,PRIVADO,URBANA,CERRADA DEFINITIVAMENTE,MONOLINGUE,MATUTINA,DIARIO(REGULAR),GUATEMALA OCCIDENTE
00-07-0261-45,01-01-0106,CIUDAD CAPITAL,ZONA 7,CENTRO EDUCATIVO INNOVA,"14 CALLE 33-32, COLONIA EL RODEO ZONA 7",38171540,MARÍA DEL ROSARIO VARGAS SANDOVAL,LUCIA ALEJANDRA CRUZ CASTELLANOS,BASICO,PRIVADO,URBANA,ABIERTA,MONOLINGUE,SIN JORNADA,SEMIPRESENCIAL (DOS DÍAS A LA SEMANA),GUATEMALA OCCIDENTE
00-07-0262-46,01-01-0106,CIUDAD CAPITAL,ZONA 7,CENTRO EDUCATIVO INNOVA,"14 CALLE 33-32, COLONIA EL RODEO ZONA 7",38171540,MARÍA DEL ROSARIO VARGAS SANDOVAL,LUCIA ALEJANDRA CRUZ CASTELLANOS,DIVERSIFICADO,PRIVADO,URBANA,ABIERTA,MONOLINGUE,SIN JORNADA,SEMIPRESENCIAL (DOS DÍAS A LA SEMANA),GUATEMALA OCCIDENTE
00-07-0263-42,01-01-0103,CIUDAD CAPITAL,ZONA 7,COLEGIO BLAISE PASCAL,"35 AVENIDA 25-02, COLONIA LAS MARGARITAS ZONA 7",53760030,DORIS DARLENY DUEÑAS CARRILLO,OSCAR ALFONSO AVILA FRANCIA,PARVULOS,PRIVADO,URBANA,ABIERTA,MONOLINGUE,DOBLE,SEMIPRESENCIAL,GUATEMALA OCCIDENTE
00-07-0264-43,01-01-0103,CIUDAD CAPITAL,ZONA 7,COLEGIO BLAISE PASCAL,"35 AVENIDA 25-02, COLONIA LAS MARGARITAS ZONA 7",53760030,DORIS DARLENY DUEÑAS CARRILLO,OSCAR ALFONSO AVILA FRANCIA,PRIMARIA,PRIVADO,URBANA,ABIERTA,MONOLINGUE,DOBLE,SEMIPRESENCIAL,GUATEMALA OCCIDENTE
00-07-0265-45,01-639,CIUDAD CAPITAL,ZONA 7,COLEGIO BLAISE PASCAL,"35 AVENIDA 25-02, COLONIA LAS MARGARITAS ZONA 7",53760030,LUDVIN RICARDO URRUTIA LORENTI,OSCAR ALFONSO AVILA FRANCIA,BASICO,PRIVADO,URBANA,ABIERTA,MONOLINGUE,DOBLE,SEMIPRESENCIAL,GUATEMALA OCCIDENTE
00-07-0266-46,01-01-0103,CIUDAD CAPITAL,ZONA 7,COLEGIO BLAISE PASCAL,"35 AVENIDA 25-02, COLONIA LAS MARGARITAS ZONA 7",53760030,DORIS DARLENY DUEÑAS CARRILLO,OSCAR ALFONSO AVILA FRANCIA,DIVERSIFICADO,PRIVADO,URBANA,ABIERTA,MONOLINGUE,DOBLE,SEMIPRESENCIAL,GUATEMALA OCCIDENTE
00-07-0267-46,01-639,CIUDAD CAPITAL,ZONA 7,COLEGIO BLAISE PASCAL,"35 AVENIDA 25-02, COLONIA LAS MARGARITAS ZONA 7",53760030,LUDVIN RICARDO URRUTIA LORENTI,OSCAR ALFONSO AVILA FRANCIA,DIVERSIFICADO,PRIVADO,URBANA,ABIERTA,MONOLINGUE,SIN JORNADA,SEMIPRESENCIAL (DOS DÍAS A LA SEMANA),GUATEMALA OCCIDENTE
00-07-0268-45,01-639,CIUDAD CAPITAL,ZONA 7,COLEGIO BLAISE PASCAL,"35 AVENIDA 25-02, COLONIA LAS MARGARITAS ZONA 7",53760030,LUDVIN RICARDO URRUTIA LORENTI,OSCAR ALFONSO AVILA FRANCIA,BASICO,PRIVADO,URBANA,ABIERTA,MONOLINGUE,SIN JORNADA,SEMIPRESENCIAL (DOS DÍAS A LA SEMANA),GUATEMALA OCCIDENTE
00-07-0269-46,01-639,CIUDAD CAPITAL,ZONA 7,"CENTRO DE EDUCACION EXTRAESCOLAR CEEX  ""EL ROI""","38 CALLE ""E"" 34-10 ZONA 7, COLONIA EL AMPARO",46810615,LUDVIN RICARDO URRUTIA LORENTI,WAGNER ROBERTO MARTÍNEZ FERNANDEZ,DIVERSIFICADO,PRIVADO,URBANA,ABIERTA,MONOLINGUE,DOBLE,SEMIPRESENCIAL,GUATEMALA OCCIDENTE
00-07-0270-43,01-01-0164,CIUDAD CAPITAL,ZONA 7,LICEO TÉCNICO DE CIENCIA Y TECNOLOGÍA,31 AVENIDA C 11-74 ZONA 7 COLONIA CENTROAMÉRICA,58996240,JUAN WALDEMAR CABRERA MÉNDEZ,JUAN LUIS JOCÓN UYÚ,PRIMARIA,PRIVADO,URBANA,ABIERTA,MONOLINGUE,DOBLE,SEMIPRESENCIAL,GUATEMALA OCCIDENTE
00-07-0271-45,01-01-0164,CIUDAD CAPITAL,ZONA 7,LICEO TÉCNICO DE CIENCIA Y TECNOLOGÍA,31 AVENIDA C 11-74 ZONA 7 COLONIA CENTROAMÉRICA,58996240,JUAN WALDEMAR CABRERA MÉNDEZ,JUAN LUIS JOCÓN UYÚ,BASICO,PRIVADO,URBANA,ABIERTA,MONOLINGUE,DOBLE,SEMIPRESENCIAL,GUATEMALA OCCIDENTE
00-07-0272-46,01-01-0164,CIUDAD CAPITAL,ZONA 7,LICEO TÉCNICO DE CIENCIA Y TECNOLOGÍA,31 AVENIDA C 11-74 ZONA 7 COLONIA CENTROAMÉRICA,5899624,JUAN WALDEMAR CABRERA MÉNDEZ,JUAN LUIS JOCÓN UYÚ,DIVERSIFICADO,PRIVADO,URBANA,ABIERTA,MONOLINGUE,SIN JORNADA,SEMIPRESENCIAL (DOS DÍAS A LA SEMANA),GUATEMALA OCCIDENTE
00-07-0273-46,01-01-0164,CIUDAD CAPITAL,ZONA 7,LICEO TÉCNICO DE CIENCIA Y TECNOLOGÍA,31 AVENIDA C 11-74 ZONA 7 COLONIA CENTROAMÉRICA,58996240,JUAN WALDEMAR CABRERA MÉNDEZ,JUAN LUIS JOCÓN UYÚ,DIVERSIFICADO,PRIVADO,URBANA,ABIERTA,MONOLINGUE,DOBLE,SEMIPRESENCIAL,GUATEMALA OCCIDENTE
00-07-0274-43,01-639,CIUDAD CAPITAL,ZONA 7,COLEGIO WONDERLAND DE GUATEMALA,"30 AVENIDA D, 11-73 COLONIA TIKAL 1, ZONA 7 GUATEMALA",54114550,LUDVIN RICARDO URRUTIA LORENTI,LOURDES NINNETHE MARROQUIN TRABANINO,PRIMARIA,PRIVADO,URBANA,ABIERTA,MONOLINGUE,DOBLE,SEMIPRESENCIAL,GUATEMALA OCCIDENTE
00-07-0275-42,01-01-0106,CIUDAD CAPITAL,ZONA 7,ESCUELA OFICIAL DE PÁRVULOS,1A. AVENIDA 6-79 ZONA 7 COLONIA LANDÍVAR,54100248,MARÍA DEL ROSARIO VARGAS SANDOVAL,JUANA FRANCISCA ESTRADA LÓPEZ,PARVULOS,OFICIAL,URBANA,ABIERTA,MONOLINGUE,VESPERTINA,DIARIO(REGULAR),GUATEMALA OCCIDENTE
00-07-0276-45,01-01-0106,CIUDAD CAPITAL,ZONA 7,CENTRO EDUCATIVO EDUNOVA,CALZADA ROOSEVELT 14-82 ZONA 7,30849405,MARÍA DEL ROSARIO VARGAS SANDOVAL,NYDIA RAQUEL CASTAÑEDA,BASICO,PRIVADO,URBANA,ABIERTA,MONOLINGUE,SIN JORNADA,SEMIPRESENCIAL (DOS DÍAS A LA SEMANA),GUATEMALA OCCIDENTE
00-07-0277-46,01-99-0090,CIUDAD CAPITAL,ZONA 7,CENTRO EDUCATIVO EDUNOVA,CALZADA ROOSEVELT 14-82 ZONA 7,30849405,IDALIA DEL ROSARIO LÓPEZ SANDOVAL,NYDIA RAQUEL CASTAÑEDA,DIVERSIFICADO,PRIVADO,URBANA,ABIERTA,MONOLINGUE,SIN JORNADA,SEMIPRESENCIAL (FIN DE SEMANA),GUATEMALA OCCIDENTE
00-07-0278-43,01-01-0106,CIUDAD CAPITAL,ZONA 7,LICEO DE CIENCIA Y TECNOLOGÍA,CALZADA SAN JUAN 37-78 ZONA 7 EL RODEO,24321644,MARÍA DEL ROSARIO VARGAS SANDOVAL,VILMA ISABEL OROZCO LÓPEZ,PRIMARIA,PRIVADO,URBANA,ABIERTA,MONOLINGUE,DOBLE,SEMIPRESENCIAL,GUATEMALA OCCIDENTE
00-07-0279-45,01-01-0106,CIUDAD CAPITAL,ZONA 7,LICEO DE CIENCIA Y TECNOLOGÍA,CALZADA SAN JUAN 37-78 ZONA 7 COLONIA EL RODEO,24321644,MARÍA DEL ROSARIO VARGAS SANDOVAL,DELIA DEL CARMEN MARTÍNEZ POSADAS,BASICO,PRIVADO,URBANA,ABIERTA,MONOLINGUE,DOBLE,SEMIPRESENCIAL,GUATEMALA OCCIDENTE
00-07-0280-45,01-01-0106,CIUDAD CAPITAL,ZONA 7,LICEO DE CIENCIA Y TECNOLOGÍA,CALZADA SAN JUAN 37-78 ZONA 7 COLONIA EL RODEO,24321644,MARÍA DEL ROSARIO VARGAS SANDOVAL,DELIA DEL CARMEN MARTÍNEZ POSADAS,BASICO,PRIVADO,URBANA,ABIERTA,MONOLINGUE,SIN JORNADA,SEMIPRESENCIAL (UN DÍA A LA SEMANA),GUATEMALA OCCIDENTE
00-07-0281-46,01-01-0106,CIUDAD CAPITAL,ZONA 7,LICEO DE CIENCIA Y TECNOLOGÍA,CALZADA SAN JUAN 37-78 ZONA 7 COLONIA EL RODEO,24321644,MARÍA DEL ROSARIO VARGAS SANDOVAL,DELIA DEL CARMEN MARTÍNEZ POSADAS,DIVERSIFICADO,PRIVADO,URBANA,ABIERTA,MONOLINGUE,DOBLE,SEMIPRESENCIAL,GUATEMALA OCCIDENTE
00-07-0282-46,01-01-0106,CIUDAD CAPITAL,ZONA 7,LICEO DE CIENCIA Y TECNOLOGÍA,CALZADA SAN JUAN 37-78 ZONA 7 COLONIA EL RODEO,24321644,MARÍA DEL ROSARIO VARGAS SANDOVAL,DELIA DEL CARMEN MARTÍNEZ POSADAS,DIVERSIFICADO,PRIVADO,URBANA,ABIERTA,MONOLINGUE,DOBLE,SEMIPRESENCIAL,GUATEMALA OCCIDENTE
00-07-0283-44,01-01-0106,CIUDAD CAPITAL,ZONA 7,LICEO DE CIENCIA Y TECNOLOGÍA,CALZADA SAN JUAN 37-78 COLONIA EL RODEO ZONA 7,24321644,MARÍA DEL ROSARIO VARGAS SANDOVAL,VILMA ISABEL OROZCO LÓPEZ,PRIMARIA DE ADULTOS,PRIVADO,URBANA,ABIERTA,MONOLINGUE,DOBLE,SEMIPRESENCIAL,GUATEMALA OCCIDENTE
00-07-0284-45,01-01-0103,CIUDAD CAPITAL,ZONA 7,COLEGIO BILINGÜE CRISTIANO EL ÁRBOL DEL CONOCIMIENTO,"32 AVENIDA ""D"" 45-25 ZONA 7, LOS GRANIZOS II",42035921,DORIS DARLENY DUEÑAS CARRILLO,XENI SARAHÍ PAZ MONTEZUMA,BASICO,PRIVADO,URBANA,ABIERTA,MONOLINGUE,SIN JORNADA,SEMIPRESENCIAL (UN DÍA A LA SEMANA),GUATEMALA OCCIDENTE
00-07-0285-46,01-99-0090,CIUDAD CAPITAL,ZONA 7,LICEO DE FORMACIÓN PROFESIONAL,35 AVENIDA 25-02 COLONIA LAS MARGARITAS ZONA 7,59445400,IDALIA DEL ROSARIO LÓPEZ SANDOVAL,EDITH NOHEMY PAZ CASTILLO DE MELGAR,DIVERSIFICADO,PRIVADO,URBANA,ABIERTA,MONOLINGUE,DOBLE,FIN DE SEMANA,GUATEMALA OCCIDENTE
00-07-0286-42,01-01-0106,CIUDAD CAPITAL,ZONA 7,LICEO FLORENTINO-GUATEMALTECO,5TA. AVE. 5-38 ZONA 7,47134006,MARÍA DEL ROSARIO VARGAS SANDOVAL,MILDRED ARELY BARRIOS DE LEÓN,PARVULOS,PRIVADO,URBANA,ABIERTA,MONOLINGUE,MATUTINA,DIARIO(REGULAR),GUATEMALA OCCIDENTE
00-07-0287-43,01-01-0106,CIUDAD CAPITAL,ZONA 7,LICEO FLORENTINO-GUATEMALTECO,5TA. AVE. 5-38 ZONA 7,47134006,MARÍA DEL ROSARIO VARGAS SANDOVAL,LUZ MARINA GÓMEZ MORALES,PRIMARIA,PRIVADO,URBANA,ABIERTA,MONOLINGUE,MATUTINA,DIARIO(REGULAR),GUATEMALA OCCIDENTE
00-07-0528-42,,CIUDAD CAPITAL,ZONA 7,EODP NO.19 'ADOLFO VIDES URRUTIA',12 AVE. 3-88 COLONIA QUINTA SAMAYOA,,,,PARVULOS,OFICIAL,URBANA,CERRADA DEFINITIVAMENTE,MONOLINGUE,MATUTINA,DIARIO(REGULAR),GUATEMALA OCCIDENTE
00-07-0529-42,01-01-0163,CIUDAD CAPITAL,ZONA 7,EODP NO.66  HUGO TULIO BUCARO,31 AVE.  C  6-08 COLONIA CENTRO AMERICA,47588249,FEDERICO ESTUARDO IRUNGARAY SAMAYOA,INGRID AURORA CORDÓN POLO,PARVULOS,OFICIAL,URBANA,ABIERTA,MONOLINGUE,MATUTINA,DIARIO(REGULAR),GUATEMALA OCCIDENTE
00-07-0530-42,01-01-0164,CIUDAD CAPITAL,ZONA 7,EODP NO.149 '4 DE FEBRERO',29 AVENIDA 'C' 23-58 COLONIA 4 DE FEBRERO,24746789,JUAN WALDEMAR CABRERA MÉNDEZ,ELSA ILIANA BARILLAS ALTÁN,PARVULOS,OFICIAL,URBANA,ABIERTA,MONOLINGUE,MATUTINA,DIARIO(REGULAR),GUATEMALA OCCIDENTE
00-07-0531-42,01-01-0163,CIUDAD CAPITAL,ZONA 7,EODP NO.14 'VICENTA LAPARRA DE LA CERDA',8A AVE. 12-10 COLONIA CASTILLO LARA,58386570,FEDERICO ESTUARDO IRUNGARAY SAMAYOA,LILIAN ISABEL DE  LEÓN ZEPEDA,PARVULOS,OFICIAL,URBANA,ABIERTA,MONOLINGUE,MATUTINA,DIARIO(REGULAR),GUATEMALA OCCIDENTE
00-07-0532-42,01-01-0163,CIUDAD CAPITAL,ZONA 7,EODP NO.65,6A CALLE 11-44 COLONIA QUINTANA SAMAYOA,55236738,FEDERICO ESTUARDO IRUNGARAY SAMAYOA,JÉSSICA CAROLINA PINEDA MOTTA,PARVULOS,OFICIAL,URBANA,ABIERTA,MONOLINGUE,MATUTINA,DIARIO(REGULAR),GUATEMALA OCCIDENTE
00-07-0533-42,01-01-0103,CIUDAD CAPITAL,ZONA 7,EODP NO.39 'RAMON CASTILLA',32 AVENIDA A 40-17 COLONIA AMPARO II ZONA 7,57770033,DORIS DARLENY DUEÑAS CARRILLO,ZITA ESTHER RODAS VIVAR,PARVULOS,OFICIAL,URBANA,ABIERTA,MONOLINGUE,MATUTINA,DIARIO(REGULAR),GUATEMALA OCCIDENTE
00-07-0534-42,01-01-0103,CIUDAD CAPITAL,ZONA 7,EODP NO.70 MADRE DORMIDA,"31 AVENIDA 'C', COLONIA MADRE DORMIDA, BETHANIA",58258974,DORIS DARLENY DUEÑAS CARRILLO,VILMA JETZABEL HERNANDEZ VELASQUEZ,PARVULOS,OFICIAL,URBANA,ABIERTA,MONOLINGUE,MATUTINA,DIARIO(REGULAR),GUATEMALA OCCIDENTE
00-07-0535-42,01-01-0103,CIUDAD CAPITAL,ZONA 7,EODP NO.64,34 CALLE Y 11 AVENIDA 'B',50193350,DORIS DARLENY DUEÑAS CARRILLO,ANGELA BEATRIZ PAYÉS ESPINOZA,PARVULOS,OFICIAL,URBANA,ABIERTA,MONOLINGUE,MATUTINA,DIARIO(REGULAR),GUATEMALA OCCIDENTE
00-07-0536-42,01-01-0164,CIUDAD CAPITAL,ZONA 7,EODP ANEXA A 'PLAN EDUCATIVO 4 DE FEBRERO',29 AVE. C 23-58 COLONIA 4 DE FEBRERO,51378053,JUAN WALDEMAR CABRERA MÉNDEZ,CLAUDIA WALLESKA GARCÍA GONZÁLEZ,PARVULOS,OFICIAL,URBANA,ABIERTA,MONOLINGUE,VESPERTINA,DIARIO(REGULAR),GUATEMALA OCCIDENTE
00-07-0537-42,01-01-0164,CIUDAD CAPITAL,ZONA 7,EODP ANEXA A EOUM NO.122 'JAPON',2A AVE. Y 4A CALLE COLONIA LA VERBENA,24454404,JUAN WALDEMAR CABRERA MÉNDEZ,AXEL WALDEMAR RUIZ RODAS,PARVULOS,OFICIAL,URBANA,ABIERTA,MONOLINGUE,MATUTINA,DIARIO(REGULAR),GUATEMALA OCCIDENTE
00-07-0538-42,01-01-0103,CIUDAD CAPITAL,ZONA 7,EODP ANEXA A EOUM NO.901  AMPARO I,33 AVE. 36-60 SAKERTI II,50137544,DORIS DARLENY DUEÑAS CARRILLO,NANCY WALKIRIA DE LEÓN ENRIQUEZ,PARVULOS,OFICIAL,URBANA,ABIERTA,MONOLINGUE,MATUTINA,DIARIO(REGULAR),GUATEMALA OCCIDENTE
00-07-0539-42,,CIUDAD CAPITAL,ZONA 7,EODP ANEXA A EOUM 'ASENTAMIENTO PATRONATO ANTIALCOHOLICO',COLONIA EL AMPARO,,,,PARVULOS,OFICIAL,URBANA,CERRADA DEFINITIVAMENTE,MONOLINGUE,MATUTINA,DIARIO(REGULAR),GUATEMALA OCCIDENTE
00-07-0540-42,01-01-0106,CIUDAD CAPITAL,ZONA 7,EODP ANEXA A EOUM NO.60 LUZ VALLE,1A AVE. 6-79 COLONIA LANDIVAR,35714140,MARÍA DEL ROSARIO VARGAS SANDOVAL,SANDRA PRISCILA URRUTIA SANDOVAL,PARVULOS,OFICIAL,URBANA,ABIERTA,MONOLINGUE,MATUTINA,DIARIO(REGULAR),GUATEMALA OCCIDENTE
00-07-0541-42,01-01-0103,CIUDAD CAPITAL,ZONA 7,EODP ANEXA A EOUM NO.441 'LAS GALERAS',38 CALLE 33-20 COLONIA EL AMPARO,42178395,DORIS DARLENY DUEÑAS CARRILLO,DÉBORA ABIGAÍL ARCHILA GRANILLO,PARVULOS,OFICIAL,URBANA,ABIERTA,MONOLINGUE,MATUTINA,DIARIO(REGULAR),GUATEMALA OCCIDENTE
00-07-0542-42,01-01-0164,CIUDAD CAPITAL,ZONA 7,EODP ANEXA A EODP NO.516 'KJELL EUGENIO LAUGERUD',ANILLO PERIFERICO,37701940,JUAN WALDEMAR CABRERA MÉNDEZ,GILDA LUCRECIA BARRIOS CLEAVES,PARVULOS,OFICIAL,URBANA,ABIERTA,MONOLINGUE,MATUTINA,DIARIO(REGULAR),GUATEMALA OCCIDENTE
00-07-0543-42,01-01-0106,CIUDAD CAPITAL,ZONA 7,LICEO MIXTO 'FLORENTINO',5A AVE. 5-02 COLONIA LANDIVAR GUATEMALA,47134006,MARÍA DEL ROSARIO VARGAS SANDOVAL,MILDRED ARELY BARRIOS DE LEÓN,PARVULOS,PRIVADO,URBANA,ABIERTA,MONOLINGUE,MATUTINA,DIARIO(REGULAR),GUATEMALA OCCIDENTE
00-07-0544-42,,CIUDAD CAPITAL,ZONA 7,COLEGIO MIXTO AMSTERDAM,31 AVE. 14-04 CIUDAD DE PLATA II,24739588,,,PARVULOS,PRIVADO,URBANA,CERRADA DEFINITIVAMENTE,MONOLINGUE,MATUTINA,DIARIO(REGULAR),GUATEMALA OCCIDENTE
00-07-0545-42,01-619,CIUDAD CAPITAL,ZONA 7,EPDP ANEXA A COLEGIO 'GUATEMALA INFANTIL',8A CALLE 6-14 COLONIA LANDIVAR,24713068,JUAN WALDEMAR CABRERA MENDEZ,,PARVULOS,PRIVADO,URBANA,CERRADA TEMPORALMENTE,MONOLINGUE,MATUTINA,DIARIO(REGULAR),GUATEMALA OCCIDENTE
00-07-0546-42,01-623,CIUDAD CAPITAL,ZONA 7,EPDP 'JARDIN INFANTIL MARYSOL',25 AVE. 7-27 KAMINAL JUYU I,24740256,FEDERICO ESTUARDO IRUNGARAY SAMAYOA,,PARVULOS,PRIVADO,URBANA,CERRADA TEMPORALMENTE,MONOLINGUE,MATUTINA,DIARIO(REGULAR),GUATEMALA OCCIDENTE
00-07-0547-42,,CIUDAD CAPITAL,ZONA 7,EPDP 'JARDIN INFANTIL BILINGUE LOS TROCITOS',13 CALLE 'B' 28-38 CIUDAD DE PLATA I,,,,PARVULOS,PRIVADO,URBANA,CERRADA DEFINITIVAMENTE,MONOLINGUE,MATUTINA,DIARIO(REGULAR),GUATEMALA OCCIDENTE
00-07-0548-42,,CIUDAD CAPITAL,ZONA 7,EPDP 'JARDIN INFANTIL GUATEMALTECO',10 AVE. 3-34,,,,PARVULOS,PRIVADO,URBANA,CERRADA DEFINITIVAMENTE,MONOLINGUE,MATUTINA,DIARIO(REGULAR),GUATEMALA OCCIDENTE
00-07-0549-42,01-623,CIUDAD CAPITAL,ZONA 7,EPDP ESCUELA PRIVADA DE PARVULOS KINDERGARTEN MUNDO ALEGRE.,10A CALLE 30-43 TIKAL I,24739273,FEDERICO ESTUARDO IRUNGARAY SAMAYOA,,PARVULOS,PRIVADO,URBANA,CERRADA TEMPORALMENTE,MONOLINGUE,MATUTINA,DIARIO(REGULAR),GUATEMALA OCCIDENTE
00-07-0550-42,01-01-0163,CIUDAD CAPITAL,ZONA 7,ANEXA A  LICEO CRISTIANO LUZ Y VIDA,11 AVE. 8-17 COLONIA QUINTA SAMAYOA,30120210,FEDERICO ESTUARDO IRUNGARAY SAMAYOA,VELMA LYSET GALINDO OVALLE,PARVULOS,PRIVADO,URBANA,ABIERTA,MONOLINGUE,MATUTINA,DIARIO(REGULAR),GUATEMALA OCCIDENTE
00-07-0551-42,,CIUDAD CAPITAL,ZONA 7,EPDP ANEXA A COLEGIO 'MACDERMONT',CARRETERA VIEJA A MIXCO,,,,PARVULOS,PRIVADO,URBANA,CERRADA DEFINITIVAMENTE,MONOLINGUE,MATUTINA,DIARIO(REGULAR),GUATEMALA OCCIDENTE
00-07-0552-42,01-619,CIUDAD CAPITAL,ZONA 7,EPDP ANEXA A COLEGIO PARTICULAR MIXTO BILINGUE 'SAN JUAN',37 AVE. 3-38 COLONIA EL RODEO,4332553/4312691,JUAN WALDEMAR CABRERA MENDEZ,,PARVULOS,PRIVADO,URBANA,CERRADA DEFINITIVAMENTE,MONOLINGUE,MATUTINA,DIARIO(REGULAR),GUATEMALA OCCIDENTE
00-07-0554-42,01-01-0106,CIUDAD CAPITAL,ZONA 7,COLEGIO  MONTE CARMELO,2A CALLE 32-41 ZONA 7,24346629,MARÍA DEL ROSARIO VARGAS SANDOVAL,AQUILINA DE JESÚS BRACAMONTE CERMEÑO,PARVULOS,PRIVADO,URBANA,ABIERTA,MONOLINGUE,MATUTINA,DIARIO(REGULAR),GUATEMALA OCCIDENTE
00-07-0555-42,01-619,CIUDAD CAPITAL,ZONA 7,COLEGIO EXPERIMENTAL CRISTIANO VERBO NO.2,"27 AVENIDA 8-36 EL NARANJO, ZONA 4 MIXCO",22104848,JUAN WALDEMAR CABRERA MENDEZ,CLAUDIA LORENA ERALES ORELLANA,PARVULOS,PRIVADO,URBANA,CERRADA DEFINITIVAMENTE,MONOLINGUE,MATUTINA,DIARIO(REGULAR),GUATEMALA OCCIDENTE
00-07-0556-42,01-01-0103,CIUDAD CAPITAL,ZONA 7,COLEGIO PARROQUIAL MIXTO 'SAN VICENTE DE PAUL BETHANIA',34 AVE. 27-21 COLONIA LAS MARGARITAS  ZONA 7 CIUDAD DE GUATEMALA,52089352,DORIS DARLENY DUEÑAS CARRILLO,THELMA ELIZABETH LÓPEZ FIGUEROA,PARVULOS,PRIVADO,URBANA,ABIERTA,MONOLINGUE,MATUTINA,DIARIO(REGULAR),GUATEMALA OCCIDENTE
00-07-0557-42,01-01-0163,CIUDAD CAPITAL,ZONA 7,COLEGIO PRIVADO MIXTO  SAN FRANCISCO DE ASIS,"8A. AVENIDA 5-55, COLONIA QUINTA SAMAYOA",58605280,FEDERICO ESTUARDO IRUNGARAY SAMAYOA,LILIAN AMPARO ALVIZURES GIRÓN,PARVULOS,PRIVADO,URBANA,ABIERTA,MONOLINGUE,MATUTINA,DIARIO(REGULAR),GUATEMALA OCCIDENTE
00-07-0558-42,01-619,CIUDAD CAPITAL,ZONA 7,EPDP ANEXA A COLEGIO MIXTO 'SANTA CATALINA',11 AVE.'A' 10-70 COLONIA CASTILLO LARA,24752660,JUAN WALDEMAR CABRERA MENDEZ,,PARVULOS,PRIVADO,URBANA,CERRADA TEMPORALMENTE,MONOLINGUE,MATUTINA,DIARIO(REGULAR),GUATEMALA OCCIDENTE
00-07-0559-42,01-01-0106,CIUDAD CAPITAL,ZONA 7,COLEGIO MIXTO  MARIA DE FATIMA,37 AVE. 2-64,24394552,MARÍA DEL ROSARIO VARGAS SANDOVAL,ANA MARÍA TURCIOS OSORIO,PARVULOS,PRIVADO,URBANA,ABIERTA,MONOLINGUE,MATUTINA,DIARIO(REGULAR),GUATEMALA OCCIDENTE
00-07-0560-42,01-01-0106,CIUDAD CAPITAL,ZONA 7,COLEGIO 'PEQUEQAS ESTRELLAS GEMELAS',31 AVE. 'A' 14-41 CIUDAD DE PLATA II,57049550,MARÍA DEL ROSARIO VARGAS SANDOVAL,MARTA DIAMANTI PETZ,PARVULOS,PRIVADO,URBANA,ABIERTA,MONOLINGUE,MATUTINA,DIARIO(REGULAR),GUATEMALA OCCIDENTE
00-07-0561-42,01-619,CIUDAD CAPITAL,ZONA 7,COLEGIO MIXTO ADVENTISTA  EL PROGRESO,2A CALLE 35-44,24313352,JUAN WALDEMAR CABRERA MENDEZ,MARTA ILIANA RUIZ REYES,PARVULOS,PRIVADO,URBANA,CERRADA TEMPORALMENTE,MONOLINGUE,MATUTINA,DIARIO(REGULAR),GUATEMALA OCCIDENTE
00-07-0562-42,,CIUDAD CAPITAL,ZONA 7,EPDP ANEXA A COLEGIO 'JARDIN DE LOS ENANITOS',20 AVE. 5-70 KAMINAL JUYU I,,,,PARVULOS,PRIVADO,URBANA,CERRADA TEMPORALMENTE,MONOLINGUE,MATUTINA,DIARIO(REGULAR),GUATEMALA OCCIDENTE
00-07-0562-43,,CIUDAD CAPITAL,ZONA 7,EPDP ANEXA A COLEGIO MIXTO 'LA FAMILIA',9A CALLE 13-10 COLONIA CASTILLO LARA,,,,PRIMARIA,PRIVADO,URBANA,CERRADA DEFINITIVAMENTE,MONOLINGUE,MATUTINA,DIARIO(REGULAR),GUATEMALA OCCIDENTE
00-07-0563-42,,CIUDAD CAPITAL,ZONA 7,EPDP ANEXA A COLEGIO MIXTO 'LA FAMILIA',9A CALLE 13-10 COLONIA CASTILLO LARA,,,,PARVULOS,PRIVADO,URBANA,CERRADA DEFINITIVAMENTE,MONOLINGUE,MATUTINA,DIARIO(REGULAR),GUATEMALA OCCIDENTE
00-07-0564-42,,CIUDAD CAPITAL,ZONA 7,EPDP ANEXA A ESCUELA CRISTIANA GUATEMALTECA 'SOREC',11 CALLE 33-78 COLONIA TIKAL II,,,,PARVULOS,PRIVADO,URBANA,CERRADA TEMPORALMENTE,MONOLINGUE,MATUTINA,DIARIO(REGULAR),GUATEMALA OCCIDENTE
00-07-0565-42,01-01-0103,CIUDAD CAPITAL,ZONA 7,CENTRO EDUCATIVO FE Y ALEGRIA  NO.9,32 AVE.  B  38-01 COLONIA AMPARO II,24319989,DORIS DARLENY DUEÑAS CARRILLO,CANDICE MARÍA HERNÁNDEZ LUNA,PARVULOS,PRIVADO,URBANA,ABIERTA,MONOLINGUE,MATUTINA,DIARIO(REGULAR),GUATEMALA OCCIDENTE
00-07-0566-42,,CIUDAD CAPITAL,ZONA 7,EPDP ANEXA A COLEGIO 'CENTROAMERICANO BILINGUE',33 AVE. 13-09 JARDINES DE TIKAL II,55934411,,,PARVULOS,PRIVADO,URBANA,CERRADA TEMPORALMENTE,MONOLINGUE,MATUTINA,DIARIO(REGULAR),GUATEMALA OCCIDENTE
00-07-0567-43,01-01-0103,CIUDAD CAPITAL,ZONA 7,EOUV NO.60 ABRAHAM ORANTES Y ORANTES,AVE. MOCTEZUMA 31-09 COLONIA BETHANIA,59672250,DORIS DARLENY DUEÑAS CARRILLO,CLAUDIA MARISEL GODINEZ MINERA,PRIMARIA,OFICIAL,URBANA,ABIERTA,MONOLINGUE,MATUTINA,DIARIO(REGULAR),GUATEMALA OCCIDENTE
00-07-0568-43,01-617,CIUDAD CAPITAL,ZONA 7,EOUM NO.42 BELICE,8A. AVE. A 11-31 COLONIA CASTILLO LARA,24754411,MARIA DEL ROSARIO VARGAS SANDOVAL,RUBIA ARGENTINA PALMA ESPINA,PRIMARIA,OFICIAL,URBANA,CERRADA DEFINITIVAMENTE,MONOLINGUE,VESPERTINA,DIARIO(REGULAR),GUATEMALA OCCIDENTE
00-07-0569-43,01-01-0164,CIUDAD CAPITAL,ZONA 7,EOUV NO.48 25 DE SEPTIEMBRE,6A. CALLE A 14-59 COLONIA QUINTA SAMAYOA,24712910,JUAN WALDEMAR CABRERA MÉNDEZ,BESSIE MAGDALENA HERNÁNDEZ GARCÍA,PRIMARIA,OFICIAL,URBANA,ABIERTA,MONOLINGUE,MATUTINA,DIARIO(REGULAR),GUATEMALA OCCIDENTE
00-07-0570-43,01-01-0106,CIUDAD CAPITAL,ZONA 7,EOUV NO.32 REPUBLICA ORIENTAL DEL URUGUAY,"8A. AVENIDA A 11-31 COLONIA CASTILLO LARA,",42146823,MARÍA DEL ROSARIO VARGAS SANDOVAL,ADA ARMENIA TRINIDAD LARA,PRIMARIA,OFICIAL,URBANA,ABIERTA,MONOLINGUE,MATUTINA,DIARIO(REGULAR),GUATEMALA OCCIDENTE
00-07-0571-43,01-01-0103,CIUDAD CAPITAL,ZONA 7,EOUV NO.23 'RAFAEL MAURICIO',38 CALLE 33-92 AMPARO I ALDEA CERRO ALTO,54175642,DORIS DARLENY DUEÑAS CARRILLO,FELICIANA  VIVAR GUDIEL,PRIMARIA,OFICIAL,URBANA,ABIERTA,MONOLINGUE,VESPERTINA,DIARIO(REGULAR),GUATEMALA OCCIDENTE
00-07-0572-43,01-617,CIUDAD CAPITAL,ZONA 7,EOUV NO.58 'VENANCIO RAQUEL PALACIOS CORDON',ANILLO PERIFERICO COLONIA KJELL LAUGERUD,59458360,MARIA DEL ROSARIO VARGAS SANDOVAL,,PRIMARIA,OFICIAL,URBANA,CERRADA TEMPORALMENTE,MONOLINGUE,VESPERTINA,DIARIO(REGULAR),GUATEMALA OCCIDENTE
00-07-0573-43,01-01-0106,CIUDAD CAPITAL,ZONA 7,EOUM NO.36 JOSE MARTI,1A. AVENIDA 6-79 ZONA 7 COLONIA LANDIVAR,54100248,MARÍA DEL ROSARIO VARGAS SANDOVAL,ERICKA ZULEMA PONCE GALIANO,PRIMARIA,OFICIAL,URBANA,ABIERTA,MONOLINGUE,VESPERTINA,DIARIO(REGULAR),GUATEMALA OCCIDENTE
00-07-0574-43,01-01-0164,CIUDAD CAPITAL,ZONA 7,EOUM DAVID VELA,31 AVE. C 5-56 COLONIA CENTRO AMERICA,57122144,JUAN WALDEMAR CABRERA MÉNDEZ,GLADYS ANABELLA FERNÁNDEZ,PRIMARIA,OFICIAL,URBANA,ABIERTA,MONOLINGUE,VESPERTINA,DIARIO(REGULAR),GUATEMALA OCCIDENTE
00-07-0575-43,01-01-0164,CIUDAD CAPITAL,ZONA 7,EOUM NO.55 SARA CERNA ZEPEDA,31 AVE. C 5-56 COLONIA CENTRO AMERICA,56466264,JUAN WALDEMAR CABRERA MÉNDEZ,KARLA GABRIELA GARCÍA GARCÍA,PRIMARIA,OFICIAL,URBANA,ABIERTA,MONOLINGUE,MATUTINA,DIARIO(REGULAR),GUATEMALA OCCIDENTE
00-07-0576-43,01-01-0106,CIUDAD CAPITAL,ZONA 7,ESCUELA NACIONAL URBANA PARA NIÑAS NO. 120 REPUBLICA DE COREA,8A AVE. 13-06 COLONIA CASTILLO LARA,42159502,MARÍA DEL ROSARIO VARGAS SANDOVAL,DELMY KAROLINA BOCANEGRA PALMA,PRIMARIA,OFICIAL,URBANA,ABIERTA,MONOLINGUE,MATUTINA,DIARIO(REGULAR),GUATEMALA OCCIDENTE
00-07-0577-43,01-01-0163,CIUDAD CAPITAL,ZONA 7,EOUN NO.52 EMMA GONZALEZ DE LOPEZ,13 AVE. 5-18,33186520,FEDERICO ESTUARDO IRUNGARAY SAMAYOA,CLAUDIA MARIA FAJARDO SILIEZAR,PRIMARIA,OFICIAL,URBANA,ABIERTA,MONOLINGUE,MATUTINA,DIARIO(REGULAR),GUATEMALA OCCIDENTE
00-07-0578-43,01-01-0164,CIUDAD CAPITAL,ZONA 7,EOUN NO.70 DELIA LUZ DE CASTELLANOS,11 CALLE 12-60 COLONIA CASTILLO LARA,24405280,JUAN WALDEMAR CABRERA MÉNDEZ,ROSAURA YSABEL CÓRDOVA BARRIOS,PRIMARIA,OFICIAL,URBANA,ABIERTA,MONOLINGUE,MATUTINA,DIARIO(REGULAR),GUATEMALA OCCIDENTE
00-07-0579-43,01-01-0106,CIUDAD CAPITAL,ZONA 7,EOUN NO.43  PEDRO JOSE VALENZUELA,8A AVE.  A  13-06 COLONIA CASTILLO LARA,51245058,MARÍA DEL ROSARIO VARGAS SANDOVAL,ISIS ARILIS MEJÍA URIZAR,PRIMARIA,OFICIAL,URBANA,ABIERTA,MONOLINGUE,VESPERTINA,DIARIO(REGULAR),GUATEMALA OCCIDENTE
00-07-0580-43,01-01-0164,CIUDAD CAPITAL,ZONA 7,EOUM NO.92 'MIGUEL ANGEL ASTURIAS',AVE. MOCTEZUMA 31-09 COLONIA BETHANIA,42208432,JUAN WALDEMAR CABRERA MÉNDEZ,CRISTHIAN OSEAS HERNÁNDEZ CASTRO,PRIMARIA,OFICIAL,URBANA,ABIERTA,MONOLINGUE,VESPERTINA,DIARIO(REGULAR),GUATEMALA OCCIDENTE
00-07-0581-43,01-01-0164,CIUDAD CAPITAL,ZONA 7,EOUM NO.122 JAPON,2A AVE. Y 4A CALLE COLONIA LA VERBENA,24454404,JUAN WALDEMAR CABRERA MÉNDEZ,AXEL WALDEMAR RUIZ RODAS,PRIMARIA,OFICIAL,URBANA,ABIERTA,MONOLINGUE,MATUTINA,DIARIO(REGULAR),GUATEMALA OCCIDENTE
00-07-0582-43,01-01-0163,CIUDAD CAPITAL,ZONA 7,EOUM NO.74 GABRIEL ARRIOLA PORRES,12 AVENIDA  05-45  COLONIA QUINTA  SAMAYOA  ZONA  7,24715037,FEDERICO ESTUARDO IRUNGARAY SAMAYOA,ZILDA MARILYN CONSUELO MARROQUIN LOCÓN,PRIMARIA,OFICIAL,URBANA,ABIERTA,MONOLINGUE,MATUTINA,DIARIO(REGULAR),GUATEMALA OCCIDENTE
00-07-0583-43,,CIUDAD CAPITAL,ZONA 7,EOUM NO.444 'NIÑO DORMIDO',ANILLO PERIFERICO,,,,PRIMARIA,OFICIAL,URBANA,CERRADA DEFINITIVAMENTE,MONOLINGUE,MATUTINA,DIARIO(REGULAR),GUATEMALA OCCIDENTE
00-07-0584-43,01-01-0103,CIUDAD CAPITAL,ZONA 7,EOUM NO.901 AMPARO I,33 AVE. 36-60 COLONIA SAKERTI II,50137544,DORIS DARLENY DUEÑAS CARRILLO,NANCY WALKIRIA DE LEÓN ENRIQUEZ,PRIMARIA,OFICIAL,URBANA,ABIERTA,MONOLINGUE,MATUTINA,DIARIO(REGULAR),GUATEMALA OCCIDENTE
00-07-0585-43,01-01-0106,CIUDAD CAPITAL,ZONA 7,EOUM NO.60 LUZ VALLE,1A AVE. 6-79 COLONIA LANDIVAR,35744140,MARÍA DEL ROSARIO VARGAS SANDOVAL,SANDRA PRISCILA URRUTIA SANDOVAL,PRIMARIA,OFICIAL,URBANA,ABIERTA,MONOLINGUE,MATUTINA,DIARIO(REGULAR),GUATEMALA OCCIDENTE
00-07-0586-43,01-01-0106,CIUDAD CAPITAL,ZONA 7,EOUM GUERNICA,31 AVENIDA C COLONIA SANTA ELENA I,54686105,MARÍA DEL ROSARIO VARGAS SANDOVAL,MAYRA ALEJANDRA VASQUEZ COSAJAY,PRIMARIA,OFICIAL,URBANA,ABIERTA,MONOLINGUE,MATUTINA,DIARIO(REGULAR),GUATEMALA OCCIDENTE
00-07-0587-43,01-01-0164,CIUDAD CAPITAL,ZONA 7,EOUM NO.71  FRANKLIN DELANO ROOSEVELT,CALZADA SAN JUAN 40-00 EL RODEO,30513993,JUAN WALDEMAR CABRERA MÉNDEZ,LUIS ARTURO CASTILLO RETANA,PRIMARIA,OFICIAL,URBANA,ABIERTA,MONOLINGUE,MATUTINA,DIARIO(REGULAR),GUATEMALA OCCIDENTE
00-07-0588-43,,CIUDAD CAPITAL,ZONA 7,EOUM NO.151,13 CALLE 'B' 26-38 KAMINAL JUYU II,,,,PRIMARIA,OFICIAL,URBANA,CERRADA TEMPORALMENTE,MONOLINGUE,MATUTINA,DIARIO(REGULAR),GUATEMALA OCCIDENTE
00-07-0589-43,01-01-0164,CIUDAD CAPITAL,ZONA 7,EOUM NO.85,30 AVENIDA 'D' 13-49 CIUDAD DE PLATA,23180480,JUAN WALDEMAR CABRERA MÉNDEZ,LUIS REYNALDO RODRÍGUEZ ANGUIANO,PRIMARIA,OFICIAL,URBANA,ABIERTA,MONOLINGUE,MATUTINA,DIARIO(REGULAR),GUATEMALA OCCIDENTE
00-07-0590-43,01-01-0103,CIUDAD CAPITAL,ZONA 7,EOUN NO 61 ABRAHAM ORANTES Y ORANTES,AVE. MOCTEZUMA 31-09 COLONIA BETHANIA,59370546,DORIS DARLENY DUEÑAS CARRILLO,SONIA ALBERTINA VELÁSQUEZ PÉREZ,PRIMARIA,OFICIAL,URBANA,ABIERTA,MONOLINGUE,VESPERTINA,DIARIO(REGULAR),GUATEMALA OCCIDENTE
00-07-0591-43,01-01-0164,CIUDAD CAPITAL,ZONA 7,EOUM NO.443 MARIO MARTINEZ DE LEJARZA,33 AVE. 24-31 COLONIA BETHANIA,41802955,JUAN WALDEMAR CABRERA MÉNDEZ,JORGE ARMANDO DEL VALLE HERNÁNDEZ,PRIMARIA,OFICIAL,URBANA,ABIERTA,MONOLINGUE,MATUTINA,DIARIO(REGULAR),GUATEMALA OCCIDENTE
00-07-0592-43,01-01-0103,CIUDAD CAPITAL,ZONA 7,EOUM NO.153 SAKERTI,35 CALLE C 33-43 COLONIA SAKERTI,55360560,DORIS DARLENY DUEÑAS CARRILLO,ARIANA DEL CARMEN LÓPEZ CORDOVA,PRIMARIA,OFICIAL,URBANA,ABIERTA,MONOLINGUE,MATUTINA,DIARIO(REGULAR),GUATEMALA OCCIDENTE
00-07-0593-43,01-01-0164,CIUDAD CAPITAL,ZONA 7,EOUM NO.149  4 DE FEBRERO,29 AV.  C  23-58 COLONIA 4 DE FEBRERO,45375538,JUAN WALDEMAR CABRERA MÉNDEZ,ELSA ILIANA BARILLAS ALTÁN,PRIMARIA,OFICIAL,URBANA,ABIERTA,MONOLINGUE,MATUTINA,DIARIO(REGULAR),GUATEMALA OCCIDENTE
00-07-0594-43,01-01-0103,CIUDAD CAPITAL,ZONA 7,EOUM NO.904 COLONIA EL GRANIZO B,"33 AVENIDA50-61 COLONIA EL GRANIZO III, ZONA 7",57172616,DORIS DARLENY DUEÑAS CARRILLO,MAYRA ROXANA MONTERROSO GARCIA,PRIMARIA,OFICIAL,URBANA,ABIERTA,MONOLINGUE,MATUTINA,DIARIO(REGULAR),GUATEMALA OCCIDENTE
00-07-0595-43,01-01-0103,CIUDAD CAPITAL,ZONA 7,EOUM NO.903 GRANIZO 'A',32 AVE. 40-63 COLONIA LOS GRANIZOS,42178249,DORIS DARLENY DUEÑAS CARRILLO,IRMA YOLANDA GRANILLO CORONADO,PRIMARIA,OFICIAL,URBANA,ABIERTA,MONOLINGUE,MATUTINA,DIARIO(REGULAR),GUATEMALA OCCIDENTE
00-07-0596-42,01-01-0163,CIUDAD CAPITAL,ZONA 7,EODP ANEXA A EOUM NO.86 'ELENA GUERRA DE SANDOVAL',12 AVENIDA Y 6A. CALLE  A  COLONIA QUINTA SAMAYOA,57731875,FEDERICO ESTUARDO IRUNGARAY SAMAYOA,OLGA NOHEMY RAMÍREZ ROSALES,PARVULOS,OFICIAL,URBANA,ABIERTA,MONOLINGUE,VESPERTINA,DIARIO(REGULAR),GUATEMALA OCCIDENTE
00-07-0596-43,01-01-0163,CIUDAD CAPITAL,ZONA 7,EOUM NO.86 'ELENA GUERRA DE SANDOVAL',12 AVE. Y 6A CALLE  A  COLONIA QUINTA SAMAYOA,57731875,FEDERICO ESTUARDO IRUNGARAY SAMAYOA,OLGA NOHEMY RAMÍREZ ROSALES,PRIMARIA,OFICIAL,URBANA,ABIERTA,MONOLINGUE,VESPERTINA,DIARIO(REGULAR),GUATEMALA OCCIDENTE
00-07-0597-43,01-01-0103,CIUDAD CAPITAL,ZONA 7,EOUM NO.441 'LAS GALERAS',38 CALLE 33-20 COLONIA EL AMPARO,42178395,DORIS DARLENY DUEÑAS CARRILLO,DÉBORA ABIGAÍL ARCHILA GRANILLO,PRIMARIA,OFICIAL,URBANA,ABIERTA,MONOLINGUE,MATUTINA,DIARIO(REGULAR),GUATEMALA OCCIDENTE
00-07-0598-43,01-01-0164,CIUDAD CAPITAL,ZONA 7,"EOUM NO.158 ""KJELL EUGENIO LAUGERUD""",ANILLO PERIFERICO,37701940,JUAN WALDEMAR CABRERA MÉNDEZ,GILDA LUCRECIA BARRIOS CLEAVES,PRIMARIA,OFICIAL,URBANA,ABIERTA,MONOLINGUE,MATUTINA,DIARIO(REGULAR),GUATEMALA OCCIDENTE
00-07-0599-43,01-01-0103,CIUDAD CAPITAL,ZONA 7,EOUM ASENTAMIENTO PATRONATO ANTIALCOHOLICO,38 CALLE 33-92 COLONIA EL AMPARO I,41408302,DORIS DARLENY DUEÑAS CARRILLO,GLORIA  XINICO SUQUÉN,PRIMARIA,OFICIAL,URBANA,ABIERTA,MONOLINGUE,MATUTINA,DIARIO(REGULAR),GUATEMALA OCCIDENTE
00-07-0600-43,01-01-0103,CIUDAD CAPITAL,ZONA 7,EOUM 'PLAN INTERNACIONAL',34 CALLE 11-23 COLONIA ALIDA ESPAÑA,42355392,DORIS DARLENY DUEÑAS CARRILLO,CLAUDIA DEL CARMEN ESCOBEDO PÉREZ,PRIMARIA,OFICIAL,URBANA,ABIERTA,MONOLINGUE,MATUTINA,DIARIO(REGULAR),GUATEMALA OCCIDENTE
00-07-0601-43,01-619,CIUDAD CAPITAL,ZONA 7,EOUM NO.135 'PEDRO ANTONIO ZEA',11 CALLE 12-60 COLONIA CASTILLO LARA,24724253,JUAN WALDEMAR CABRERA MENDEZ,,PRIMARIA,OFICIAL,URBANA,CERRADA TEMPORALMENTE,MONOLINGUE,VESPERTINA,DIARIO(REGULAR),GUATEMALA OCCIDENTE
00-07-0602-43,01-01-0163,CIUDAD CAPITAL,ZONA 7,EOUM NO.52 JOSE MARIA BONILLA RUANO,13 AVE. 5-18 COLONIA QUINTA SAMAYOA,22208988,FEDERICO ESTUARDO IRUNGARAY SAMAYOA,ADELINA  ROSALES ARRIOLA,PRIMARIA,OFICIAL,URBANA,ABIERTA,MONOLINGUE,VESPERTINA,DIARIO(REGULAR),GUATEMALA OCCIDENTE
00-07-0603-43,01-01-0164,CIUDAD CAPITAL,ZONA 7,EOUM NO.71 FRANKLIN DELANO ROOSEVELT,"CALZADA SAN JUAN 40-00 ZONA 7, EL RODEO",47274009,JUAN WALDEMAR CABRERA MÉNDEZ,ROSA ARACELY DE LEÓN MEJÍA,PRIMARIA,OFICIAL,URBANA,ABIERTA,MONOLINGUE,VESPERTINA,DIARIO(REGULAR),GUATEMALA OCCIDENTE
00-07-0604-43,01-01-0164,CIUDAD CAPITAL,ZONA 7,EOUN NO.50 INDOAMERICANA,AVE. MOCTEZUMA 31-09 BETHANIA CENTRAL,49648478,JUAN WALDEMAR CABRERA MÉNDEZ,SONIA ELISA GARCÍA SANTOS,PRIMARIA,OFICIAL,URBANA,ABIERTA,MONOLINGUE,MATUTINA,DIARIO(REGULAR),GUATEMALA OCCIDENTE
00-07-0605-43,,CIUDAD CAPITAL,ZONA 7,EPUM 'JARDIN INFANTIL GUATEMALTECO',10A AVE. 3-34,,,,PRIMARIA,PRIVADO,URBANA,CERRADA DEFINITIVAMENTE,MONOLINGUE,MATUTINA,DIARIO(REGULAR),GUATEMALA OCCIDENTE
00-07-0606-43,01-01-0106,CIUDAD CAPITAL,ZONA 7,COLEGIO MIXTO  MARIA DE FATIMA,37 AVE. 2-64,24393133,MARÍA DEL ROSARIO VARGAS SANDOVAL,ANA MARÍA TURCIOS OSORIO,PRIMARIA,PRIVADO,URBANA,ABIERTA,MONOLINGUE,MATUTINA,DIARIO(REGULAR),GUATEMALA OCCIDENTE
00-07-0607-43,,CIUDAD CAPITAL,ZONA 7,EPUM 'ESCUELA CRISTIANA GUATEMALTECA SOREC',11 CALLE 33-78 COLONIA TIKAL II,,,,PRIMARIA,PRIVADO,URBANA,CERRADA TEMPORALMENTE,MONOLINGUE,MATUTINA,DIARIO(REGULAR),GUATEMALA OCCIDENTE
00-07-0608-43,01-619,CIUDAD CAPITAL,ZONA 7,COLEGIO BILINGUE 'SAN JUAN',37 AVE. 3-19,24332553,JUAN WALDEMAR CABRERA MENDEZ,,PRIMARIA,PRIVADO,URBANA,CERRADA DEFINITIVAMENTE,MONOLINGUE,MATUTINA,DIARIO(REGULAR),GUATEMALA OCCIDENTE
00-07-0610-43,01-617,CIUDAD CAPITAL,ZONA 7,EPUM 'RODOLFO GALEOTTI TORRES',3A CALLE 'B' 13-14 COLONIA QUINTA SAMAYOA,59532262,MARIA DEL ROSARIO VARGAS SANDOVAL,,PRIMARIA,PRIVADO,URBANA,CERRADA TEMPORALMENTE,MONOLINGUE,MATUTINA,DIARIO(REGULAR),GUATEMALA OCCIDENTE
00-07-0611-43,,CIUDAD CAPITAL,ZONA 7,COLEGIO 'MACDERMONT',2A CALLE 36-77 CARRETERA VIEJA A MIXCO,,,,PRIMARIA,PRIVADO,URBANA,CERRADA DEFINITIVAMENTE,MONOLINGUE,MATUTINA,DIARIO(REGULAR),GUATEMALA OCCIDENTE
00-07-0612-43,01-01-0103,CIUDAD CAPITAL,ZONA 7,COLEGIO PARROQUIAL 'SAN VICENTE DE PAUL BETHANIA',"34 AVENIDA 27-21 COLONIA LAS MARGARITAS ZONA, 7 CIUDAD DE GUATEMALA",52089352,DORIS DARLENY DUEÑAS CARRILLO,MIRIAM ELIZABETH GONZÁLEZ BARRIOS,PRIMARIA,PRIVADO,URBANA,ABIERTA,MONOLINGUE,MATUTINA,DIARIO(REGULAR),GUATEMALA OCCIDENTE
00-07-0613-43,,CIUDAD CAPITAL,ZONA 7,COLEGIO 'LA FAMILIA',9A CALLE 13-10 COLONIA CASTILLO LARA,,,,PRIMARIA,PRIVADO,URBANA,CERRADA DEFINITIVAMENTE,MONOLINGUE,MATUTINA,DIARIO(REGULAR),GUATEMALA OCCIDENTE
00-07-0614-43,01-619,CIUDAD CAPITAL,ZONA 7,COLEGIO  SANTA CATALINA,11 AVE.  A  10-70 COLONIA CASTILLO LARA,24752660,JUAN WALDEMAR CABRERA MENDEZ,VIVIAN GERTRUDIS MEJÍA MARÍN,PRIMARIA,PRIVADO,URBANA,CERRADA TEMPORALMENTE,MONOLINGUE,MATUTINA,DIARIO(REGULAR),GUATEMALA OCCIDENTE
00-07-0615-43,01-619,CIUDAD CAPITAL,ZONA 7,COLEGIO 'GUATEMALA INFANTIL',8A CALLE 6-14 COLONIA LANDIVAR,24713068,JUAN WALDEMAR CABRERA MENDEZ,,PRIMARIA,PRIVADO,URBANA,CERRADA TEMPORALMENTE,MONOLINGUE,MATUTINA,DIARIO(REGULAR),GUATEMALA OCCIDENTE
00-07-0616-43,,CIUDAD CAPITAL,ZONA 7,COLEGIO 'JARDIN DE LOS ENANITOS',20 AVE. 5-70 KAMINAL JUYU I,,,,PRIMARIA,PRIVADO,URBANA,CERRADA DEFINITIVAMENTE,MONOLINGUE,MATUTINA,DIARIO(REGULAR),GUATEMALA OCCIDENTE
00-07-0617-43,,CIUDAD CAPITAL,ZONA 7,COLEGIO 'ESCOCES DE GUATEMALA',26 AVE. 10-53 KAMINAL JUYU I,,,,PRIMARIA,PRIVADO,URBANA,CERRADA TEMPORALMENTE,MONOLINGUE,MATUTINA,DIARIO(REGULAR),GUATEMALA OCCIDENTE
00-07-0618-43,01-01-0164,CIUDAD CAPITAL,ZONA 7,ESCUELA  PRIVADA MIXTA RAYO DE LUZ,14 CALLE 10-80 COLONIA LA VERBENA,24715730,JUAN WALDEMAR CABRERA MÉNDEZ,JANEA YARAVÍ BONILLA LÓPEZ,PRIMARIA,PRIVADO,URBANA,ABIERTA,MONOLINGUE,DOBLE,DIARIO(REGULAR),GUATEMALA OCCIDENTE
00-07-0619-43,01-01-0106,CIUDAD CAPITAL,ZONA 7,LICEO MIXTO 'FLORENTINO',5A AVE. 5-02 COLONIA LANDIVAR GUATEMALA,47134006,MARÍA DEL ROSARIO VARGAS SANDOVAL,LUZ MARINA GÓMEZ MORALES,PRIMARIA,PRIVADO,URBANA,ABIERTA,MONOLINGUE,MATUTINA,DIARIO(REGULAR),GUATEMALA OCCIDENTE
00-07-0620-43,,CIUDAD CAPITAL,ZONA 7,COLEGIO MIXTO 'AMSTERDAM',31 AVE. 14-04 COLONIA CIUDAD DE PLATA II,24739588,,,PRIMARIA,PRIVADO,URBANA,CERRADA DEFINITIVAMENTE,MONOLINGUE,MATUTINA,DIARIO(REGULAR),GUATEMALA OCCIDENTE
00-07-0621-43,01-01-0163,CIUDAD CAPITAL,ZONA 7,COLEGIO PRIVADO MIXTO 'SAN FRANCISCO DE ASIS',"8A. AVENIDA 5-55, COLONIA QUINTA SAMAYOA",58605802,FEDERICO ESTUARDO IRUNGARAY SAMAYOA,ADA LETICIA ORTÍZ FELIPE,PRIMARIA,PRIVADO,URBANA,ABIERTA,MONOLINGUE,MATUTINA,DIARIO(REGULAR),GUATEMALA OCCIDENTE
00-07-0622-43,,CIUDAD CAPITAL,ZONA 7,EPUM 'BETHANIA',SEPTIMO CALLEJON 12-25 BETHANIA,,,,PRIMARIA,PRIVADO,URBANA,CERRADA DEFINITIVAMENTE,MONOLINGUE,MATUTINA,DIARIO(REGULAR),GUATEMALA OCCIDENTE
00-07-0623-43,,CIUDAD CAPITAL,ZONA 7,COLEGIO 'CENTROAMERICANO BILINGUE',33 AVE. 13-09 JARDINES DE TIKAL II,,,,PRIMARIA,PRIVADO,URBANA,CERRADA TEMPORALMENTE,MONOLINGUE,MATUTINA,DIARIO(REGULAR),GUATEMALA OCCIDENTE
00-07-0624-43,,CIUDAD CAPITAL,ZONA 7,EPUM 'FE Y ALEGRIA' NO.9,32 AVE. 38-01 COLONIA EL AMPARO II,,,,PRIMARIA,PRIVADO,URBANA,CERRADA DEFINITIVAMENTE,MONOLINGUE,MATUTINA,DIARIO(REGULAR),GUATEMALA OCCIDENTE
00-07-0625-43,01-01-0106,CIUDAD CAPITAL,ZONA 7,CENTRO INTEGRAL DE ENSEÑANZA MODERNA,31 AVE. 'A' 14-41 CIUDAD DE PLATA II,57049550,MARÍA DEL ROSARIO VARGAS SANDOVAL,MARTA DIAMANTI PETZ,PRIMARIA,PRIVADO,URBANA,ABIERTA,MONOLINGUE,MATUTINA,DIARIO(REGULAR),GUATEMALA OCCIDENTE
00-07-0626-43,01-01-0163,CIUDAD CAPITAL,ZONA 7,LICEO CRISTIANO LUZ Y VIDA,11 AVE. 8-17 COLONIA QUINTA SAMAYOA,30120210,FEDERICO ESTUARDO IRUNGARAY SAMAYOA,VELMA LYSET GALINDO OVALLE,PRIMARIA,PRIVADO,URBANA,ABIERTA,MONOLINGUE,MATUTINA,DIARIO(REGULAR),GUATEMALA OCCIDENTE
00-07-0627-43,,CIUDAD CAPITAL,ZONA 7,EPUM EVANGELICO 'EL REDENTOR',3A CALLE 2-28 COLONIA LANDIVAR,,,,PRIMARIA,PRIVADO,URBANA,CERRADA TEMPORALMENTE,MONOLINGUE,MATUTINA,DIARIO(REGULAR),GUATEMALA OCCIDENTE
00-07-0628-43,01-619,CIUDAD CAPITAL,ZONA 7,COLEGIO ADVENTISTA 'EL PROGRESO',2A CALLE 35-44,24313352,JUAN WALDEMAR CABRERA MENDEZ,,PRIMARIA,PRIVADO,URBANA,CERRADA DEFINITIVAMENTE,MONOLINGUE,MATUTINA,DIARIO(REGULAR),GUATEMALA OCCIDENTE
00-07-0629-43,01-01-0106,CIUDAD CAPITAL,ZONA 7,COLEGIO  MONTE CARMELO,2A CALLE 32-41 ZONA 7,24346629,MARÍA DEL ROSARIO VARGAS SANDOVAL,JOSÉ EFRAÍN CRÚZ MUÑOZ,PRIMARIA,PRIVADO,URBANA,ABIERTA,MONOLINGUE,MATUTINA,DIARIO(REGULAR),GUATEMALA OCCIDENTE
00-07-0630-43,01-619,CIUDAD CAPITAL,ZONA 7,COLEGIO EXPERIMENTAL CRISTIANO VERBO NO.2,"27 AVENIDA 8-36 EL NARANJO, ZONA 4 DE MIXCO",22104848,JUAN WALDEMAR CABRERA MENDEZ,GLENDY JEANETTE PÉREZ NISTHAL,PRIMARIA,PRIVADO,URBANA,CERRADA DEFINITIVAMENTE,MONOLINGUE,MATUTINA,DIARIO(REGULAR),GUATEMALA OCCIDENTE
00-07-0631-43,01-01-0103,CIUDAD CAPITAL,ZONA 7,CENTRO EDUCATIVO FE Y ALEGRIA  NO.9,32 AVE.  B  38-01 COLONIA EL AMPARO II,24319989,DORIS DARLENY DUEÑAS CARRILLO,CANDICE MARÍA HERNÁNDEZ LUNA,PRIMARIA,PRIVADO,URBANA,ABIERTA,MONOLINGUE,VESPERTINA,DIARIO(REGULAR),GUATEMALA OCCIDENTE
00-07-0632-43,01-01-0164,CIUDAD CAPITAL,ZONA 7,EOUM PLAN EDUCATIVO 4 DE FEBRERO,29 AVE. C 23-58 COLONIA 4 DE FEBRERO ANILLO PERIFERICO,51378053,JUAN WALDEMAR CABRERA MÉNDEZ,CLAUDIA WALLESKA GARCÍA GONZÁLEZ,PRIMARIA,OFICIAL,URBANA,ABIERTA,MONOLINGUE,VESPERTINA,DIARIO(REGULAR),GUATEMALA OCCIDENTE
00-07-0634-44,01-409,CIUDAD CAPITAL,ZONA 7,EOPA NO.31  QUINTA SAMAYOA,13 AVE. 5-18 COLONIA QUINTA SAMAYOA,59292933,IDALIA DEL ROSARIO LOPEZ SANDOVAL DE PAIZ,,PRIMARIA DE ADULTOS,OFICIAL,URBANA,CERRADA TEMPORALMENTE,MONOLINGUE,NOCTURNA,DIARIO(REGULAR),GUATEMALA OCCIDENTE
00-07-0635-44,01-99-0090,CIUDAD CAPITAL,ZONA 7,EOPA NO.24 ALBERTO VELASQUEZ,1A AVE. Y 7A CALLE,56100254,IDALIA DEL ROSARIO LÓPEZ SANDOVAL,NELLY MELISSA PAPPA LÓPEZ,PRIMARIA DE ADULTOS,OFICIAL,URBANA,ABIERTA,MONOLINGUE,NOCTURNA,DIARIO(REGULAR),GUATEMALA OCCIDENTE
00-07-0636-44,01-404,CIUDAD CAPITAL,ZONA 7,EOPA NO.51 C.N.R.,22 CALLE H 3-90 COLONIA KJELL,,ORLANDO ERCILIO GIRON ALVAREZ,,PRIMARIA DE ADULTOS,OFICIAL,URBANA,CERRADA TEMPORALMENTE,MONOLINGUE,NOCTURNA,DIARIO(REGULAR),GUATEMALA OCCIDENTE
00-07-0637-44,01-99-0090,CIUDAD CAPITAL,ZONA 7,EOPA NO.20 VICTORINA RODRIGUEZ LOPEZ,AVE. MOCTEZUMA 31-09 COLONIA BETHANIA,42167092,IDALIA DEL ROSARIO LÓPEZ SANDOVAL,ZOILA ROCXANA VILLATORO LÓPEZ,PRIMARIA DE ADULTOS,OFICIAL,URBANA,ABIERTA,MONOLINGUE,NOCTURNA,DIARIO(REGULAR),GUATEMALA OCCIDENTE
00-07-0638-44,01-99-0090,CIUDAD CAPITAL,ZONA 7,EOPA NO.5  FEDERICO HERNANDEZ DE LEON,31 AVE.  C  5-56 COLONIA CENTROAMERICA,55393131,IDALIA DEL ROSARIO LÓPEZ SANDOVAL,LUIS ALBERTO LÓPEZ COJÓM,PRIMARIA DE ADULTOS,OFICIAL,URBANA,ABIERTA,MONOLINGUE,NOCTURNA,DIARIO(REGULAR),GUATEMALA OCCIDENTE
00-07-0639-45,01-01-0164,CIUDAD CAPITAL,ZONA 7,INEB MIGUEL GARCIA GRANADOS,AVE. MOCTEZUMA 31-02 COLONIA BETHANIA,24353029,JUAN WALDEMAR CABRERA MÉNDEZ,DOMINGA MARIBEL HERNÁNDEZ PÉREZ,BASICO,OFICIAL,URBANA,ABIERTA,MONOLINGUE,MATUTINA,DIARIO(REGULAR),GUATEMALA OCCIDENTE
00-07-0640-45,01-01-0103,CIUDAD CAPITAL,ZONA 7,INSTITUTO NACIONAL EXPERIMENTAL DE EDUCACION BASICA DR. CARLOS FEDERICO MORA,CALZADA SAN JUAN 32-50,24398390,DORIS DARLENY DUEÑAS CARRILLO,EMMA LUCRECIA PÉREZ CHAMALÉ,BASICO,OFICIAL,URBANA,ABIERTA,MONOLINGUE,MATUTINA,DIARIO(REGULAR),GUATEMALA OCCIDENTE
00-07-0641-45,01-01-0164,CIUDAD CAPITAL,ZONA 7,INEB MIGUEL GARCIA GRANADOS,"AVE. MOCTEZUMA 31-02 , COLONIA BETHANIA",24353277,JUAN WALDEMAR CABRERA MÉNDEZ,BETZAIDA BETSABET AMAYA PAREDES,BASICO,OFICIAL,URBANA,ABIERTA,MONOLINGUE,VESPERTINA,DIARIO(REGULAR),GUATEMALA OCCIDENTE
00-07-0642-45,01-617,CIUDAD CAPITAL,ZONA 7,INSTITUTO PARTICULAR MIXTO  RODOLFO GALEOTTI TORRES,3A CALLE  B  13-14 COLONIA QUINTA SAMAYOA,59532262,MARIA DEL ROSARIO VARGAS SANDOVAL,WALDEMAR ONASSIS TENORIO CORONADO,BASICO,PRIVADO,URBANA,CERRADA TEMPORALMENTE,MONOLINGUE,MATUTINA,DIARIO(REGULAR),GUATEMALA OCCIDENTE
00-07-0643-45,,CIUDAD CAPITAL,ZONA 7,IPMB 'FE Y ALEGRIA' NO.7,6A CALLE 48-98 COLONIA EL ROSARIO APTO. 623 I,,,,BASICO,PRIVADO,URBANA,CERRADA DEFINITIVAMENTE,MONOLINGUE,MATUTINA,DIARIO(REGULAR),GUATEMALA OCCIDENTE
00-07-0644-45,01-623,CIUDAD CAPITAL,ZONA 7,IPMB CENTROAMERICANO BILINGUE,33 AVE. 13-29 JARDINES DE TIKAL II,24334411,FEDERICO ESTUARDO IRUNGARAY SAMAYOA,,BASICO,PRIVADO,URBANA,CERRADA TEMPORALMENTE,MONOLINGUE,MATUTINA,DIARIO(REGULAR),GUATEMALA OCCIDENTE
00-07-0645-45,,CIUDAD CAPITAL,ZONA 7,IPMB COLEGIO EVANGELICO 'EL REDENTOR',CALZADA ROOSEVELT 2-28 COLONIA LANDIVAR,,,,BASICO,PRIVADO,URBANA,CERRADA DEFINITIVAMENTE,MONOLINGUE,VESPERTINA,DIARIO(REGULAR),GUATEMALA OCCIDENTE
00-07-0646-45,01-01-0163,CIUDAD CAPITAL,ZONA 7,IPMB 'LICEO CRISTIANO LUZ Y VIDA',11 AVE. 8-17 COLONIA QUINTA SAMAYOA,30120210,FEDERICO ESTUARDO IRUNGARAY SAMAYOA,JUAN CARLOS SATZ MARTIN,BASICO,PRIVADO,URBANA,ABIERTA,MONOLINGUE,MATUTINA,DIARIO(REGULAR),GUATEMALA OCCIDENTE
00-07-0647-45,01-01-0163,CIUDAD CAPITAL,ZONA 7,COLEGIO PRIVADO MIXTO  SAN FRANCISCO DE ASIS,"8A. AVENIDA 5-55, COLONIA QUINTA SAMAYOA",58605802,FEDERICO ESTUARDO IRUNGARAY SAMAYOA,ANGELA DE JESÚS SANTOS AGUILAR,BASICO,PRIVADO,URBANA,ABIERTA,MONOLINGUE,MATUTINA,DIARIO(REGULAR),GUATEMALA OCCIDENTE
00-07-0648-45,,CIUDAD CAPITAL,ZONA 7,IPMB 'SAN AGUSTIN',9A CALLE 11-51 COLONIA QUINTA SAMAYOA,,,,BASICO,PRIVADO,URBANA,CERRADA DEFINITIVAMENTE,MONOLINGUE,NOCTURNA,DIARIO(REGULAR),GUATEMALA OCCIDENTE
00-07-0649-45,01-406,CIUDAD CAPITAL,ZONA 7,IPMB 'RODOLFO GALEOTTI TORRES',"13AV. 3-74 COL. TORRES, QUINTA SAMAYOA",,MIGUEL ALVARO RODRIGUEZ PORTILLO,,BASICO,PRIVADO,URBANA,CERRADA TEMPORALMENTE,MONOLINGUE,NOCTURNA,DIARIO(REGULAR),GUATEMALA OCCIDENTE
00-07-0650-45,01-406,CIUDAD CAPITAL,ZONA 7,IPMB 'CENTROAMERICANO BILINGUE',33 AVE. 13-09 TIKAL II,55934411,MIGUEL ALVARO RODRIGUEZ PORTILLO,,BASICO,PRIVADO,URBANA,CERRADA TEMPORALMENTE,MONOLINGUE,NOCTURNA,DIARIO(REGULAR),GUATEMALA OCCIDENTE
00-07-0651-46,01-01-0164,CIUDAD CAPITAL,ZONA 7,ESCUELA NACIONAL DE CIENCIAS COMERCIALES NO.2,"CALZADA SAN JUAN 32-50 ZONA 7 GUATEMALA, GUATEMALA",24397960,JUAN WALDEMAR CABRERA MÉNDEZ,MARGOTH LETICIA ESTURBAN HERRARTE,DIVERSIFICADO,OFICIAL,URBANA,ABIERTA,MONOLINGUE,VESPERTINA,DIARIO(REGULAR),GUATEMALA OCCIDENTE
00-07-0652-46,01-623,CIUDAD CAPITAL,ZONA 7,ESCUELA TECNICA  GUATEMALA,13 CALLE  A  29-46 COLONIA CIUDAD DE PLATA I,23143517,FEDERICO ESTUARDO IRUNGARAY SAMAYOA,JUSTO MANUEL ESTRADA CARRERA,DIVERSIFICADO,PRIVADO,URBANA,CERRADA TEMPORALMENTE,MONOLINGUE,MATUTINA,DIARIO(REGULAR),GUATEMALA OCCIDENTE
00-07-0653-46,01-409,CIUDAD CAPITAL,ZONA 7,COLEGIO MIXTO CENTROAMERICANO EL MAESTRO AMIGO,CALZADA ROOSEVELT 2-34 COLONIA LANDIVAR,24751249,IDALIA DEL ROSARIO LOPEZ SANDOVAL DE PAIZ,SERGIO  MEJÍA AGUILAR,DIVERSIFICADO,PRIVADO,URBANA,CERRADA TEMPORALMENTE,MONOLINGUE,DOBLE,FIN DE SEMANA,GUATEMALA OCCIDENTE
00-07-0654-45,01-99-0090,CIUDAD CAPITAL,ZONA 7,INEB NOCTURNO,AVE. MOCTEZUMA 31-02 COLONIA BETHANIA,50166164,IDALIA DEL ROSARIO LÓPEZ SANDOVAL,ANA PATRICIA LÓPEZ LÓPEZ,BASICO,OFICIAL,URBANA,ABIERTA,MONOLINGUE,NOCTURNA,DIARIO(REGULAR),GUATEMALA OCCIDENTE
00-07-0654-46,01-409,CIUDAD CAPITAL,ZONA 7,ESCUELA NAC. DE CIENCIAS COMERCIALES NOCT. ADSC. AL INEB  MIGUEL GARCIA GRANADOS,"AVENIDA MOCTEZUMA 31-02 COLONIA BETHANIA, ZONA 7",50166164,IDALIA DEL ROSARIO LOPEZ SANDOVAL DE PAIZ,HUGO LEONEL AQUINO ABREGO,DIVERSIFICADO,OFICIAL,URBANA,ABIERTA,MONOLINGUE,NOCTURNA,DIARIO(REGULAR),GUATEMALA OCCIDENTE
00-07-0655-45,01-617,CIUDAD CAPITAL,ZONA 7,IPMB 'LICEO CULTURA',13 CALLE  B  27-53 KAMINAL JUYU II,24746149,MARIA DEL ROSARIO VARGAS SANDOVAL,MARLEN EUNICE CASTELLANOS GUTIÉRREZ,BASICO,PRIVADO,URBANA,CERRADA TEMPORALMENTE,MONOLINGUE,MATUTINA,DIARIO(REGULAR),GUATEMALA OCCIDENTE
00-07-0655-46,01-617,CIUDAD CAPITAL,ZONA 7,LICEO  MIXTO  CULTURA,13 CALLE  B  27-53 KAMINAL JUYU II,24739626,MARIA DEL ROSARIO VARGAS SANDOVAL,MARLEN EUNICE CASTELLANOS GUTIÉRREZ,DIVERSIFICADO,PRIVADO,URBANA,CERRADA TEMPORALMENTE,MONOLINGUE,MATUTINA,DIARIO(REGULAR),GUATEMALA OCCIDENTE
00-07-0656-45,01-01-0106,CIUDAD CAPITAL,ZONA 7,INSTITUTO PARTICULAR MIXTO MIGUEL ANGEL ASTURIAS,4A AVE. 0-28,55969721,MARÍA DEL ROSARIO VARGAS SANDOVAL,IRMA YOLANDA ROSALES SALAZAR,BASICO,PRIVADO,URBANA,ABIERTA,MONOLINGUE,MATUTINA,DIARIO(REGULAR),GUATEMALA OCCIDENTE
00-07-0656-46,01-01-0106,CIUDAD CAPITAL,ZONA 7,"INSTITUTO PARTICULAR  MIXTO ""MIGUEL ÁNGEL ASTURIAS""","4A. AVENIDA 0-28 ZONA 7 COLONIA LANDIVAR GUATEMALA, GUATEMALA",55969721,MARÍA DEL ROSARIO VARGAS SANDOVAL,IRMA YOLANDA ROSALES SALAZAR,DIVERSIFICADO,PRIVADO,URBANA,ABIERTA,MONOLINGUE,MATUTINA,DIARIO(REGULAR),GUATEMALA OCCIDENTE
00-07-0657-45,01-619,CIUDAD CAPITAL,ZONA 7,IPMB 'LANDIVAR',4A AVE. 0-42 COLONIA LANDIVAR,24717009,JUAN WALDEMAR CABRERA MENDEZ,,BASICO,PRIVADO,URBANA,CERRADA TEMPORALMENTE,MONOLINGUE,MATUTINA,DIARIO(REGULAR),GUATEMALA OCCIDENTE
00-07-0657-46,01-619,CIUDAD CAPITAL,ZONA 7,INSTITUTO PRIVADO MIXTO DE EDUCACION DIVERSIFICADA  LANDIVAR,4A AVE. 0-42 COLONIA LANDIVAR,24717009,JUAN WALDEMAR CABRERA MENDEZ,,DIVERSIFICADO,PRIVADO,URBANA,CERRADA TEMPORALMENTE,MONOLINGUE,MATUTINA,DIARIO(REGULAR),GUATEMALA OCCIDENTE
00-07-0658-45,01-619,CIUDAD CAPITAL,ZONA 7,IPMB 'COLEGIO ADVENTISTA EL PROGRESO',2A CALLE 35-44,24313352,JUAN WALDEMAR CABRERA MENDEZ,,BASICO,PRIVADO,URBANA,CERRADA DEFINITIVAMENTE,MONOLINGUE,MATUTINA,DIARIO(REGULAR),GUATEMALA OCCIDENTE
00-07-0658-46,01-619,CIUDAD CAPITAL,ZONA 7,INSTITUTO PRIVADO MIXTO DE EDUCACION DIVERSIFICADA  COLEGIO ADVENTISTA EL PROGRESO,2A CALLE 35-44,24339899,JUAN WALDEMAR CABRERA MENDEZ,MIRIAM ELIZABETH MAYEN,DIVERSIFICADO,PRIVADO,URBANA,CERRADA TEMPORALMENTE,MONOLINGUE,MATUTINA,DIARIO(REGULAR),GUATEMALA OCCIDENTE
00-07-0659-45,,CIUDAD CAPITAL,ZONA 7,IPMB DE 'BACHILLERATO EN CIENCIAS DE LA COMPUTACION',1A CALLE 32-51,55947570,,,BASICO,PRIVADO,URBANA,CERRADA DEFINITIVAMENTE,MONOLINGUE,MATUTINA,DIARIO(REGULAR),GUATEMALA OCCIDENTE
00-07-0659-46,01-,CIUDAD CAPITAL,ZONA 7,INSTITUTO PRIVADO MIXTO DE EDUCACION DIVERSIFICADA DE BACHILLERATO EN CIENCIAS DE LA COMPUTACION,1A CALLE 32-51,55947570,MARIA FELICITA ROQUE CARRERA,HUGO GALVEZ MEJIA,DIVERSIFICADO,PRIVADO,URBANA,CERRADA DEFINITIVAMENTE,MONOLINGUE,MATUTINA,DIARIO(REGULAR),GUATEMALA OCCIDENTE
00-07-0660-45,01-409,CIUDAD CAPITAL,ZONA 7,IPMB EL MAESTRO AMIGO,CALZADA ROOSEVELT 2-34 COL. LANDIVAR,24751249,IDALIA DEL ROSARIO LOPEZ SANDOVAL DE PAIZ,SERGIO  MEJÍA AGUILAR,BASICO,PRIVADO,URBANA,CERRADA TEMPORALMENTE,MONOLINGUE,DOBLE,FIN DE SEMANA,GUATEMALA OCCIDENTE
00-07-0660-46,01-409,CIUDAD CAPITAL,ZONA 7,INSTITUTO MIXTO PRIVADO EL MAESTRO AMIGO,CALZADA ROOSEVELT 2-34,24751249,IDALIA DEL ROSARIO LOPEZ SANDOVAL DE PAIZ,SERGIO  MEJÍA AGUILAR,DIVERSIFICADO,PRIVADO,URBANA,ABIERTA,MONOLINGUE,DOBLE,FIN DE SEMANA,GUATEMALA OCCIDENTE
00-07-0776-45,,CIUDAD CAPITAL,ZONA 7,IPMB 'LICEO MINERVA',1A. CALLE 30-44 COLONIA UTATLAN I,55947005,,,BASICO,PRIVADO,URBANA,CERRADA DEFINITIVAMENTE,MONOLINGUE,MATUTINA,DIARIO(REGULAR),GUATEMALA OCCIDENTE
00-07-0776-46,,CIUDAD CAPITAL,ZONA 7,INSTITUTO PRIVADO MIXTO DE EDUCACION DIVERSIFICADA 'LICEO MINERVA',1A. CALLE 30-44 COLONIA UTATLAN I,55947005,,,DIVERSIFICADO,PRIVADO,URBANA,CERRADA DEFINITIVAMENTE,MONOLINGUE,MATUTINA,DIARIO(REGULAR),GUATEMALA OCCIDENTE
00-07-1696-45,,CIUDAD CAPITAL,ZONA 7,INSTITUTO PRIVADO PARA SEÑORITAS DE EDUCACION BASICA COLEGIO 'MONTE REAL',KM 18.5 CARRETERA SAN JUAN SACATEPEQUEZ,55933836,,,BASICO,PRIVADO,URBANA,CERRADA DEFINITIVAMENTE,MONOLINGUE,MATUTINA,DIARIO(REGULAR),GUATEMALA OCCIDENTE
00-07-1696-46,,CIUDAD CAPITAL,ZONA 7,INSTITUTO PRIVADO PARA SEÑORITAS DE EDUCACION DIVERSIFICADA COLEGIO 'MONTE REAL',2A CALLE 31-74,,,,DIVERSIFICADO,PRIVADO,URBANA,CERRADA TEMPORALMENTE,MONOLINGUE,VESPERTINA,DIARIO(REGULAR),GUATEMALA OCCIDENTE
00-07-2170-45,01-01-0103,CIUDAD CAPITAL,ZONA 7,INSTITUTO BASICO EXPERIMENTAL CON ORIENTACION OCUPACIONAL  FE Y ALEGRIA  NO.9,32 AVE. 38-01 COLONIA EL AMPARO II,24319989,DORIS DARLENY DUEÑAS CARRILLO,CANDICE MARÍA HERNÁNDEZ LUNA,BASICO,PRIVADO,URBANA,ABIERTA,MONOLINGUE,MATUTINA,DIARIO(REGULAR),GUATEMALA OCCIDENTE
00-07-2226-42,,CIUDAD CAPITAL,ZONA 7,EPDP ANEXA A ESCUELA PARA NIÑOS SORDOMUDOS 'HELEN KELLER',8A CALLE 11-49 COLONIA QUINTA SAMAYOA,,,,PARVULOS,PRIVADO,URBANA,CERRADA DEFINITIVAMENTE,MONOLINGUE,MATUTINA,DIARIO(REGULAR),GUATEMALA OCCIDENTE
00-07-2227-42,01-619,CIUDAD CAPITAL,ZONA 7,EPDP ANEXA A 'LICEO BILINGUE FRATERNIDAD CRISTIANA',KM. 13.5 CALZADA ROOSEVELT 45-54,55954913,JUAN WALDEMAR CABRERA MENDEZ,,PARVULOS,PRIVADO,URBANA,CERRADA DEFINITIVAMENTE,MONOLINGUE,MATUTINA,DIARIO(REGULAR),GUATEMALA OCCIDENTE
00-07-2228-42,,CIUDAD CAPITAL,ZONA 7,EPDP ANEXA A COLEGIO 'CAMINO REAL',23 AVE. 1-50,,,,PARVULOS,PRIVADO,URBANA,CERRADA DEFINITIVAMENTE,MONOLINGUE,MATUTINA,DIARIO(REGULAR),GUATEMALA OCCIDENTE
00-07-2229-42,,CIUDAD CAPITAL,ZONA 7,EPDP ANEXA A COLEGIO 'CAPERUCITA ROJA',4A CALLE 24-61 COLONIA KAMINAL JUYU I,,,,PARVULOS,PRIVADO,URBANA,CERRADA DEFINITIVAMENTE,MONOLINGUE,MATUTINA,DIARIO(REGULAR),GUATEMALA OCCIDENTE
00-07-2230-42,,CIUDAD CAPITAL,ZONA 7,EPDP ANEXA A 'LICEO SAN PABLO',9A CALLE 30-32 COLONIA TIKAL,,,,PARVULOS,PRIVADO,URBANA,CERRADA DEFINITIVAMENTE,MONOLINGUE,MATUTINA,DIARIO(REGULAR),GUATEMALA OCCIDENTE
00-07-2231-42,,CIUDAD CAPITAL,ZONA 7,EPDP ANEXA A 'LICEO CRISTIANO VICTOR HUGO MATTA',7A AVE. 7-44 COLONIA LANDIVAR,,,,PARVULOS,PRIVADO,URBANA,CERRADA TEMPORALMENTE,MONOLINGUE,MATUTINA,DIARIO(REGULAR),GUATEMALA OCCIDENTE
00-07-2232-42,,CIUDAD CAPITAL,ZONA 7,EPDP ANEXA A COLEGIO MIXTO EVANGELICO 'EL REDENTOR',3A CALLE 2-28 COLONIA LANDIVAR,,,,PARVULOS,PRIVADO,URBANA,CERRADA DEFINITIVAMENTE,MONOLINGUE,MATUTINA,DIARIO(REGULAR),GUATEMALA OCCIDENTE
00-07-2233-43,01-01-0164,CIUDAD CAPITAL,ZONA 7,EOUM NO.144 'MARIA LUISA ARAGON',14 CALLE Y 2A AVE. COLONIA LA VERBENA,30418753,JUAN WALDEMAR CABRERA MÉNDEZ,THELMA JANET YOQUE DEL CID,PRIMARIA,OFICIAL,URBANA,ABIERTA,MONOLINGUE,VESPERTINA,DIARIO(REGULAR),GUATEMALA OCCIDENTE
00-07-2234-43,,CIUDAD CAPITAL,ZONA 7,EOUM PLAN EDUCATIVO '4 DE FEBRERO',29 AVE. 'C' 23-58 COLONIA 4 DE FEBRERO,,,,PRIMARIA,OFICIAL,URBANA,CERRADA DEFINITIVAMENTE,MONOLINGUE,MATUTINA,DIARIO(REGULAR),GUATEMALA OCCIDENTE
00-07-2235-43,,CIUDAD CAPITAL,ZONA 7,'LICEO SAN PABLO',9A CALLE 30-32 COLONIA TIKAL I,,,,PRIMARIA,PRIVADO,URBANA,CERRADA TEMPORALMENTE,MONOLINGUE,MATUTINA,DIARIO(REGULAR),GUATEMALA OCCIDENTE
00-07-2236-43,,CIUDAD CAPITAL,ZONA 7,C0LEGIO 'CAMINO REAL',23 AVE. 1-50,,,,PRIMARIA,PRIVADO,URBANA,CERRADA TEMPORALMENTE,MONOLINGUE,MATUTINA,DIARIO(REGULAR),GUATEMALA OCCIDENTE
00-07-2237-43,01-619,CIUDAD CAPITAL,ZONA 7,'LICEO BILINGUE FRATERNIDAD CRISTIANA',KM. 13.5 CALZADA ROOSEVELT 45-54,55954901,JUAN WALDEMAR CABRERA MENDEZ,,PRIMARIA,PRIVADO,URBANA,CERRADA DEFINITIVAMENTE,MONOLINGUE,MATUTINA,DIARIO(REGULAR),GUATEMALA OCCIDENTE
00-07-2238-43,,CIUDAD CAPITAL,ZONA 7,EPUM 'CAPERUCITA ROJA',4A CALLE 24-61 COLONIA KAMINAL JUYU I,,,,PRIMARIA,PRIVADO,URBANA,CERRADA TEMPORALMENTE,MONOLINGUE,MATUTINA,DIARIO(REGULAR),GUATEMALA OCCIDENTE
00-07-2239-43,,CIUDAD CAPITAL,ZONA 7,LICEO CRISTIANO 'VICTOR HUGO MATTA',7A AVE. 7-44 COLONIA LANDIVAR,,,,PRIMARIA,PRIVADO,URBANA,CERRADA TEMPORALMENTE,MONOLINGUE,MATUTINA,DIARIO(REGULAR),GUATEMALA OCCIDENTE
00-07-2241-45,,CIUDAD CAPITAL,ZONA 7,IPMB EVANGELICO 'EL REDENTOR',3A CALLE 2-28 COLONIA LANDIVAR,,,,BASICO,PRIVADO,URBANA,CERRADA DEFINITIVAMENTE,MONOLINGUE,MATUTINA,DIARIO(REGULAR),GUATEMALA OCCIDENTE
00-07-2497-45,,CIUDAD CAPITAL,ZONA 7,IPMB 'LICEO TECNICO COMERCIAL BILINGUE MIRAMUNDO',4A AV 0-24 COLONIA LANDIVAR,,,,BASICO,PRIVADO,URBANA,CERRADA DEFINITIVAMENTE,MONOLINGUE,NOCTURNA,DIARIO(REGULAR),GUATEMALA OCCIDENTE
00-07-2497-46,,CIUDAD CAPITAL,ZONA 7,INSTITUTO PRIVADO MIXTO DE EDUCACION DIVERSIFICADA 'LICEO TECNICO COMERCIAL BILINGUE MIRAMUNDO',4A AV 0-28 COLONIA LANDIVAR,,,,DIVERSIFICADO,PRIVADO,URBANA,CERRADA DEFINITIVAMENTE,MONOLINGUE,NOCTURNA,DIARIO(REGULAR),GUATEMALA OCCIDENTE
00-07-2498-42,01-623,CIUDAD CAPITAL,ZONA 7,COLEGIO 'JARDIN DE TIKAL',"33 AVENIDA 'A' 6-41, COLONIA TIKAL II",24314566,FEDERICO ESTUARDO IRUNGARAY SAMAYOA,,PARVULOS,PRIVADO,URBANA,CERRADA TEMPORALMENTE,MONOLINGUE,MATUTINA,DIARIO(REGULAR),GUATEMALA OCCIDENTE
00-07-2499-45,01-619,CIUDAD CAPITAL,ZONA 7,IPMB 'COLEGIO SANTA CATALINA',11 AV. 'A' 10-70 COLONIA CASTILLO LARA,24714495,JUAN WALDEMAR CABRERA MENDEZ,,BASICO,PRIVADO,URBANA,CERRADA TEMPORALMENTE,MONOLINGUE,MATUTINA,DIARIO(REGULAR),GUATEMALA OCCIDENTE
00-07-2500-43,01-619,CIUDAD CAPITAL,ZONA 7,EOUM NO.40  JUAN DIEGUEZ OLAVERRI,30 AV  D  13-49 CIUDAD DE PLATA,,JUAN WALDEMAR CABRERA MENDEZ,,PRIMARIA,OFICIAL,URBANA,CERRADA DEFINITIVAMENTE,MONOLINGUE,VESPERTINA,DIARIO(REGULAR),GUATEMALA OCCIDENTE
00-07-2501-46,01-01-0164,CIUDAD CAPITAL,ZONA 7,COLEGIO DE INFORMÁTICA IMB-PC NO.1,CALZADA SAN JUAN 31-97 Y  32 AVENIDA 4-04  ZONA  7 GUATEMALA,23025400,JUAN WALDEMAR CABRERA MÉNDEZ,CARLOS ALFREDO DE LEÓN ALB,DIVERSIFICADO,PRIVADO,URBANA,ABIERTA,MONOLINGUE,MATUTINA,DIARIO(REGULAR),GUATEMALA OCCIDENTE
00-07-2502-43,,CIUDAD CAPITAL,ZONA 7,EPUM 'JARDIN INFANTIL LOS TROCITOS',13 CALLE 'B' 28-38,,,,PRIMARIA,PRIVADO,URBANA,CERRADA DEFINITIVAMENTE,MONOLINGUE,MATUTINA,DIARIO(REGULAR),GUATEMALA OCCIDENTE
00-07-2503-42,01-01-0103,CIUDAD CAPITAL,ZONA 7,EODP ANEXA A EOUM  EL GRANIZO B  N. 904,32 AVENIDA 50-61 COLONIA EL GRANIZO III,57172616,DORIS DARLENY DUEÑAS CARRILLO,MAYRA ROXANA MONTERROSO GARCIA,PARVULOS,OFICIAL,URBANA,ABIERTA,MONOLINGUE,MATUTINA,DIARIO(REGULAR),GUATEMALA OCCIDENTE
00-07-2504-42,,CIUDAD CAPITAL,ZONA 7,EPDP ANEXA A 'COLEGIO MUNDO JUVENIL',37 AV. 0-88,,,,PARVULOS,PRIVADO,URBANA,CERRADA TEMPORALMENTE,MONOLINGUE,MATUTINA,DIARIO(REGULAR),GUATEMALA OCCIDENTE
00-07-2505-43,,CIUDAD CAPITAL,ZONA 7,'COLEGIO MUNDO JUVENIL',37 AV. 0-88,,,,PRIMARIA,PRIVADO,URBANA,CERRADA TEMPORALMENTE,MONOLINGUE,MATUTINA,DIARIO(REGULAR),GUATEMALA OCCIDENTE
00-07-2506-45,01-619,CIUDAD CAPITAL,ZONA 7,IPMB 'BILINGUE SAN JUAN',37 AV. 3-19,24332553,JUAN WALDEMAR CABRERA MENDEZ,,BASICO,PRIVADO,URBANA,CERRADA DEFINITIVAMENTE,MONOLINGUE,MATUTINA,DIARIO(REGULAR),GUATEMALA OCCIDENTE
00-07-2507-42,01-01-0103,CIUDAD CAPITAL,ZONA 7,ANEXA A  COLEGIO DURUELO,38 CALLE  C  FINAL COLONIA EL AMPARO I,24362913,DORIS DARLENY DUEÑAS CARRILLO,MARIA DEL CARMEN GONZÁLEZ GONZÁLEZ,PARVULOS,PRIVADO,URBANA,ABIERTA,MONOLINGUE,MATUTINA,DIARIO(REGULAR),GUATEMALA OCCIDENTE
00-07-2508-43,01-01-0103,CIUDAD CAPITAL,ZONA 7,'COLEGIO DURUELO',38 CALLE 'C' FINAL COLONIA EL AMPARO I,24316649,DORIS DARLENY DUEÑAS CARRILLO,MARIA DEL CARMEN GONZÁLEZ GONZÁLEZ,PRIMARIA,PRIVADO,URBANA,ABIERTA,MONOLINGUE,MATUTINA,DIARIO(REGULAR),GUATEMALA OCCIDENTE
00-07-2509-42,01-617,CIUDAD CAPITAL,ZONA 7,'COLEGIO DE APRENDIZAJE BILINGUE',"13 CALLE 'B' 28-88, COL. CIUDAD DE PLATA 1",24739291,MARIA DEL ROSARIO VARGAS SANDOVAL,,PARVULOS,PRIVADO,URBANA,CERRADA DEFINITIVAMENTE,MONOLINGUE,MATUTINA,DIARIO(REGULAR),GUATEMALA OCCIDENTE
00-07-2510-43,01-617,CIUDAD CAPITAL,ZONA 7,COLEGIO DE APRENDIZAJE BILINGUE,13 CALLE 'B' 28-88 CIUDAD DE PLATA I,24739291,MARIA DEL ROSARIO VARGAS SANDOVAL,,PRIMARIA,PRIVADO,URBANA,CERRADA DEFINITIVAMENTE,MONOLINGUE,MATUTINA,DIARIO(REGULAR),GUATEMALA OCCIDENTE
00-07-2511-45,,CIUDAD CAPITAL,ZONA 7,IPMB 'COLEGIO PRE-UNIVERSITARIO CATOLICO DE GUATEMALA',37 AV 3-38,,,,BASICO,PRIVADO,URBANA,CERRADA DEFINITIVAMENTE,MONOLINGUE,MATUTINA,DIARIO(REGULAR),GUATEMALA OCCIDENTE
00-07-2511-46,,CIUDAD CAPITAL,ZONA 7,INSTITUTO PRIVADO MIXTO DE EDUCACION DIVERSIFICADA 'COLEGIO PRE-UNIVERSITARIO CATOLICO DE GUATEMALA',37 AV 2-73,,,,DIVERSIFICADO,PRIVADO,URBANA,CERRADA DEFINITIVAMENTE,MONOLINGUE,MATUTINA,DIARIO(REGULAR),GUATEMALA OCCIDENTE
00-07-2512-45,01-623,CIUDAD CAPITAL,ZONA 7,COLEGIO BILINGUE DE COMPUTACION  C. B. C.,38 AVENIDA 4-55 COLONIA LA FLORESTA,24312167,FEDERICO ESTUARDO IRUNGARAY SAMAYOA,DELIA RAMÍREZ FARFÁN,BASICO,PRIVADO,URBANA,CERRADA DEFINITIVAMENTE,MONOLINGUE,MATUTINA,DIARIO(REGULAR),GUATEMALA OCCIDENTE
00-07-2512-46,01-623,CIUDAD CAPITAL,ZONA 7,COLEGIO BILINGUE DE COMPUTACION  C. B. C.,38 AVENIDA 4-55 COLONIA LA FLORESTA,24312198,FEDERICO ESTUARDO IRUNGARAY SAMAYOA,FEDERICO ESTUARDO IRUNGARAY SAMAYOA,DIVERSIFICADO,PRIVADO,URBANA,CERRADA DEFINITIVAMENTE,MONOLINGUE,MATUTINA,DIARIO(REGULAR),GUATEMALA OCCIDENTE
00-07-2513-45,01-406,CIUDAD CAPITAL,ZONA 7,IPMB 'COLEGIO BILINGUE DE COMPUTACION',CALZADA SAN JUAN 39-45 EL RODEO,5924564 Y 4324564,MIGUEL ALVARO RODRIGUEZ PORTILLO,,BASICO,PRIVADO,URBANA,CERRADA TEMPORALMENTE,MONOLINGUE,INTERMEDIA,DIARIO(REGULAR),GUATEMALA OCCIDENTE
00-07-2513-46,01-406,CIUDAD CAPITAL,ZONA 7,INSTITUTO PRIVADO MIXTO DE EDUCACION DIVERSIFICADA COLEGIO BILINGUE DE COMPUTACION,CALZADA SAN JUAN 39-45 EL RODEO,55924564,MIGUEL ALVARO RODRIGUEZ PORTILLO,,DIVERSIFICADO,PRIVADO,URBANA,CERRADA TEMPORALMENTE,MONOLINGUE,INTERMEDIA,DIARIO(REGULAR),GUATEMALA OCCIDENTE
00-07-2514-42,,CIUDAD CAPITAL,ZONA 7,EPDP ANEXA A 'COLEGIO ESCOCES DE GUATEMALA',26 AV 10-53 COLONIA KAMINAL JUYU I,,,,PARVULOS,PRIVADO,URBANA,CERRADA DEFINITIVAMENTE,MONOLINGUE,MATUTINA,DIARIO(REGULAR),GUATEMALA OCCIDENTE
00-07-2515-42,01-01-0106,CIUDAD CAPITAL,ZONA 7,EODP ANEXA A EOUM 'GUERNICA',31 AV  C  COLONIA SANTA ELENA I,54686105,MARÍA DEL ROSARIO VARGAS SANDOVAL,MAYRA ALEJANDRA VASQUEZ COSAJAY,PARVULOS,OFICIAL,URBANA,ABIERTA,MONOLINGUE,MATUTINA,DIARIO(REGULAR),GUATEMALA OCCIDENTE
00-07-2516-42,,CIUDAD CAPITAL,ZONA 7,COLEGIO 'HELLENN KELLER',8A CALLE 11-49 QUINTA SAMAYOA,,,,PARVULOS,PRIVADO,URBANA,CERRADA DEFINITIVAMENTE,MONOLINGUE,MATUTINA,DIARIO(REGULAR),GUATEMALA OCCIDENTE
00-07-2516-43,,CIUDAD CAPITAL,ZONA 7,'COLEGIO HELEN KELLER',8A CALLE 11-49 QUINTA SAMAYOA,,,,PRIMARIA,PRIVADO,URBANA,CERRADA DEFINITIVAMENTE,MONOLINGUE,MATUTINA,DIARIO(REGULAR),GUATEMALA OCCIDENTE
00-07-2808-46,01-,CIUDAD CAPITAL,ZONA 7,COLEGIO CENTRO EDUCATIVO JUVENIL  SUPERACION,4A. AV. 0-28 COLONIA LANDIVAR,,MARIA FELICITA ROQUE CARRERA,,DIVERSIFICADO,PRIVADO,URBANA,CERRADA DEFINITIVAMENTE,MONOLINGUE,VESPERTINA,DIARIO(REGULAR),GUATEMALA OCCIDENTE
00-07-2827-42,,CIUDAD CAPITAL,ZONA 7,INSTITUTO PRIVADO MIXTO DE EDUCACION PRE-PRIMARIA 'LICEO MINERVA',1A. CALLE 30-44 COLONIA UTATLAN I,,,,PARVULOS,PRIVADO,URBANA,CERRADA DEFINITIVAMENTE,MONOLINGUE,MATUTINA,DIARIO(REGULAR),GUATEMALA OCCIDENTE
00-07-2842-43,,CIUDAD CAPITAL,ZONA 7,INSTITUTO PRIVADO MIXTO DE EDUCACION PRIMARIA LICEO MINERVA,1A. CALLE 30-44 COLONIA UTATLAN I,55947005,,,PRIMARIA,PRIVADO,URBANA,CERRADA DEFINITIVAMENTE,MONOLINGUE,MATUTINA,DIARIO(REGULAR),GUATEMALA OCCIDENTE
00-07-2844-43,,CIUDAD CAPITAL,ZONA 7,COLEGIO MIXTO 'VICTORIA',"4a. CALLE 8-82, COLONIA QUINTA SAMAYOA",,,,PRIMARIA,PRIVADO,URBANA,CERRADA DEFINITIVAMENTE,MONOLINGUE,MATUTINA,DIARIO(REGULAR),GUATEMALA OCCIDENTE
00-07-2845-43,,CIUDAD CAPITAL,ZONA 7,COLEGIO PEQUEYAS ESTRELLAS GEMELAS,"31 AV. 'A' 14-41, CIUDAD DE PLATA II",,,,PRIMARIA,PRIVADO,URBANA,CERRADA DEFINITIVAMENTE,MONOLINGUE,MATUTINA,DIARIO(REGULAR),GUATEMALA OCCIDENTE
00-07-2881-45,01-01-0164,CIUDAD CAPITAL,ZONA 7,COLEGIO DE INFORMATICA  IMB-PC NO. 1,"CALZADA SAN JUAN 32 AVENIDA 4-04, COLONIA CENTROAMERICA",23025400,JUAN WALDEMAR CABRERA MÉNDEZ,CARLOS ALFREDO DE LEÓN ALB,BASICO,PRIVADO,URBANA,ABIERTA,MONOLINGUE,MATUTINA,DIARIO(REGULAR),GUATEMALA OCCIDENTE
00-07-2882-45,,CIUDAD CAPITAL,ZONA 7,COLEGIO MIXTO 'VICTORIA',"4A. CALLE 8-82, COLONIA QUINTA SAMAYOA",,,,BASICO,PRIVADO,URBANA,CERRADA DEFINITIVAMENTE,MONOLINGUE,MATUTINA,DIARIO(REGULAR),GUATEMALA OCCIDENTE
00-07-2901-42,,CIUDAD CAPITAL,ZONA 7,LICEO CRISTIANO SUSANO MUYOZ,"8a. CALLE 14-77, COLONIA QUINTA SAMAYOA",,,,PARVULOS,PRIVADO,URBANA,CERRADA DEFINITIVAMENTE,MONOLINGUE,MATUTINA,DIARIO(REGULAR),GUATEMALA OCCIDENTE
00-07-2920-42,,CIUDAD CAPITAL,ZONA 7,COLEGIO 'MI PARQUECITO NIÑO JESUS',CALZADA ROOSVELT 37-42,,,,PARVULOS,PRIVADO,URBANA,CERRADA DEFINITIVAMENTE,MONOLINGUE,MATUTINA,DIARIO(REGULAR),GUATEMALA OCCIDENTE
00-07-2921-42,01-619,CIUDAD CAPITAL,ZONA 7,MI PEQUEYO MUNDO INFANTIL DE AMERICA,CALZADA SAN JUAN 6-92 COLONIA LANDIVAR,24722452,JUAN WALDEMAR CABRERA MENDEZ,,PARVULOS,PRIVADO,URBANA,CERRADA TEMPORALMENTE,MONOLINGUE,MATUTINA,DIARIO(REGULAR),GUATEMALA OCCIDENTE
00-07-2922-42,01-604,CIUDAD CAPITAL,ZONA 7,COLEGIO JUANITO BOSCO,6A. CALLE 30-52 TIKAL I,24743292,EMORA EMPERATRIZ CRUZ DE FUENTES,,PARVULOS,PRIVADO,URBANA,CERRADA TEMPORALMENTE,MONOLINGUE,MATUTINA,DIARIO(REGULAR),GUATEMALA OCCIDENTE
00-07-2924-43,01-617,CIUDAD CAPITAL,ZONA 7,COLEGIO 'PRACTICO CIENTIFICO',9A CALLE 30-32 TIKAL I,24723585,MARIA DEL ROSARIO VARGAS SANDOVAL,,PRIMARIA,PRIVADO,URBANA,CERRADA TEMPORALMENTE,MONOLINGUE,MATUTINA,DIARIO(REGULAR),GUATEMALA OCCIDENTE
00-07-2925-43,01-604,CIUDAD CAPITAL,ZONA 7,COLEGIO JUANITO BOSCO,6A. CALLE 30-52,24743292,EMORA EMPERATRIZ CRUZ DE FUENTES,,PRIMARIA,PRIVADO,URBANA,CERRADA TEMPORALMENTE,MONOLINGUE,MATUTINA,DIARIO(REGULAR),GUATEMALA OCCIDENTE
00-07-2931-45,,CIUDAD CAPITAL,ZONA 7,COLEGIO BILINGUE HOLANDES,42 AVENIDA 3-98 LOMAS DEL RODEO,,,,BASICO,PRIVADO,URBANA,CERRADA DEFINITIVAMENTE,MONOLINGUE,MATUTINA,DIARIO(REGULAR),GUATEMALA OCCIDENTE
00-07-2932-45,,CIUDAD CAPITAL,ZONA 7,COLEGIO MIXTO BILINGUE MACDERMONT,2A. CALLE 36-77,,,,BASICO,PRIVADO,URBANA,CERRADA DEFINITIVAMENTE,MONOLINGUE,MATUTINA,DIARIO(REGULAR),GUATEMALA OCCIDENTE
00-07-2933-45,,CIUDAD CAPITAL,ZONA 7,CENTRO EDUCATIVO JUVENIL 'SUPERACION',4A. AV. 0-28 COLONIA LANDIVAR,,,,BASICO,PRIVADO,URBANA,CERRADA DEFINITIVAMENTE,MONOLINGUE,VESPERTINA,DIARIO(REGULAR),GUATEMALA OCCIDENTE
00-07-2934-45,01-617,CIUDAD CAPITAL,ZONA 7,COLEGIO PRACTICO CIENTIFICO,9A. CALLE 30-32 TIKAL I,53081128,MARIA DEL ROSARIO VARGAS SANDOVAL,BYRON EDVIN VILLATORO DEL CID,BASICO,PRIVADO,URBANA,ABIERTA,MONOLINGUE,MATUTINA,DIARIO(REGULAR),GUATEMALA OCCIDENTE
00-07-2935-45,,CIUDAD CAPITAL,ZONA 7,'RODOLFO GALEOTTI TORRES',3A. CALLE 'B' 13-44 COLONIA QUINTA SAMAYOA,,,,BASICO,PRIVADO,URBANA,CERRADA DEFINITIVAMENTE,MONOLINGUE,MATUTINA,DIARIO(REGULAR),GUATEMALA OCCIDENTE
00-07-2937-46,01-617,CIUDAD CAPITAL,ZONA 7,COLEGIO  PRACTICO CIENTIFICO,CALZADA SAN JUAN 12-52,24723585,MARIA DEL ROSARIO VARGAS SANDOVAL,BYRON EDVIN VILLATORO DEL CID,DIVERSIFICADO,PRIVADO,URBANA,CERRADA TEMPORALMENTE,MONOLINGUE,VESPERTINA,DIARIO(REGULAR),GUATEMALA OCCIDENTE
00-07-2944-43,01-617,CIUDAD CAPITAL,ZONA 7,LICEO CRISTIANO SUSANO MUYOZ,"8A. CALLE 14-77, COLONIA QUINTA SAMAYOA",24718687,MARIA DEL ROSARIO VARGAS SANDOVAL,,PRIMARIA,PRIVADO,URBANA,CERRADA DEFINITIVAMENTE,MONOLINGUE,MATUTINA,DIARIO(REGULAR),GUATEMALA OCCIDENTE
00-07-2944-45,01-617,CIUDAD CAPITAL,ZONA 7,LICEO CRISTIANO 'SUSANO MUYOZ',8A. CALLE 14-77 COL QUINTA SAMAYOA,24718687,MARIA DEL ROSARIO VARGAS SANDOVAL,,BASICO,PRIVADO,URBANA,CERRADA DEFINITIVAMENTE,MONOLINGUE,MATUTINA,DIARIO(REGULAR),GUATEMALA OCCIDENTE
00-07-2956-46,,CIUDAD CAPITAL,ZONA 7,ESCUELA TECNICA DE DIBUJO EN CONSTRUCCION 'GUATEMALA',"13 CALLE 'A' 29-46, CIUDAD DE PLATA",,,,DIVERSIFICADO,PRIVADO,URBANA,CERRADA DEFINITIVAMENTE,MONOLINGUE,NOCTURNA,DIARIO(REGULAR),GUATEMALA OCCIDENTE
00-07-2960-42,,CIUDAD CAPITAL,ZONA 7,COLEGIO CRISTIANO 'ELIM',GUATEMALA,,,,PARVULOS,PRIVADO,URBANA,CERRADA DEFINITIVAMENTE,MONOLINGUE,MATUTINA,DIARIO(REGULAR),GUATEMALA OCCIDENTE
00-07-2960-46,,CIUDAD CAPITAL,ZONA 7,COLEGIO CRISTIANO 'ELIM',3AV. 11-42 ZONA 3 DE MIXCO COLONIA EL ROSARIO,,,,DIVERSIFICADO,PRIVADO,URBANA,CERRADA DEFINITIVAMENTE,MONOLINGUE,MATUTINA,DIARIO(REGULAR),GUATEMALA OCCIDENTE
00-07-2961-45,,CIUDAD CAPITAL,ZONA 7,COLEGIO CRISTIANO 'ELIM',3A. AVENIDA 11-42 COLONIA EL ROSARIO,,,,BASICO,PRIVADO,URBANA,CERRADA DEFINITIVAMENTE,MONOLINGUE,MATUTINA,DIARIO(REGULAR),GUATEMALA OCCIDENTE
00-07-2967-43,01-619,CIUDAD CAPITAL,ZONA 7,COLEGIO 'MI PEQUEYO MUNDO INFATIL DE AMERICA',CALZADA SAN JUAN 6-92 COL. LANDIVAR,24722452,JUAN WALDEMAR CABRERA MENDEZ,,PRIMARIA,PRIVADO,URBANA,CERRADA TEMPORALMENTE,MONOLINGUE,MATUTINA,DIARIO(REGULAR),GUATEMALA OCCIDENTE
00-07-2968-43,,CIUDAD CAPITAL,ZONA 7,COLEGIO CRISTIANO 'ELIM',48 AV. 4-21 COL. EL ROSARIO.,,,,PRIMARIA,PRIVADO,URBANA,CERRADA DEFINITIVAMENTE,MONOLINGUE,MATUTINA,DIARIO(REGULAR),GUATEMALA OCCIDENTE
00-07-2969-42,,CIUDAD CAPITAL,ZONA 7,COLEGIO CRISTIANO 'ELIM',48 AV. 4-21 COL. EL ROSARIO,,,,PARVULOS,PRIVADO,URBANA,CERRADA DEFINITIVAMENTE,MONOLINGUE,MATUTINA,DIARIO(REGULAR),GUATEMALA OCCIDENTE
00-07-2972-46,01-01-0164,CIUDAD CAPITAL,ZONA 7,CENTRO EDUCATIVO TECNICO LABORAL  KINAL,6A. AVENIDA 13-54 COL. LANDIVAR ZONA 7 GUATEMALA,46018773,JUAN WALDEMAR CABRERA MÉNDEZ,FRANCISCO ANTONIO MORALES RODAS,DIVERSIFICADO,PRIVADO,URBANA,ABIERTA,MONOLINGUE,MATUTINA,DIARIO(REGULAR),GUATEMALA OCCIDENTE
00-07-2977-43,01-01-0106,CIUDAD CAPITAL,ZONA 7,LICEO DE COMPUTACION  C.S.S,CALZADA SAN JUAN 38-83 COL. EL RODEO,24355424,MARÍA DEL ROSARIO VARGAS SANDOVAL,ANDREA CELESTE GARCÍA ENRIQUEZ,PRIMARIA,PRIVADO,URBANA,ABIERTA,MONOLINGUE,MATUTINA,DIARIO(REGULAR),GUATEMALA OCCIDENTE
00-07-2977-45,01-01-0106,CIUDAD CAPITAL,ZONA 7,LICEO DE COMPUTACION 'C.S.S',CALZADA SAN JUAN 38-83 COL. EL RODEO,24355424,MARÍA DEL ROSARIO VARGAS SANDOVAL,SANDRA PATRICIA RAXÓN MAX,BASICO,PRIVADO,URBANA,ABIERTA,MONOLINGUE,MATUTINA,DIARIO(REGULAR),GUATEMALA OCCIDENTE
00-07-2977-46,01-01-0106,CIUDAD CAPITAL,ZONA 7,LICEO DE COMPUTACION  C.S.S,CALZADA SAN JUAN 38-83 COLONIA EL RODEO,24314311,MARÍA DEL ROSARIO VARGAS SANDOVAL,SANDRA PATRICIA RAXÓN MAX,DIVERSIFICADO,PRIVADO,URBANA,ABIERTA,MONOLINGUE,MATUTINA,DIARIO(REGULAR),GUATEMALA OCCIDENTE
00-07-2978-46,01-619,CIUDAD CAPITAL,ZONA 7,LICEO DE COMPUTACION 'C.S.S',"CALZADA SAN JUAN 38-83, COLONIA EL RODEO","24355424, 24314311",JUAN WALDEMAR CABRERA MENDEZ,,DIVERSIFICADO,PRIVADO,URBANA,TEMPORAL TITULOS,MONOLINGUE,VESPERTINA,DIARIO(REGULAR),GUATEMALA OCCIDENTE
00-07-2979-46,01-406,CIUDAD CAPITAL,ZONA 7,LICEO DE COMPUTACION  C.S.S,CALZADA SAN JUAN 38-83 COLONIA EL RODEO,24314311,MIGUEL ALVARO RODRIGUEZ PORTILLO,OLGA MARIA LOPEZ LOPEZ,DIVERSIFICADO,PRIVADO,URBANA,CERRADA TEMPORALMENTE,MONOLINGUE,INTERMEDIA,DIARIO(REGULAR),GUATEMALA OCCIDENTE
00-07-2989-42,,CIUDAD CAPITAL,ZONA 7,COLEGIO PIERMOUNT,2A. CALLE 33-14,,,,PARVULOS,PRIVADO,URBANA,CERRADA DEFINITIVAMENTE,MONOLINGUE,MATUTINA,DIARIO(REGULAR),GUATEMALA OCCIDENTE
00-07-2989-43,,CIUDAD CAPITAL,ZONA 7,COLEGIO PIERMOUNT,2A. CALLE 33-14,,,,PRIMARIA,PRIVADO,URBANA,CERRADA DEFINITIVAMENTE,MONOLINGUE,MATUTINA,DIARIO(REGULAR),GUATEMALA OCCIDENTE
00-07-2990-42,01-01-0106,CIUDAD CAPITAL,ZONA 7,COLEGIO MONTE SOL,20 AV. 13-34 COL. KAMINAL JUYU II,56903072,MARÍA DEL ROSARIO VARGAS SANDOVAL,INGRID LISBETH RUIZ URIZAR,PARVULOS,PRIVADO,URBANA,ABIERTA,MONOLINGUE,MATUTINA,DIARIO(REGULAR),GUATEMALA OCCIDENTE
00-07-2990-43,01-01-0106,CIUDAD CAPITAL,ZONA 7,COLEGIO MONTE SOL,20 AV. 13-34 KAMINAL JUYU II,56903072,MARÍA DEL ROSARIO VARGAS SANDOVAL,INGRID LISBETH RUIZ URIZAR,PRIMARIA,PRIVADO,URBANA,ABIERTA,MONOLINGUE,MATUTINA,DIARIO(REGULAR),GUATEMALA OCCIDENTE
00-07-2990-45,,CIUDAD CAPITAL,ZONA 7,COLEGIO 'PIERMOUNT',2A. CALLE 33-14,55913947,,,BASICO,PRIVADO,URBANA,CERRADA DEFINITIVAMENTE,MONOLINGUE,MATUTINA,DIARIO(REGULAR),GUATEMALA OCCIDENTE
00-07-2991-42,,CIUDAD CAPITAL,ZONA 7,COLEGIO MIXTO CRISTIANO NUEVA CREACION,"10 AV. A 30-45 ZONA 11, LAS CHARCAS, GUATEMALA",,,,PARVULOS,PRIVADO,URBANA,CERRADA DEFINITIVAMENTE,MONOLINGUE,MATUTINA,DIARIO(REGULAR),GUATEMALA OCCIDENTE
00-07-3001-43,,CIUDAD CAPITAL,ZONA 7,LICEO MIXTO 'ALBERT EINSTEIN',6A. CALLE A 7-30 COL. QUINTA SAMAYOA,24735180,,,PRIMARIA,PRIVADO,URBANA,CERRADA TEMPORALMENTE,MONOLINGUE,MATUTINA,DIARIO(REGULAR),GUATEMALA OCCIDENTE
00-07-3010-42,01-617,CIUDAD CAPITAL,ZONA 7,COLEGIO CRISTIANO  SUSANO MUNOZ,8A. CALLE 14-77 COL. QUINTA SAMAYOA,24718687,MARIA DEL ROSARIO VARGAS SANDOVAL,FELIPA PAULA RIVAS LOPEZ,PARVULOS,PRIVADO,URBANA,CERRADA DEFINITIVAMENTE,MONOLINGUE,MATUTINA,DIARIO(REGULAR),GUATEMALA OCCIDENTE
00-07-3020-45,01-409,CIUDAD CAPITAL,ZONA 7,COLEGIO MIXTO CENTROAMERICANO EL MAESTRO AMIGO,CALZADA ROOSEVELT 2-34 COLONIA LANDIVAR,24751249,IDALIA DEL ROSARIO LOPEZ SANDOVAL DE PAIZ,SERGIO  MEJÍA AGUILAR,BASICO,PRIVADO,URBANA,CERRADA TEMPORALMENTE,MONOLINGUE,VESPERTINA,FIN DE SEMANA,GUATEMALA OCCIDENTE
00-07-3027-43,,CIUDAD CAPITAL,ZONA 7,COLEGIO 'PIERMOUNT',2A. CALLE 34-43,55912106,,,PRIMARIA,PRIVADO,URBANA,CERRADA DEFINITIVAMENTE,MONOLINGUE,MATUTINA,DIARIO(REGULAR),GUATEMALA OCCIDENTE
00-07-3028-45,,CIUDAD CAPITAL,ZONA 7,LICEO MIXTO 'ALBERT EINSTEIN',6 CALLE 'A' 9-70 COLONIA QUINTA SAMAYOA,24711941,,,BASICO,PRIVADO,URBANA,CERRADA DEFINITIVAMENTE,MONOLINGUE,MATUTINA,DIARIO(REGULAR),GUATEMALA OCCIDENTE
00-07-3029-45,01-619,CIUDAD CAPITAL,ZONA 7,COLEGIO MIXTO CENTROAMERICANO EL MAESTRO AMIGO,CALZADA ROOSEVELT 2-34,24754249,JUAN WALDEMAR CABRERA MENDEZ,SERGIO  MEJÍA AGUILAR,BASICO,PRIVADO,URBANA,ABIERTA,MONOLINGUE,MATUTINA,DIARIO(REGULAR),GUATEMALA OCCIDENTE
00-07-3030-46,01-,CIUDAD CAPITAL,ZONA 7,LICEO MIXTO 'ALBERT EINSTEIN',6A CALLE  A  7-30 COLONIA QUINTA SAMAYOA,24735180,MARIA FELICITA ROQUE CARRERA,,DIVERSIFICADO,PRIVADO,URBANA,CERRADA TEMPORALMENTE,MONOLINGUE,INTERMEDIA,DIARIO(REGULAR),GUATEMALA OCCIDENTE
00-07-3031-46,01-102,CIUDAD CAPITAL,ZONA 7,LICEO MIXTO ALBERT EINSTEIN (POR MADUREZ),6A CALLE A 7-30 COLONIA QUINTA SAMAYOA,24735180,ZIZI ARELY LOPEZ CHINCHILLA,,DIVERSIFICADO,PRIVADO,URBANA,CERRADA TEMPORALMENTE,MONOLINGUE,NOCTURNA,DIARIO(REGULAR),GUATEMALA OCCIDENTE
00-07-3032-45,01-619,CIUDAD CAPITAL,ZONA 7,COLEGIO EXPERIMENTAL CRISTIANO VERBO NO.2,"27 AVENIDA 8-36 EL NARANJO, ZONA 4 DE MIXCO",22104848,JUAN WALDEMAR CABRERA MENDEZ,CLAUDIA LORENA GARZONA NOLASCO,BASICO,PRIVADO,URBANA,CERRADA DEFINITIVAMENTE,MONOLINGUE,MATUTINA,DIARIO(REGULAR),GUATEMALA OCCIDENTE
00-07-3034-43,01-01-0106,CIUDAD CAPITAL,ZONA 7,LICEO MIXTO CULTURA,13 CALLE 'A' 27-54 ZONA 7 KAMINAL JUYU II,42027768,MARÍA DEL ROSARIO VARGAS SANDOVAL,MARÍA RENEÉ CASTELLANOS MAZARIEGOS,PRIMARIA,PRIVADO,URBANA,ABIERTA,MONOLINGUE,MATUTINA,DIARIO(REGULAR),GUATEMALA OCCIDENTE
00-07-3035-42,01-01-0106,CIUDAD CAPITAL,ZONA 7,LICEO MIXTO CULTURA,13 CALLE 'A' 27-54 ZONA 7KAMINAL JUYU II,42027768,MARÍA DEL ROSARIO VARGAS SANDOVAL,ESTELLA  MAZARIEGOS CONTRERAS,PARVULOS,PRIVADO,URBANA,ABIERTA,MONOLINGUE,MATUTINA,DIARIO(REGULAR),GUATEMALA OCCIDENTE
00-07-3036-42,,CIUDAD CAPITAL,ZONA 7,JARDIN INFANTIL 'CARRUSELITO',20 AVE 13-48 KAMINAL JUYU II,,,,PARVULOS,PRIVADO,URBANA,CERRADA DEFINITIVAMENTE,MONOLINGUE,MATUTINA,DIARIO(REGULAR),GUATEMALA OCCIDENTE
00-07-3037-42,,CIUDAD CAPITAL,ZONA 7,COLEGIO 'PIERMOUNT',2A. CALLE 34-43,55912106,,,PARVULOS,PRIVADO,URBANA,CERRADA DEFINITIVAMENTE,MONOLINGUE,MATUTINA,DIARIO(REGULAR),GUATEMALA OCCIDENTE
00-07-3038-42,01-01-0106,CIUDAD CAPITAL,ZONA 7,LICEO DE COMPUTACION 'C.S.S',CALZADA SAN JUAN 38-83 COL. EL RODEO,24355424,MARÍA DEL ROSARIO VARGAS SANDOVAL,ANDREA CELESTE GARCÍA ENRIQUEZ,PARVULOS,PRIVADO,URBANA,ABIERTA,MONOLINGUE,MATUTINA,DIARIO(REGULAR),GUATEMALA OCCIDENTE
00-07-3086-46,01-619,CIUDAD CAPITAL,ZONA 7,COLEGIO MIXTO CENTROAMERICANO EL MAESTRO AMIGO,CALZADA ROOSEVELT 2-34,24751249,JUAN WALDEMAR CABRERA MENDEZ,SERGIO  MEJÍA AGUILAR,DIVERSIFICADO,PRIVADO,URBANA,CERRADA TEMPORALMENTE,MONOLINGUE,MATUTINA,DIARIO(REGULAR),GUATEMALA OCCIDENTE
00-07-3101-45,01-406,CIUDAD CAPITAL,ZONA 7,LICEO MIXTO 'ALBERT EINSTEIN' (POR MADUREZ),6A. CALLE 'A' 7-30 COLONIA QUINTA SAMAYOA,24735180,MIGUEL ALVARO RODRIGUEZ PORTILLO,,BASICO,PRIVADO,URBANA,CERRADA TEMPORALMENTE,MONOLINGUE,NOCTURNA,DIARIO(REGULAR),GUATEMALA OCCIDENTE
00-07-3122-42,01-617,CIUDAD CAPITAL,ZONA 7,COLEGIO 'EL MUNDO ENCANTADO DE DISNEY',8A. CALLE 28-96 KAMINAL JUYU I,24740045,MARIA DEL ROSARIO VARGAS SANDOVAL,,PARVULOS,PRIVADO,URBANA,CERRADA DEFINITIVAMENTE,MONOLINGUE,MATUTINA,DIARIO(REGULAR),GUATEMALA OCCIDENTE
00-07-3122-43,01-617,CIUDAD CAPITAL,ZONA 7,COLEGIO 'EL MUNDO ENCANTADO DE DISNEY',8A. CALLE 28-96 KAMINAL JUYU I,24740045,MARIA DEL ROSARIO VARGAS SANDOVAL,,PRIMARIA,PRIVADO,URBANA,CERRADA DEFINITIVAMENTE,MONOLINGUE,MATUTINA,DIARIO(REGULAR),GUATEMALA OCCIDENTE
00-07-3126-42,01-619,CIUDAD CAPITAL,ZONA 7,COLEGIO 'ANDY PANDA',6 CALLE 'A' 10-38 COLONIA QUINTA SAMAYOA,43597683,JUAN WALDEMAR CABRERA MENDEZ,INGRID PAOLA ISPACHE SANTOS,PARVULOS,PRIVADO,URBANA,ABIERTA,MONOLINGUE,MATUTINA,DIARIO(REGULAR),GUATEMALA OCCIDENTE
00-07-3129-42,01-617,CIUDAD CAPITAL,ZONA 7,COLEGIO MIXTO EVANGELICO 'MANANTIAL DE VIDA',AVE TECUN UMAN 31-75 COLONIA BETHANIA,54144500,MARIA DEL ROSARIO VARGAS SANDOVAL,,PARVULOS,PRIVADO,URBANA,CERRADA TEMPORALMENTE,MONOLINGUE,MATUTINA,DIARIO(REGULAR),GUATEMALA OCCIDENTE
00-07-3129-43,01-617,CIUDAD CAPITAL,ZONA 7,COLEGIO MIXTO EVANGELICO 'MANANTIAL DE VIDA',AV TECUN UMAN 31-75 COL. BETHANIA,54144500,MARIA DEL ROSARIO VARGAS SANDOVAL,,PRIMARIA,PRIVADO,URBANA,CERRADA TEMPORALMENTE,MONOLINGUE,MATUTINA,DIARIO(REGULAR),GUATEMALA OCCIDENTE
00-07-3149-42,,CIUDAD CAPITAL,ZONA 7,COLEGIO DE APRENDIZAJE BILINGUE,13 CALLE 'B' 28-88 CIUDAD DE PLATA I,,,,PARVULOS,PRIVADO,URBANA,CERRADA DEFINITIVAMENTE,MONOLINGUE,MATUTINA,DIARIO(REGULAR),GUATEMALA OCCIDENTE
00-07-3150-42,01-01-0106,CIUDAD CAPITAL,ZONA 7,COLEGIO MIXTO BILINGUE  MEÑIQUE EL TRAVIESO,32 CALLE  A  12-01 COLONIA BETHANIA,47911824,MARÍA DEL ROSARIO VARGAS SANDOVAL,SAMARA DEL CARMEN MALDONADO PADILLA,PARVULOS,PRIVADO,URBANA,ABIERTA,MONOLINGUE,MATUTINA,DIARIO(REGULAR),GUATEMALA OCCIDENTE
00-07-4003-45,,CIUDAD CAPITAL,ZONA 7,COLEGIO PRE-UNIVERSITARIO CATOLICO,37 AV. 3-18,,,,BASICO,PRIVADO,URBANA,CERRADA DEFINITIVAMENTE,MONOLINGUE,MATUTINA,DIARIO(REGULAR),GUATEMALA OCCIDENTE
00-07-4005-46,,CIUDAD CAPITAL,ZONA 7,INSTITUTO PRIVADO MIXTO DE EDUCACION DIVERSIFICADA COLEGIO PRE UNIVERSITARIO CA,37 AV. 3-18,,,,DIVERSIFICADO,PRIVADO,URBANA,CERRADA DEFINITIVAMENTE,MONOLINGUE,MATUTINA,DIARIO(REGULAR),GUATEMALA OCCIDENTE
00-07-4018-42,01-617,CIUDAD CAPITAL,ZONA 7,COLEGIO MIXTO 'SANTO TOMAS DE AQUINO',"12 CALLE 'A', 32-66 TIKAL III",24342951,MARIA DEL ROSARIO VARGAS SANDOVAL,,PARVULOS,PRIVADO,URBANA,CERRADA TEMPORALMENTE,MONOLINGUE,MATUTINA,DIARIO(REGULAR),GUATEMALA OCCIDENTE
00-07-4018-43,01-617,CIUDAD CAPITAL,ZONA 7,COLEGIO MIXTO 'SANTO TOMAS DE AQUINO',12 CALLE 'A' 32-66 TIKAL III,24342951,MARIA DEL ROSARIO VARGAS SANDOVAL,,PRIMARIA,PRIVADO,URBANA,CERRADA TEMPORALMENTE,MONOLINGUE,MATUTINA,DIARIO(REGULAR),GUATEMALA OCCIDENTE
00-07-4021-43,01-619,CIUDAD CAPITAL,ZONA 7,COLEGIO  ANDY PANDA,6A. CALLE A 10-38 COLONIA QUINTA SAMAYOA,43597683,JUAN WALDEMAR CABRERA MENDEZ,GLADYS ANABELLA FERNÁNDEZ,PRIMARIA,PRIVADO,URBANA,ABIERTA,MONOLINGUE,MATUTINA,DIARIO(REGULAR),GUATEMALA OCCIDENTE
00-07-4022-42,01-01-0163,CIUDAD CAPITAL,ZONA 7,LICEO MIXTO 'REAL GUATEMALTECO',8A. CALLE 13-75 COLONIA QUINTA SAMAYOA,52085621,FEDERICO ESTUARDO IRUNGARAY SAMAYOA,NELLY EMELINA VILLATORO VELÁSQUEZ,PARVULOS,PRIVADO,URBANA,ABIERTA,MONOLINGUE,MATUTINA,DIARIO(REGULAR),GUATEMALA OCCIDENTE
00-07-4023-43,01-01-0163,CIUDAD CAPITAL,ZONA 7,LICEO MIXTO  REAL GUATEMALTECO,8A. CALLE 13-75 COLONIA QUINTA SAMAYOA,52085621,FEDERICO ESTUARDO IRUNGARAY SAMAYOA,NELLY EMELINA VILLATORO VELÁSQUEZ,PRIMARIA,PRIVADO,URBANA,ABIERTA,MONOLINGUE,MATUTINA,DIARIO(REGULAR),GUATEMALA OCCIDENTE
00-07-4080-45,,CIUDAD CAPITAL,ZONA 7,CENTRO DE USOS MULTIPLES (C.U.M.),9AV. 7-57 ZONA 7 NUEVA MONSERRAT,,,,BASICO,OFICIAL,URBANA,CERRADA DEFINITIVAMENTE,MONOLINGUE,MATUTINA,DIARIO(REGULAR),GUATEMALA OCCIDENTE
00-07-4198-43,01-01-0164,CIUDAD CAPITAL,ZONA 7,EOUM NO.42 AGUSTIN MENCOS FRANCO,33AV 24-31 COLONIA LA BETHANIA,54147577,JUAN WALDEMAR CABRERA MÉNDEZ,SANDRA CELINA MORALES TEJADA,PRIMARIA,OFICIAL,URBANA,ABIERTA,MONOLINGUE,VESPERTINA,DIARIO(REGULAR),GUATEMALA OCCIDENTE
00-07-4310-43,,CIUDAD CAPITAL,ZONA 7,LICEO MIXTO PRIVADO 'EL ABECEDARIO',6A. CALLE 'A' 10-65 COLONIA QUINTA SAMAYOA,,,,PRIMARIA,PRIVADO,URBANA,CERRADA DEFINITIVAMENTE,MONOLINGUE,MATUTINA,DIARIO(REGULAR),GUATEMALA OCCIDENTE
00-07-4325-46,01-,CIUDAD CAPITAL,ZONA 7,INSTITUTO TECNICO EN ELECTRICIDAD Y DIBUJO DE CONSTRUCCION,31 AVENIDA  B  10-43 COLONIA CENTROAMERICA,2250522,MARIA FELICITA ROQUE CARRERA,MARIO GONZÁLEZ,DIVERSIFICADO,PRIVADO,URBANA,CERRADA TEMPORALMENTE,MONOLINGUE,NOCTURNA,DIARIO(REGULAR),GUATEMALA OCCIDENTE
00-07-4327-46,01-619,CIUDAD CAPITAL,ZONA 7,INSTITUTO TECNICO EN ELECTRICIDAD Y DIBUJO DE CONSTRUCCION,CALZADA SAN JUAN 31-47,24322159,JUAN WALDEMAR CABRERA MENDEZ,,DIVERSIFICADO,PRIVADO,URBANA,CERRADA TEMPORALMENTE,MONOLINGUE,VESPERTINA,DIARIO(REGULAR),GUATEMALA OCCIDENTE
00-07-4328-46,01-619,CIUDAD CAPITAL,ZONA 7,INSTITUTO TECNICO EN ELECTRICIDAD Y DIBUJO DE CONSTRUCCION,CALZADA SAN JUAN 31-47,24322159,JUAN WALDEMAR CABRERA MENDEZ,OSCAR ALFREDO HERRERA JUÁREZ,DIVERSIFICADO,PRIVADO,URBANA,CERRADA TEMPORALMENTE,MONOLINGUE,MATUTINA,DIARIO(REGULAR),GUATEMALA OCCIDENTE
00-07-4330-46,01-,CIUDAD CAPITAL,ZONA 7,INSTITUTO TECNICO VOCACIONAL  CENTRO AMERICANO BILINGUE,33 AVENIDA 13-09 JARDINES DE TIKAL II,,MARIA FELICITA ROQUE CARRERA,,DIVERSIFICADO,PRIVADO,URBANA,CERRADA TEMPORALMENTE,MONOLINGUE,MATUTINA,DIARIO(REGULAR),GUATEMALA OCCIDENTE
00-07-4332-45,,CIUDAD CAPITAL,ZONA 7,COLEGIO PRIVADO MIXTO AMSTERDAM,31 AVENIDA 14-26 ZONA 7 CIUDAD DE PLATA II,24738983,,,BASICO,PRIVADO,URBANA,CERRADA DEFINITIVAMENTE,MONOLINGUE,MATUTINA,DIARIO(REGULAR),GUATEMALA OCCIDENTE
00-07-4333-45,01-01-0106,CIUDAD CAPITAL,ZONA 7,COLEGIO   MONTE CARMELO,2A. CALLE 32-41 ZONA 7,24346629,MARÍA DEL ROSARIO VARGAS SANDOVAL,ANA BEATRIZ GIRÓN SALAN,BASICO,PRIVADO,URBANA,ABIERTA,MONOLINGUE,MATUTINA,DIARIO(REGULAR),GUATEMALA OCCIDENTE
00-07-4357-42,01-01-0103,CIUDAD CAPITAL,ZONA 7,CENTRO EDUCATIVO FE Y ALEGRIA  NO. 9,"32 AVE. 38-01 COLONIA EL AMPARO II, ZONA 7",24319989,DORIS DARLENY DUEÑAS CARRILLO,CANDICE MARÍA HERNÁNDEZ LUNA,PARVULOS,PRIVADO,URBANA,ABIERTA,MONOLINGUE,VESPERTINA,DIARIO(REGULAR),GUATEMALA OCCIDENTE
00-07-4359-42,01-01-0164,CIUDAD CAPITAL,ZONA 7,COLEGIO JARDIN INFANTIL MUNICIPAL  LOS NIÑOS DE SANTA CLARA,13 CALLE 3-10 COLONIA LANDIVAR,24714481,JUAN WALDEMAR CABRERA MÉNDEZ,OTILIA ANGELINA LÓPEZ JOCOL,PARVULOS,MUNICIPAL,URBANA,ABIERTA,MONOLINGUE,DOBLE,DIARIO(REGULAR),GUATEMALA OCCIDENTE
00-07-4360-42,01-01-0164,CIUDAD CAPITAL,ZONA 7,COLEGIO INFANTIL MUNICIPAL 'SANTA ANA',14 CALLE 8-70 COLONIA CASTILLO LARA,24736382,JUAN WALDEMAR CABRERA MÉNDEZ,ANA GABRIELA RIVERA ALVAREZ,PARVULOS,MUNICIPAL,URBANA,ABIERTA,MONOLINGUE,DOBLE,DIARIO(REGULAR),GUATEMALA OCCIDENTE
00-07-4361-42,01-01-0163,CIUDAD CAPITAL,ZONA 7,COLEGIO DE ESTIMULACION TEMPRANA 'DE MARIA',8A. CALLE 8-63 COLONIA QUITA SAMAYOA,58431044,FEDERICO ESTUARDO IRUNGARAY SAMAYOA,KARLA YESENIA VIDES MENA,PARVULOS,PRIVADO,URBANA,ABIERTA,MONOLINGUE,MATUTINA,DIARIO(REGULAR),GUATEMALA OCCIDENTE
00-07-4366-46,01-,CIUDAD CAPITAL,ZONA 7,COLEGIO PRIVADO MIXTO 'PIERMOUNT',2A. CALLE 33-14,55913947,MARIA FELICITA ROQUE CARRERA,MARÍA ENA PONCE,DIVERSIFICADO,PRIVADO,URBANA,CERRADA DEFINITIVAMENTE,MONOLINGUE,MATUTINA,DIARIO(REGULAR),GUATEMALA OCCIDENTE
00-07-4421-45,,CIUDAD CAPITAL,ZONA 7,COLEGIO MIXTO PRIVADO DE EDUCACION BASICA Y BACHILLERATO POR MADUREZ 'AMERICA',4A. AVENIDA 0-28 COLONIA LANDIVAR,,,,BASICO,PRIVADO,URBANA,CERRADA TEMPORALMENTE,MONOLINGUE,MATUTINA,SABATINO,GUATEMALA OCCIDENTE
00-07-4438-46,,CIUDAD CAPITAL,ZONA 7,COLEGIO DE BASICO Y BACHILLERATO POR MADUREZ 'AMERICA',4A. AVENIDA 0-28 COLONIA LANDIVAR,,,,DIVERSIFICADO,PRIVADO,URBANA,CERRADA TEMPORALMENTE,MONOLINGUE,MATUTINA,SABATINO,GUATEMALA OCCIDENTE
00-07-4460-46,01-102,CIUDAD CAPITAL,ZONA 7,INSTITUTO PRIVADO DE EDUCACION BASICA Y BACHILLERATO POR MADUREZ AMSTERDAN,ANILLO PERIFERICO 14-04 CIUDAD DE PLATA II,24738493,ZIZI ARELY LOPEZ CHINCHILLA,MARÍA DEL  CARMEN  LÓPEZ   DE   ARRIOLA,DIVERSIFICADO,PRIVADO,URBANA,TEMPORAL TITULOS,MONOLINGUE,VESPERTINA,FIN DE SEMANA,GUATEMALA OCCIDENTE
00-07-4461-45,,CIUDAD CAPITAL,ZONA 7,IPMB Y BACHILLERATO POR MADUREZ 'AMSTERDAM',31 AV. 14-04 COL.CIUDAD DE PLATA II,24738493,,,BASICO,PRIVADO,URBANA,CERRADA TEMPORALMENTE,MONOLINGUE,VESPERTINA,SABATINO,GUATEMALA OCCIDENTE
00-07-4529-46,,CIUDAD CAPITAL,ZONA 7,COLEGIO MIXTO 'SANTA CATALINA',11 AVENIDA 'A' 10-70 COL. CASTILLO LARA,736617 Y 714495,,,DIVERSIFICADO,PRIVADO,URBANA,CERRADA TEMPORALMENTE,MONOLINGUE,VESPERTINA,DIARIO(REGULAR),GUATEMALA OCCIDENTE
00-07-4565-46,,CIUDAD CAPITAL,ZONA 7,INSTITUTO TECNICO VOCACIONAL,33 AV. 13-09 JARDINES DE TIKAL II,,,,DIVERSIFICADO,PRIVADO,URBANA,CERRADA DEFINITIVAMENTE,MONOLINGUE,MATUTINA,DIARIO(REGULAR),GUATEMALA OCCIDENTE
00-07-4592-43,,CIUDAD CAPITAL,ZONA 7,LICEO MIXTO EL ABECEDARIO,"6A CALLE 'A' 10-65, COLONIA QUINTA SAMAYOA",,,,PRIMARIA,PRIVADO,URBANA,CERRADA DEFINITIVAMENTE,MONOLINGUE,MATUTINA,DIARIO(REGULAR),GUATEMALA OCCIDENTE
00-07-4593-42,,CIUDAD CAPITAL,ZONA 7,LICEO MIXTO 'EL ABECEDARIO',6A. CALLE 'A' 10-65 COLONIA QUINTA SAMAYOA,,,,PARVULOS,PRIVADO,URBANA,CERRADA DEFINITIVAMENTE,MONOLINGUE,MATUTINA,DIARIO(REGULAR),GUATEMALA OCCIDENTE
00-07-4623-46,,CIUDAD CAPITAL,ZONA 7,ESCUELA DE CIENCIAS COMERCIALES ADSC AL INEB 'MIGUEL GARCIA G.',AVE. MOCTEZUMA 31-02 ZONA 7 COLONIA BETHANIA,,,,DIVERSIFICADO,OFICIAL,URBANA,CERRADA DEFINITIVAMENTE,MONOLINGUE,NOCTURNA,DIARIO(REGULAR),GUATEMALA OCCIDENTE
00-07-4647-45,01-617,CIUDAD CAPITAL,ZONA 7,COLEGIO DE APRENDIZAJE BILINGUE,13 CALLE 'B' 28-88 CIUDAD DE PLATA I,24739291,MARIA DEL ROSARIO VARGAS SANDOVAL,,BASICO,PRIVADO,URBANA,CERRADA DEFINITIVAMENTE,MONOLINGUE,MATUTINA,DIARIO(REGULAR),GUATEMALA OCCIDENTE
00-07-4648-45,01-619,CIUDAD CAPITAL,ZONA 7,LICEO BILINGUE FRATERNIDAD CRISTIANA,CALZADA ROOSEVELT 45-54 KM. 13.5,24354901,JUAN WALDEMAR CABRERA MENDEZ,,BASICO,PRIVADO,URBANA,CERRADA DEFINITIVAMENTE,MONOLINGUE,MATUTINA,DIARIO(REGULAR),GUATEMALA OCCIDENTE
00-07-4649-46,01-623,CIUDAD CAPITAL,ZONA 7,INSTITUTO TECNOLOGICO MIXTO VOCACIONAL CENTROAMERICANO BILINGUE,33 AVENIDA 13-29 TIKAL II,24334411,FEDERICO ESTUARDO IRUNGARAY SAMAYOA,,DIVERSIFICADO,PRIVADO,URBANA,CERRADA DEFINITIVAMENTE,MONOLINGUE,DOBLE,DIARIO(REGULAR),GUATEMALA OCCIDENTE
00-07-4651-46,,CIUDAD CAPITAL,ZONA 7,COLEGIO MIXTO 'VICTORIA',4A CALLE 8-82 COLONIA QUINTA SAMAYOA,,,,DIVERSIFICADO,PRIVADO,URBANA,CERRADA DEFINITIVAMENTE,MONOLINGUE,VESPERTINA,DIARIO(REGULAR),GUATEMALA OCCIDENTE
00-07-6840-42,01-619,CIUDAD CAPITAL,ZONA 7,COLEGIO MIXTO AÑOS MARAVILLOSOS',"CALLE  A  1-12, COLONIA 6 DE OCTUBRE",24719802,JUAN WALDEMAR CABRERA MENDEZ,VIRGINIA MARISOL MORALES GIRÓN,PARVULOS,PRIVADO,URBANA,CERRADA DEFINITIVAMENTE,MONOLINGUE,MATUTINA,DIARIO(REGULAR),GUATEMALA OCCIDENTE
00-07-6841-43,,CIUDAD CAPITAL,ZONA 7,COLEGIO MIXTO 'AYOS MARAVILLOSOS',"CALLE 'A' 1-12, COLONIA 6 DE OCTUBRE",,,,PRIMARIA,PRIVADO,URBANA,CERRADA DEFINITIVAMENTE,MONOLINGUE,MATUTINA,DIARIO(REGULAR),GUATEMALA OCCIDENTE
00-07-6906-42,01-01-0164,CIUDAD CAPITAL,ZONA 7,EODP ANEXA A EOU PARA VARONES NO.49 '25 DE SEPTIEMBRE',6A.CALLE 'A' 14-59 COLONIA QUINTA SAMAYOA,24712910,JUAN WALDEMAR CABRERA MÉNDEZ,BESSIE MAGDALENA HERNÁNDEZ GARCÍA,PARVULOS,OFICIAL,URBANA,ABIERTA,MONOLINGUE,MATUTINA,DIARIO(REGULAR),GUATEMALA OCCIDENTE
00-07-6907-46,,CIUDAD CAPITAL,ZONA 7,LICEO AMERICANO TECNOLOGICO DE COMPUTACION,9A. CALLE 34-32 TIKAL II,,,,DIVERSIFICADO,PRIVADO,URBANA,CERRADA DEFINITIVAMENTE,MONOLINGUE,MATUTINA,DIARIO(REGULAR),GUATEMALA OCCIDENTE
00-07-6909-46,01-623,CIUDAD CAPITAL,ZONA 7,INSTITUTO CRISTIANO PEDAGOGICO DE EDUCACION MUSICAL  ALFREDO COLOM,2A. CALLE 36-18,24395100,FEDERICO ESTUARDO IRUNGARAY SAMAYOA,LUIS FRANCISCO MUÑOZ HIDALGO,DIVERSIFICADO,PRIVADO,URBANA,CERRADA TEMPORALMENTE,MONOLINGUE,MATUTINA,DIARIO(REGULAR),GUATEMALA OCCIDENTE
00-07-6910-46,99-001,CIUDAD CAPITAL,ZONA 7,COLEGIO INTEGRAL DE INFORMATICA,3RA. CALLE 2-28 COLONIA LANDIVAR,24716293,SILVIA EUGENIA VALDEZ MONTERROSO DE CARBALLO,MARIO GONZÁLEZ ARREAGA,DIVERSIFICADO,PRIVADO,URBANA,TEMPORAL TITULOS,MONOLINGUE,MATUTINA,DIARIO(REGULAR),GUATEMALA OCCIDENTE
00-07-6920-43,,CIUDAD CAPITAL,ZONA 7,COLEGIO PRE-UNIVERSITARIO CATOLICO,37 AV. 3-18,,,,PRIMARIA,PRIVADO,URBANA,CERRADA DEFINITIVAMENTE,MONOLINGUE,MATUTINA,DIARIO(REGULAR),GUATEMALA OCCIDENTE
00-07-6922-43,01-619,CIUDAD CAPITAL,ZONA 7,COLEGIO MIXTO BIBLIOCENTRICO MACEDONIA,4A. CALLE 8-66 COLONIA QUINTA SAMAYOA,,JUAN WALDEMAR CABRERA MENDEZ,,PRIMARIA,PRIVADO,URBANA,CERRADA DEFINITIVAMENTE,MONOLINGUE,MATUTINA,DIARIO(REGULAR),GUATEMALA OCCIDENTE
00-07-6923-43,,CIUDAD CAPITAL,ZONA 7,COLEGIO BILINGUE MIXTO EUROAMERICANO,37 AVENIDA 2-39,,,,PRIMARIA,PRIVADO,URBANA,CERRADA DEFINITIVAMENTE,MONOLINGUE,MATUTINA,DIARIO(REGULAR),GUATEMALA OCCIDENTE
00-07-6924-43,,CIUDAD CAPITAL,ZONA 7,INSTITUTO MIXTO PARTICULAR ATANASIO TZUL,37 AV. 3-07 COLONIA EL RODEO,,,,PRIMARIA,PRIVADO,URBANA,CERRADA DEFINITIVAMENTE,MONOLINGUE,MATUTINA,DIARIO(REGULAR),GUATEMALA OCCIDENTE
00-07-6925-45,,CIUDAD CAPITAL,ZONA 7,COLEGIO INTEGRAL DE INFORMATICA,3RA CALLE 2-28 COL. LANDIVAR,24716293,,,BASICO,PRIVADO,URBANA,CERRADA DEFINITIVAMENTE,MONOLINGUE,MATUTINA,DIARIO(REGULAR),GUATEMALA OCCIDENTE
00-07-6951-45,,CIUDAD CAPITAL,ZONA 7,INSTITUTO MIXTO PARTICULAR 'ATANASIO TZUL',37 AV. 3-07 COLONIA EL RODEO,,,,BASICO,PRIVADO,URBANA,CERRADA DEFINITIVAMENTE,MONOLINGUE,NOCTURNA,DIARIO(REGULAR),GUATEMALA OCCIDENTE
00-07-6952-45,01-406,CIUDAD CAPITAL,ZONA 7,INSTITUTO MIXTO NOCTURNO TECUM UMAN,12 CALLE 14-56 COLONIA CASTILLO LARA,,MIGUEL ALVARO RODRIGUEZ PORTILLO,,BASICO,PRIVADO,URBANA,CERRADA TEMPORALMENTE,MONOLINGUE,NOCTURNA,DIARIO(REGULAR),GUATEMALA OCCIDENTE
00-07-6985-45,,CIUDAD CAPITAL,ZONA 7,LICEO AMERICANO TECNOLOGICO DE COMPUTACION,9A. CALLE 34-32 TIKAL I,,,,BASICO,PRIVADO,URBANA,CERRADA DEFINITIVAMENTE,MONOLINGUE,MATUTINA,DIARIO(REGULAR),GUATEMALA OCCIDENTE
00-07-6993-43,01-01-0106,CIUDAD CAPITAL,ZONA 7,COLEGIO MIXTO MEÑIQUE EL TRAVIESO,32 CALLE A 12-01 COLONIA BETHANIA,47911824,MARÍA DEL ROSARIO VARGAS SANDOVAL,SAMARA DEL CARMEN MALDONADO PADILLA,PRIMARIA,PRIVADO,URBANA,ABIERTA,MONOLINGUE,MATUTINA,DIARIO(REGULAR),GUATEMALA OCCIDENTE
00-07-6995-43,01-619,CIUDAD CAPITAL,ZONA 7,COLEGIO MIXTO  AÑOS MARAVILLOSOS,CALLE  A  1-12 COLONIA 6 DE OCTUBRE,24719802,JUAN WALDEMAR CABRERA MENDEZ,VIDAL DE JESÚS FERNÁNDEZ PÉREZ,PRIMARIA,PRIVADO,URBANA,CERRADA DEFINITIVAMENTE,MONOLINGUE,MATUTINA,DIARIO(REGULAR),GUATEMALA OCCIDENTE
00-07-6996-41,,CIUDAD CAPITAL,ZONA 7,COLEGIO MIXTO 'AÑOS MARAVILLOSOS',"CALLE 'A' 1-12, COLONIA SEIS DE OCTUBRE",,,,PREPRIMARIA BILINGUE,PRIVADO,URBANA,CERRADA DEFINITIVAMENTE,BILINGUE,MATUTINA,DIARIO(REGULAR),GUATEMALA OCCIDENTE
00-07-7014-42,,CIUDAD CAPITAL,ZONA 7,ESCUELA PRIVADA DE PARVULOS ANEXA A ESCUELA URBANA MIXTA RAYO DE LUZ,14 CALLE 10-80 COLONIA LA VERBENA,,,,PARVULOS,PRIVADO,URBANA,CERRADA DEFINITIVAMENTE,MONOLINGUE,DOBLE,DIARIO(REGULAR),GUATEMALA OCCIDENTE
00-07-7016-42,01-619,CIUDAD CAPITAL,ZONA 7,LICEO BIBLIOCENTRICO MACEDONIA,4A. CALLE 8-66 COLONIA QUINTA SAMAYOA,,JUAN WALDEMAR CABRERA MENDEZ,,PARVULOS,PRIVADO,URBANA,CERRADA DEFINITIVAMENTE,MONOLINGUE,MATUTINA,DIARIO(REGULAR),GUATEMALA OCCIDENTE
00-07-7029-42,,CIUDAD CAPITAL,ZONA 7,CENTRO BILINGUE AMERICANO,14 CALLE 34-69 TIKAL II,55995338,,,PARVULOS,PRIVADO,URBANA,CERRADA DEFINITIVAMENTE,MONOLINGUE,MATUTINA,DIARIO(REGULAR),GUATEMALA OCCIDENTE
00-07-7039-42,,CIUDAD CAPITAL,ZONA 7,COLEGIO MIXTO BILINGUE 'EUROAMERICANO',37 AV. 2-39,,,,PARVULOS,PRIVADO,URBANA,CERRADA DEFINITIVAMENTE,MONOLINGUE,MATUTINA,DIARIO(REGULAR),GUATEMALA OCCIDENTE
00-07-7048-45,,CIUDAD CAPITAL,ZONA 7,COLEGIO MIXTO DE EDUCACION BASICA LIC. FLAVIO HERRERA,19 AV. 9-94 KAMINAL JUYU I,,,,BASICO,PRIVADO,URBANA,CERRADA DEFINITIVAMENTE,MONOLINGUE,MATUTINA,DIARIO(REGULAR),GUATEMALA OCCIDENTE
00-07-7049-45,,CIUDAD CAPITAL,ZONA 7,COLEGIO MIXTO DE EDUCACION BASICA LIC. FLAVIO HERRERA,19 AV. 9-94 KAMINAL JUYU I,,,,BASICO,PRIVADO,URBANA,CERRADA DEFINITIVAMENTE,MONOLINGUE,VESPERTINA,DIARIO(REGULAR),GUATEMALA OCCIDENTE
00-07-7050-45,01-406,CIUDAD CAPITAL,ZONA 7,COLEGIO MIXTO DE EDUCACION BASICA LIC. FLAVIO HERRERA,19 AV. 9-94 KAMINAL JUYU I,,MIGUEL ALVARO RODRIGUEZ PORTILLO,,BASICO,PRIVADO,URBANA,CERRADA TEMPORALMENTE,MONOLINGUE,NOCTURNA,DIARIO(REGULAR),GUATEMALA OCCIDENTE
00-07-7108-45,,CIUDAD CAPITAL,ZONA 7,COLEGIO MIXTO 'HOLANDES',42 AV. 3-98 LOMAS DEL RODEO,55922257,,,BASICO,PRIVADO,URBANA,CERRADA DEFINITIVAMENTE,MONOLINGUE,MATUTINA,DIARIO(REGULAR),GUATEMALA OCCIDENTE
00-07-7167-42,01-623,CIUDAD CAPITAL,ZONA 7,CENTRO BILINGUE AMERICANO,8A. CALLE 33-43 TIKAL II,24395338,FEDERICO ESTUARDO IRUNGARAY SAMAYOA,,PARVULOS,PRIVADO,URBANA,CERRADA TEMPORALMENTE,MONOLINGUE,MATUTINA,DIARIO(REGULAR),GUATEMALA OCCIDENTE
00-07-7168-43,01-623,CIUDAD CAPITAL,ZONA 7,CENTRO BILINGUE AMERICANO,8A. CALLE 33-43 TIKAL II,24395338,FEDERICO ESTUARDO IRUNGARAY SAMAYOA,,PRIMARIA,PRIVADO,URBANA,CERRADA TEMPORALMENTE,MONOLINGUE,MATUTINA,DIARIO(REGULAR),GUATEMALA OCCIDENTE
00-07-7201-46,01-619,CIUDAD CAPITAL,ZONA 7,CENTRO DE ESTUDIOS TURISTICOS Y FINANCIEROS CONTINENTAL,37 AVENIDA 2-24 COLONIA EL RODEO,56328236,JUAN WALDEMAR CABRERA MENDEZ,MANUEL ANTONIO MELGAR HERNANDEZ,DIVERSIFICADO,PRIVADO,URBANA,CERRADA TEMPORALMENTE,MONOLINGUE,MATUTINA,DIARIO(REGULAR),GUATEMALA OCCIDENTE
00-07-7211-46,01-619,CIUDAD CAPITAL,ZONA 7,LICEO BILINGUE FRATERNIDAD CRISTIANA,KM. 13.5 CALZADA ROOSEVELT 45-54,24354901,JUAN WALDEMAR CABRERA MENDEZ,,DIVERSIFICADO,PRIVADO,URBANA,CERRADA DEFINITIVAMENTE,MONOLINGUE,MATUTINA,DIARIO(REGULAR),GUATEMALA OCCIDENTE
00-07-7212-46,01-409,CIUDAD CAPITAL,ZONA 7,COLEGIO DE INFORMATICA IMB-PC #1,CALZADA SAN JUAN Y 32 AVENIDA 31-97 Y  4-04 ZONA 7,23025400,IDALIA DEL ROSARIO LOPEZ SANDOVAL DE PAIZ,CARLOS ALFREDO DE LEÓN ALB,DIVERSIFICADO,PRIVADO,URBANA,ABIERTA,MONOLINGUE,DOBLE,FIN DE SEMANA,GUATEMALA OCCIDENTE
00-07-7213-45,01-409,CIUDAD CAPITAL,ZONA 7,COLEGIO DE INFORMATICA IMB-PC #1 (POR MADUREZ),CALZADA SAN JUAN Y 32 AVENIDA 31-97 Y  4-04 ZONA 7.,23025400,IDALIA DEL ROSARIO LOPEZ SANDOVAL DE PAIZ,CARLOS ALFREDO DE LEÓN ALB,BASICO,PRIVADO,URBANA,ABIERTA,MONOLINGUE,DOBLE,FIN DE SEMANA,GUATEMALA OCCIDENTE
00-07-7242-42,01-603,CIUDAD CAPITAL,ZONA 7,CENTRO ROSSEL EDUCATIVO,35AV. 16-08 VILLA LINDA II,24711941,ROSA ALBELIA ARDON DE MOTTA,,PARVULOS,PRIVADO,URBANA,CERRADA DEFINITIVAMENTE,MONOLINGUE,MATUTINA,DIARIO(REGULAR),GUATEMALA OCCIDENTE
00-07-7243-43,01-603,CIUDAD CAPITAL,ZONA 7,CENTRO ROOSSEL EDUCATIVO,35 AVE. 16-08 VILLA LINDA II,24711941,ROSA ALBELIA ARDON DE MOTTA,,PRIMARIA,PRIVADO,URBANA,CERRADA DEFINITIVAMENTE,MONOLINGUE,MATUTINA,DIARIO(REGULAR),GUATEMALA OCCIDENTE
00-07-7264-45,,CIUDAD CAPITAL,ZONA 7,LICEO MIXTO 'ALBERT EINSTEIN' (POR MADUREZ),7A. CALLE 10-51 COLONIA QUINTA SAMAYOA,24735180,,,BASICO,PRIVADO,URBANA,CERRADA TEMPORALMENTE,MONOLINGUE,VESPERTINA,SABATINO,GUATEMALA OCCIDENTE
00-07-7265-46,01-,CIUDAD CAPITAL,ZONA 7,LICEO MIXTO  ALBERT EINSTEIN  (POR MADUREZ),6A. CALLE 7-30 COLONIA QUINTA SAMAYOA,24735180,MARIA FELICITA ROQUE CARRERA,,DIVERSIFICADO,PRIVADO,URBANA,CERRADA TEMPORALMENTE,MONOLINGUE,VESPERTINA,SABATINO,GUATEMALA OCCIDENTE
00-07-7270-43,,CIUDAD CAPITAL,ZONA 7,CEES ANEXO A EOUV 'REPUBLICA ORIENTAL DEL URUGUAY',8AV. 'A' 11-31 COLONIA CASTILLO LARA,,,,PRIMARIA,OFICIAL,URBANA,CERRADA DEFINITIVAMENTE,MONOLINGUE,MATUTINA,DIARIO(REGULAR),GUATEMALA OCCIDENTE
00-07-7334-42,01-617,CIUDAD CAPITAL,ZONA 7,COLEGIO TIVOLI,4A. CALLE 13-46 COLONIA QUINTA SAMAYOA,24711941,MARIA DEL ROSARIO VARGAS SANDOVAL,,PARVULOS,PRIVADO,URBANA,CERRADA TEMPORALMENTE,MONOLINGUE,MATUTINA,DIARIO(REGULAR),GUATEMALA OCCIDENTE
00-07-7407-42,,CIUDAD CAPITAL,ZONA 7,EODP 'JARDIN MUNICIPAL NO.3 SAN FRANCISCO DE ASIS',,,,,PARVULOS,OFICIAL,URBANA,CERRADA DEFINITIVAMENTE,MONOLINGUE,MATUTINA,DIARIO(REGULAR),GUATEMALA OCCIDENTE
00-07-7413-46,,CIUDAD CAPITAL,ZONA 7,COLEGIO MIXTO 'AMSTERDAM',"31 AV. 14-04, COLONIA CIUDAD DE PLATA II",4738493-4739588,,,DIVERSIFICADO,PRIVADO,URBANA,CERRADA DEFINITIVAMENTE,MONOLINGUE,MATUTINA,DIARIO(REGULAR),GUATEMALA OCCIDENTE
00-07-7532-46,01-617,CIUDAD CAPITAL,ZONA 7,COLEGIO DE APRENDIZAJE BILINGUE,13 CALLE  B  28-88 CIUDAD DE PLATA I,24739291,MARIA DEL ROSARIO VARGAS SANDOVAL,,DIVERSIFICADO,PRIVADO,URBANA,CERRADA DEFINITIVAMENTE,MONOLINGUE,MATUTINA,DIARIO(REGULAR),GUATEMALA OCCIDENTE
00-07-7538-46,,CIUDAD CAPITAL,ZONA 7,LICEO MIXTO 'ALBERT EINSTEIN',6A. CALLE 'A' 7-30 COLONIA QUINTA SAMAYOA,24735180,,,DIVERSIFICADO,PRIVADO,URBANA,CERRADA TEMPORALMENTE,MONOLINGUE,VESPERTINA,DIARIO(REGULAR),GUATEMALA OCCIDENTE
00-07-7539-46,,CIUDAD CAPITAL,ZONA 7,LICEO MIXTO 'ALBERT EINSTEIN',6A. CALLE 'A' 7-30 COLONIA QUINTA SAMAYOA,24735180,,,DIVERSIFICADO,PRIVADO,URBANA,CERRADA TEMPORALMENTE,MONOLINGUE,MATUTINA,DIARIO(REGULAR),GUATEMALA OCCIDENTE
00-07-7645-46,,CIUDAD CAPITAL,ZONA 7,"LICEO MIXTO TECNICO EN COMPUTACION SENDA 2,000",CALZADA SAN JUAN 12-73,24401029,,,DIVERSIFICADO,PRIVADO,URBANA,CERRADA TEMPORALMENTE,MONOLINGUE,VESPERTINA,DIARIO(REGULAR),GUATEMALA OCCIDENTE
00-07-7646-46,01-99-0090,CIUDAD CAPITAL,ZONA 7,"LICEO MIXTO TECNICO EN COMPUTACIÓN ""SENDA 2000""",CALZADA SAN JUAN 13-73 ZONA 7,47546893,IDALIA DEL ROSARIO LÓPEZ SANDOVAL,BENEDICTO  HERNÁNDEZ AGUILAR,DIVERSIFICADO,PRIVADO,URBANA,ABIERTA,MONOLINGUE,DOBLE,FIN DE SEMANA,GUATEMALA OCCIDENTE
00-07-7647-45,,CIUDAD CAPITAL,ZONA 7,"LICEO MIXTO TECNICO EN COMPUTACION SENDA 2,000",CALZADA SAN JUAN 12-73,24401029,,,BASICO,PRIVADO,URBANA,CERRADA TEMPORALMENTE,MONOLINGUE,VESPERTINA,DIARIO(REGULAR),GUATEMALA OCCIDENTE
00-07-7648-45,01-409,CIUDAD CAPITAL,ZONA 7,LICEO MIXTO TECNICO EN COMPUTACION SENDA 2000,CALZADA SAN JUAN 12-73 ZONA 7,24401029,IDALIA DEL ROSARIO LOPEZ SANDOVAL DE PAIZ,BENEDICTO  HERNÁNDEZ AGUILAR,BASICO,PRIVADO,URBANA,ABIERTA,MONOLINGUE,NOCTURNA,DIARIO(REGULAR),GUATEMALA OCCIDENTE
00-07-7649-46,01-01-0164,CIUDAD CAPITAL,ZONA 7,"LICEO MIXTO TECNICO EN COMPUTACION SENDA 2,000",CALZADA SAN JUAN 12-73,47546893,JUAN WALDEMAR CABRERA MÉNDEZ,BENEDICTO  HERNÁNDEZ AGUILAR,DIVERSIFICADO,PRIVADO,URBANA,ABIERTA,MONOLINGUE,MATUTINA,DIARIO(REGULAR),GUATEMALA OCCIDENTE
00-07-7650-45,01-409,CIUDAD CAPITAL,ZONA 7,LICEO MIXTO TECNICO EN COMPUTACION SENDA 2000,CALZADA SAN JUAN 12-73,24401029,IDALIA DEL ROSARIO LOPEZ SANDOVAL DE PAIZ,BENEDICTO  HERNÁNDEZ AGUILAR,BASICO,PRIVADO,URBANA,ABIERTA,MONOLINGUE,VESPERTINA,FIN DE SEMANA,GUATEMALA OCCIDENTE
00-07-7651-45,01-01-0164,CIUDAD CAPITAL,ZONA 7,"LICEO MIXTO TECNICO EN COMPUTACION SENDA 2,000",CALZADA SAN JUAN 12-73,47546893,JUAN WALDEMAR CABRERA MÉNDEZ,BENEDICTO  HERNÁNDEZ AGUILAR,BASICO,PRIVADO,URBANA,ABIERTA,MONOLINGUE,MATUTINA,DIARIO(REGULAR),GUATEMALA OCCIDENTE
00-07-7664-42,01-01-0164,CIUDAD CAPITAL,ZONA 7,COLEGIO LA CASONA DE MAMA,31 AVENIDA 10-80 TIKAL I,24739641,JUAN WALDEMAR CABRERA MÉNDEZ,AURA VIOLETA OVALLE BARRIOS,PARVULOS,PRIVADO,URBANA,ABIERTA,MONOLINGUE,MATUTINA,DIARIO(REGULAR),GUATEMALA OCCIDENTE
00-07-7752-46,01-619,CIUDAD CAPITAL,ZONA 7,COLEGIO PARTICULAR MIXTO BILINGUE SAN JUAN,37 AV. 3-38,24332553,JUAN WALDEMAR CABRERA MENDEZ,MARTA TUN,DIVERSIFICADO,PRIVADO,URBANA,CERRADA DEFINITIVAMENTE,MONOLINGUE,MATUTINA,DIARIO(REGULAR),GUATEMALA OCCIDENTE
00-07-7764-45,01-406,CIUDAD CAPITAL,ZONA 7,LICEO DE CIENCIAS TECNICAS COMERCIALES Y DE COMPUTACION,"CALZADA SAN JUAN 37-78, COLONIA EL RODEO","5931993, 4321644 Y 4321993",MIGUEL ALVARO RODRIGUEZ PORTILLO,,BASICO,PRIVADO,URBANA,CERRADA TEMPORALMENTE,MONOLINGUE,DOBLE,FIN DE SEMANA,GUATEMALA OCCIDENTE
00-07-7765-46,01-406,CIUDAD CAPITAL,ZONA 7,LICEO DE CIENCIAS TECNICAS COMERCIALES Y DE COMPUTACION,"CALZADA SAN JUAN 37-78, COLONIA EL RODEO",24321644,MIGUEL ALVARO RODRIGUEZ PORTILLO,DELIA DEL CARMEN MARTÍNEZ,DIVERSIFICADO,PRIVADO,URBANA,CERRADA TEMPORALMENTE,MONOLINGUE,DOBLE,FIN DE SEMANA,GUATEMALA OCCIDENTE
00-07-7774-42,01-619,CIUDAD CAPITAL,ZONA 7,COLEGIO BILINGUE NUEVA SEMILLA,LOTE 50 MANZANA C VILLAS DEL ROSARIO,55940390,JUAN WALDEMAR CABRERA MENDEZ,,PARVULOS,PRIVADO,URBANA,CERRADA DEFINITIVAMENTE,MONOLINGUE,MATUTINA,DIARIO(REGULAR),GUATEMALA OCCIDENTE
00-07-7806-42,01-01-0164,CIUDAD CAPITAL,ZONA 7,EODP ANEXA A EOUM NO.92 'MIGUEL ANGEL ASTURIAS',AV. MOCTEZUMA 31-09 COLONIA BETHANIA,42208432,JUAN WALDEMAR CABRERA MÉNDEZ,CRISTHIAN OSEAS HERNÁNDEZ CASTRO,PARVULOS,OFICIAL,URBANA,ABIERTA,MONOLINGUE,VESPERTINA,DIARIO(REGULAR),GUATEMALA OCCIDENTE
00-07-7831-45,01-619,CIUDAD CAPITAL,ZONA 7,COLEGIO DE INFORMATICA IMB-PC N0.1,"CALZADA SAN JUAN 32 AV. 4-04, COLONIA CENTRO AMERICA",22791317,JUAN WALDEMAR CABRERA MENDEZ,,BASICO,PRIVADO,URBANA,CERRADA TEMPORALMENTE,MONOLINGUE,VESPERTINA,DIARIO(REGULAR),GUATEMALA OCCIDENTE
00-07-7832-46,01-619,CIUDAD CAPITAL,ZONA 7,COLEGIO EN INFORMATICA IMB-PC N0.1,"CALZADA SAN JUAN Y 32 AV. 4-04, COLONIA CENTRO AMERICA",22791317,JUAN WALDEMAR CABRERA MENDEZ,CARLOS ALFREDO DE LEÓN ALB,DIVERSIFICADO,PRIVADO,URBANA,ABIERTA,MONOLINGUE,VESPERTINA,DIARIO(REGULAR),GUATEMALA OCCIDENTE
00-07-7889-45,01-619,CIUDAD CAPITAL,ZONA 7,LICEO DE CIENCIAS TECNICAS COMERCIALES Y DE COMPUTACION,CALZADA SAN JUAN 37-78 COLONIA EL RODEO,55931993,JUAN WALDEMAR CABRERA MENDEZ,,BASICO,PRIVADO,URBANA,CERRADA TEMPORALMENTE,MONOLINGUE,MATUTINA,DIARIO(REGULAR),GUATEMALA OCCIDENTE
00-07-7890-46,01-619,CIUDAD CAPITAL,ZONA 7,LICEO DE CIENCIAS TECNICAS COMERCIALES Y DE COMPUTACION,CALZADA SAN JUAN 37-78 ZONA  7 COLONIA EL RODEO,24321644,JUAN WALDEMAR CABRERA MENDEZ,MARIO  GONZALEZ   ARREAGA,DIVERSIFICADO,PRIVADO,URBANA,CERRADA TEMPORALMENTE,MONOLINGUE,MATUTINA,DIARIO(REGULAR),GUATEMALA OCCIDENTE
00-07-7891-45,,CIUDAD CAPITAL,ZONA 7,LICEO DE CIENCIAS TECNICAS COMERCIALES Y DE COMPUTACION,CALZADA SAN JUAN 37-78 COLONIA EL RODEO,55931993,,,BASICO,PRIVADO,URBANA,CERRADA TEMPORALMENTE,MONOLINGUE,VESPERTINA,DIARIO(REGULAR),GUATEMALA OCCIDENTE
00-07-7892-46,01-,CIUDAD CAPITAL,ZONA 7,LICEO DE CIENCIAS TECNICAS COMERCIALES,CALZADA SAN JUAN 37-78 COLONIA EL RODEO,55931993,MARIA FELICITA ROQUE CARRERA,,DIVERSIFICADO,PRIVADO,URBANA,CERRADA TEMPORALMENTE,MONOLINGUE,VESPERTINA,DIARIO(REGULAR),GUATEMALA OCCIDENTE
00-07-7937-42,01-617,CIUDAD CAPITAL,ZONA 7,CENTRO DE ESTIMULACION INTEGRAL PARA EL APRENDIZAJE 'ALEGRE TRINO',"4A. CALLE 10-19, COLONIA QUINTA SAMAYOA",24718861,MARIA DEL ROSARIO VARGAS SANDOVAL,,PARVULOS,PRIVADO,URBANA,CERRADA TEMPORALMENTE,MONOLINGUE,MATUTINA,DIARIO(REGULAR),GUATEMALA OCCIDENTE
00-07-8005-45,,CIUDAD CAPITAL,ZONA 7,LICEO COMERCIAL TECNOLOGICO 'EL RODEO',36 AVE. 3-47 COLONIA EL RODEO,55978339,,,BASICO,PRIVADO,URBANA,CERRADA DEFINITIVAMENTE,MONOLINGUE,VESPERTINA,DIARIO(REGULAR),GUATEMALA OCCIDENTE
00-07-8006-46,,CIUDAD CAPITAL,ZONA 7,LICEO COMERCIAL TECNOLOGICO 'EL RODEO',36 AVE. 3-47 COLONIA EL RODEO,55978339,,,DIVERSIFICADO,PRIVADO,URBANA,CERRADA DEFINITIVAMENTE,MONOLINGUE,VESPERTINA,DIARIO(REGULAR),GUATEMALA OCCIDENTE
00-07-8007-45,,CIUDAD CAPITAL,ZONA 7,LICEO COMERCIAL TECNOLOGICO 'EL RODEO',36 AVE. 3-47 COLONIA EL RODEO,55978339,,,BASICO,PRIVADO,URBANA,CERRADA DEFINITIVAMENTE,MONOLINGUE,MATUTINA,DIARIO(REGULAR),GUATEMALA OCCIDENTE
00-07-8008-46,01-,CIUDAD CAPITAL,ZONA 7,LICEO COMERCIAL TECNOLOGICO  EL RODEO,36 AVE. 3-47 COLONIA EL RODEO,55978339,MARIA FELICITA ROQUE CARRERA,,DIVERSIFICADO,PRIVADO,URBANA,CERRADA DEFINITIVAMENTE,MONOLINGUE,MATUTINA,DIARIO(REGULAR),GUATEMALA OCCIDENTE
00-07-8009-44,,CIUDAD CAPITAL,ZONA 7,LICEO COMERCIAL TECNOLOGICO 'EL RODEO',36 AVE. 3-47 COLONIA EL RODEO,55978339,,,PRIMARIA DE ADULTOS,PRIVADO,URBANA,CERRADA DEFINITIVAMENTE,MONOLINGUE,DOBLE,FIN DE SEMANA,GUATEMALA OCCIDENTE
00-07-8010-45,,CIUDAD CAPITAL,ZONA 7,LICEO COMERCIAL TECNOLOGICO 'EL RODEO',36 AVE. 3-47 COLONIA EL RODEO,55978339,,,BASICO,PRIVADO,URBANA,CERRADA DEFINITIVAMENTE,MONOLINGUE,DOBLE,FIN DE SEMANA,GUATEMALA OCCIDENTE
00-07-8011-46,,CIUDAD CAPITAL,ZONA 7,LICEO COMERCIAL TECNOLOGICO 'EL RODEO',36 AVE. 3-47 COLONIA EL RODEO,55978339,,,DIVERSIFICADO,PRIVADO,URBANA,CERRADA DEFINITIVAMENTE,MONOLINGUE,DOBLE,FIN DE SEMANA,GUATEMALA OCCIDENTE
00-07-8036-42,01-01-0103,CIUDAD CAPITAL,ZONA 7,EODP ANEXA A EOUM NO. 903,32 AVENIDA 40-63 COLONIA LOS GRANIZOS,41278249,DORIS DARLENY DUEÑAS CARRILLO,IRMA YOLANDA GRANILLO CORONADO,PARVULOS,OFICIAL,URBANA,ABIERTA,MONOLINGUE,MATUTINA,DIARIO(REGULAR),GUATEMALA OCCIDENTE
00-07-8057-42,01-01-0164,CIUDAD CAPITAL,ZONA 7,LICEO PSICOPEDAGOGICO EL CAMINANTE,11AV. A 12-06 COLONIA LA VERBENA,59988651,JUAN WALDEMAR CABRERA MÉNDEZ,NORMA GRISELDA RODAS,PARVULOS,PRIVADO,URBANA,ABIERTA,MONOLINGUE,MATUTINA,DIARIO(REGULAR),GUATEMALA OCCIDENTE
00-07-8058-43,01-01-0164,CIUDAD CAPITAL,ZONA 7,LICEO PSICOPEDAGOGICO EL CAMINANTE,11AV. A 12-06 COLONIA VERBENA,59988651,JUAN WALDEMAR CABRERA MÉNDEZ,NORMA GRISELDA RODAS,PRIMARIA,PRIVADO,URBANA,ABIERTA,MONOLINGUE,MATUTINA,DIARIO(REGULAR),GUATEMALA OCCIDENTE
00-07-8093-45,01-619,CIUDAD CAPITAL,ZONA 7,COLEGIO MIXTO 'AÑOS MARAVILLOSOS',"1A. CALLE  A  1-12, COLONIA 6 DE OCTUBRE",24719802,JUAN WALDEMAR CABRERA MENDEZ,MARÍA LETICIA RANGEL PÉREZ,BASICO,PRIVADO,URBANA,CERRADA DEFINITIVAMENTE,MONOLINGUE,MATUTINA,DIARIO(REGULAR),GUATEMALA OCCIDENTE
00-07-8132-42,01-623,CIUDAD CAPITAL,ZONA 7,JARDIN INFANTIL LAS MARIPOSITAS DE SAN MARTIN,32 AVE.  B  14-39 COLONIA SAN MARTIN,53384827,FEDERICO ESTUARDO IRUNGARAY SAMAYOA,CLARA ELSA GIRÓN SOLANO,PARVULOS,PRIVADO,URBANA,CERRADA TEMPORALMENTE,MONOLINGUE,MATUTINA,DIARIO(REGULAR),GUATEMALA OCCIDENTE
00-07-8133-45,,CIUDAD CAPITAL,ZONA 7,LICEO MIXTO BRIGADA JUVENIL,2A. CALLE 'A' 9-35 COLONIA LA BRIGADA,55975797,,,BASICO,PRIVADO,URBANA,CERRADA DEFINITIVAMENTE,MONOLINGUE,MATUTINA,DIARIO(REGULAR),GUATEMALA OCCIDENTE
00-07-8136-42,01-623,CIUDAD CAPITAL,ZONA 7,CEIN -PAIN-,40 CALLE  C  32-12,,FEDERICO ESTUARDO IRUNGARAY SAMAYOA,EMMA ENGRACIA MELENDEZ SAMAYOA,PARVULOS,OFICIAL,URBANA,CERRADA TEMPORALMENTE,MONOLINGUE,MATUTINA,DIARIO(REGULAR),GUATEMALA OCCIDENTE
00-07-8167-42,01-01-0163,CIUDAD CAPITAL,ZONA 7,COLEGIO  LAS CINCO VOCALES,13 AVENIDA 5-59 ZONA 7 QUINTA SAMAYOA,52721656,FEDERICO ESTUARDO IRUNGARAY SAMAYOA,LINDA PRISCILA LÓPEZ LINARES,PARVULOS,PRIVADO,URBANA,ABIERTA,MONOLINGUE,MATUTINA,DIARIO(REGULAR),GUATEMALA OCCIDENTE
00-07-8168-43,01-01-0163,CIUDAD CAPITAL,ZONA 7,COLEGIO  LAS CINCO VOCALES,13 AVENIDA 5-59 ZONA 7 QUINTA SAMAYOA,52721656,FEDERICO ESTUARDO IRUNGARAY SAMAYOA,LINDA PRISCILA LÓPEZ LINARES,PRIMARIA,PRIVADO,URBANA,ABIERTA,MONOLINGUE,MATUTINA,DIARIO(REGULAR),GUATEMALA OCCIDENTE
00-07-8190-45,01-01-0106,CIUDAD CAPITAL,ZONA 7,COLEGIO MIXTO MARIA DE FATIMA,37 AVENIDA 2-64 COLONIA EL RODEO,24394552,MARÍA DEL ROSARIO VARGAS SANDOVAL,ANA MARÍA TURCIOS OSORIO,BASICO,PRIVADO,URBANA,ABIERTA,MONOLINGUE,MATUTINA,DIARIO(REGULAR),GUATEMALA OCCIDENTE
00-07-8191-42,01-618,CIUDAD CAPITAL,ZONA 7,COLEGIO MIXTO 'LA ISLA',53 CALLE 'A' 32-47 COLONIA GRANIZO III,,ROSA  GEORGINA RIOS CASTILLO,,PARVULOS,PRIVADO,URBANA,CERRADA DEFINITIVAMENTE,MONOLINGUE,MATUTINA,DIARIO(REGULAR),GUATEMALA OCCIDENTE
00-07-8192-43,01-618,CIUDAD CAPITAL,ZONA 7,COLEGIO MIXTO 'LA ISLA',53 CALLE 'A' 32-47 COLONIA GRANIZO III,,ROSA  GEORGINA RIOS CASTILLO,,PRIMARIA,PRIVADO,URBANA,CERRADA DEFINITIVAMENTE,MONOLINGUE,MATUTINA,DIARIO(REGULAR),GUATEMALA OCCIDENTE
00-07-8196-42,01-01-0103,CIUDAD CAPITAL,ZONA 7,EOUN ANEXA A EOUM 'ABRAHAM ORANTES Y ORANTES',"AVENIDA MONTEZUMA 31-09, COLONIA BETHANIA",59370546,DORIS DARLENY DUEÑAS CARRILLO,SONIA ALBERTINA VELÁSQUEZ PÉREZ,PARVULOS,OFICIAL,URBANA,ABIERTA,MONOLINGUE,VESPERTINA,DIARIO(REGULAR),GUATEMALA OCCIDENTE
00-07-8202-45,01-617,CIUDAD CAPITAL,ZONA 7,COLEGIO MIXTO SANTO TOMAS DE AQUINO,"12 CALLE 'A' 32-66, TIKAL III",24342951,MARIA DEL ROSARIO VARGAS SANDOVAL,,BASICO,PRIVADO,URBANA,CERRADA TEMPORALMENTE,MONOLINGUE,MATUTINA,DIARIO(REGULAR),GUATEMALA OCCIDENTE
00-07-8206-45,,CIUDAD CAPITAL,ZONA 7,ESCUELA PRIVADA MIXTA 'RAYO DE LUZ',"14 CALLE 10-80, COLONIA LA VERBENA",24719916,,,BASICO,PRIVADO,URBANA,CERRADA DEFINITIVAMENTE,MONOLINGUE,VESPERTINA,DIARIO(REGULAR),GUATEMALA OCCIDENTE
00-07-8222-46,01-01-0106,CIUDAD CAPITAL,ZONA 7,COLEGIO  MONTE CARMELO,2A. CALLE 32-41 ZONA 7 GUATEMALA,24346629,MARÍA DEL ROSARIO VARGAS SANDOVAL,ANA BEATRIZ GIRÓN SALAN,DIVERSIFICADO,PRIVADO,URBANA,ABIERTA,MONOLINGUE,MATUTINA,DIARIO(REGULAR),GUATEMALA OCCIDENTE
00-07-8234-45,01-01-0103,CIUDAD CAPITAL,ZONA 7,COLEGIO MIXTO DURUELO,38 CALLE C FINAL COLONIA AMPARO I,24316649,DORIS DARLENY DUEÑAS CARRILLO,MARIA DEL CARMEN GONZÁLEZ GONZÁLEZ,BASICO,PRIVADO,URBANA,ABIERTA,MONOLINGUE,VESPERTINA,DIARIO(REGULAR),GUATEMALA OCCIDENTE
00-07-8236-45,,CIUDAD CAPITAL,ZONA 7,LICEO MIXTO 'ALBERT EINSTEIN',"6A. CALLE 'A' 7-30, QUINTA SAMAYOA",24735180,,,BASICO,PRIVADO,URBANA,CERRADA TEMPORALMENTE,MONOLINGUE,VESPERTINA,DIARIO(REGULAR),GUATEMALA OCCIDENTE
00-07-8237-45,,CIUDAD CAPITAL,ZONA 7,LICEO MIXTO 'ALBERT EINSTEIN' (POR MADUREZ),6A. CALLE 'A' 7-30 QUINTA SAMAYOA,24735180,,,BASICO,PRIVADO,URBANA,CERRADA TEMPORALMENTE,MONOLINGUE,MATUTINA,SABATINO,GUATEMALA OCCIDENTE
00-07-8238-46,,CIUDAD CAPITAL,ZONA 7,LICEO MIXTO 'ALBERT EINSTEIN',6A. CALLE 'A' 7-30 QUINTA SAMAYOA,24735180,,,DIVERSIFICADO,PRIVADO,URBANA,CERRADA TEMPORALMENTE,MONOLINGUE,MATUTINA,SABATINO,GUATEMALA OCCIDENTE
00-07-8248-46,01-617,CIUDAD CAPITAL,ZONA 7,COLEGIO MIXTO 'SANTO TOMAS DE AQUINO',"12 CALLE  A , 32-66 TIKAL III",24342951,MARIA DEL ROSARIO VARGAS SANDOVAL,JORGE GRANADOS,DIVERSIFICADO,PRIVADO,URBANA,CERRADA TEMPORALMENTE,MONOLINGUE,MATUTINA,DIARIO(REGULAR),GUATEMALA OCCIDENTE
00-07-8293-43,01-623,CIUDAD CAPITAL,ZONA 7,COLEGIO MUNDO ALEGRE,10A. CALLE 30-43 TIKAL I,,FEDERICO ESTUARDO IRUNGARAY SAMAYOA,,PRIMARIA,PRIVADO,URBANA,CERRADA TEMPORALMENTE,MONOLINGUE,MATUTINA,DIARIO(REGULAR),GUATEMALA OCCIDENTE
00-07-8318-43,01-619,CIUDAD CAPITAL,ZONA 7,COLEGIO MIXTO BILINGUE NUEVA SEMILLA,LOTE 50 MANZANA C COLONIA VILLAS DEL ROSARIO,55940390,JUAN WALDEMAR CABRERA MENDEZ,,PRIMARIA,PRIVADO,URBANA,CERRADA TEMPORALMENTE,MONOLINGUE,MATUTINA,DIARIO(REGULAR),GUATEMALA OCCIDENTE
00-07-8319-42,01-619,CIUDAD CAPITAL,ZONA 7,LICEO CRISTIANO 'NACION GRANDE',6A. CALLE 'A' 5-42 COLONIA LANDIVAR,,JUAN WALDEMAR CABRERA MENDEZ,,PARVULOS,PRIVADO,URBANA,CERRADA TEMPORALMENTE,MONOLINGUE,MATUTINA,DIARIO(REGULAR),GUATEMALA OCCIDENTE
00-07-8320-43,01-619,CIUDAD CAPITAL,ZONA 7,LICEO CRISTIANO 'NACION GRANDE',6A. CALLE 'A' 5-42 COLONIA LANDIVAR,,JUAN WALDEMAR CABRERA MENDEZ,,PRIMARIA,PRIVADO,URBANA,CERRADA TEMPORALMENTE,MONOLINGUE,MATUTINA,DIARIO(REGULAR),GUATEMALA OCCIDENTE
00-07-8325-45,01-01-0163,CIUDAD CAPITAL,ZONA 7,LICEO MIXTO REAL GUATEMALTECO,8A. CALLE 13-75 COLONIA QUINTA SAMAYOA,52085621,FEDERICO ESTUARDO IRUNGARAY SAMAYOA,NELLY EMELINA VILLATORO VELÁSQUEZ,BASICO,PRIVADO,URBANA,ABIERTA,MONOLINGUE,MATUTINA,DIARIO(REGULAR),GUATEMALA OCCIDENTE
00-07-8330-42,,CIUDAD CAPITAL,ZONA 7,COLEGIO CRISTIANO 'DR. OTHONIEL RIOS PAREDES',1A. CALLE 34-74 COLONIA TOLEDO,55924607,,,PARVULOS,PRIVADO,URBANA,CERRADA TEMPORALMENTE,MONOLINGUE,MATUTINA,DIARIO(REGULAR),GUATEMALA OCCIDENTE
00-07-8331-43,,CIUDAD CAPITAL,ZONA 7,COLEGIO CRISTIANO 'DR. OTHONIEL RIOS PAREDES',1A. CALLE 34-74 COLONIA TOLEDO,55924607,,,PRIMARIA,PRIVADO,URBANA,CERRADA TEMPORALMENTE,MONOLINGUE,MATUTINA,DIARIO(REGULAR),GUATEMALA OCCIDENTE
00-07-8332-45,,CIUDAD CAPITAL,ZONA 7,COLEGIO CRISTIANO 'DR. OTHONIEL RIOS PAREDES',1A. CALLE 34-74 COLONIA TOLEDO,55924607,,,BASICO,PRIVADO,URBANA,CERRADA TEMPORALMENTE,MONOLINGUE,MATUTINA,DIARIO(REGULAR),GUATEMALA OCCIDENTE
00-07-8333-46,,CIUDAD CAPITAL,ZONA 7,COLEGIO CRISTIANO 'DR. OTHONIEL RIOS PAREDES',1A. CALLE 34-74 COLONIA TOLEDO,55924607,,,DIVERSIFICADO,PRIVADO,URBANA,CERRADA TEMPORALMENTE,MONOLINGUE,MATUTINA,DIARIO(REGULAR),GUATEMALA OCCIDENTE
00-07-8335-46,01-409,CIUDAD CAPITAL,ZONA 7,LICEO MIXTO TECNICO EN COMPUTACION  SENDA 2000,CALZADA SAN JUAN 12-73,24401029,IDALIA DEL ROSARIO LOPEZ SANDOVAL DE PAIZ,BENEDICTO  HERNÁNDEZ AGUILAR,DIVERSIFICADO,PRIVADO,URBANA,ABIERTA,MONOLINGUE,VESPERTINA,FIN DE SEMANA,GUATEMALA OCCIDENTE
00-07-8344-45,01-406,CIUDAD CAPITAL,ZONA 7,LICEO DE COMPUTACION C.S.S,CALZADA SAN JUAN 38-83 COLONIA EL RODEO,55914311,MIGUEL ALVARO RODRIGUEZ PORTILLO,,BASICO,PRIVADO,URBANA,CERRADA TEMPORALMENTE,MONOLINGUE,NOCTURNA,DIARIO(REGULAR),GUATEMALA OCCIDENTE
00-07-8361-46,01-623,CIUDAD CAPITAL,ZONA 7,COLEGIO BILINGUE DE COMPUTACION,38 AVENIDA 4-55 COLONIA LA FLORESTA,24312198,FEDERICO ESTUARDO IRUNGARAY SAMAYOA,DELIA RAMÍREZ FARFÁN,DIVERSIFICADO,PRIVADO,URBANA,CERRADA DEFINITIVAMENTE,MONOLINGUE,VESPERTINA,DIARIO(REGULAR),GUATEMALA OCCIDENTE
00-07-8385-42,01-01-0164,CIUDAD CAPITAL,ZONA 7,COLEGIO DE INFORMATICA IMB-PC NO. 1,CALZADA SAN JUAN Y 32 AVENIDA 31-97 Y 4-04 ZONA 7,23025400,JUAN WALDEMAR CABRERA MÉNDEZ,CARLOS ALFREDO DE LEÓN ALB,PARVULOS,PRIVADO,URBANA,ABIERTA,MONOLINGUE,MATUTINA,DIARIO(REGULAR),GUATEMALA OCCIDENTE
00-07-8386-43,01-01-0164,CIUDAD CAPITAL,ZONA 7,COLEGIO EN INFORMATICA IMB-PC NO. 1,CALZADA SAN JUAN Y 32 AVENIDA 31-97 Y 4-04 ZONA 7,23025400,JUAN WALDEMAR CABRERA MÉNDEZ,LUCY ESMERALDA ROMPICH CAMEY,PRIMARIA,PRIVADO,URBANA,ABIERTA,MONOLINGUE,MATUTINA,DIARIO(REGULAR),GUATEMALA OCCIDENTE
00-07-8387-45,01-99-0090,CIUDAD CAPITAL,ZONA 7,COLEGIO DE INFORMATICA IMB-PC NO.1,CALZADA SAN JUAN  31-97 ZONA 7,23025400,IDALIA DEL ROSARIO LÓPEZ SANDOVAL,CARLOS ALFREDO DE LEÓN ALB,BASICO,PRIVADO,URBANA,ABIERTA,MONOLINGUE,DOBLE,FIN DE SEMANA,GUATEMALA OCCIDENTE
00-07-8388-46,01-99-0090,CIUDAD CAPITAL,ZONA 7,COLEGIO DE INFORMATICA IMB-PC NO. 1,"CALZADA SAN JUAN Y 32 AVENIDA 31-97, 31-99 Y  4-04  ZONA 7 GUATEMALA",23025400,IDALIA DEL ROSARIO LÓPEZ SANDOVAL,CARLOS ALFREDO DE LEÓN ALB,DIVERSIFICADO,PRIVADO,URBANA,ABIERTA,MONOLINGUE,DOBLE,FIN DE SEMANA,GUATEMALA OCCIDENTE
00-07-8409-42,01-607,CIUDAD CAPITAL,ZONA 7,CENTRO PEDAGOGICO  IROGAMA,14  AVE. A 0-41 COL. URBANIZACION GONZALEZ  ZONA 2 MIXCO.,22507732,OLGA MARINA AJQUEJAY SALOJ DE TUBAC,SILVIA CAROLINA RAMÍREZ HERNÁNDEZ,PARVULOS,PRIVADO,URBANA,CERRADA TEMPORALMENTE,MONOLINGUE,MATUTINA,DIARIO(REGULAR),GUATEMALA OCCIDENTE
00-07-8431-42,01-617,CIUDAD CAPITAL,ZONA 7,LICEO EURO GUATEMALTECO,4A. CALLE 10-54 COLONIA QUINTA SAMAYOA,24735088,MARIA DEL ROSARIO VARGAS SANDOVAL,,PARVULOS,PRIVADO,URBANA,CERRADA TEMPORALMENTE,MONOLINGUE,MATUTINA,DIARIO(REGULAR),GUATEMALA OCCIDENTE
00-07-8432-43,01-617,CIUDAD CAPITAL,ZONA 7,LICEO EURO GUATEMALTECO,4A. CALLE 10-54 COLONIA QUINTA SAMAYOA,24735088,MARIA DEL ROSARIO VARGAS SANDOVAL,,PRIMARIA,PRIVADO,URBANA,CERRADA TEMPORALMENTE,MONOLINGUE,MATUTINA,DIARIO(REGULAR),GUATEMALA OCCIDENTE
00-07-8434-42,01-619,CIUDAD CAPITAL,ZONA 7,CENTRO EDUCATIVO 'LOS ALPES',2A. CALLE 35-57,55939348,JUAN WALDEMAR CABRERA MENDEZ,,PARVULOS,PRIVADO,URBANA,CERRADA TEMPORALMENTE,MONOLINGUE,MATUTINA,DIARIO(REGULAR),GUATEMALA OCCIDENTE
00-07-8435-43,,CIUDAD CAPITAL,ZONA 7,CENTRO EDUCATIVO 'LOS ALPES',2A. CALLE 35-57,55939348,,,PRIMARIA,PRIVADO,URBANA,CERRADA TEMPORALMENTE,MONOLINGUE,MATUTINA,DIARIO(REGULAR),GUATEMALA OCCIDENTE
00-07-8436-45,01-623,CIUDAD CAPITAL,ZONA 7,CENTRO BILINGUE AMERICANO,8 CALLE 33-43 TIKAL II,24395338,FEDERICO ESTUARDO IRUNGARAY SAMAYOA,,BASICO,PRIVADO,URBANA,CERRADA TEMPORALMENTE,MONOLINGUE,MATUTINA,DIARIO(REGULAR),GUATEMALA OCCIDENTE
00-07-8439-45,01-619,CIUDAD CAPITAL,ZONA 7,COLEGIO PANAMERICANO NO. 4,37 AVENIDA 3-88 ZONA 7 GUATEMALA,24374265,JUAN WALDEMAR CABRERA MENDEZ,SONIA LETICIA MACHUCA RODRIGUEZ,BASICO,PRIVADO,URBANA,CERRADA TEMPORALMENTE,MONOLINGUE,MATUTINA,DIARIO(REGULAR),GUATEMALA OCCIDENTE
00-07-8440-46,01-619,CIUDAD CAPITAL,ZONA 7,COLEGIO PANAMERICANO NO. 4,37 AVENIDA 3-88 ZONA 7 GUATEMALA,24374265,JUAN WALDEMAR CABRERA MENDEZ,SONIA LETICIA MACHUCA RODRIGUEZ,DIVERSIFICADO,PRIVADO,URBANA,CERRADA TEMPORALMENTE,MONOLINGUE,MATUTINA,DIARIO(REGULAR),GUATEMALA OCCIDENTE
00-07-8441-45,,CIUDAD CAPITAL,ZONA 7,COLEGIO PANAMERICANO NO. 4,CALZADA SAN JUAN 38-59 COLONIA EL RODEO,5974265 FAX 5974263,,,BASICO,PRIVADO,URBANA,CERRADA TEMPORALMENTE,MONOLINGUE,VESPERTINA,DIARIO(REGULAR),GUATEMALA OCCIDENTE
00-07-8442-46,,CIUDAD CAPITAL,ZONA 7,COLEGIO PANAMERICANO NO. 4,CALZADA SAN JUAN 38-59 COLONIA EL RODEO,5974265 FAX 5974263,,,DIVERSIFICADO,PRIVADO,URBANA,CERRADA TEMPORALMENTE,MONOLINGUE,VESPERTINA,DIARIO(REGULAR),GUATEMALA OCCIDENTE
00-07-8450-43,01-617,CIUDAD CAPITAL,ZONA 7,COLEGIO MADRE TERESA DE JESUS,5TA. CALLE 10-77 COLONIA QUINTA SAMAYOA,24404970,MARIA DEL ROSARIO VARGAS SANDOVAL,,PRIMARIA,PRIVADO,URBANA,CERRADA TEMPORALMENTE,MONOLINGUE,MATUTINA,DIARIO(REGULAR),GUATEMALA OCCIDENTE
00-07-8487-45,01-623,CIUDAD CAPITAL,ZONA 7,COLEGIO INTERAMERICANO DE INFORMATICA,3A. CALLE 2-28 COLONIA LANDIVAR,24723115,FEDERICO ESTUARDO IRUNGARAY SAMAYOA,,BASICO,PRIVADO,URBANA,CERRADA DEFINITIVAMENTE,MONOLINGUE,MATUTINA,DIARIO(REGULAR),GUATEMALA OCCIDENTE
00-07-8488-46,01-623,CIUDAD CAPITAL,ZONA 7,COLEGIO INTERAMERICANO DE INFORMATICA,3A. CALLE 2-28 COLONIA LANDIVAR,24716293,FEDERICO ESTUARDO IRUNGARAY SAMAYOA,,DIVERSIFICADO,PRIVADO,URBANA,CERRADA DEFINITIVAMENTE,MONOLINGUE,MATUTINA,DIARIO(REGULAR),GUATEMALA OCCIDENTE
00-07-8489-44,01-409,CIUDAD CAPITAL,ZONA 7,COLEGIO INTERAMERICANO DE INFORMATICA,3A. CALLE 2-28 COLONIA LANDIVAR,24723115,IDALIA DEL ROSARIO LOPEZ SANDOVAL DE PAIZ,CARMEN LIZETH RAXÓN CUC,PRIMARIA DE ADULTOS,PRIVADO,URBANA,ABIERTA,MONOLINGUE,INTERMEDIA,FIN DE SEMANA,GUATEMALA OCCIDENTE
00-07-8490-45,01-409,CIUDAD CAPITAL,ZONA 7,COLEGIO INTERAMERICANO DE INFORMATICA,3A. CALLE 2-28 COLONIA LANDIVAR,24723115,IDALIA DEL ROSARIO LOPEZ SANDOVAL DE PAIZ,CARMEN LIZETH RAXÓN CUC,BASICO,PRIVADO,URBANA,ABIERTA,MONOLINGUE,DOBLE,FIN DE SEMANA,GUATEMALA OCCIDENTE
00-07-8491-45,01-409,CIUDAD CAPITAL,ZONA 7,COLEGIO INTERAMERICANO DE INFORMATICA,"3A. CALLE 18-21, COLONIA LANDIVAR",24723115,IDALIA DEL ROSARIO LOPEZ SANDOVAL DE PAIZ,CARMEN LIZETH RAXÓN CUC,BASICO,PRIVADO,URBANA,ABIERTA,MONOLINGUE,DOBLE,FIN DE SEMANA,GUATEMALA OCCIDENTE
00-07-8492-46,01-409,CIUDAD CAPITAL,ZONA 7,COLEGIO INTERAMERICANO DE INFORMATICA,3A. CALLE 2-28 COLONIA LANDIVAR,24723115,IDALIA DEL ROSARIO LOPEZ SANDOVAL DE PAIZ,CARMEN LIZETH RAXÓN CUC,DIVERSIFICADO,PRIVADO,URBANA,ABIERTA,MONOLINGUE,DOBLE,FIN DE SEMANA,GUATEMALA OCCIDENTE
00-07-8493-46,01-409,CIUDAD CAPITAL,ZONA 7,COLEGIO INTERAMERICANO DE INFORMATICA,3A. CALLE 2-28 COLONIA LANDIVAR,24716293,IDALIA DEL ROSARIO LOPEZ SANDOVAL DE PAIZ,CARMEN LIZETH RAXÓN CUC,DIVERSIFICADO,PRIVADO,URBANA,ABIERTA,MONOLINGUE,DOBLE,FIN DE SEMANA,GUATEMALA OCCIDENTE
00-07-8513-42,01-01-0106,CIUDAD CAPITAL,ZONA 7,LICEO MIXTO EN COMPUTACION  ROTTERDAM,"31 AVENIDA 14-12, COLONIA CIUDAD DE PLATA II",24738493,MARÍA DEL ROSARIO VARGAS SANDOVAL,MARÍA DEL CARMEN LÓPEZ BENAVENTE,PARVULOS,PRIVADO,URBANA,ABIERTA,MONOLINGUE,MATUTINA,DIARIO(REGULAR),GUATEMALA OCCIDENTE
00-07-8514-43,01-01-0106,CIUDAD CAPITAL,ZONA 7,LICEO MIXTO EN COMPUTACION  ROTTERDAM,"31 AVENIDA 14-12, COLONIA CIUDAD DE PLATA II",24738493,MARÍA DEL ROSARIO VARGAS SANDOVAL,MARÍA DEL CARMEN LÓPEZ BENAVENTE,PRIMARIA,PRIVADO,URBANA,ABIERTA,MONOLINGUE,MATUTINA,DIARIO(REGULAR),GUATEMALA OCCIDENTE
00-07-8515-45,01-01-0106,CIUDAD CAPITAL,ZONA 7,LICEO MIXTO EN COMPUTACION  ROTTERDAM,"31 AVENIDA 14-12, COLONIA CIUDAD DE PLATA II",24738493,MARÍA DEL ROSARIO VARGAS SANDOVAL,MARÍA DEL CARMEN LÓPEZ BENAVENTE,BASICO,PRIVADO,URBANA,ABIERTA,MONOLINGUE,MATUTINA,DIARIO(REGULAR),GUATEMALA OCCIDENTE
00-07-8516-46,01-01-0106,CIUDAD CAPITAL,ZONA 7,LICEO MIXTO EN COMPUTACION  ROTTERDAM,"31 AVENIDA 14-12 ZONA 7, COLONIA CIUDAD DE PLATA II GUATEMALA",24738493,MARÍA DEL ROSARIO VARGAS SANDOVAL,MARÍA DEL CARMEN LÓPEZ BENAVENTE,DIVERSIFICADO,PRIVADO,URBANA,ABIERTA,MONOLINGUE,MATUTINA,DIARIO(REGULAR),GUATEMALA OCCIDENTE
00-07-8517-45,01-639,CIUDAD CAPITAL,ZONA 7,LICEO MIXTO EN COMPUTACION  ROTTERDAM  (MADUREZ),"31 AVENIDA 14-12, COLONIA CIUDAD DE PLATA II",24739757,LUDVIN RICARDO URRUTIA LORENTI,MARÍA DEL CARMEN LÓPEZ BENAVENTE,BASICO,PRIVADO,URBANA,CERRADA DEFINITIVAMENTE,MONOLINGUE,DOBLE,FIN DE SEMANA,GUATEMALA OCCIDENTE
00-07-8518-46,01-639,CIUDAD CAPITAL,ZONA 7,LICEO MIXTO EN COMPUTACION  ROTTERDAM,"31 AVENIDA 14-12, COLONIA CIUDAD DE PLATA II",24739757,LUDVIN RICARDO URRUTIA LORENTI,MARÍA DEL CARMEN LÓPEZ BENAVENTE,DIVERSIFICADO,PRIVADO,URBANA,CERRADA DEFINITIVAMENTE,MONOLINGUE,DOBLE,FIN DE SEMANA,GUATEMALA OCCIDENTE
00-07-8550-46,,CIUDAD CAPITAL,ZONA 7,INSTITUTO PRIVADO MIXTO 'EL MAESTRO AMIGO',"CALZADA ROOSEVELT 2-34, COLONIA LANDIVAR","4751244, 4751249",,,DIVERSIFICADO,PRIVADO,URBANA,CERRADA DEFINITIVAMENTE,MONOLINGUE,INTERMEDIA,DIARIO(REGULAR),GUATEMALA OCCIDENTE
00-07-8551-42,01-623,CIUDAD CAPITAL,ZONA 7,COLEGIO INTEGRAL DE EDUCACION (CIDE),12 CALLE 32-52 TIKAL III,24314924,FEDERICO ESTUARDO IRUNGARAY SAMAYOA,,PARVULOS,PRIVADO,URBANA,CERRADA TEMPORALMENTE,MONOLINGUE,MATUTINA,DIARIO(REGULAR),GUATEMALA OCCIDENTE
00-07-8552-43,01-623,CIUDAD CAPITAL,ZONA 7,COLEGIO INTEGRAL DE EDUCACION (CIDE),12 CALLE 32-52 TIKAL III,24314924,FEDERICO ESTUARDO IRUNGARAY SAMAYOA,,PRIMARIA,PRIVADO,URBANA,CERRADA TEMPORALMENTE,MONOLINGUE,MATUTINA,DIARIO(REGULAR),GUATEMALA OCCIDENTE
00-07-8553-44,01-409,CIUDAD CAPITAL,ZONA 7,INSTITUTO PRIVADO MIXTO EL MAESTRO AMIGO,CALZADA ROOSEVELT 2-34,24751249,IDALIA DEL ROSARIO LOPEZ SANDOVAL DE PAIZ,SERGIO  MEJÍA AGUILAR,PRIMARIA DE ADULTOS,PRIVADO,URBANA,CERRADA TEMPORALMENTE,MONOLINGUE,DOBLE,DIARIO(REGULAR),GUATEMALA OCCIDENTE
00-07-8554-45,01-409,CIUDAD CAPITAL,ZONA 7,INSTITUTO MIXTO PRIVADO EL MAESTRO AMIGO,CALZADA ROOSEVELT 2-34 COLONIA LANDIVAR,24751249,IDALIA DEL ROSARIO LOPEZ SANDOVAL DE PAIZ,SERGIO  MEJÍA AGUILAR,BASICO,PRIVADO,URBANA,CERRADA TEMPORALMENTE,MONOLINGUE,DOBLE,FIN DE SEMANA,GUATEMALA OCCIDENTE
00-07-8555-46,01-407,CIUDAD CAPITAL,ZONA 7,INSTITUTO MIXTO PRIVADO EL MAESTRO AMIGO,CALZADA ROOSEVELT 2-34 COLONIA LANDIVAR,24751244,LILIAN YOLANDA RODRIGUEZ PINTO DE CASTRO,SCECIA   ESTHER  SIGUENSA   CORADO,DIVERSIFICADO,PRIVADO,URBANA,CERRADA TEMPORALMENTE,MONOLINGUE,MATUTINA,DIARIO(REGULAR),GUATEMALA OCCIDENTE
00-07-8563-42,01-617,CIUDAD CAPITAL,ZONA 7,COLEGIO 'MADRE TERESA DE JESUS',5TA. CALLE 10-77 QUINTA SAMAYOA,,MARIA DEL ROSARIO VARGAS SANDOVAL,,PARVULOS,PRIVADO,URBANA,CERRADA TEMPORALMENTE,MONOLINGUE,MATUTINA,DIARIO(REGULAR),GUATEMALA OCCIDENTE
00-07-8584-42,01-01-0163,CIUDAD CAPITAL,ZONA 7,JARDIN INFANTIL'REAL GUATEMALA',"8A. CALLE 12-73, COLONIA QUINTA SAMAYOA",58550393,FEDERICO ESTUARDO IRUNGARAY SAMAYOA,LYGIA NOHEMÍ OVALLE MARROQUIN,PARVULOS,PRIVADO,URBANA,ABIERTA,MONOLINGUE,MATUTINA,DIARIO(REGULAR),GUATEMALA OCCIDENTE
00-07-8588-42,01-01-0164,CIUDAD CAPITAL,ZONA 7,CENTRO EDUCATIVO 'LOS SAUCES',"31A. AVENIDA 14-26, CIUDAD DE PLATA II",24738983,JUAN WALDEMAR CABRERA MÉNDEZ,MARIA EUGENIA CRUZ LOPEZ,PARVULOS,PRIVADO,URBANA,ABIERTA,MONOLINGUE,MATUTINA,DIARIO(REGULAR),GUATEMALA OCCIDENTE
00-07-8589-43,01-01-0164,CIUDAD CAPITAL,ZONA 7,CENTRO EDUCATIVO 'LOS SAUCES',31 AVENIDA 14-26 CIUDAD DE PLATA II,24738983,JUAN WALDEMAR CABRERA MÉNDEZ,MARIA EUGENIA CRUZ LOPEZ,PRIMARIA,PRIVADO,URBANA,ABIERTA,MONOLINGUE,MATUTINA,DIARIO(REGULAR),GUATEMALA OCCIDENTE
00-07-8590-45,01-01-0164,CIUDAD CAPITAL,ZONA 7,CENTRO EDUCATIVO 'LOS SAUCES',31 AVENIDA 14-26 ZONA 7 CIUDAD DE PLATA II,24738983,JUAN WALDEMAR CABRERA MÉNDEZ,AGUSTÍN SENCIÓN ALVARADO,BASICO,PRIVADO,URBANA,ABIERTA,MONOLINGUE,MATUTINA,DIARIO(REGULAR),GUATEMALA OCCIDENTE
00-07-8591-46,01-01-0164,CIUDAD CAPITAL,ZONA 7,CENTRO EDUCATIVO  LOS SAUCES,31 AVE. 14-26 COLONIA CIUDAD DE PLATA II,24738983,JUAN WALDEMAR CABRERA MÉNDEZ,AGUSTÍN SENCIÓN ALVARADO,DIVERSIFICADO,PRIVADO,URBANA,ABIERTA,MONOLINGUE,MATUTINA,DIARIO(REGULAR),GUATEMALA OCCIDENTE
00-07-8592-45,01-99-0090,CIUDAD CAPITAL,ZONA 7,CENTRO EDUCATIVO LOS SAUCES,31 AVENIDA 14-26 ZONA 7 CIUDAD DE PLATA II,24738983,IDALIA DEL ROSARIO LÓPEZ SANDOVAL,AGUSTÍN SENCIÓN ALVARADO,BASICO,PRIVADO,URBANA,ABIERTA,MONOLINGUE,DOBLE,FIN DE SEMANA,GUATEMALA OCCIDENTE
00-07-8593-46,,CIUDAD CAPITAL,ZONA 7,CENTRO EDUCATIVO 'LOS SAUCES',31 AVENIDA 14-26 CIUDAD DE PLATA II,"4739888, 4738983",,,DIVERSIFICADO,PRIVADO,URBANA,CERRADA DEFINITIVAMENTE,MONOLINGUE,VESPERTINA,FIN DE SEMANA,GUATEMALA OCCIDENTE
00-07-8594-45,01-623,CIUDAD CAPITAL,ZONA 7,CENTRO EDUCATIVO  LOS SAUCES  (POR MADUREZ),31 AVENIDA 14-26 CIUDAD DE PLATA II,24738983,FEDERICO ESTUARDO IRUNGARAY SAMAYOA,AGUSTÍN SENCIÓN ALVARADO,BASICO,PRIVADO,URBANA,ABIERTA,MONOLINGUE,DOBLE,FIN DE SEMANA,GUATEMALA OCCIDENTE
00-07-8595-46,01-623,CIUDAD CAPITAL,ZONA 7,CENTRO EDUCATIVO  LOS SAUCES,31 AVE. 14-26 COLONIA CIUDAD DE PLATA II,24738983,FEDERICO ESTUARDO IRUNGARAY SAMAYOA,AGUSTÍN SENCIÓN ALVARADO,DIVERSIFICADO,PRIVADO,URBANA,ABIERTA,MONOLINGUE,DOBLE,FIN DE SEMANA,GUATEMALA OCCIDENTE
00-07-8602-42,01-606,CIUDAD CAPITAL,ZONA 7,EODP ANEXA A CENTRO DE USOS MULTIPLES (C.U.M.),9A. AV. 7-57 COLONIA NUEVA MONSERRAT,52130231,RONALD MAURICIO MORALES VIVAR,LUIS ARMANDO ROCA RUANO,PARVULOS,OFICIAL,URBANA,CERRADA DEFINITIVAMENTE,MONOLINGUE,MATUTINA,DIARIO(REGULAR),GUATEMALA OCCIDENTE
00-07-8614-42,01-619,CIUDAD CAPITAL,ZONA 7,COLEGIO 'BLUMENFELD',36 AVENIDA 1-28,55993904,JUAN WALDEMAR CABRERA MENDEZ,,PARVULOS,PRIVADO,URBANA,CERRADA TEMPORALMENTE,MONOLINGUE,MATUTINA,DIARIO(REGULAR),GUATEMALA OCCIDENTE
00-07-8615-45,,CIUDAD CAPITAL,ZONA 7,IEBC,,,,,BASICO,COOPERATIVA,RURAL,CERRADA DEFINITIVAMENTE,MONOLINGUE,VESPERTINA,DIARIO(REGULAR),GUATEMALA OCCIDENTE
00-07-8628-42,01-01-0164,CIUDAD CAPITAL,ZONA 7,CENTRO DE DESARROLLO  INTEGRAL PREESCOLAR CARITAS ALEGRES,"12 AVENIDA 3-11 ZONA 3, COLONIA NUEVA MONSERRAT",23152506,JUAN WALDEMAR CABRERA MÉNDEZ,EVELYN ESTELA YAS SAJBIN,PARVULOS,PRIVADO,URBANA,ABIERTA,MONOLINGUE,MATUTINA,DIARIO(REGULAR),GUATEMALA OCCIDENTE
00-07-8630-45,01-619,CIUDAD CAPITAL,ZONA 7,LICEO CRISTIANO NACION GRANDE,6TA. CALLE A 5-42 ZONA 7 COLONIA LANDIVAR,24721680,JUAN WALDEMAR CABRERA MENDEZ,,BASICO,PRIVADO,URBANA,CERRADA TEMPORALMENTE,MONOLINGUE,MATUTINA,DIARIO(REGULAR),GUATEMALA OCCIDENTE
00-07-8647-45,01-406,CIUDAD CAPITAL,ZONA 7,LICEO DE CIENCIAS TECNICAS COMERCIALES Y DE COMPUTACION (POR MADUREZ),"CALZADA SAN JUAN 37-78, COLONIA EL RODEO","5931993, 5921644",MIGUEL ALVARO RODRIGUEZ PORTILLO,,BASICO,PRIVADO,URBANA,CERRADA TEMPORALMENTE,MONOLINGUE,DOBLE,FIN DE SEMANA,GUATEMALA OCCIDENTE
00-07-8648-46,01-406,CIUDAD CAPITAL,ZONA 7,LICEO DE CIENCIAS TECNICAS COMERCIALES Y DE COMPUTACION (POR MADUREZ),"CALZADA SAN JUAN 37-78, COLONIA EL RODEO",43216444,MIGUEL ALVARO RODRIGUEZ PORTILLO,,DIVERSIFICADO,PRIVADO,URBANA,CERRADA TEMPORALMENTE,MONOLINGUE,DOBLE,FIN DE SEMANA,GUATEMALA OCCIDENTE
00-07-8660-42,01-617,CIUDAD CAPITAL,ZONA 7,COLEGIO BILINGUE DIDACTICO,13 CALLE A 29-66 CIUDAD DE PLATA I,24746893,MARIA DEL ROSARIO VARGAS SANDOVAL,ADELINA  ROSALES ARRIOLA,PARVULOS,PRIVADO,URBANA,CERRADA TEMPORALMENTE,MONOLINGUE,MATUTINA,DIARIO(REGULAR),GUATEMALA OCCIDENTE
00-07-8680-42,01-01-0164,CIUDAD CAPITAL,ZONA 7,EODP ANEXA A EOUM NO.71 FRANKLIN DELANO ROOSEVELT,"CALZADA SAN JUAN 40-00, EL RODEO",30513993,JUAN WALDEMAR CABRERA MÉNDEZ,LUIS ARTURO CASTILLO RETANA,PARVULOS,OFICIAL,URBANA,ABIERTA,MONOLINGUE,MATUTINA,DIARIO(REGULAR),GUATEMALA OCCIDENTE
00-07-8687-42,01-01-0103,CIUDAD CAPITAL,ZONA 7,EODP ANEXA A EOUV NO.60 'ABRAHAM ORANTES Y ORANTES',AVENIDA MOCTEZUMA 31-09 COLONIA BETHANIA,24367511,DORIS DARLENY DUEÑAS CARRILLO,CLAUDIA MARISEL GODINEZ MINERA,PARVULOS,OFICIAL,URBANA,ABIERTA,MONOLINGUE,MATUTINA,DIARIO(REGULAR),GUATEMALA OCCIDENTE
00-07-8688-42,01-01-0164,CIUDAD CAPITAL,ZONA 7,EODP ANEXA A EOUM NO. 443 MARIO MARTINEZ DE LEJARZA,"33 AVENIDA 24-31, COLONIA BETHANIA",41802955,JUAN WALDEMAR CABRERA MÉNDEZ,JORGE ARMANDO DEL VALLE HERNÁNDEZ,PARVULOS,OFICIAL,URBANA,ABIERTA,MONOLINGUE,MATUTINA,DIARIO(REGULAR),GUATEMALA OCCIDENTE
00-07-8689-42,,CIUDAD CAPITAL,ZONA 7,EODP ANEXA A EOUM N.153 'SAKERTI',35 CALLE 33-43 ZONA 7 COLONIA SAKERTI,24316364,,,PARVULOS,OFICIAL,URBANA,CERRADA DEFINITIVAMENTE,MONOLINGUE,MATUTINA,DIARIO(REGULAR),GUATEMALA OCCIDENTE
00-07-8690-42,01-619,CIUDAD CAPITAL,ZONA 7,COLEGIO MARIA CONCEPCION,CALZADA SAN JUAN 6-94 COLONIA LANDIVAR,42841347,JUAN WALDEMAR CABRERA MENDEZ,LESLIE FRANCIS COUTIÑO ALVARADO,PARVULOS,PRIVADO,URBANA,ABIERTA,MONOLINGUE,MATUTINA,DIARIO(REGULAR),GUATEMALA OCCIDENTE
00-07-8691-43,01-619,CIUDAD CAPITAL,ZONA 7,COLEGIO  MARIA CONCEPCION,CALZADA SAN JUAN 6-94 COLONIA LANDIVAR,42841347,JUAN WALDEMAR CABRERA MENDEZ,SANDRA LIZETH RIVERA AGUILAR,PRIMARIA,PRIVADO,URBANA,ABIERTA,MONOLINGUE,MATUTINA,DIARIO(REGULAR),GUATEMALA OCCIDENTE
00-07-8715-42,01-01-0106,CIUDAD CAPITAL,ZONA 7,COLEGIO MESOAMERICANO,"6A. CALLE ""A"" 10-38 COLONIA QUINTA SAMAYOA",24718515,MARÍA DEL ROSARIO VARGAS SANDOVAL,MILDRED JUDITH MARROQUIN CATALÁN,PARVULOS,PRIVADO,URBANA,ABIERTA,MONOLINGUE,MATUTINA,DIARIO(REGULAR),GUATEMALA OCCIDENTE
00-07-8716-43,01-01-0106,CIUDAD CAPITAL,ZONA 7,COLEGIO MESOAMERICANO,6A CALLE A 10-38 COLONIA QUINTA SAMAYOA,24718515,MARÍA DEL ROSARIO VARGAS SANDOVAL,SILVIA ESPERANZA BUENAFÉ RAMOS,PRIMARIA,PRIVADO,URBANA,ABIERTA,MONOLINGUE,MATUTINA,DIARIO(REGULAR),GUATEMALA OCCIDENTE
00-07-8717-45,01-01-0106,CIUDAD CAPITAL,ZONA 7,COLEGIO MESOAMERICANO,6A CALLE A 10-38 COLONIA QUINTA SAMAYOA,24718515,MARÍA DEL ROSARIO VARGAS SANDOVAL,DELIA DEL CARMEN MARTÍNEZ POSADAS,BASICO,PRIVADO,URBANA,ABIERTA,MONOLINGUE,MATUTINA,DIARIO(REGULAR),GUATEMALA OCCIDENTE
00-07-8718-46,01-01-0106,CIUDAD CAPITAL,ZONA 7,COLEGIO MESOAMERICANO,6A CALLE A 10-38 COLONIA QUINTA SAMAYOA GUATEMALA,24718515,MARÍA DEL ROSARIO VARGAS SANDOVAL,DELIA DEL CARMEN MARTÍNEZ POSADAS,DIVERSIFICADO,PRIVADO,URBANA,ABIERTA,MONOLINGUE,MATUTINA,DIARIO(REGULAR),GUATEMALA OCCIDENTE
00-07-8745-42,01-617,CIUDAD CAPITAL,ZONA 7,COLEGIO INFANTIL ROSARITO,31 AV. 'B' 9-89 COLONIA CENTRO AMERICA,24311047(CASA)24018206(COLEGIO,MARIA DEL ROSARIO VARGAS SANDOVAL,,PARVULOS,PRIVADO,URBANA,CERRADA DEFINITIVAMENTE,MONOLINGUE,MATUTINA,DIARIO(REGULAR),GUATEMALA OCCIDENTE
00-07-8746-43,01-617,CIUDAD CAPITAL,ZONA 7,COLEGIO INFANTIL ROSARITO,31 AV. 'B' 9-89 COLONIA CENTRO AMERICA,24311047(CASA)24018206(COLEGIO,MARIA DEL ROSARIO VARGAS SANDOVAL,,PRIMARIA,PRIVADO,URBANA,CERRADA DEFINITIVAMENTE,MONOLINGUE,MATUTINA,DIARIO(REGULAR),GUATEMALA OCCIDENTE
00-07-8752-42,01-01-0164,CIUDAD CAPITAL,ZONA 7,"EODP ANEXA A EOUM NO.71 ""FRANKLIN DELANO ROOSEVELT""","CALZADA SAN JUAN 40-00, ZONA 7 EL RODEO",47274009,JUAN WALDEMAR CABRERA MÉNDEZ,ROSA ARACELY DE LEÓN MEJÍA,PARVULOS,OFICIAL,URBANA,ABIERTA,MONOLINGUE,VESPERTINA,DIARIO(REGULAR),GUATEMALA OCCIDENTE
00-07-8753-42,01-619,CIUDAD CAPITAL,ZONA 7,CENTRO DE DESARROLLO INFANTIL LOS PEQUENAUTAS,9A. CALLE 33-80 COLONIA JARDINES DE TIKAL II,24393903,JUAN WALDEMAR CABRERA MENDEZ,,PARVULOS,PRIVADO,URBANA,CERRADA TEMPORALMENTE,MONOLINGUE,MATUTINA,DIARIO(REGULAR),GUATEMALA OCCIDENTE
00-07-8759-45,01-617,CIUDAD CAPITAL,ZONA 7,CENTRO EDUCACIONAL GUATEMALTECO CEG,13 CALLE 25-52 KAMINAL JUYU II,24739555,MARIA DEL ROSARIO VARGAS SANDOVAL,,BASICO,PRIVADO,URBANA,CERRADA TEMPORALMENTE,MONOLINGUE,MATUTINA,DIARIO(REGULAR),GUATEMALA OCCIDENTE
00-07-8760-46,01-617,CIUDAD CAPITAL,ZONA 7,CENTRO EDUCACIONAL GUATEMALTECO CEG,13 CALLE 25-52 KAMINAL JUYU II,24739555,MARIA DEL ROSARIO VARGAS SANDOVAL,,DIVERSIFICADO,PRIVADO,URBANA,CERRADA TEMPORALMENTE,MONOLINGUE,MATUTINA,DIARIO(REGULAR),GUATEMALA OCCIDENTE
00-07-8793-46,01-619,CIUDAD CAPITAL,ZONA 7,COLEGIO EXPERIMENTAL CRISTIANO VERBO NO.2,"27 AVENIDA 8-36 EL NARANJO, ZONA 4 DE MIXCO",24392740-24392745-24311017,JUAN WALDEMAR CABRERA MENDEZ,CLAUDIA LORENA GARZONA NOLASCO,DIVERSIFICADO,PRIVADO,URBANA,CERRADA DEFINITIVAMENTE,MONOLINGUE,MATUTINA,DIARIO(REGULAR),GUATEMALA OCCIDENTE
00-07-8797-45,,CIUDAD CAPITAL,ZONA 7,LICEO 'LIVINGSTON',4A. CALLE 12-12 COLONIA QUINTA SAMAYOA,24718825,,,BASICO,PRIVADO,URBANA,CERRADA DEFINITIVAMENTE,MONOLINGUE,MATUTINA,DIARIO(REGULAR),GUATEMALA OCCIDENTE
00-07-8798-45,,CIUDAD CAPITAL,ZONA 7,LICEO 'LIVINGSTON',4A. CALLE 12-12 COLONIA QUINTA SAMAYOA,24718825,,,BASICO,PRIVADO,URBANA,CERRADA DEFINITIVAMENTE,MONOLINGUE,VESPERTINA,DIARIO(REGULAR),GUATEMALA OCCIDENTE
00-07-8799-45,,CIUDAD CAPITAL,ZONA 7,LICEO 'LIVINGSTON',4A. CALLE 12-12 COLONIA QUINTA SAMAYOA,24718825,,,BASICO,PRIVADO,URBANA,CERRADA TEMPORALMENTE,MONOLINGUE,NOCTURNA,DIARIO(REGULAR),GUATEMALA OCCIDENTE
00-07-8800-46,,CIUDAD CAPITAL,ZONA 7,LICEO 'LIVINGSTON',4A. CALLE 12-12 COLONIA QUINTA SAMAYOA,24718825,,,DIVERSIFICADO,PRIVADO,URBANA,CERRADA DEFINITIVAMENTE,MONOLINGUE,MATUTINA,DIARIO(REGULAR),GUATEMALA OCCIDENTE
00-07-8801-46,,CIUDAD CAPITAL,ZONA 7,LICEO 'LIVINGSTON',4A. CALLE 12-12 COLONIA QUINTA SAMAYOA,24718825,,,DIVERSIFICADO,PRIVADO,URBANA,CERRADA DEFINITIVAMENTE,MONOLINGUE,VESPERTINA,DIARIO(REGULAR),GUATEMALA OCCIDENTE
00-07-8802-46,01-406,CIUDAD CAPITAL,ZONA 7,LICEO 'LIVINGSTON',4A. CALLE 12-12 COLONIA QUINTA SAMAYOA,24718825,MIGUEL ALVARO RODRIGUEZ PORTILLO,,DIVERSIFICADO,PRIVADO,URBANA,CERRADA TEMPORALMENTE,MONOLINGUE,NOCTURNA,DIARIO(REGULAR),GUATEMALA OCCIDENTE
00-07-8805-46,01-01-0103,CIUDAD CAPITAL,ZONA 7,COLEGIO MIXTO DURUELO,"38 CALLE  ""C""  FINAL COLONIA EL AMPARO I",24316649,DORIS DARLENY DUEÑAS CARRILLO,MARIA DEL CARMEN GONZÁLEZ GONZÁLEZ,DIVERSIFICADO,PRIVADO,URBANA,ABIERTA,MONOLINGUE,VESPERTINA,DIARIO(REGULAR),GUATEMALA OCCIDENTE
00-07-8828-42,01-618,CIUDAD CAPITAL,ZONA 7,CENTRO EDUCACIONAL GUATEMALTECO,13 CALLE 25-52 KAMINAL JUYU II,24739555,ROSA  GEORGINA RIOS CASTILLO,,PARVULOS,PRIVADO,URBANA,CERRADA TEMPORALMENTE,MONOLINGUE,MATUTINA,DIARIO(REGULAR),GUATEMALA OCCIDENTE
00-07-8829-43,01-618,CIUDAD CAPITAL,ZONA 7,CENTRO EDUCACIONAL GUATEMALTECO,13 CALLE 25-52 KAMINAL JUYU II,24739555,ROSA  GEORGINA RIOS CASTILLO,,PRIMARIA,PRIVADO,URBANA,CERRADA TEMPORALMENTE,MONOLINGUE,MATUTINA,DIARIO(REGULAR),GUATEMALA OCCIDENTE
00-07-8890-45,01-99-0090,CIUDAD CAPITAL,ZONA 7,LICEO MIXTO EN COMPUTACION ROTTERDAM,31 AV.14-12 COLONIA CIUDAD DE PLATA II,24738493,IDALIA DEL ROSARIO LÓPEZ SANDOVAL,MARÍA DEL CARMEN LÓPEZ BENAVENTE,BASICO,PRIVADO,URBANA,ABIERTA,MONOLINGUE,DOBLE,FIN DE SEMANA,GUATEMALA OCCIDENTE
00-07-8895-44,01-99-0090,CIUDAD CAPITAL,ZONA 7,LICEO MIXTO EN COMPUTACION ROTTERDAM,"31 AV. 14-12, COLONIA CIUDAD DE PLATA II",24738493,IDALIA DEL ROSARIO LÓPEZ SANDOVAL,MARÍA DEL CARMEN LÓPEZ BENAVENTE,PRIMARIA DE ADULTOS,PRIVADO,URBANA,ABIERTA,MONOLINGUE,DOBLE,FIN DE SEMANA,GUATEMALA OCCIDENTE
00-07-8913-46,,CIUDAD CAPITAL,ZONA 7,INSTITUTO DE DIVERSIFICADO DE BACHILLERATO EN MERCADOTECNIA ADS. A INEB BETHANIA,AV. MOCTEZUMA 31-02 COLONIA BETHANIA ZONA 7,,,,DIVERSIFICADO,OFICIAL,URBANA,CERRADA DEFINITIVAMENTE,MONOLINGUE,NOCTURNA,DIARIO(REGULAR),GUATEMALA OCCIDENTE
00-07-8927-43,,CIUDAD CAPITAL,ZONA 7,EOUM,COLONIA EL AMPARO II,,,,PRIMARIA,OFICIAL,URBANA,CERRADA DEFINITIVAMENTE,MONOLINGUE,MATUTINA,DIARIO(REGULAR),GUATEMALA OCCIDENTE
00-07-8946-42,01-01-0163,CIUDAD CAPITAL,ZONA 7,LICEO MIXTO  OBED,"4A. CALLE 8-26 ZONA 7, COLONIA QUINTA SAMAYOA",48853901,FEDERICO ESTUARDO IRUNGARAY SAMAYOA,SERGIA JOSEFINA SALAY ALVAREZ,PARVULOS,PRIVADO,URBANA,ABIERTA,MONOLINGUE,MATUTINA,DIARIO(REGULAR),GUATEMALA OCCIDENTE
00-07-8947-43,01-01-0163,CIUDAD CAPITAL,ZONA 7,LICEO MIXTO OBED,"4A. CALLE  A  8-26 ZONA 7, COLONIA  QUINTA SAMAYOA",24712246,FEDERICO ESTUARDO IRUNGARAY SAMAYOA,SERGIA JOSEFINA SALAY ALVAREZ,PRIMARIA,PRIVADO,URBANA,ABIERTA,MONOLINGUE,MATUTINA,DIARIO(REGULAR),GUATEMALA OCCIDENTE
00-07-8948-42,01-619,CIUDAD CAPITAL,ZONA 7,COLEGIO 'LAS HUELLAS DEL MAESTRO',"37 AVENIDA 3-38 COLONIA EL RODEO, ZONA 7",24332553,JUAN WALDEMAR CABRERA MENDEZ,,PARVULOS,PRIVADO,URBANA,CERRADA TEMPORALMENTE,MONOLINGUE,MATUTINA,DIARIO(REGULAR),GUATEMALA OCCIDENTE
00-07-8955-45,,CIUDAD CAPITAL,ZONA 7,INSTITUTO REFCO,48 AV. 2-85 ZONA 7 COLONIA EL ROSARIO,439900 EXT 225-250,,,BASICO,PRIVADO,URBANA,CERRADA TEMPORALMENTE,MONOLINGUE,MATUTINA,FIN DE SEMANA,GUATEMALA OCCIDENTE
00-07-8956-46,01-406,CIUDAD CAPITAL,ZONA 7,INSTITUTO REFCO,"48 AV. 2-85, COLONIA EL ROSARIO",439990 ESTX. 225-250,MIGUEL ALVARO RODRIGUEZ PORTILLO,,DIVERSIFICADO,PRIVADO,URBANA,CERRADA TEMPORALMENTE,MONOLINGUE,MATUTINA,FIN DE SEMANA,GUATEMALA OCCIDENTE
00-07-8963-42,01-619,CIUDAD CAPITAL,ZONA 7,COLEGIO SAN JUAN DE TURIN,"37 AVENIDA 3-38, COLONIA EL RODEO",4360630-4360637,JUAN WALDEMAR CABRERA MENDEZ,,PARVULOS,PRIVADO,URBANA,CERRADA DEFINITIVAMENTE,MONOLINGUE,MATUTINA,DIARIO(REGULAR),GUATEMALA OCCIDENTE
00-07-8964-43,01-619,CIUDAD CAPITAL,ZONA 7,COLEGIO SAN JUAN DE TURIN,"37 AVENIDA 3-38, COLONIA EL RODEO",4360630-4360637,JUAN WALDEMAR CABRERA MENDEZ,,PRIMARIA,PRIVADO,URBANA,CERRADA DEFINITIVAMENTE,MONOLINGUE,MATUTINA,DIARIO(REGULAR),GUATEMALA OCCIDENTE
00-07-8965-45,01-619,CIUDAD CAPITAL,ZONA 7,COLEGIO SAN JUAN DE TURIN,"37 AVENIDA 3-38, COLONIA EL RODEO",4360630-4360637,JUAN WALDEMAR CABRERA MENDEZ,,BASICO,PRIVADO,URBANA,CERRADA DEFINITIVAMENTE,MONOLINGUE,MATUTINA,DIARIO(REGULAR),GUATEMALA OCCIDENTE
00-07-8966-46,01-619,CIUDAD CAPITAL,ZONA 7,COLEGIO SAN JUAN DE TURIN,"37 AVENIDA 3-38, COLONIA EL RODEO",4360630-4360637,JUAN WALDEMAR CABRERA MENDEZ,,DIVERSIFICADO,PRIVADO,URBANA,CERRADA DEFINITIVAMENTE,MONOLINGUE,MATUTINA,DIARIO(REGULAR),GUATEMALA OCCIDENTE
00-07-9009-46,01-01-0106,CIUDAD CAPITAL,ZONA 7,COLEGIO MIXTO  MARÍA DE FÁTIMA,"37 AVENIDA 2-64, COLONIA EL RODEO",24393133,MARÍA DEL ROSARIO VARGAS SANDOVAL,ANA MARÍA TURCIOS OSORIO,DIVERSIFICADO,PRIVADO,URBANA,ABIERTA,MONOLINGUE,MATUTINA,DIARIO(REGULAR),GUATEMALA OCCIDENTE
00-07-9058-45,01-617,CIUDAD CAPITAL,ZONA 7,COLEGIO MIXTO 'SAN JOSE',"7A. CALLE 'A' 10-27, KAMINAL JUYU I",,MARIA DEL ROSARIO VARGAS SANDOVAL,,BASICO,PRIVADO,URBANA,CERRADA DEFINITIVAMENTE,MONOLINGUE,MATUTINA,DIARIO(REGULAR),GUATEMALA OCCIDENTE
00-07-9059-46,01-617,CIUDAD CAPITAL,ZONA 7,COLEGIO MIXTO 'SAN JOSE',"7A. CALLE 'A' 10-27, KAMINAL JUYU I",,MARIA DEL ROSARIO VARGAS SANDOVAL,,DIVERSIFICADO,PRIVADO,URBANA,CERRADA DEFINITIVAMENTE,MONOLINGUE,MATUTINA,DIARIO(REGULAR),GUATEMALA OCCIDENTE
00-07-9067-43,01-01-0163,CIUDAD CAPITAL,ZONA 7,COLEGIO DE MARIA,"8A. CALLE 8-63, COLONIA QUINTA SAMAYOA",58431044,FEDERICO ESTUARDO IRUNGARAY SAMAYOA,AURA MIRTHALA MENA PONS,PRIMARIA,PRIVADO,URBANA,ABIERTA,MONOLINGUE,MATUTINA,DIARIO(REGULAR),GUATEMALA OCCIDENTE
00-07-9089-45,01-01-0106,CIUDAD CAPITAL,ZONA 7,LICEO DE CIENCIA Y TECNOLOGIA,"CALZADA SAN JUAN 37-78, COLONIA EL RODEO",24321644,MARÍA DEL ROSARIO VARGAS SANDOVAL,VILMA ISABEL OROZCO LÓPEZ,BASICO,PRIVADO,URBANA,ABIERTA,MONOLINGUE,MATUTINA,DIARIO(REGULAR),GUATEMALA OCCIDENTE
00-07-9090-45,01-99-0095,CIUDAD CAPITAL,ZONA 7,LICEO DE CIENCIA Y TECNOLOGIA,"CALZADA SAN JUAN 37-78, COLONIA EL RODEO",24321644,MARCELINO ARNULFO DE LEÓN MEJÍA,VILMA ISABEL OROZCO LÓPEZ,BASICO,PRIVADO,URBANA,ABIERTA,MONOLINGUE,DOBLE,FIN DE SEMANA,GUATEMALA OCCIDENTE
00-07-9091-45,01-409,CIUDAD CAPITAL,ZONA 7,LICEO DE CIENCIA Y TECNOLOGIA (POR MADUREZ),"CALZADA SAN JUAN 37-78, COLONIA EL RODEO",24321644,IDALIA DEL ROSARIO LOPEZ SANDOVAL DE PAIZ,VILMA ISABEL OROZCO LÓPEZ,BASICO,PRIVADO,URBANA,CERRADA DEFINITIVAMENTE,MONOLINGUE,DOBLE,FIN DE SEMANA,GUATEMALA OCCIDENTE
00-07-9092-46,01-01-0106,CIUDAD CAPITAL,ZONA 7,LICEO DE CIENCIA Y TECNOLOGÍA,"CALZADA SAN JUAN 37-78, ZONA 7 EL RODEO",24321644,MARÍA DEL ROSARIO VARGAS SANDOVAL,VILMA ISABEL OROZCO LÓPEZ,DIVERSIFICADO,PRIVADO,URBANA,ABIERTA,MONOLINGUE,MATUTINA,DIARIO(REGULAR),GUATEMALA OCCIDENTE
00-07-9093-46,01-619,CIUDAD CAPITAL,ZONA 7,LICEO DE CIENCIA Y TECNOLOGIA,"CALZADA SAN JUAN 37-78, COLONIA EL RODEO",24321644,JUAN WALDEMAR CABRERA MENDEZ,,DIVERSIFICADO,PRIVADO,URBANA,TEMPORAL TITULOS,MONOLINGUE,VESPERTINA,DIARIO(REGULAR),GUATEMALA OCCIDENTE
00-07-9094-46,01-99-0095,CIUDAD CAPITAL,ZONA 7,LICEO DE CIENCIA Y TECNOLOGÍA,"CALZADA SAN JUAN 37-78, COLONIA EL RODEO",24321644,MARCELINO ARNULFO DE LEÓN MEJÍA,VILMA ISABEL OROZCO LÓPEZ,DIVERSIFICADO,PRIVADO,URBANA,ABIERTA,MONOLINGUE,DOBLE,FIN DE SEMANA,GUATEMALA OCCIDENTE
00-07-9109-45,01-409,CIUDAD CAPITAL,ZONA 7,COLEGIO MESOAMERICANO (POR MADUREZ),6A CALLE A 10-38 COLONIA QUINTA SAMAYOA,24718515,IDALIA DEL ROSARIO LOPEZ SANDOVAL DE PAIZ,DELIA DEL CARMEN MARTÍNEZ POSADAS,BASICO,PRIVADO,URBANA,CERRADA TEMPORALMENTE,MONOLINGUE,DOBLE,FIN DE SEMANA,GUATEMALA OCCIDENTE
00-07-9110-46,01-409,CIUDAD CAPITAL,ZONA 7,COLEGIO MESOAMERICANO (POR MADUREZ),6A CALLE A 10-38 COLONIA QUINTA SAMAYOA,24718515,IDALIA DEL ROSARIO LOPEZ SANDOVAL DE PAIZ,DELIA DEL CARMEN MARTÍNEZ POSADAS,DIVERSIFICADO,PRIVADO,URBANA,CERRADA TEMPORALMENTE,MONOLINGUE,DOBLE,FIN DE SEMANA,GUATEMALA OCCIDENTE
00-07-9111-46,01-409,CIUDAD CAPITAL,ZONA 7,COLEGIO MESOAMERICANO,6A CALLE A 10-38 COLONIA QUINTA SAMAYOA,24718515,IDALIA DEL ROSARIO LOPEZ SANDOVAL DE PAIZ,DELIA DEL CARMEN MARTÍNEZ POSADAS,DIVERSIFICADO,PRIVADO,URBANA,CERRADA TEMPORALMENTE,MONOLINGUE,DOBLE,FIN DE SEMANA,GUATEMALA OCCIDENTE
00-07-9158-42,01-01-0164,CIUDAD CAPITAL,ZONA 7,EODP ANEXA A EOUM NO.42 'AGUSTIN MENCOS FRANCO',"33 AVENIDA 24-31, COLONIA BETHANIA",54147577,JUAN WALDEMAR CABRERA MÉNDEZ,SANDRA CELINA MORALES TEJADA,PARVULOS,OFICIAL,URBANA,ABIERTA,MONOLINGUE,VESPERTINA,DIARIO(REGULAR),GUATEMALA OCCIDENTE
00-07-9174-45,01-617,CIUDAD CAPITAL,ZONA 7,COLEGIO 'EL MUNDO ENCANTADO DE DISNEY',"8A. CALLE 28-96, KAMINAL JUYU I",,MARIA DEL ROSARIO VARGAS SANDOVAL,,BASICO,PRIVADO,URBANA,CERRADA DEFINITIVAMENTE,MONOLINGUE,MATUTINA,DIARIO(REGULAR),GUATEMALA OCCIDENTE
00-07-9183-43,01-01-0163,CIUDAD CAPITAL,ZONA 7,JARDIN INFANTIL  REAL GUATEMALA,"8A. CALLE 11-55, COLONIA QUINTA SAMAYOA",24404704,FEDERICO ESTUARDO IRUNGARAY SAMAYOA,FLOR DE MARÍA MONTERROSO DE LA CRUZ,PRIMARIA,PRIVADO,URBANA,ABIERTA,MONOLINGUE,MATUTINA,DIARIO(REGULAR),GUATEMALA OCCIDENTE
00-07-9185-42,01-01-0164,CIUDAD CAPITAL,ZONA 7,EODP ANEXA A EOU PARA NIÑAS NO.50 'INDOAMERICANA',"AVENIDA MOCTEZUMA 31-09, COLONIA BETHANIA",24383945,JUAN WALDEMAR CABRERA MÉNDEZ,SONIA ELISA GARCÍA SANTOS,PARVULOS,OFICIAL,URBANA,ABIERTA,MONOLINGUE,MATUTINA,DIARIO(REGULAR),GUATEMALA OCCIDENTE
00-07-9199-45,01-409,CIUDAD CAPITAL,ZONA 7,INSTITUTO PRIVADO MIXTO  SAN JUAN,CALZADA SAN JUAN 31-47,59515512,IDALIA DEL ROSARIO LOPEZ SANDOVAL DE PAIZ,JUAN WALDEMAR CABRERA MENDEZ,BASICO,PRIVADO,URBANA,CERRADA DEFINITIVAMENTE,MONOLINGUE,DOBLE,FIN DE SEMANA,GUATEMALA OCCIDENTE
00-07-9200-46,01-409,CIUDAD CAPITAL,ZONA 7,INSTITUTO PRIVADO MIXTO  SAN JUAN,CALZADA SAN JUAN 31-47,59515512,IDALIA DEL ROSARIO LOPEZ SANDOVAL DE PAIZ,JUAN WALDEMAR CABRERA MENDEZ,DIVERSIFICADO,PRIVADO,URBANA,CERRADA DEFINITIVAMENTE,MONOLINGUE,DOBLE,FIN DE SEMANA,GUATEMALA OCCIDENTE
00-07-9202-43,01-210,CIUDAD CAPITAL,ZONA 7,EOUM NO. 32 15 DE SEPTIEMBRE,CALZADA ROOSEVELT 7-90,,DINIZ ORALIA MORALES MUÑOZ,,PRIMARIA,OFICIAL,URBANA,CERRADA TEMPORALMENTE,MONOLINGUE,MATUTINA,DIARIO(REGULAR),GUATEMALA OCCIDENTE
00-07-9204-46,01-617,CIUDAD CAPITAL,ZONA 7,INSTITUTO PARTICULAR MIXTO  RODOLFO GALEOTTI TORRES,13 AV. 3-74 COLONIA QUINTA SAMAYOA,59532262,MARIA DEL ROSARIO VARGAS SANDOVAL,WALDEMAR ONASSIS TENORIO CORONADO,DIVERSIFICADO,PRIVADO,URBANA,CERRADA TEMPORALMENTE,MONOLINGUE,MATUTINA,DIARIO(REGULAR),GUATEMALA OCCIDENTE
00-07-9241-42,01-01-0103,CIUDAD CAPITAL,ZONA 7,COLEGIO MIXTO 'EL DESPERTAR',35 CALLE 'F' 31-94 COLONIA SAKERTI II,31880288,DORIS DARLENY DUEÑAS CARRILLO,ERIC RANFERI SANTOS MENDEZ,PARVULOS,PRIVADO,URBANA,ABIERTA,MONOLINGUE,MATUTINA,DIARIO(REGULAR),GUATEMALA OCCIDENTE
00-07-9242-43,01-01-0103,CIUDAD CAPITAL,ZONA 7,COLEGIO MIXTO 'EL DESPERTAR',35 CALLE 'F' 31-94 COLONIA SAKERTI II,31880288,DORIS DARLENY DUEÑAS CARRILLO,ERIC RANFERI SANTOS MENDEZ,PRIMARIA,PRIVADO,URBANA,ABIERTA,MONOLINGUE,MATUTINA,DIARIO(REGULAR),GUATEMALA OCCIDENTE
00-07-9257-46,01-01-0164,CIUDAD CAPITAL,ZONA 7,CENTRO EDUCATIVO TECNICO LABORAL KINAL,6A. 13-54 COLONIA LANDIVAR ZONA 7 GUATEMALA,46018773,JUAN WALDEMAR CABRERA MÉNDEZ,FRANCISCO ANTONIO MORALES RODAS,DIVERSIFICADO,PRIVADO,URBANA,ABIERTA,MONOLINGUE,VESPERTINA,DIARIO(REGULAR),GUATEMALA OCCIDENTE
00-07-9260-46,01-01-0164,CIUDAD CAPITAL,ZONA 7,INSTITUTO TECNOLOGICO EN ELECTRONICA Y DIBUJO,CALZADA SAN JUAN 31-47,24392574,JUAN WALDEMAR CABRERA MÉNDEZ,OSCAR ALFREDO HERRERA JUAREZ,DIVERSIFICADO,PRIVADO,URBANA,ABIERTA,MONOLINGUE,MATUTINA,DIARIO(REGULAR),GUATEMALA OCCIDENTE
00-07-9261-46,01-01-0164,CIUDAD CAPITAL,ZONA 7,INSTITUTO TECNOLOGICO EN ELECTRONICA Y DIBUJO,CALZADA SAN JUAN 31-47,24392574,JUAN WALDEMAR CABRERA MÉNDEZ,OSCAR ALFREDO HERRERA JUAREZ,DIVERSIFICADO,PRIVADO,URBANA,ABIERTA,MONOLINGUE,VESPERTINA,DIARIO(REGULAR),GUATEMALA OCCIDENTE
00-07-9262-45,01-623,CIUDAD CAPITAL,ZONA 7,COLEGIO BILINGUE DE COMPUTACION  C. B. C.,38 AVENIDA 4-55 COLONIA LA FLORESTA,24312167,FEDERICO ESTUARDO IRUNGARAY SAMAYOA,ANGEL OSWALDO ALVARADO SÁNCHEZ,BASICO,PRIVADO,URBANA,ABIERTA,MONOLINGUE,VESPERTINA,FIN DE SEMANA,GUATEMALA OCCIDENTE
00-07-9263-46,01-623,CIUDAD CAPITAL,ZONA 7,COLEGIO BILINGUE DE COMPUTACION  C. B. C.,38 AVENIDA 4-55 COLONIA LA FLORESTA,24312167,FEDERICO ESTUARDO IRUNGARAY SAMAYOA,DELIA RAMÍREZ FARFÁN,DIVERSIFICADO,PRIVADO,URBANA,ABIERTA,MONOLINGUE,VESPERTINA,FIN DE SEMANA,GUATEMALA OCCIDENTE
00-07-9284-43,01-01-0164,CIUDAD CAPITAL,ZONA 7,"EOUM EL ESFUERZO ""CESAR GUZMAN""","AVENIDA CLAVEL, CALLE ALAMO ASENTAMIENTO EL ESFUERZO",57239461,JUAN WALDEMAR CABRERA MÉNDEZ,GRINIS ZULEIKA BARILLAS HERNANDEZ,PRIMARIA,OFICIAL,URBANA,ABIERTA,MONOLINGUE,MATUTINA,DIARIO(REGULAR),GUATEMALA OCCIDENTE
00-07-9285-42,01-01-0164,CIUDAD CAPITAL,ZONA 7,EODP ANEXA A EOUM  EL ESFUERZO,"AVENIDA CLAVEL, CALLE ALAMO ASENTAMIENTO EL ESFUERZO",57239461,JUAN WALDEMAR CABRERA MÉNDEZ,GRINIS ZULEIKA BARILLAS HERNANDEZ,PARVULOS,OFICIAL,URBANA,ABIERTA,MONOLINGUE,MATUTINA,DIARIO(REGULAR),GUATEMALA OCCIDENTE
00-07-9298-45,01-01-0163,CIUDAD CAPITAL,ZONA 7,LICEO CRISTIANO VERDAD  L.C.V.,"13 AVENIDA 4-03, COLONIA QUINTA SAMAYOA",53149361,FEDERICO ESTUARDO IRUNGARAY SAMAYOA,MARTA AZUCENA PAZ QUIÑONEZ,BASICO,PRIVADO,URBANA,ABIERTA,MONOLINGUE,MATUTINA,DIARIO(REGULAR),GUATEMALA OCCIDENTE
00-07-9299-46,01-01-0163,CIUDAD CAPITAL,ZONA 7,"""LICEO CRISTIANO VERDAD L.C.V.","13 AVENIDA 4-03, ZONA 7, COLONIA QUINTA SAMAYOA",53149361,FEDERICO ESTUARDO IRUNGARAY SAMAYOA,MARTA AZUCENA PAZ QUIÑONEZ,DIVERSIFICADO,PRIVADO,URBANA,ABIERTA,MONOLINGUE,MATUTINA,DIARIO(REGULAR),GUATEMALA OCCIDENTE
00-07-9300-45,01-407,CIUDAD CAPITAL,ZONA 7,COLEGIO INTERAMERICANO DE INFORMATICA II,"13 AVENIDA 4-03, COLONIA QUINTA SAMAYOA",24710115,LILIAN YOLANDA RODRIGUEZ PINTO DE CASTRO,,BASICO,PRIVADO,URBANA,CERRADA TEMPORALMENTE,MONOLINGUE,DOBLE,FIN DE SEMANA,GUATEMALA OCCIDENTE
00-07-9301-46,01-407,CIUDAD CAPITAL,ZONA 7,COLEGIO INTERAMERICANO DE INFORMATICA II,"13 AVENIDA 4-03, COLONIA QUINTA SAMAYOA",24710115,LILIAN YOLANDA RODRIGUEZ PINTO DE CASTRO,,DIVERSIFICADO,PRIVADO,URBANA,CERRADA TEMPORALMENTE,MONOLINGUE,DOBLE,FIN DE SEMANA,GUATEMALA OCCIDENTE
00-07-9318-44,01-401,CIUDAD CAPITAL,ZONA 7,COLEGIO MESOAMERICANO,6A CALLE A 10-38 COLONIA QUINTA SAMAYOA,24718515,IXMUCANE ALDANA VILLAVICENCIO,DELIA DEL CARMEN MARTÍNEZ POSADAS,PRIMARIA DE ADULTOS,PRIVADO,URBANA,CERRADA TEMPORALMENTE,MONOLINGUE,DOBLE,FIN DE SEMANA,GUATEMALA OCCIDENTE
00-07-9319-45,01-409,CIUDAD CAPITAL,ZONA 7,COLEGIO MESOAMERICANO,6A CALLE A 10-38 COLONIA QUINTA SAMAYOA,24718515,IDALIA DEL ROSARIO LOPEZ SANDOVAL DE PAIZ,DELIA DEL CARMEN MARTÍNEZ POSADAS,BASICO,PRIVADO,URBANA,CERRADA TEMPORALMENTE,MONOLINGUE,DOBLE,FIN DE SEMANA,GUATEMALA OCCIDENTE
00-07-9332-45,01-619,CIUDAD CAPITAL,ZONA 7,LICEO DE CIENCIA Y TECNOLOGIA,"CALZADA SAN JUAN 37-78, COLONIA EL RODEO","24321644, 24331993",JUAN WALDEMAR CABRERA MENDEZ,,BASICO,PRIVADO,URBANA,CERRADA TEMPORALMENTE,MONOLINGUE,VESPERTINA,DIARIO(REGULAR),GUATEMALA OCCIDENTE
00-07-9339-45,01-617,CIUDAD CAPITAL,ZONA 7,COLEGIO GUATEMALTECO DE INFORMATICA,"31 CALLE 12-67, COLONIA BETHANIA ZONA 7",24319830,MARIA DEL ROSARIO VARGAS SANDOVAL,ZOILA MARITZA NORIEGA MÉNDEZ,BASICO,PRIVADO,URBANA,CERRADA DEFINITIVAMENTE,MONOLINGUE,MATUTINA,DIARIO(REGULAR),GUATEMALA OCCIDENTE
00-07-9340-45,01-409,CIUDAD CAPITAL,ZONA 7,COLEGIO GUATEMALTECO DE INFORMATICA,"31 CALLE 12-67ZONA 7, COLONIA BETHANIA.",24319830,IDALIA DEL ROSARIO LOPEZ SANDOVAL DE PAIZ,ZOILA MARITZA NORIEGA MÉNDEZ,BASICO,PRIVADO,URBANA,ABIERTA,MONOLINGUE,DOBLE,FIN DE SEMANA,GUATEMALA OCCIDENTE
00-07-9341-46,01-617,CIUDAD CAPITAL,ZONA 7,COLEGIO GUATEMALTECO DE INFORMATICA,31 CALLE 12-67 COLONIA BETHANIA ZONA 7,24319830,MARIA DEL ROSARIO VARGAS SANDOVAL,ZOILA MARITZA NORIEGA MÉNDEZ,DIVERSIFICADO,PRIVADO,URBANA,CERRADA DEFINITIVAMENTE,MONOLINGUE,MATUTINA,DIARIO(REGULAR),GUATEMALA OCCIDENTE
00-07-9342-46,01-409,CIUDAD CAPITAL,ZONA 7,COLEGIO GUATEMALTECO DE INFORMATICA,"31 CALLE 12-67, COLONIA BETHANIA ZONA 7",24319830,IDALIA DEL ROSARIO LOPEZ SANDOVAL DE PAIZ,ZOILA MARITZA NORIEGA MÉNDEZ,DIVERSIFICADO,PRIVADO,URBANA,ABIERTA,MONOLINGUE,DOBLE,FIN DE SEMANA,GUATEMALA OCCIDENTE
00-07-9352-45,01-01-0163,CIUDAD CAPITAL,ZONA 7,LICEO MIXTO  OBED,"2A. CALLE  A  8-26, COLONIA QUINTA SAMAYOA",24712246,FEDERICO ESTUARDO IRUNGARAY SAMAYOA,SERGIA JOSEFINA SALAY ALVAREZ,BASICO,PRIVADO,URBANA,ABIERTA,MONOLINGUE,MATUTINA,DIARIO(REGULAR),GUATEMALA OCCIDENTE
00-07-9358-45,01-01-0164,CIUDAD CAPITAL,ZONA 7,CENTRO EDUCATIVO TECNICO LABORAL KINAL,6A. AVE. 13-54 COLONIA LANDIVAR,46018773,JUAN WALDEMAR CABRERA MÉNDEZ,FRANCISCO ANTONIO MORALES RODAS,BASICO,PRIVADO,URBANA,ABIERTA,MONOLINGUE,MATUTINA,DIARIO(REGULAR),GUATEMALA OCCIDENTE
00-07-9365-42,01-617,CIUDAD CAPITAL,ZONA 7,CENTRO EDUCATIVO BETHANIA,12AV. 26-04 B COLONIA BETHANIA,24352904,MARIA DEL ROSARIO VARGAS SANDOVAL,,PARVULOS,PRIVADO,URBANA,CERRADA DEFINITIVAMENTE,MONOLINGUE,MATUTINA,DIARIO(REGULAR),GUATEMALA OCCIDENTE
00-07-9366-43,01-617,CIUDAD CAPITAL,ZONA 7,CENTRO EDUCATIVO BETHANIA,12AV. 26-04 B COLONIA BETHANIA,24352904,MARIA DEL ROSARIO VARGAS SANDOVAL,,PRIMARIA,PRIVADO,URBANA,CERRADA DEFINITIVAMENTE,MONOLINGUE,MATUTINA,DIARIO(REGULAR),GUATEMALA OCCIDENTE
00-07-9370-42,01-619,CIUDAD CAPITAL,ZONA 7,COLEGIO CRECIENDO JUNTOS,"34 AVENIDA 'A' 7-91, COLONIA TIKAL II","24331493, 52063562",JUAN WALDEMAR CABRERA MENDEZ,,PARVULOS,PRIVADO,URBANA,CERRADA TEMPORALMENTE,MONOLINGUE,MATUTINA,DIARIO(REGULAR),GUATEMALA OCCIDENTE
00-07-9393-45,01-01-0164,CIUDAD CAPITAL,ZONA 7,INSTITUTO TECNOLOGICO EN ELECTRONICA Y DIBUJO,CALZADA SAN JUAN 31-47,24392574,JUAN WALDEMAR CABRERA MÉNDEZ,OSCAR ALFREDO HERRERA JUAREZ,BASICO,PRIVADO,URBANA,ABIERTA,MONOLINGUE,MATUTINA,DIARIO(REGULAR),GUATEMALA OCCIDENTE
00-07-9396-42,01-619,CIUDAD CAPITAL,ZONA 7,COLEGIO MIXTO EN COMPUTACION ROTTWELL,37 AV. 3-38 ZONA 7 COLONIA EL RODEO,6659-0238,JUAN WALDEMAR CABRERA MENDEZ,,PARVULOS,PRIVADO,URBANA,CERRADA TEMPORALMENTE,MONOLINGUE,MATUTINA,DIARIO(REGULAR),GUATEMALA OCCIDENTE
00-07-9397-43,01-619,CIUDAD CAPITAL,ZONA 7,COLEGIO MIXTO EN COMPUTACION ROTTWELL,37 AV. 3-38 ZONA 7 COLONIA EL RODEO,6659-0238,JUAN WALDEMAR CABRERA MENDEZ,,PRIMARIA,PRIVADO,URBANA,CERRADA TEMPORALMENTE,MONOLINGUE,MATUTINA,DIARIO(REGULAR),GUATEMALA OCCIDENTE
00-07-9401-45,01-99-0095,CIUDAD CAPITAL,ZONA 7,INSTITUTO PRIVADO MIXTO SAN JUAN,CALZADA SAN JUAN 31-47,24316649,MARCELINO ARNULFO DE LEÓN MEJÍA,JUAN WALDEMAR CABRERA MENDEZ,BASICO,PRIVADO,URBANA,ABIERTA,MONOLINGUE,DOBLE,FIN DE SEMANA,GUATEMALA OCCIDENTE
00-07-9402-46,01-99-0095,CIUDAD CAPITAL,ZONA 7,"INSTITUTO PRIVADO MIXTO ""SAN JUAN""",CALZADA SAN JUAN 31-47,59515512,MARCELINO ARNULFO DE LEÓN MEJÍA,JUAN WALDEMAR CABRERA MENDEZ,DIVERSIFICADO,PRIVADO,URBANA,ABIERTA,MONOLINGUE,DOBLE,FIN DE SEMANA,GUATEMALA OCCIDENTE
00-07-9405-45,01-99-0095,CIUDAD CAPITAL,ZONA 7,LICEO DE COMPUTACION C.S.S ZONA 7,CALZADA SAN JUAN 38-83 COLONIA EL RODEO,24314311,MARCELINO ARNULFO DE LEÓN MEJÍA,SANDRA PATRICIA RAXÓN MAX,BASICO,PRIVADO,URBANA,ABIERTA,MONOLINGUE,DOBLE,FIN DE SEMANA,GUATEMALA OCCIDENTE
00-07-9406-46,01-99-0095,CIUDAD CAPITAL,ZONA 7,LICEO DE COMPUTACIÓN C.S.S ZONA 7,CALZADA SAN JUAN 38-83 COLONIA EL RODEO,24314311,MARCELINO ARNULFO DE LEÓN MEJÍA,SANDRA PATRICIA RAXÓN MAX,DIVERSIFICADO,PRIVADO,URBANA,ABIERTA,MONOLINGUE,DOBLE,FIN DE SEMANA,GUATEMALA OCCIDENTE
00-07-9422-42,01-01-0163,CIUDAD CAPITAL,ZONA 7,EODP,6A. AVENIDA 4-54,35768169,FEDERICO ESTUARDO IRUNGARAY SAMAYOA,JENNIFFER FABIOLA LIMA QUICH,PARVULOS,OFICIAL,URBANA,ABIERTA,MONOLINGUE,DOBLE,DIARIO(REGULAR),GUATEMALA OCCIDENTE
00-07-9426-42,01-623,CIUDAD CAPITAL,ZONA 7,CENTRO EDUCATIVO TECNICO EN COMPUTACION II (CETEC),"9A. CALLE 8-67, COLONIA QUINTA SAMAYOA",24734801,FEDERICO ESTUARDO IRUNGARAY SAMAYOA,,PARVULOS,PRIVADO,URBANA,CERRADA TEMPORALMENTE,MONOLINGUE,MATUTINA,DIARIO(REGULAR),GUATEMALA OCCIDENTE
00-07-9427-43,01-623,CIUDAD CAPITAL,ZONA 7,CENTRO EDUCATIVO TECNICO EN COMPUTACION II (CETEC),"9A. CALLE 8-97, COLONIA QUINTA SAMAYOA",24734801,FEDERICO ESTUARDO IRUNGARAY SAMAYOA,,PRIMARIA,PRIVADO,URBANA,CERRADA TEMPORALMENTE,MONOLINGUE,MATUTINA,DIARIO(REGULAR),GUATEMALA OCCIDENTE
00-07-9428-45,01-623,CIUDAD CAPITAL,ZONA 7,CENTRO EDUCATIVO TECNICO EN COMPUTACION II (CETEC),"9A. CALLE 8-67, COLONIA QUINTA SAMAYOA",,FEDERICO ESTUARDO IRUNGARAY SAMAYOA,,BASICO,PRIVADO,URBANA,CERRADA TEMPORALMENTE,MONOLINGUE,MATUTINA,DIARIO(REGULAR),GUATEMALA OCCIDENTE
00-07-9429-46,01-623,CIUDAD CAPITAL,ZONA 7,CENTRO EDUCATIVO TECNICO EN COMPUTACION II (CETEC),"9A. CALLE 8-67, COLONIA QUINTA SAMAYOA",,FEDERICO ESTUARDO IRUNGARAY SAMAYOA,MARIO  GONZÁLEZ  ARREAGA,DIVERSIFICADO,PRIVADO,URBANA,CERRADA TEMPORALMENTE,MONOLINGUE,MATUTINA,DIARIO(REGULAR),GUATEMALA OCCIDENTE
00-07-9431-43,01-619,CIUDAD CAPITAL,ZONA 7,CENTRO EDUCACIONAL DE GUATEMALA,"13 CALLE 30-70, CIUDAD DE PLATA I",24739516,JUAN WALDEMAR CABRERA MENDEZ,,PRIMARIA,PRIVADO,URBANA,CERRADA TEMPORALMENTE,MONOLINGUE,MATUTINA,DIARIO(REGULAR),GUATEMALA OCCIDENTE
00-07-9440-42,01-01-0106,CIUDAD CAPITAL,ZONA 7,COLEGIO SUBLIME GRACIA,8A. CALLE 28-96 COLONIA KAMINAL JUYU I,56074104,MARÍA DEL ROSARIO VARGAS SANDOVAL,LESBIA NINETTE GÁLVEZ HERNÁNDEZ,PARVULOS,PRIVADO,URBANA,ABIERTA,MONOLINGUE,MATUTINA,DIARIO(REGULAR),GUATEMALA OCCIDENTE
00-07-9441-43,01-01-0106,CIUDAD CAPITAL,ZONA 7,COLEGIO SUBLIME GRACIA,8A. CALLE 28-96 COLONIA KAMINAL JUYU I,56074104,MARÍA DEL ROSARIO VARGAS SANDOVAL,LESBIA NINETTE GÁLVEZ HERNÁNDEZ,PRIMARIA,PRIVADO,URBANA,ABIERTA,MONOLINGUE,MATUTINA,DIARIO(REGULAR),GUATEMALA OCCIDENTE
00-07-9442-45,01-01-0106,CIUDAD CAPITAL,ZONA 7,COLEGIO SUBLIME GRACIA,8A. CALLE 28-96 COLONIA KAMINAL JUYU I,56074104,MARÍA DEL ROSARIO VARGAS SANDOVAL,ZOILA ARGENTINA CONDE OSORIO,BASICO,PRIVADO,URBANA,ABIERTA,MONOLINGUE,MATUTINA,DIARIO(REGULAR),GUATEMALA OCCIDENTE
00-07-9459-46,01-619,CIUDAD CAPITAL,ZONA 7,LICEO MIXTO BILINGUE 'MILENIO AMERICANO',38 AV. 5-00 COLONIA LA FLORESTA,24374912,JUAN WALDEMAR CABRERA MENDEZ,,DIVERSIFICADO,PRIVADO,URBANA,CERRADA TEMPORALMENTE,MONOLINGUE,MATUTINA,DIARIO(REGULAR),GUATEMALA OCCIDENTE
00-07-9460-45,01-401,CIUDAD CAPITAL,ZONA 7,LICEO MIXTO BILINGUE MILENIO AMERICANO,38 AV. 5-00 COLONIA LA FLORESTA,24374912,IXMUCANE ALDANA VILLAVICENCIO,ENMA DEONICIA CULAJAY COTOL,BASICO,PRIVADO,URBANA,CERRADA DEFINITIVAMENTE,MONOLINGUE,MATUTINA,DIARIO(REGULAR),GUATEMALA OCCIDENTE
00-07-9461-43,01-401,CIUDAD CAPITAL,ZONA 7,LICEO MIXTO BILINGUE MILENIO AMERICANO,"3A. CALLE   5-37  ZONA 3, COLONIA  NUEVA  MONTSERRAT",24374912,IXMUCANE ALDANA VILLAVICENCIO,ENMA DEONICIA CULAJAY COTOL,PRIMARIA,PRIVADO,URBANA,CERRADA DEFINITIVAMENTE,MONOLINGUE,MATUTINA,DIARIO(REGULAR),GUATEMALA OCCIDENTE
00-07-9462-42,01-401,CIUDAD CAPITAL,ZONA 7,LICEO MIXTO BILINGUE MILENIO AMERICANO,38 AV. 5-00 COLONIA LA FLORESTA,24333618,IXMUCANE ALDANA VILLAVICENCIO,ENMA DEONICIA CULAJAY COTOL,PARVULOS,PRIVADO,URBANA,CERRADA DEFINITIVAMENTE,MONOLINGUE,MATUTINA,DIARIO(REGULAR),GUATEMALA OCCIDENTE
00-07-9489-45,01-618,CIUDAD CAPITAL,ZONA 7,NUCLEO FAMILIAR EDUCATIVO PARA EL DESARROLLO NUFED,LOTE 613 MANZANA 1 COMUNIDAD EL ESFUERZO,,ROSA  GEORGINA RIOS CASTILLO,,BASICO,OFICIAL,URBANA,CERRADA DEFINITIVAMENTE,MONOLINGUE,DOBLE,DIARIO(REGULAR),GUATEMALA OCCIDENTE
00-07-9533-43,01-617,CIUDAD CAPITAL,ZONA 7,COLEGIO DIDACTICO,13 CALLE  A  29-66 CIUDAD DE PLATA I,24746893,MARIA DEL ROSARIO VARGAS SANDOVAL,ADELINA  ROSALES ARRIOLA,PRIMARIA,PRIVADO,URBANA,CERRADA TEMPORALMENTE,MONOLINGUE,MATUTINA,DIARIO(REGULAR),GUATEMALA OCCIDENTE
00-07-9539-46,01-617,CIUDAD CAPITAL,ZONA 7,COLEGIO MESOAMERICANO,6A CALLE A 10-38 COLONIA QUINTA SAMAYOA,24718515,MARIA DEL ROSARIO VARGAS SANDOVAL,DELIA DEL CARMEN MARTÍNEZ POSADAS,DIVERSIFICADO,PRIVADO,URBANA,CERRADA TEMPORALMENTE,MONOLINGUE,DOBLE,DIARIO(REGULAR),GUATEMALA OCCIDENTE
00-07-9540-42,01-617,CIUDAD CAPITAL,ZONA 7,LICEO CRISTIANO DE FORMACION EMPRESARIAL,CALZADA SAN JUAN 32-83,,MARIA DEL ROSARIO VARGAS SANDOVAL,,PARVULOS,PRIVADO,URBANA,CERRADA TEMPORALMENTE,MONOLINGUE,MATUTINA,DIARIO(REGULAR),GUATEMALA OCCIDENTE
00-07-9541-43,01-617,CIUDAD CAPITAL,ZONA 7,LICEO CRISTIANO DE FORMACION EMPRESARIAL,CALZADA SAN JUAN 32-83,,MARIA DEL ROSARIO VARGAS SANDOVAL,,PRIMARIA,PRIVADO,URBANA,CERRADA DEFINITIVAMENTE,MONOLINGUE,MATUTINA,DIARIO(REGULAR),GUATEMALA OCCIDENTE
00-07-9542-45,01-01-0106,CIUDAD CAPITAL,ZONA 7,LICEO CRISTIANO DE FORMACION EMPRESARIAL,CALZADA SAN JUAN 32-83,24339685,MARÍA DEL ROSARIO VARGAS SANDOVAL,LICDA. LILIA ADRIANA LEMUS GALÁN,BASICO,PRIVADO,URBANA,ABIERTA,MONOLINGUE,MATUTINA,DIARIO(REGULAR),GUATEMALA OCCIDENTE
00-07-9543-46,01-01-0106,CIUDAD CAPITAL,ZONA 7,LICEO CRISTIANO DE FORMACIÓN EMPRESARIAL,CALZADA SAN JUAN 32-83,24339685,MARÍA DEL ROSARIO VARGAS SANDOVAL,LICDA. LILIA ADRIANA LEMUS GALÁN,DIVERSIFICADO,PRIVADO,URBANA,ABIERTA,MONOLINGUE,MATUTINA,DIARIO(REGULAR),GUATEMALA OCCIDENTE
00-07-9545-46,01-409,CIUDAD CAPITAL,ZONA 7,LICEO DE CIENCIA Y TECNOLOGIA,CALZADA SAN JUAN 37-78 COLONIA EL RODEO,24321644,IDALIA DEL ROSARIO LOPEZ SANDOVAL DE PAIZ,VILMA ISABEL OROZCO LÓPEZ,DIVERSIFICADO,PRIVADO,URBANA,CERRADA DEFINITIVAMENTE,MONOLINGUE,DOBLE,FIN DE SEMANA,GUATEMALA OCCIDENTE
00-07-9546-45,01-406,CIUDAD CAPITAL,ZONA 7,LICEO CRISTIANO DE FORMAACION EMPRESARIAL,CALZADA SAN JUAN 32-83 ZONA 7,24339685,MIGUEL ALVARO RODRIGUEZ PORTILLO,,BASICO,PRIVADO,URBANA,CERRADA TEMPORALMENTE,MONOLINGUE,DOBLE,FIN DE SEMANA,GUATEMALA OCCIDENTE
00-07-9547-46,01-406,CIUDAD CAPITAL,ZONA 7,LICEO CRISTIANO DE FORMACION EMPRESARIAL,CALZADA SAN JUAN 32-83 ZONA 7,24339685,MIGUEL ALVARO RODRIGUEZ PORTILLO,,DIVERSIFICADO,PRIVADO,URBANA,CERRADA TEMPORALMENTE,MONOLINGUE,DOBLE,FIN DE SEMANA,GUATEMALA OCCIDENTE
00-07-9549-42,01-01-0164,CIUDAD CAPITAL,ZONA 7,COLEGIO MUNDO DE APRENDIZAJE Y DIVERSION,31   AVENIDA   9-59   ZONA   7   COLONIA  CENTRO  AMERICA,24394117,JUAN WALDEMAR CABRERA MÉNDEZ,KARIN MARÍA NAJERA QUINTEROS,PARVULOS,PRIVADO,URBANA,ABIERTA,MONOLINGUE,MATUTINA,DIARIO(REGULAR),GUATEMALA OCCIDENTE
00-07-9601-42,01-619,CIUDAD CAPITAL,ZONA 7,COLEGIO PEDAGOGICO CENTRO AMERICA,31 AVENIDA 5-23 COLONIA CENTRO AMERICA,24394421,JUAN WALDEMAR CABRERA MENDEZ,,PARVULOS,PRIVADO,URBANA,CERRADA TEMPORALMENTE,MONOLINGUE,MATUTINA,DIARIO(REGULAR),GUATEMALA OCCIDENTE
00-07-9602-43,01-619,CIUDAD CAPITAL,ZONA 7,COLEGIO PEDAGOGICO CENTRO AMERICA,31 AVENIDA 5-23 COLONIA CENTRO AMERICA,24394421,JUAN WALDEMAR CABRERA MENDEZ,,PRIMARIA,PRIVADO,URBANA,CERRADA TEMPORALMENTE,MONOLINGUE,MATUTINA,DIARIO(REGULAR),GUATEMALA OCCIDENTE
00-07-9610-44,01-99-0095,CIUDAD CAPITAL,ZONA 7,INSTITUTO PRIVADO MIXTO  SAN JUAN,CALZADA SAN JUAN 31-47,24316649,MARCELINO ARNULFO DE LEÓN MEJÍA,JUAN WALDEMAR CABRERA MENDEZ,PRIMARIA DE ADULTOS,PRIVADO,URBANA,ABIERTA,MONOLINGUE,DOBLE,FIN DE SEMANA,GUATEMALA OCCIDENTE
00-07-9617-46,01-617,CIUDAD CAPITAL,ZONA 7,LICEO CRISTIANO CAMINO DEL SABER,CALZADA SAN JUAN 31-27,,MARIA DEL ROSARIO VARGAS SANDOVAL,,DIVERSIFICADO,PRIVADO,URBANA,CERRADA TEMPORALMENTE,MONOLINGUE,MATUTINA,DIARIO(REGULAR),GUATEMALA OCCIDENTE
00-07-9664-46,01-407,CIUDAD CAPITAL,ZONA 7,INSTITUTO MIXTO PRIVADO 'EL MAESTRO AMIGO',CALZADA ROOSEVELT 2-34,24751244,LILIAN YOLANDA RODRIGUEZ PINTO DE CASTRO,,DIVERSIFICADO,PRIVADO,URBANA,CERRADA DEFINITIVAMENTE,MONOLINGUE,VESPERTINA,SABATINO,GUATEMALA OCCIDENTE
00-07-9675-45,01-407,CIUDAD CAPITAL,ZONA 7,COLEGIO PROYECTO EDUCATIVO FUTURISTA,4A. AVENIDA 1-86 COLONIA BELEN,"24314989, 24310955",LILIAN YOLANDA RODRIGUEZ PINTO DE CASTRO,,BASICO,PRIVADO,URBANA,CERRADA DEFINITIVAMENTE,MONOLINGUE,DOBLE,FIN DE SEMANA,GUATEMALA OCCIDENTE
00-07-9676-45,01-407,CIUDAD CAPITAL,ZONA 7,COLEGIO PROYECTO EDUCATIVO FUTURISTA,4A. AVENIDA 1-86 COLONIA BELEN,"24314989, 24310955",LILIAN YOLANDA RODRIGUEZ PINTO DE CASTRO,,BASICO,PRIVADO,URBANA,CERRADA TEMPORALMENTE,MONOLINGUE,DOBLE,FIN DE SEMANA,GUATEMALA OCCIDENTE
00-07-9677-46,01-407,CIUDAD CAPITAL,ZONA 7,COLEGIO PROYECTO EDUCATIVO FUTURISTA,4A. AVENIDA 1-86 COLONIA BELEN,"24314989, 24310955",LILIAN YOLANDA RODRIGUEZ PINTO DE CASTRO,,DIVERSIFICADO,PRIVADO,URBANA,CERRADA DEFINITIVAMENTE,MONOLINGUE,DOBLE,FIN DE SEMANA,GUATEMALA OCCIDENTE
00-07-9678-46,01-407,CIUDAD CAPITAL,ZONA 7,COLEGIO PROYECTO EDUCATIVO FUTURISTA,4A. AVENIDA 1-86 COLONIA BELEN,"24314989, 24310955",LILIAN YOLANDA RODRIGUEZ PINTO DE CASTRO,,DIVERSIFICADO,PRIVADO,URBANA,CERRADA DEFINITIVAMENTE,MONOLINGUE,DOBLE,FIN DE SEMANA,GUATEMALA OCCIDENTE
00-07-9746-45,01-409,CIUDAD CAPITAL,ZONA 7,COLEGIO PANAMERICANO NO. 4,37 AVENIDA 3-88 ZONA 7 GUATEMALA,24374265,IDALIA DEL ROSARIO LOPEZ SANDOVAL DE PAIZ,SONIA LETICIA MACHUCA RODRIGUEZ,BASICO,PRIVADO,URBANA,CERRADA TEMPORALMENTE,MONOLINGUE,DOBLE,FIN DE SEMANA,GUATEMALA OCCIDENTE
00-07-9747-45,01-409,CIUDAD CAPITAL,ZONA 7,COLEGIO PANAMERICANO NO. 4,37 AVENIDA 3-88 ZONA 7 GUATEMALA,24374265,IDALIA DEL ROSARIO LOPEZ SANDOVAL DE PAIZ,SONIA LETICIA MACHUCA RODRIGUEZ,BASICO,PRIVADO,URBANA,CERRADA DEFINITIVAMENTE,MONOLINGUE,DOBLE,FIN DE SEMANA,GUATEMALA OCCIDENTE
00-07-9748-46,01-409,CIUDAD CAPITAL,ZONA 7,COLEGIO PANAMERICANO NO. 4,37 AVENIDA 3-88 ZONA 7 GUATEMALA,24374265,IDALIA DEL ROSARIO LOPEZ SANDOVAL DE PAIZ,SONIA LETICIA MACHUCA RODRIGUEZ,DIVERSIFICADO,PRIVADO,URBANA,CERRADA TEMPORALMENTE,MONOLINGUE,DOBLE,FIN DE SEMANA,GUATEMALA OCCIDENTE
00-07-9749-46,01-409,CIUDAD CAPITAL,ZONA 7,COLEGIO PANAMERICANO NO. 4,37 AVENIDA 3-88 ZONA 7 GUATEMALA,24374265,IDALIA DEL ROSARIO LOPEZ SANDOVAL DE PAIZ,SONIA LETICIA MACHUCA RODRIGUEZ,DIVERSIFICADO,PRIVADO,URBANA,CERRADA DEFINITIVAMENTE,MONOLINGUE,DOBLE,FIN DE SEMANA,GUATEMALA OCCIDENTE
00-07-9772-42,01-01-0103,CIUDAD CAPITAL,ZONA 7,COLEGIO UNA VIDA FELIZ,13 AVENIDA 33-56 COLONIA BETHANIA BANVI I ALIDA DE ARANA,24318625,DORIS DARLENY DUEÑAS CARRILLO,MARIA EUGENIA ROSALES MUÑOZ,PARVULOS,PRIVADO,URBANA,ABIERTA,MONOLINGUE,MATUTINA,DIARIO(REGULAR),GUATEMALA OCCIDENTE
00-07-9776-44,01-407,CIUDAD CAPITAL,ZONA 7,COLEGIO PROYECTO EDUCATIVO FUTURISTA,4A. AVENIDA 1-86 COLONIA BELEN,24314989-24310955,LILIAN YOLANDA RODRIGUEZ PINTO DE CASTRO,,PRIMARIA DE ADULTOS,PRIVADO,URBANA,CERRADA DEFINITIVAMENTE,MONOLINGUE,DOBLE,FIN DE SEMANA,GUATEMALA OCCIDENTE
00-07-9785-46,01-01-0164,CIUDAD CAPITAL,ZONA 7,INSTITUTO TECNOLOGICO EN ELECTRONICA Y DIBUJO,CALZADA SAN JUAN 31-47,24392574,JUAN WALDEMAR CABRERA MÉNDEZ,OSCAR ALFREDO HERRERA JUAREZ,DIVERSIFICADO,PRIVADO,URBANA,ABIERTA,MONOLINGUE,DOBLE,DIARIO(REGULAR),GUATEMALA OCCIDENTE
00-07-9826-42,01-01-0164,CIUDAD CAPITAL,ZONA 7,EODP ANEXA A EOUM NO. 53 'DAVID VELA',"31 AVENIDA  C  5-56, COLONIA CENTRO AMERICA",57122144,JUAN WALDEMAR CABRERA MÉNDEZ,GLADYS ANABELLA FERNÁNDEZ,PARVULOS,OFICIAL,URBANA,ABIERTA,MONOLINGUE,VESPERTINA,DIARIO(REGULAR),GUATEMALA OCCIDENTE
00-08-0001-42,01-304,CIUDAD CAPITAL,ZONA 8,COLEGIO EVANGÉLICO EMANUEL LA COLINA,9A. AVENIDA 39-43,52808689,AMADO SALOMON FLORES PEREZ,MARÍA DEL PILAR HERNÁNDEZ CASTAÑEDA,PARVULOS,PRIVADO,URBANA,CERRADA DEFINITIVAMENTE,MONOLINGUE,MATUTINA,DIARIO(REGULAR),GUATEMALA OCCIDENTE
00-08-0002-43,01-104,CIUDAD CAPITAL,ZONA 8,"CENTRO ""EDUCATIVO ""ARTE Y TECNOLOGIA""",LOTE 927 MANZANA 8 COLONIA MAYA,22604152,ISRAEL PORTILLO HERNANDEZ,GUADALUPE MARIN VELARDE DE MORALES,PRIMARIA,PRIVADO,URBANA,CERRADA DEFINITIVAMENTE,MONOLINGUE,MATUTINA,DIARIO(REGULAR),GUATEMALA OCCIDENTE
00-08-0003-42,01-01-0074,CIUDAD CAPITAL,ZONA 8,EODP ANEXA A EOUM NO. 48 PEDRO PABLO VALDES,40 CALLE B 11-65,22300162,WEBSTER RUBELIO ROSALES CAMPBELL,SILVIA  ALONZO RAMÍREZ,PARVULOS,OFICIAL,URBANA,ABIERTA,MONOLINGUE,VESPERTINA,DIARIO(REGULAR),GUATEMALA OCCIDENTE
00-08-0004-42,01-01-0074,CIUDAD CAPITAL,ZONA 8,"EODP ANEXA ESCUELA NACIONAL PARA VARONES NO. 11 ""JOSE CLEMENTE CHAVARRIA""","40 CALLE  ""B""  11-65  ZONA 8",55133527,WEBSTER RUBELIO ROSALES CAMPBELL,ELMA BERNARDA GONZALEZ DE LEÓN,PARVULOS,OFICIAL,URBANA,ABIERTA,MONOLINGUE,MATUTINA,DIARIO(REGULAR),GUATEMALA OCCIDENTE
00-08-0005-42,01-620,CIUDAD CAPITAL,ZONA 8,COLEGIO JAHAZIEL,"13 AVENIDA 38-24, CALZADA ATANASIO TZUL",55806508,RONALD MAURICIO MORALES VIVAR,MARLENI CARLOTA MARTÍNEZ ECHEVERRÍA,PARVULOS,PRIVADO,URBANA,CERRADA DEFINITIVAMENTE,MONOLINGUE,MATUTINA,DIARIO(REGULAR),GUATEMALA OCCIDENTE
00-08-0006-42,01-01-0074,CIUDAD CAPITAL,ZONA 8,"ESCUELA NACIONAL DE PÁRVULOS NO. 28 ""JARDÍN INFANTIL CENTROAMERICANO""",40 CALLE  B 11-65  ZONA 8,58242277,WEBSTER RUBELIO ROSALES CAMPBELL,KARIN SUSANA OCHAITA DE LEÓN,PARVULOS,OFICIAL,URBANA,ABIERTA,MONOLINGUE,MATUTINA,DIARIO(REGULAR),GUATEMALA OCCIDENTE
00-08-0007-44,01-620,CIUDAD CAPITAL,ZONA 8,COLEGIO EVANGÉLICO MIXTO EL CALVARIO,33 CALLE 2-26,22468090,RONALD MAURICIO MORALES VIVAR,BRENDA MILITZA CASTILLO MENÉNDEZ,PRIMARIA DE ADULTOS,PRIVADO,URBANA,ABIERTA,MONOLINGUE,DOBLE,FIN DE SEMANA,GUATEMALA OCCIDENTE
00-08-0008-45,01-620,CIUDAD CAPITAL,ZONA 8,COLEGIO EVANGÉLICO MIXTO EL CALVARIO,33 CALLE 2-26,22468090,RONALD MAURICIO MORALES VIVAR,ADRIANA ISABEL SIGNOR DE LEÓN,BASICO,PRIVADO,URBANA,CERRADA DEFINITIVAMENTE,MONOLINGUE,DOBLE,FIN DE SEMANA,GUATEMALA OCCIDENTE
00-08-0009-46,01-620,CIUDAD CAPITAL,ZONA 8,COLEGIO EVANGÉLICO MIXTO EL CALVARIO,33 CALLE 2-26,22468090,RONALD MAURICIO MORALES VIVAR,ADRIANA ISABEL SIGNOR DE LEÓN,DIVERSIFICADO,PRIVADO,URBANA,CERRADA DEFINITIVAMENTE,MONOLINGUE,DOBLE,FIN DE SEMANA,GUATEMALA OCCIDENTE
00-08-0010-45,01-01-0074,CIUDAD CAPITAL,ZONA 8,COLEGIO EVANGÉLICO MIXTO EL CALVARIO,32 CALLE 2-26 ZONA 8,22468090,WEBSTER RUBELIO ROSALES CAMPBELL,LEDA VANESSA PÉREZ EZETA,BASICO,PRIVADO,URBANA,ABIERTA,MONOLINGUE,SIN JORNADA,SEMIPRESENCIAL (UN DÍA A LA SEMANA),GUATEMALA OCCIDENTE
00-08-0011-46,01-01-0074,CIUDAD CAPITAL,ZONA 8,COLEGIO EVANGÉLICO MIXTO EL CALVARIO,32 CALLE 2-26 ZONA 8,22468090,WEBSTER RUBELIO ROSALES CAMPBELL,LEDA VANESSA PÉREZ EZETA,DIVERSIFICADO,PRIVADO,URBANA,ABIERTA,MONOLINGUE,SIN JORNADA,SEMIPRESENCIAL (UN DÍA A LA SEMANA),GUATEMALA OCCIDENTE
00-08-0661-42,,CIUDAD CAPITAL,ZONA 8,EODP 'JARDIN INFANTIL CENTROAMERICANO',29 CALLE 'B' 0-67,,,,PARVULOS,OFICIAL,URBANA,CERRADA DEFINITIVAMENTE,MONOLINGUE,MATUTINA,DIARIO(REGULAR),GUATEMALA OCCIDENTE
00-08-0662-42,,CIUDAD CAPITAL,ZONA 8,EODP NO.52,31 CALLE 'A' 1-03,,,,PARVULOS,OFICIAL,URBANA,CERRADA DEFINITIVAMENTE,MONOLINGUE,MATUTINA,DIARIO(REGULAR),GUATEMALA OCCIDENTE
00-08-0664-42,,CIUDAD CAPITAL,ZONA 8,EPDP ANEXA A COLEGIO EVANGELICO 'MIGUEL SERVET',28 CALLE 'A' 1-61,,,,PARVULOS,PRIVADO,URBANA,CERRADA DEFINITIVAMENTE,MONOLINGUE,MATUTINA,DIARIO(REGULAR),GUATEMALA OCCIDENTE
00-08-0665-42,01-01-0074,CIUDAD CAPITAL,ZONA 8,ANEXA A COLEGIO EVANGELICO MIXTO  EL CALVARIO,33 CALLE 2-26,43673696,WEBSTER RUBELIO ROSALES CAMPBELL,BRENDA MILITZA CASTILLO MENÉNDEZ,PARVULOS,PRIVADO,URBANA,ABIERTA,MONOLINGUE,MATUTINA,DIARIO(REGULAR),GUATEMALA OCCIDENTE
00-08-0666-43,01-01-0074,CIUDAD CAPITAL,ZONA 8,EOUM NO.48  PEDRO PABLO VALDES,40 CALLE  B  11-65,22300162,WEBSTER RUBELIO ROSALES CAMPBELL,SILVIA  ALONZO RAMÍREZ,PRIMARIA,OFICIAL,URBANA,ABIERTA,MONOLINGUE,VESPERTINA,DIARIO(REGULAR),GUATEMALA OCCIDENTE
00-08-0667-43,01-01-0074,CIUDAD CAPITAL,ZONA 8,EOUV NO.11  JOSE CLEMENTE CHAVARRIA,"40  CALLE  ""B""  11-65  ZONA  8",55133527,WEBSTER RUBELIO ROSALES CAMPBELL,ELMA BERNARDA GONZALEZ DE LEÓN,PRIMARIA,OFICIAL,URBANA,ABIERTA,MONOLINGUE,MATUTINA,DIARIO(REGULAR),GUATEMALA OCCIDENTE
00-08-0668-43,01-01-0074,CIUDAD CAPITAL,ZONA 8,EOUN NO. 44  JUAN DE FRANCISCO MARTIN,11 AVENIDA. 40-63,24402161,WEBSTER RUBELIO ROSALES CAMPBELL,GILDA MERCEDES CUX SOC,PRIMARIA,OFICIAL,URBANA,ABIERTA,MONOLINGUE,VESPERTINA,DIARIO(REGULAR),GUATEMALA OCCIDENTE
00-08-0669-42,01-01-0074,CIUDAD CAPITAL,ZONA 8,EODP ANEXA A EOUN NO.26  JOSE MARIA FUENTES,11 AVENIDA 40-63,22341121,WEBSTER RUBELIO ROSALES CAMPBELL,YOLANDA ADALGISA LÒPEZ PUQUIR,PARVULOS,OFICIAL,URBANA,ABIERTA,MONOLINGUE,MATUTINA,DIARIO(REGULAR),GUATEMALA OCCIDENTE
00-08-0669-43,01-01-0074,CIUDAD CAPITAL,ZONA 8,EOUN NO.26  JOSE MARIA FUENTES,11 AVENIDA 40-63,22341121,WEBSTER RUBELIO ROSALES CAMPBELL,YOLANDA ADALGISA LÒPEZ PUQUIR,PRIMARIA,OFICIAL,URBANA,ABIERTA,MONOLINGUE,MATUTINA,DIARIO(REGULAR),GUATEMALA OCCIDENTE
00-08-0670-43,01-01-0074,CIUDAD CAPITAL,ZONA 8,EOUN NO.14  SANTOS TORUÑO,2A AVE. 38-91,57103443,WEBSTER RUBELIO ROSALES CAMPBELL,ELDA REBECA SITAN MARTÍN,PRIMARIA,OFICIAL,URBANA,ABIERTA,MONOLINGUE,MATUTINA,DIARIO(REGULAR),GUATEMALA OCCIDENTE
00-08-0671-43,01-01-0074,CIUDAD CAPITAL,ZONA 8,LICEO SALESIANO,9A AVE. 40-01 ZONA 8,24722447,WEBSTER RUBELIO ROSALES CAMPBELL,HORACIO FRANCISCO MACAL GARBUTT,PRIMARIA,PRIVADO,URBANA,ABIERTA,MONOLINGUE,MATUTINA,DIARIO(REGULAR),GUATEMALA OCCIDENTE
00-08-0672-43,01-01-0074,CIUDAD CAPITAL,ZONA 8,COLEGIO EVANGELICO  EL JARDIN DE LAS ROSAS,27 CALLE  A  7-24,52039955,WEBSTER RUBELIO ROSALES CAMPBELL,CARLOS DANIEL FIGUEROA CONTRERAS,PRIMARIA,PRIVADO,URBANA,ABIERTA,MONOLINGUE,MATUTINA,DIARIO(REGULAR),GUATEMALA OCCIDENTE
00-08-0673-43,01-01-0074,CIUDAD CAPITAL,ZONA 8,COLEGIO EVANGELICO  MIXTO EL CALVARIO,33 CALLE 2-26,43673696,WEBSTER RUBELIO ROSALES CAMPBELL,BRENDA MILITZA CASTILLO MENÉNDEZ,PRIMARIA,PRIVADO,URBANA,ABIERTA,MONOLINGUE,MATUTINA,DIARIO(REGULAR),GUATEMALA OCCIDENTE
00-08-0674-43,,CIUDAD CAPITAL,ZONA 8,COLEGIO EVANGELICO 'MIGUEL SERVET',28 CALLE 'A' 1-61,,,,PRIMARIA,PRIVADO,URBANA,CERRADA TEMPORALMENTE,MONOLINGUE,MATUTINA,DIARIO(REGULAR),GUATEMALA OCCIDENTE
00-08-0675-44,01-99-0095,CIUDAD CAPITAL,ZONA 8,EOPA NO.11  EFRAIN AGUILAR FUENTES,2A AVE 38-91,55158989,MARCELINO ARNULFO DE LEÓN MEJÍA,MAYRA TERESA CASTILLO PÉREZ,PRIMARIA DE ADULTOS,OFICIAL,URBANA,ABIERTA,MONOLINGUE,NOCTURNA,DIARIO(REGULAR),GUATEMALA OCCIDENTE
00-08-0676-45,01-406,CIUDAD CAPITAL,ZONA 8,IPMB 'JOSE JOAQUIN PARDO',2A AVE. 38-91,,MIGUEL ALVARO RODRIGUEZ PORTILLO,,BASICO,PRIVADO,URBANA,CERRADA TEMPORALMENTE,MONOLINGUE,NOCTURNA,DIARIO(REGULAR),GUATEMALA OCCIDENTE
00-08-0677-46,01-01-0074,CIUDAD CAPITAL,ZONA 8,ESCUELA NACIONAL DE CIENCIAS COMERCIALES NO.5,2A. AVENIDA 38-91,24751605,WEBSTER RUBELIO ROSALES CAMPBELL,NAHELA SELENE PIVARAL GALINDO,DIVERSIFICADO,OFICIAL,URBANA,ABIERTA,MONOLINGUE,VESPERTINA,DIARIO(REGULAR),GUATEMALA OCCIDENTE
00-08-0678-45,01-01-0074,CIUDAD CAPITAL,ZONA 8,COLEGIO EVANGELICO  EL JARDIN DE LAS ROSAS,27 CALLE  A  7-24,52039955,WEBSTER RUBELIO ROSALES CAMPBELL,CARLOS DANIEL FIGUEROA CONTRERAS,BASICO,PRIVADO,URBANA,ABIERTA,MONOLINGUE,MATUTINA,DIARIO(REGULAR),GUATEMALA OCCIDENTE
00-08-1027-42,,CIUDAD CAPITAL,ZONA 8,EPDP ANEXA A 'LICEO LAS COLINAS',6A AVE. 13-10 COLONIA SAN RAFAEL III LAS COLINAS ZONA 18,,,,PARVULOS,PRIVADO,URBANA,CERRADA DEFINITIVAMENTE,MONOLINGUE,MATUTINA,DIARIO(REGULAR),GUATEMALA OCCIDENTE
00-08-2242-45,01-01-0074,CIUDAD CAPITAL,ZONA 8,COLEGIO EVANGELICO MIXTO  EL CALVARIO,33 CALLE 2-26,43673696,WEBSTER RUBELIO ROSALES CAMPBELL,LEDA VANESSA PÉREZ EZETA,BASICO,PRIVADO,URBANA,ABIERTA,MONOLINGUE,MATUTINA,DIARIO(REGULAR),GUATEMALA OCCIDENTE
00-08-2517-46,01-01-0074,CIUDAD CAPITAL,ZONA 8,LICEO CRISTIANO JUVENTUD,27 CALLE  A  7-24,52039955,WEBSTER RUBELIO ROSALES CAMPBELL,CARLOS DANIEL FIGUEROA CONTRERAS,DIVERSIFICADO,PRIVADO,URBANA,ABIERTA,MONOLINGUE,MATUTINA,DIARIO(REGULAR),GUATEMALA OCCIDENTE
00-08-2825-42,01-01-0074,CIUDAD CAPITAL,ZONA 8,EODP ANEXA A EOUN NO.44  JUAN FRANCISCO MARTIN,11 AVENIDA 40-63,24402161,WEBSTER RUBELIO ROSALES CAMPBELL,GILDA MERCEDES CUX SOC,PARVULOS,OFICIAL,URBANA,ABIERTA,MONOLINGUE,VESPERTINA,DIARIO(REGULAR),GUATEMALA OCCIDENTE
00-08-3108-43,,CIUDAD CAPITAL,ZONA 8,CENTRO EDUCATIVO EXPERIMENTAL NNAT DE SODIFAG,"AV. BOLIVAR 36,37,38,39,40 CALLE SECTOR DE CASSETAS TREBOL, GUATE.",,,,PRIMARIA,PRIVADO,URBANA,CERRADA TEMPORALMENTE,MONOLINGUE,MATUTINA,DIARIO(REGULAR),GUATEMALA OCCIDENTE
00-08-3148-46,,CIUDAD CAPITAL,ZONA 8,CENTRO DEL HOGAR NO.4 ANEXO A EOUN NO.14 'SANTOS TORUÑO',2A. AV. 38-91,,,,DIVERSIFICADO,OFICIAL,URBANA,CERRADA DEFINITIVAMENTE,MONOLINGUE,VESPERTINA,DIARIO(REGULAR),GUATEMALA OCCIDENTE
00-08-4452-46,01-01-0074,CIUDAD CAPITAL,ZONA 8,COLEGIO EVANGELICO MIXTO  EL CALVARIO,33 CALLE 2-26,43673696,WEBSTER RUBELIO ROSALES CAMPBELL,LEDA VANESSA PÉREZ EZETA,DIVERSIFICADO,PRIVADO,URBANA,ABIERTA,MONOLINGUE,MATUTINA,DIARIO(REGULAR),GUATEMALA OCCIDENTE
00-08-6930-43,,CIUDAD CAPITAL,ZONA 8,COLEGIO PROFESIONAL EN COMPUTACION S.A.,37 CALLE 4-33,22322208,,,PRIMARIA,PRIVADO,URBANA,CERRADA DEFINITIVAMENTE,MONOLINGUE,MATUTINA,DIARIO(REGULAR),GUATEMALA OCCIDENTE
00-08-6982-46,,CIUDAD CAPITAL,ZONA 8,COLEGIO PROFESIONAL EN COMPUTACION S.A.,37 CALLE 4-33,22322208,,,DIVERSIFICADO,PRIVADO,URBANA,CERRADA DEFINITIVAMENTE,MONOLINGUE,MATUTINA,DIARIO(REGULAR),GUATEMALA OCCIDENTE
00-08-6983-45,,CIUDAD CAPITAL,ZONA 8,COLEGIO PROFESIONAL EN COMPUTACION S.A.,37 CALLE 4-33,2322208  4734104,,,BASICO,PRIVADO,URBANA,CERRADA DEFINITIVAMENTE,MONOLINGUE,MATUTINA,DIARIO(REGULAR),GUATEMALA OCCIDENTE
00-08-7061-43,01-304,CIUDAD CAPITAL,ZONA 8,COLEGIO EVANGELICO 'EMANUEL LA COLINA',9A. AVENIDA 39-43,24736725,AMADO SALOMON FLORES PEREZ,,PRIMARIA,PRIVADO,URBANA,CERRADA DEFINITIVAMENTE,MONOLINGUE,MATUTINA,DIARIO(REGULAR),GUATEMALA OCCIDENTE
00-08-7062-46,,CIUDAD CAPITAL,ZONA 8,ACADEMIA DE CORTE Y CONFECCION EL ARTE,3AV. 38-76,,,,DIVERSIFICADO,PRIVADO,URBANA,CERRADA DEFINITIVAMENTE,MONOLINGUE,VESPERTINA,SABATINO,GUATEMALA OCCIDENTE
00-08-7063-46,,CIUDAD CAPITAL,ZONA 8,ACADEMIA DE CORTE Y CONFECCION EL ARTE,3AV. 38-76,,,,DIVERSIFICADO,PRIVADO,URBANA,CERRADA DEFINITIVAMENTE,MONOLINGUE,MATUTINA,DOMINICAL,GUATEMALA OCCIDENTE
00-08-7088-43,01-304,CIUDAD CAPITAL,ZONA 8,COLEGIO MIXTO 'JUSTO RUFINO BARRIOS',29 CALLE 'B' 0-67,24407922,AMADO SALOMON FLORES PEREZ,,PRIMARIA,PRIVADO,URBANA,CERRADA DEFINITIVAMENTE,MONOLINGUE,MATUTINA,DIARIO(REGULAR),GUATEMALA OCCIDENTE
00-08-7090-45,01-304,CIUDAD CAPITAL,ZONA 8,COLEGIO MIXTO 'JUSTO RUFINO BARRIOS',29 CALLE 'B' 0-67,24407922,AMADO SALOMON FLORES PEREZ,,BASICO,PRIVADO,URBANA,CERRADA DEFINITIVAMENTE,MONOLINGUE,MATUTINA,DIARIO(REGULAR),GUATEMALA OCCIDENTE
00-08-7272-42,,CIUDAD CAPITAL,ZONA 8,CEES ANEXO EOUN NO.26 'JOSE MARIA FUENTES',11 AV. 40-63,,,,PARVULOS,OFICIAL,URBANA,CERRADA TEMPORALMENTE,MONOLINGUE,MATUTINA,DIARIO(REGULAR),GUATEMALA OCCIDENTE
00-08-7513-43,,CIUDAD CAPITAL,ZONA 8,EORM NO.61,,,,,PRIMARIA,OFICIAL,RURAL,CERRADA DEFINITIVAMENTE,MONOLINGUE,MATUTINA,DIARIO(REGULAR),GUATEMALA OCCIDENTE
00-08-7567-42,01-01-0074,CIUDAD CAPITAL,ZONA 8,COLEGIO MIXTO DULCE MARIA,39 CALLE 2-56,43766900,WEBSTER RUBELIO ROSALES CAMPBELL,MARÍA ISABEL GRAJEDA SOLORZANO,PARVULOS,PRIVADO,URBANA,ABIERTA,MONOLINGUE,MATUTINA,DIARIO(REGULAR),GUATEMALA OCCIDENTE
00-08-7568-43,01-01-0074,CIUDAD CAPITAL,ZONA 8,COLEGIO MIXTO DULCE MARIA,39 CALLE 2-56,43766900,WEBSTER RUBELIO ROSALES CAMPBELL,MARIA CRISTINA VILLAVICENCIO SANTOS,PRIMARIA,PRIVADO,URBANA,ABIERTA,MONOLINGUE,MATUTINA,DIARIO(REGULAR),GUATEMALA OCCIDENTE
00-08-7613-45,01-409,CIUDAD CAPITAL,ZONA 8,COLEGIO MIXTO JUSTO RUFINO BARRIOS,29 CALLE B 0-67,24394939,IDALIA DEL ROSARIO LOPEZ SANDOVAL DE PAIZ,JOVITA ANTONIETA MIRANDA BARRIOS,BASICO,PRIVADO,URBANA,CERRADA TEMPORALMENTE,MONOLINGUE,DOBLE,FIN DE SEMANA,GUATEMALA OCCIDENTE
00-08-7614-46,01-409,CIUDAD CAPITAL,ZONA 8,COLEGIO MIXTO JUSTO RUFINO BARRIOS,"2A. CALLE 31-36 ZONA 7, CALZADA MATEO FLORES",24394939,IDALIA DEL ROSARIO LOPEZ SANDOVAL DE PAIZ,JOVITA ANTONIETA MIRANDA BARRIOS,DIVERSIFICADO,PRIVADO,URBANA,CERRADA TEMPORALMENTE,MONOLINGUE,DOBLE,FIN DE SEMANA,GUATEMALA OCCIDENTE
00-08-7996-45,01-304,CIUDAD CAPITAL,ZONA 8,CENTRO INTEGRAL DE EDUCACION 'MIGUEL DE MONTAIGNE',7A. AVENIDA 39-18,4717772-4736411,AMADO SALOMON FLORES PEREZ,,BASICO,PRIVADO,URBANA,CERRADA TEMPORALMENTE,MONOLINGUE,MATUTINA,DIARIO(REGULAR),GUATEMALA OCCIDENTE
00-08-8313-42,01-304,CIUDAD CAPITAL,ZONA 8,COLEGIO 'JUSTO RUFINO BARRIOS',28 CALLE 'B' 0-67,,AMADO SALOMON FLORES PEREZ,,PARVULOS,PRIVADO,URBANA,CERRADA DEFINITIVAMENTE,MONOLINGUE,MATUTINA,DIARIO(REGULAR),GUATEMALA OCCIDENTE
00-08-8343-42,01-01-0074,CIUDAD CAPITAL,ZONA 8,COLEGIO EVANGELICO  JARDIN DE LAS ROSAS,27 CALLE  A  7-24,52039955,WEBSTER RUBELIO ROSALES CAMPBELL,CARLOS DANIEL FIGUEROA CONTRERAS,PARVULOS,PRIVADO,URBANA,ABIERTA,MONOLINGUE,MATUTINA,DIARIO(REGULAR),GUATEMALA OCCIDENTE
00-08-8366-42,01-01-0074,CIUDAD CAPITAL,ZONA 8,EODP ANEXA A EOUM NO.19  VICENTE RIVAS,28 CALLE 7-32,40518200,WEBSTER RUBELIO ROSALES CAMPBELL,EVELYN ROSSANA GARCIA JUÁREZ,PARVULOS,OFICIAL,URBANA,ABIERTA,MONOLINGUE,MATUTINA,DIARIO(REGULAR),GUATEMALA OCCIDENTE
00-08-8367-43,01-01-0074,CIUDAD CAPITAL,ZONA 8,EOUM NO.19 VICENTE RIVAS,28 CALLE 7-32,40518200,WEBSTER RUBELIO ROSALES CAMPBELL,EVELYN ROSSANA GARCIA JUÁREZ,PRIMARIA,OFICIAL,URBANA,ABIERTA,MONOLINGUE,MATUTINA,DIARIO(REGULAR),GUATEMALA OCCIDENTE
00-08-9742-42,01-01-0074,CIUDAD CAPITAL,ZONA 8,LICEO SALESIANO,9A. AVENIDA 40-01 ZONA 8,24722447,WEBSTER RUBELIO ROSALES CAMPBELL,HORACIO FRANCISCO MACAL GARBUTT,PARVULOS,PRIVADO,URBANA,ABIERTA,MONOLINGUE,MATUTINA,DIARIO(REGULAR),GUATEMALA OCCIDENTE
00-09-0001-45,01-99-0161,CIUDAD CAPITAL,ZONA 9,CENTRO EDUCATIVO EL VALLE,11 CALLE 7-35,23608220,GEOFFERY ANTONIO CU PEREZ,EVELYN ELIZABET CALDERÓN MARTÍNEZ,BASICO,PRIVADO,URBANA,ABIERTA,MONOLINGUE,MATUTINA,DIARIO(REGULAR),GUATEMALA ORIENTE
00-09-0002-46,01-99-0161,CIUDAD CAPITAL,ZONA 9,COLEGIO VALVERDE NO. 3,AVENIDA REFORMA 7-40,22093200,GEOFFERY ANTONIO CU PEREZ,SANDRA ELIZABETH GUERRA BARRIENTOS,DIVERSIFICADO,PRIVADO,URBANA,ABIERTA,MONOLINGUE,MATUTINA,DIARIO(REGULAR),GUATEMALA ORIENTE
00-09-0003-45,01-99-0161,CIUDAD CAPITAL,ZONA 9,COLEGIO VALVERDE NO. 3,"8A CALLE, 7-48",22093200,GEOFFERY ANTONIO CU PEREZ,GLORIA ISABEL GÓMEZ,BASICO,PRIVADO,URBANA,ABIERTA,MONOLINGUE,MATUTINA,DIARIO(REGULAR),GUATEMALA ORIENTE
00-09-0004-46,01-99-0161,CIUDAD CAPITAL,ZONA 9,COLEGIO VALVERDE NO. 3,"8A CALLE, 7-48",22093200,GEOFFERY ANTONIO CU PEREZ,GLORIA ISABEL GÓMEZ,DIVERSIFICADO,PRIVADO,URBANA,ABIERTA,MONOLINGUE,MATUTINA,DIARIO(REGULAR),GUATEMALA ORIENTE
00-09-0005-42,01-505,CIUDAD CAPITAL,ZONA 9,COLEGIO EDUCATIVO AMERICANO,5A. AVENIDA 13-18,23612765,NANCY PAOLA MONTERROSO HERNÁNDEZ,ROSALÍA NOHEMÍ GUTIÉRREZ CASTAÑEDA,PARVULOS,PRIVADO,URBANA,CERRADA TEMPORALMENTE,MONOLINGUE,MATUTINA,DIARIO(REGULAR),GUATEMALA ORIENTE
00-09-0006-43,01-505,CIUDAD CAPITAL,ZONA 9,COLEGIO EDUCATIVO AMERICANO,5A. AVENIDA 13-18,23612765,NANCY PAOLA MONTERROSO HERNÁNDEZ,ROSALÍA NOHEMÍ GUTIÉRREZ CASTAÑEDA,PRIMARIA,PRIVADO,URBANA,CERRADA TEMPORALMENTE,MONOLINGUE,MATUTINA,DIARIO(REGULAR),GUATEMALA ORIENTE
00-09-0007-46,01-99-0161,CIUDAD CAPITAL,ZONA 9,CENTRO EDUCATIVO EL VALLE,11 CALLE 7-35,23608220,GEOFFERY ANTONIO CU PEREZ,EVELYN ELIZABET CALDERÓN MARTÍNEZ,DIVERSIFICADO,PRIVADO,URBANA,ABIERTA,MONOLINGUE,MATUTINA,DIARIO(REGULAR),GUATEMALA ORIENTE
00-09-0008-45,01-505,CIUDAD CAPITAL,ZONA 9,COLEGIO EDUCATIVO AMERICANO,5A. AVENIDA 13-18,23612765,NANCY PAOLA MONTERROSO HERNÁNDEZ,JORGE MARIO BOCALETTI GUTIERREZ,BASICO,PRIVADO,URBANA,CERRADA TEMPORALMENTE,MONOLINGUE,MATUTINA,DIARIO(REGULAR),GUATEMALA ORIENTE
00-09-0009-46,01-505,CIUDAD CAPITAL,ZONA 9,COLEGIO EDUCATIVO AMERICANO,5A. AVENIDA 13-18,23612765,NANCY PAOLA MONTERROSO HERNÁNDEZ,JORGE MARIO BOCALETTI GUTIERREZ,DIVERSIFICADO,PRIVADO,URBANA,CERRADA TEMPORALMENTE,MONOLINGUE,MATUTINA,DIARIO(REGULAR),GUATEMALA ORIENTE
00-09-0010-45,01-637,CIUDAD CAPITAL,ZONA 9,ESCUELA DE ESTUDIOS PENITENCIARIOS MODALIDAD FLEXIBLE,"5A AVENIDA ""A"" 13-28",22463777,JOSUE VINICIO ROMERO REYES,MAILEEN ZUCELY MARIN LINARES,BASICO,OFICIAL,URBANA,CERRADA TEMPORALMENTE,MONOLINGUE,DOBLE,FIN DE SEMANA,GUATEMALA ORIENTE
00-09-0011-46,01-405,CIUDAD CAPITAL,ZONA 9,ESCUELA DE ESTUDIOS PENITENCIARIO,"5A. AVENIDA ""A"" 13-28",22463777,BLANCA SARAI GUTIERREZ PINEDA,ENIA MARY JACINTO JACINTO,DIVERSIFICADO,OFICIAL,URBANA,CERRADA DEFINITIVAMENTE,MONOLINGUE,DOBLE,FIN DE SEMANA,GUATEMALA ORIENTE
00-09-0012-42,01-99-0161,CIUDAD CAPITAL,ZONA 9,COLEGIO JARDÍN DE PASITOS,"7A. CALLE ""A"" 7-35",23345298,GEOFFERY ANTONIO CU PEREZ,EVA PATRICIA WOLFORD ESTRADA,PARVULOS,PRIVADO,URBANA,ABIERTA,MONOLINGUE,MATUTINA,DIARIO(REGULAR),GUATEMALA ORIENTE
00-09-0013-46,01-313,CIUDAD CAPITAL,ZONA 9,INSTITUTO NUEVO MUNDO,"3A. CALLE ""A"" 1-58",23758282,ERICK GUILLERMO SANCHEZ MARTINEZ,DORIS LEONOR ZUNÚN CARRERA,DIVERSIFICADO,PRIVADO,URBANA,CERRADA TEMPORALMENTE,MONOLINGUE,MATUTINA,DIARIO(REGULAR),GUATEMALA ORIENTE
00-09-0014-43,01-99-0161,CIUDAD CAPITAL,ZONA 9,COLEGIO JARDÍN DE PASITOS,"6A. CALLE ""A"" 7-72",23345298,GEOFFERY ANTONIO CU PEREZ,MIREYA DEL CARMEN MURALLES CASTRO,PRIMARIA,PRIVADO,URBANA,ABIERTA,MONOLINGUE,MATUTINA,DIARIO(REGULAR),GUATEMALA ORIENTE
00-09-0015-46,01-405,CIUDAD CAPITAL,ZONA 9,ESCUELA DE ESTUDIOS PENITENCIARIOS,"5A. AVENIDA ""A"" 13-28",22463777,BLANCA SARAI GUTIERREZ PINEDA,MAILEEN ZUCELY MARÍN LINARES,DIVERSIFICADO,OFICIAL,URBANA,CERRADA TEMPORALMENTE,MONOLINGUE,DOBLE,FIN DE SEMANA,GUATEMALA ORIENTE
00-09-0016-46,01-646,CIUDAD CAPITAL,ZONA 9,PROGRAMA NACIONAL DE EDUCACIÓN ALTERNATIVA -PRONEA-,6TA. CALLE 2-21 ZONA 9,22345938,GRISELDA LISETH FRANCO GUTIERREZ,LILIAN MARIBEL GARCÍA MÉRIDA,DIVERSIFICADO,OFICIAL,SIN ESPECIFICAR,ABIERTA,MONOLINGUE,DOBLE,A DISTANCIA,GUATEMALA ORIENTE
00-09-0017-45,01-405,CIUDAD CAPITAL,ZONA 9,LICEO PREUNIVERSITARIO DE COMPUTACIÓN,7A. AVENIDA 10-38,24640450,BLANCA SARAI GUTIERREZ PINEDA,MARCO TULIO VARGAS ALVARADO,BASICO,PRIVADO,URBANA,CERRADA TEMPORALMENTE,MONOLINGUE,SIN JORNADA,SEMIPRESENCIAL (UN DÍA A LA SEMANA),GUATEMALA ORIENTE
00-09-0018-46,01-405,CIUDAD CAPITAL,ZONA 9,LICEO PREUNIVERSITARIO DE COMPUTACIÓN,7A. AVENIDA 10-38,23109350,BLANCA SARAI GUTIERREZ PINEDA,RODOLFO  VARGAS ALVARADO,DIVERSIFICADO,PRIVADO,URBANA,CERRADA TEMPORALMENTE,MONOLINGUE,SIN JORNADA,SEMIPRESENCIAL (UN DÍA A LA SEMANA),GUATEMALA ORIENTE
00-09-0019-46,01-503,CIUDAD CAPITAL,ZONA 9,INSTITUTO TECNOLÓGICO SUIZO GUATEMALTECO,2DA AVENIDA 9-03 ZONA 9 GUATEMALA,22999696,NANCY CAROLINA NAVAS GONZÁLEZ,TEMPORAL TITULOS,DIVERSIFICADO,PRIVADO,URBANA,CERRADA TEMPORALMENTE,MONOLINGUE,MATUTINA,DIARIO(REGULAR),GUATEMALA ORIENTE
00-09-0020-45,01-99-0161,CIUDAD CAPITAL,ZONA 9,COLEGIO TEC-FUTURO,"AVENIDA REFORMA 01-90 APARTAMENTO 1102, NIVEL 11 EDIFICIO MASVAL",45151685,GEOFFERY ANTONIO CU PEREZ,ALBA ARACELY RODRIGUEZ BRACAMONTE,BASICO,PRIVADO,URBANA,ABIERTA,MONOLINGUE,SIN JORNADA,A DISTANCIA,GUATEMALA ORIENTE
00-09-0021-46,01-99-0161,CIUDAD CAPITAL,ZONA 9,COLEGIO TEC-FUTURO,"AVENIDA REFORMA 01-90 APARTAMENTO 1102, NIVEL 11 EDIFICIO MASVAL",45151685,GEOFFERY ANTONIO CU PEREZ,ALBA ARACELY RODRIGUEZ BRACAMONTE,DIVERSIFICADO,PRIVADO,URBANA,ABIERTA,MONOLINGUE,SIN JORNADA,A DISTANCIA,GUATEMALA ORIENTE
00-09-0022-46,99-001,CIUDAD CAPITAL,ZONA 9,INSTITUTO DE BACHILLERATO EN COMPUTACIÓN,2DA CALLE 7-46,22999696,SILVIA EUGENIA VALDEZ MONTERROSO DE CARBALLO,TEMPORAL TÍTULOS,DIVERSIFICADO,PRIVADO,URBANA,CERRADA DEFINITIVAMENTE,MONOLINGUE,MATUTINA,DIARIO(REGULAR),GUATEMALA ORIENTE
00-09-0023-46,01-505,CIUDAD CAPITAL,ZONA 9,COLEGIO VALVERDE NO. 3,"8VA. CALLE, 7-48",22093200,NANCY PAOLA MONTERROSO HERNÁNDEZ,SANDRA ELIZABETH GUERRA BARRIENTOS,DIVERSIFICADO,PRIVADO,URBANA,ABIERTA,MONOLINGUE,DOBLE,DIARIO(REGULAR),GUATEMALA ORIENTE
00-09-0024-45,01-99-0161,CIUDAD CAPITAL,ZONA 9,"CENTRO DE EDUCACIÓN EXTRAESCOLAR -CEEX- ""CASA JOVEN""","5A. AVENIDA 12-31, EDIFICIO EL CORTEZ, SEXTO NIVEL OFICINA 605",54293338,GEOFFERY ANTONIO CU PEREZ,VILMA LISSET CAMAJA CANTO,BASICO,PRIVADO,URBANA,ABIERTA,MONOLINGUE,DOBLE,SEMIPRESENCIAL,GUATEMALA ORIENTE
00-09-0025-44,01-99-0161,CIUDAD CAPITAL,ZONA 9,"CENTRO DE EDUCACIÓN EXTRAESCOLAR -CEEX- ""CASA JOVEN""","5A. AVENIDA 12-31, EDIFICIO EL CORTEZ, SEXTO NIVEL OFICINA 605",54293338,GEOFFERY ANTONIO CU PEREZ,VILMA LISSET CAMAJA CANTO,PRIMARIA DE ADULTOS,PRIVADO,URBANA,ABIERTA,MONOLINGUE,DOBLE,SEMIPRESENCIAL,GUATEMALA ORIENTE
00-09-0026-46,01-99-0161,CIUDAD CAPITAL,ZONA 9,"CENTRO DE EDUCACIÓN EXTRAESCOLAR -CEEX- ""CASA JOVEN""","5A. AVENIDA 12-31, EDIFICIO EL CORTEZ, SEXTO NIVEL OFICINA 605",54293338,GEOFFERY ANTONIO CU PEREZ,VILMA LISSET CAMAJA CANTO,DIVERSIFICADO,PRIVADO,URBANA,ABIERTA,MONOLINGUE,DOBLE,DIARIO(REGULAR),GUATEMALA ORIENTE
00-09-0679-42,,CIUDAD CAPITAL,ZONA 9,EPDP KINDERGARDEN 'EL PINO',5A AVE. 13-82,,,,PARVULOS,PRIVADO,URBANA,CERRADA TEMPORALMENTE,MONOLINGUE,MATUTINA,DIARIO(REGULAR),GUATEMALA ORIENTE
00-09-0680-42,01-99-0161,CIUDAD CAPITAL,ZONA 9,"INSTITUTO "" MARIA AUXILIADORA""",5A AVE. 6-12,23310985,GEOFFERY ANTONIO CU PEREZ,MARÍA ANDREE BARILLAS HERNANDEZ,PARVULOS,PRIVADO,URBANA,ABIERTA,MONOLINGUE,MATUTINA,DIARIO(REGULAR),GUATEMALA ORIENTE
00-09-0681-42,,CIUDAD CAPITAL,ZONA 9,EPDP ANEXA A COLEGIO EXPERIMENTAL 'LOS PINOS',7A AVE. 'A' 3-44,,,,PARVULOS,PRIVADO,URBANA,CERRADA DEFINITIVAMENTE,MONOLINGUE,MATUTINA,DIARIO(REGULAR),GUATEMALA ORIENTE
00-09-0682-42,,CIUDAD CAPITAL,ZONA 9,EPDP ANEXA A COLEGIO SUIZO GUATEMALTECO 'ST. GALLEN',2A AVE. 9-03,,,,PARVULOS,PRIVADO,URBANA,CERRADA TEMPORALMENTE,MONOLINGUE,MATUTINA,DIARIO(REGULAR),GUATEMALA ORIENTE
00-09-0683-43,,CIUDAD CAPITAL,ZONA 9,EPUV Y ESCUELA PREPARATORIA ANEXA,7A AVE. 'A' 3-55,23316662,,,PRIMARIA,PRIVADO,URBANA,CERRADA TEMPORALMENTE,MONOLINGUE,MATUTINA,DIARIO(REGULAR),GUATEMALA ORIENTE
00-09-0684-43,01-99-0161,CIUDAD CAPITAL,ZONA 9,"INSTITUTO  "" MARIA AUXILIADORA""",5A AVE. 6-12,23329333,GEOFFERY ANTONIO CU PEREZ,MARÍA JOSÉ ORANTES MONTERROSO,PRIMARIA,PRIVADO,URBANA,ABIERTA,MONOLINGUE,MATUTINA,DIARIO(REGULAR),GUATEMALA ORIENTE
00-09-0685-43,,CIUDAD CAPITAL,ZONA 9,COLEGIO 'SUIZO GUATEMALTECO',2A AVE. 8-03,,,,PRIMARIA,PRIVADO,URBANA,CERRADA DEFINITIVAMENTE,MONOLINGUE,MATUTINA,DIARIO(REGULAR),GUATEMALA ORIENTE
00-09-0686-43,01-99-0161,CIUDAD CAPITAL,ZONA 9,"COLEGIO MIXTO  "" NUEVA VIDA """,4A. CALLE 0-23,59525145,GEOFFERY ANTONIO CU PEREZ,AMPARO VICTORIA MONZÓN RIVERA,PRIMARIA,PRIVADO,URBANA,ABIERTA,MONOLINGUE,MATUTINA,DIARIO(REGULAR),GUATEMALA ORIENTE
00-09-0687-43,,CIUDAD CAPITAL,ZONA 9,COLEGIO EXPERIMENTAL 'LOS PINOS',7A AVE. 'A' 3-44,,,,PRIMARIA,PRIVADO,URBANA,CERRADA DEFINITIVAMENTE,MONOLINGUE,MATUTINA,DIARIO(REGULAR),GUATEMALA ORIENTE
00-09-0688-45,,CIUDAD CAPITAL,ZONA 9,IPMB COLEGIO EXPERIMENTAL 'LOS PINOS',7A AVE. 3-44,,,,BASICO,PRIVADO,URBANA,CERRADA DEFINITIVAMENTE,MONOLINGUE,MATUTINA,DIARIO(REGULAR),GUATEMALA ORIENTE
00-09-0689-45,,CIUDAD CAPITAL,ZONA 9,IPMB CENTRO PEDAGOGICO INTEGRAL 'JUAN PABLO II',AVE. LA CASTELLANA 5-30,,,,BASICO,PRIVADO,URBANA,CERRADA DEFINITIVAMENTE,MONOLINGUE,MATUTINA,DIARIO(REGULAR),GUATEMALA ORIENTE
00-09-0690-45,,CIUDAD CAPITAL,ZONA 9,IPMB COLEGIO 'SUIZO GUATEMALTECO',2A AVE. 9-03,,,,BASICO,PRIVADO,URBANA,CERRADA TEMPORALMENTE,MONOLINGUE,MATUTINA,DIARIO(REGULAR),GUATEMALA ORIENTE
00-09-0692-45,,CIUDAD CAPITAL,ZONA 9,IPVB 'ESCUELA PREPARATORIA ANEXA',7A AVE. 'A' 3-55,,,,BASICO,PRIVADO,URBANA,CERRADA TEMPORALMENTE,MONOLINGUE,MATUTINA,DIARIO(REGULAR),GUATEMALA ORIENTE
00-09-0692-46,,CIUDAD CAPITAL,ZONA 9,INSTITUTO PRIVADO PARA VARONES DE EDUCACION DIVERSIFICADA 'ESCUELA PREPARATORIA ANEXA',7A AVE. 'A' 3-55,,,,DIVERSIFICADO,PRIVADO,URBANA,CERRADA TEMPORALMENTE,MONOLINGUE,MATUTINA,DIARIO(REGULAR),GUATEMALA ORIENTE
00-09-0693-45,01-99-0161,CIUDAD CAPITAL,ZONA 9,"INSTITUTO  "" MARIA AUXILIADORA """,5A AVE. 6-12,23310985,GEOFFERY ANTONIO CU PEREZ,MARÍA JOSÉ ORANTES MONTERROSO,BASICO,PRIVADO,URBANA,ABIERTA,MONOLINGUE,MATUTINA,DIARIO(REGULAR),GUATEMALA ORIENTE
00-09-0693-46,01-99-0161,CIUDAD CAPITAL,ZONA 9,"INSTITUTO  "" MARIA AUXILIADORA """,5A AVE. 6-12,23310985,GEOFFERY ANTONIO CU PEREZ,MARÍA JOSÉ ORANTES MONTERROSO,DIVERSIFICADO,PRIVADO,URBANA,ABIERTA,MONOLINGUE,MATUTINA,DIARIO(REGULAR),GUATEMALA ORIENTE
00-09-0694-45,,CIUDAD CAPITAL,ZONA 9,IPMB COLEGIO 'CIENTIFICO INTEGRADO EN COMPUTACION',AV. REFORMA 11-50,23615861,,,BASICO,PRIVADO,URBANA,CERRADA DEFINITIVAMENTE,MONOLINGUE,MATUTINA,DIARIO(REGULAR),GUATEMALA ORIENTE
00-09-0694-46,01-,CIUDAD CAPITAL,ZONA 9,INSTITUTO PRIVADO MIXTO DE EDUCACION DIVERSIFICADA COLEGIO 'CIENTIFICO INTEGRADO EN COMPUTACION',12 CALLE 7-85,3615861,MARIA FELICITA ROQUE CARRERA,SIN DATO,DIVERSIFICADO,PRIVADO,URBANA,CERRADA DEFINITIVAMENTE,MONOLINGUE,MATUTINA,DIARIO(REGULAR),GUATEMALA ORIENTE
00-09-0695-45,,CIUDAD CAPITAL,ZONA 9,'CENTRO DE ESTUDIOS DE COMPUTACION' (C.E.C.),6A AVE. 1-28,23320807,,,BASICO,PRIVADO,URBANA,CERRADA DEFINITIVAMENTE,MONOLINGUE,MATUTINA,DIARIO(REGULAR),GUATEMALA ORIENTE
00-09-0695-46,01-101,CIUDAD CAPITAL,ZONA 9,CENTRO DE ESTUDIOS EN COMPUTACION (C.E.C.),6A AVE. 1-28 06/GUATEMALA CIUDAD,23320807,YENI XIOMARA CRÚZ SARCEÑO,SIN DATO,DIVERSIFICADO,PRIVADO,URBANA,CERRADA TEMPORALMENTE,MONOLINGUE,MATUTINA,DIARIO(REGULAR),GUATEMALA ORIENTE
00-09-0734-43,,CIUDAD CAPITAL,ZONA 9,COLEGIO NIM-BE'I = 'EL GRAN CAMINO',3A AVE. 10-33,,,,PRIMARIA,PRIVADO,URBANA,CERRADA TEMPORALMENTE,MONOLINGUE,MATUTINA,DIARIO(REGULAR),GUATEMALA ORIENTE
00-09-0762-46,01-99-0161,CIUDAD CAPITAL,ZONA 9,COLEGIO  GIBBS,7A AVE 3-50,23618725,GEOFFERY ANTONIO CU PEREZ,LILIA PATRICIA ESTRADA CONTRERAS,DIVERSIFICADO,PRIVADO,URBANA,ABIERTA,MONOLINGUE,MATUTINA,DIARIO(REGULAR),GUATEMALA ORIENTE
00-09-0768-45,,CIUDAD CAPITAL,ZONA 9,IPMB COLEGIO 'NIM-BEI',3A AVE. 10-33,,,,BASICO,PRIVADO,URBANA,CERRADA DEFINITIVAMENTE,MONOLINGUE,MATUTINA,DIARIO(REGULAR),GUATEMALA ORIENTE
00-09-0768-46,01-101,CIUDAD CAPITAL,ZONA 9,INSTITUTO PRIVADO MIXTO DE EDUCACION DIVERSIFICADA COLEGIO  NIM-BEI,3A AVE. 10-33 3,,YENI XIOMARA CRÚZ SARCEÑO,SIN DATO,DIVERSIFICADO,PRIVADO,URBANA,CERRADA TEMPORALMENTE,MONOLINGUE,MATUTINA,DIARIO(REGULAR),GUATEMALA ORIENTE
00-09-2243-42,01-99-0161,CIUDAD CAPITAL,ZONA 9,CENTRO EDUCATIVO EL VALLE,11 CALLE 7-35,23608220,GEOFFERY ANTONIO CU PEREZ,LUCÍA MARIA DEL VALLE PELLECER,PARVULOS,PRIVADO,URBANA,ABIERTA,MONOLINGUE,MATUTINA,DIARIO(REGULAR),GUATEMALA ORIENTE
00-09-2244-46,,CIUDAD CAPITAL,ZONA 9,INSTITUTO PRIVADO PARA SEÑORITAS DE EDUCACION DIVERSIFICADA COLEGIO 'ROSEMONT',6A AVE. 'A' 8-47,,,,DIVERSIFICADO,PRIVADO,URBANA,CERRADA DEFINITIVAMENTE,MONOLINGUE,MATUTINA,DIARIO(REGULAR),GUATEMALA ORIENTE
00-09-4598-44,25-000,CIUDAD CAPITAL,ZONA 9,INSTITUTO GUATEMALTECO DE EDUCACION RADIOFONICA,5A. AVENIDA 6-12,,SONIA HAYDEE REYES MONTERROSO,,PRIMARIA DE ADULTOS,PRIVADO,URBANA,CERRADA TEMPORALMENTE,MONOLINGUE,VESPERTINA,A DISTANCIA,GUATEMALA ORIENTE
00-09-4598-45,,CIUDAD CAPITAL,ZONA 9,IGER,,,,,BASICO,PRIVADO,URBANA,CERRADA TEMPORALMENTE,MONOLINGUE,MATUTINA,A DISTANCIA,GUATEMALA ORIENTE
00-09-6927-42,,CIUDAD CAPITAL,ZONA 9,COLEGIO COEDUCATIVO INTEGRAL 'LAS NACIONES',12 CALLE 0-78,,,,PARVULOS,PRIVADO,URBANA,CERRADA DEFINITIVAMENTE,MONOLINGUE,MATUTINA,DIARIO(REGULAR),GUATEMALA ORIENTE
00-09-6928-43,,CIUDAD CAPITAL,ZONA 9,COLEGIO COEDUCATIVO INTEGRAL 'LAS NACIONES',12 CALLE 0-78,,,,PRIMARIA,PRIVADO,URBANA,CERRADA DEFINITIVAMENTE,MONOLINGUE,MATUTINA,DIARIO(REGULAR),GUATEMALA ORIENTE
00-09-6929-43,,CIUDAD CAPITAL,ZONA 9,COLEGIO ESPAÑOL DE GUATEMALA 'PRINCIPE DE ASTURIAS',8A CALLE 5-52,,,,PRIMARIA,PRIVADO,URBANA,CERRADA DEFINITIVAMENTE,MONOLINGUE,MATUTINA,DIARIO(REGULAR),GUATEMALA ORIENTE
00-09-6997-42,,CIUDAD CAPITAL,ZONA 9,COLEGIO ESPAÑOL DE GUATEMALA 'PRINCIPE DE ASTURIAS',8A. CALLE 5-52,,,,PARVULOS,PRIVADO,URBANA,CERRADA DEFINITIVAMENTE,MONOLINGUE,MATUTINA,DIARIO(REGULAR),GUATEMALA ORIENTE
00-09-7091-43,01-505,CIUDAD CAPITAL,ZONA 9,COLEGIO MIXTO BILINGUE  MARIA,10A. CALLE 0-17,23341484,NANCY PAOLA MONTERROSO HERNÁNDEZ,,PRIMARIA,PRIVADO,URBANA,CERRADA TEMPORALMENTE,MONOLINGUE,MATUTINA,DIARIO(REGULAR),GUATEMALA ORIENTE
00-09-7092-42,01-505,CIUDAD CAPITAL,ZONA 9,COLEGIO MIXTO BILINGUE  MARIA,10A. CALLE 0-17,23341484,NANCY PAOLA MONTERROSO HERNÁNDEZ,,PARVULOS,PRIVADO,URBANA,CERRADA TEMPORALMENTE,MONOLINGUE,MATUTINA,DIARIO(REGULAR),GUATEMALA ORIENTE
00-09-7177-46,01-505,CIUDAD CAPITAL,ZONA 9,"ROYALTY ESCUELA INTERNACIONAL DE VIAJES, TURISMO Y COMERCIO",5A. AVENIDA 10-30,52028094,NANCY PAOLA MONTERROSO HERNÁNDEZ,MAYRA ELIZABETH LÓPEZ DE LEÓN,DIVERSIFICADO,PRIVADO,URBANA,CERRADA DEFINITIVAMENTE,MONOLINGUE,MATUTINA,DIARIO(REGULAR),GUATEMALA ORIENTE
00-09-7223-46,01-505,CIUDAD CAPITAL,ZONA 9,LICEO PREUNIVERSITARIO DE COMPUTACION,7A. AVENIDA 10-38,23109350,NANCY PAOLA MONTERROSO HERNÁNDEZ,MARCO TULIO VARGAS ALVARADO,DIVERSIFICADO,PRIVADO,URBANA,CERRADA TEMPORALMENTE,MONOLINGUE,VESPERTINA,DIARIO(REGULAR),GUATEMALA ORIENTE
00-09-7224-45,01-505,CIUDAD CAPITAL,ZONA 9,LICEO PREUNIVERSITARIO DE COMPUTACION,7A. AVENIDA 10-38,23109350,NANCY PAOLA MONTERROSO HERNÁNDEZ,MARCO TULIO VARGAS ALVARADO,BASICO,PRIVADO,URBANA,CERRADA TEMPORALMENTE,MONOLINGUE,MATUTINA,DIARIO(REGULAR),GUATEMALA ORIENTE
00-09-7225-46,01-505,CIUDAD CAPITAL,ZONA 9,LICEO PREUNIVERSITARIO DE COMPUTACION,7A. AVENIDA 10-38,23109350,NANCY PAOLA MONTERROSO HERNÁNDEZ,MARCO TULIO VARGAS ALVARADO,DIVERSIFICADO,PRIVADO,URBANA,CERRADA TEMPORALMENTE,MONOLINGUE,MATUTINA,DIARIO(REGULAR),GUATEMALA ORIENTE
00-09-7330-46,,CIUDAD CAPITAL,ZONA 9,INSTITUTO ANGLO-GUATEMALTECO DE RELACIONES CULTURALES,6A. CALLE 7-64,23393249,,,DIVERSIFICADO,PRIVADO,URBANA,CERRADA TEMPORALMENTE,MONOLINGUE,MATUTINA,DIARIO(REGULAR),GUATEMALA ORIENTE
00-09-7372-46,01-,CIUDAD CAPITAL,ZONA 9,INSTITUTO ANGLO-GUATEMALTECO DE RELACIONES CULTURALES,6A. CALLE 7-64,23393249-50,MARIA FELICITA ROQUE CARRERA,SIN DATO,DIVERSIFICADO,PRIVADO,URBANA,CERRADA TEMPORALMENTE,MONOLINGUE,MATUTINA,DIARIO(REGULAR),GUATEMALA ORIENTE
00-09-7586-42,,CIUDAD CAPITAL,ZONA 9,COLEGIO 'EL MUNDO DE LA COMPUTACION DE LOS NIÑOS',4TA. AV. 13-16,,,,PARVULOS,PRIVADO,URBANA,CERRADA TEMPORALMENTE,MONOLINGUE,MATUTINA,DIARIO(REGULAR),GUATEMALA ORIENTE
00-09-7677-45,,CIUDAD CAPITAL,ZONA 9,INEB DE VARONES 'TECUN UMAN',DIAGONAL 12-03 (ANTIGUO IGSS),,,,BASICO,OFICIAL,URBANA,CERRADA DEFINITIVAMENTE,MONOLINGUE,MATUTINA,DIARIO(REGULAR),GUATEMALA ORIENTE
00-09-7724-46,01-405,CIUDAD CAPITAL,ZONA 9,LICEO PREUNIVERSITARIO DE COMPUTACION,7A. AVENIDA 10-38,23109350,BLANCA SARAI GUTIERREZ PINEDA,MARCO TULIO VARGAS ALVARADO,DIVERSIFICADO,PRIVADO,URBANA,CERRADA TEMPORALMENTE,MONOLINGUE,DOBLE,FIN DE SEMANA,GUATEMALA ORIENTE
00-09-7776-43,,CIUDAD CAPITAL,ZONA 9,COLEGIO INFANTES DE MARIA,14 CALLE 5-52,23347053,,,PRIMARIA,PRIVADO,URBANA,CERRADA DEFINITIVAMENTE,MONOLINGUE,MATUTINA,DIARIO(REGULAR),GUATEMALA ORIENTE
00-09-7853-45,01-99-0161,CIUDAD CAPITAL,ZONA 9,COLEGIO GIBBS,7AV. 3-50,23618725,GEOFFERY ANTONIO CU PEREZ,LILIA PATRICIA ESTRADA CONTRERAS,BASICO,PRIVADO,URBANA,ABIERTA,MONOLINGUE,MATUTINA,DIARIO(REGULAR),GUATEMALA ORIENTE
00-09-8309-45,01-405,CIUDAD CAPITAL,ZONA 9,INSTITUTO PRIVADO MIXTO OCUPACIONAL EXPERIMENTAL 'CAMPERO',7A. AVENIDA 10-35,24230660,BLANCA SARAI GUTIERREZ PINEDA,,BASICO,PRIVADO,URBANA,CERRADA TEMPORALMENTE,MONOLINGUE,INTERMEDIA,FIN DE SEMANA,GUATEMALA ORIENTE
00-09-8310-46,01-405,CIUDAD CAPITAL,ZONA 9,INSTITUTO PRIVADO MIXTO OCUPACIONAL EXPERIMENTAL 'CAMPERO',7A. AVENIDA 10-35,24230660,BLANCA SARAI GUTIERREZ PINEDA,,DIVERSIFICADO,PRIVADO,URBANA,CERRADA TEMPORALMENTE,MONOLINGUE,INTERMEDIA,FIN DE SEMANA,GUATEMALA ORIENTE
00-09-8391-45,,CIUDAD CAPITAL,ZONA 9,COLEGIO SAN IÑIGO,4A. AV. 13-44 ZONA 9,23605238-54,,,BASICO,PRIVADO,URBANA,CERRADA DEFINITIVAMENTE,MONOLINGUE,VESPERTINA,DIARIO(REGULAR),GUATEMALA ORIENTE
00-09-8392-46,,CIUDAD CAPITAL,ZONA 9,COLEGIO SAN IÑIGO,4A. AV. 13-44 ZONA 9,23605238-54,,,DIVERSIFICADO,PRIVADO,URBANA,CERRADA DEFINITIVAMENTE,MONOLINGUE,MATUTINA,DIARIO(REGULAR),GUATEMALA ORIENTE
00-09-8413-45,01-405,CIUDAD CAPITAL,ZONA 9,INSTITUTO DE DESARROLLO EDUCACIONAL (POR MADUREZ),4A. AV. 13-44 ZONA 9,23605238,BLANCA SARAI GUTIERREZ PINEDA,,BASICO,PRIVADO,URBANA,CERRADA DEFINITIVAMENTE,MONOLINGUE,MATUTINA,FIN DE SEMANA,GUATEMALA ORIENTE
00-09-8414-46,01-405,CIUDAD CAPITAL,ZONA 9,INSTITUTO DE DESARROLLO EDUCACIONAL (POR MADUREZ),4A. AV. 13-44 ZONA 9,23605238,BLANCA SARAI GUTIERREZ PINEDA,SIN DATO,DIVERSIFICADO,PRIVADO,URBANA,TEMPORAL TITULOS,MONOLINGUE,MATUTINA,FIN DE SEMANA,GUATEMALA ORIENTE
00-09-8445-45,01-405,CIUDAD CAPITAL,ZONA 9,LICEO PREUNIVERSITARIO DE COMPUTACION,7A. AVENIDA 10-38,24640450,BLANCA SARAI GUTIERREZ PINEDA,MARCO TULIO VARGAS ALVARADO,BASICO,PRIVADO,URBANA,CERRADA TEMPORALMENTE,MONOLINGUE,DOBLE,FIN DE SEMANA,GUATEMALA ORIENTE
00-09-8540-45,01-304,CIUDAD CAPITAL,ZONA 9,ESCUELA INTERNACIONAL DE VIAJES Y TURISMO 'ROYALTY',7A. AVENIDA 14-40,,AMADO SALOMON FLORES PEREZ,,BASICO,PRIVADO,URBANA,CERRADA TEMPORALMENTE,MONOLINGUE,MATUTINA,DIARIO(REGULAR),GUATEMALA ORIENTE
00-09-8637-42,01-304,CIUDAD CAPITAL,ZONA 9,CENTRO EDUCATIVO TECNICO EN COMPUTACION,AVENIDA LA CASTELLANA 8-51,23604505,AMADO SALOMON FLORES PEREZ,,PARVULOS,PRIVADO,URBANA,CERRADA TEMPORALMENTE,MONOLINGUE,MATUTINA,DIARIO(REGULAR),GUATEMALA ORIENTE
00-09-8638-43,01-505,CIUDAD CAPITAL,ZONA 9,CENTRO EDUCATIVO TECNICO EN COMPUTACION,9A. CALLE 0-11,23344171,NANCY PAOLA MONTERROSO HERNÁNDEZ,CARMEN ORALIA RODRÍGUEZ FRANCO,PRIMARIA,PRIVADO,URBANA,CERRADA TEMPORALMENTE,MONOLINGUE,MATUTINA,DIARIO(REGULAR),GUATEMALA ORIENTE
00-09-8639-45,01-505,CIUDAD CAPITAL,ZONA 9,CENTRO EDUCATIVO TECNICO EN COMPUTACION,9A. CALLE 0-11,23344171,NANCY PAOLA MONTERROSO HERNÁNDEZ,CARMEN ORALIA RODRÍGUEZ FRANCO,BASICO,PRIVADO,URBANA,CERRADA TEMPORALMENTE,MONOLINGUE,MATUTINA,DIARIO(REGULAR),GUATEMALA ORIENTE
00-09-8640-46,01-505,CIUDAD CAPITAL,ZONA 9,CENTRO EDUCATIVO TECNICO EN COMPUTACION,9A. CALLE 0-11,23344171,NANCY PAOLA MONTERROSO HERNÁNDEZ,CARMEN ORALIA RODRÍGUEZ FRANCO,DIVERSIFICADO,PRIVADO,URBANA,CERRADA TEMPORALMENTE,MONOLINGUE,MATUTINA,DIARIO(REGULAR),GUATEMALA ORIENTE
00-09-8641-45,,CIUDAD CAPITAL,ZONA 9,CENTRO EDUCATIVO TECNICO EN COMPUTACION,AVENIDA LA CASTELLANA 8-51,55115257,,,BASICO,PRIVADO,URBANA,CERRADA TEMPORALMENTE,MONOLINGUE,DOBLE,FIN DE SEMANA,GUATEMALA ORIENTE
00-09-8642-46,,CIUDAD CAPITAL,ZONA 9,CENTRO EDUCATIVO TECNICO EN COMPUTACION,AVENIDA LA CASTELLANA 8-51,55115257,,,DIVERSIFICADO,PRIVADO,URBANA,CERRADA TEMPORALMENTE,MONOLINGUE,DOBLE,FIN DE SEMANA,GUATEMALA ORIENTE
00-09-8764-42,01-99-0161,CIUDAD CAPITAL,ZONA 9,COLEGIO EXCEL,7A. AV. 3-50,23618726,GEOFFERY ANTONIO CU PEREZ,ANA CECILIA CHEGUEN ESTRADA,PARVULOS,PRIVADO,URBANA,ABIERTA,MONOLINGUE,MATUTINA,DIARIO(REGULAR),GUATEMALA ORIENTE
00-09-8893-46,01-505,CIUDAD CAPITAL,ZONA 9,LICEO JUVENIL GUATEMALTECO,6A. CALLE 3-45,23322023,NANCY PAOLA MONTERROSO HERNÁNDEZ,ISABEL YOLANDA MÉNDEZ GIRÓN,DIVERSIFICADO,PRIVADO,URBANA,CERRADA TEMPORALMENTE,MONOLINGUE,MATUTINA,DIARIO(REGULAR),GUATEMALA ORIENTE
00-09-8985-42,01-99-0161,CIUDAD CAPITAL,ZONA 9,"COLEGIO MIXTO  "" NUEVA VIDA """,4A. CALLE 0-23,59525145,GEOFFERY ANTONIO CU PEREZ,YESENIA SUSELY GUTIERREZ VÁSQUEZ,PARVULOS,PRIVADO,URBANA,ABIERTA,MONOLINGUE,VESPERTINA,DIARIO(REGULAR),GUATEMALA ORIENTE
00-09-9061-45,01-405,CIUDAD CAPITAL,ZONA 9,INSTITUTO PRIVADO MIXTO OCUPACIONAL EXPERIMENTAL CAMPERO (POR MADUREZ),7A. AV. 10-35,24230660,BLANCA SARAI GUTIERREZ PINEDA,,BASICO,PRIVADO,URBANA,CERRADA TEMPORALMENTE,MONOLINGUE,INTERMEDIA,FIN DE SEMANA,GUATEMALA ORIENTE
00-09-9062-46,01-403,CIUDAD CAPITAL,ZONA 9,INSTITUTO PRIVADO MIXTO OCUPACIONAL EXPERIMENTAL CAMPERO(POR MADUREZ),7A. AV. 10-35,24230660,CARLOS HUMBERTO GONZÁLEZ DE LEÓN,,DIVERSIFICADO,PRIVADO,URBANA,CERRADA TEMPORALMENTE,MONOLINGUE,INTERMEDIA,FIN DE SEMANA,GUATEMALA ORIENTE
00-09-9182-43,01-99-0161,CIUDAD CAPITAL,ZONA 9,COLEGIO  EXCEL,7A. AVENIDA 3-50,23618725,GEOFFERY ANTONIO CU PEREZ,CLAUDIA PATRICIA BARRIENTOS VALENZUELA,PRIMARIA,PRIVADO,URBANA,ABIERTA,MONOLINGUE,MATUTINA,DIARIO(REGULAR),GUATEMALA ORIENTE
00-09-9269-46,01-405,CIUDAD CAPITAL,ZONA 9,LICEO PREUNIVERSITARIO DE COMPUTACION,7A. AVENIDA 10-38,23109350,BLANCA SARAI GUTIERREZ PINEDA,MARCO TULIO VARGAS ALVARADO,DIVERSIFICADO,PRIVADO,URBANA,CERRADA DEFINITIVAMENTE,MONOLINGUE,DOBLE,FIN DE SEMANA,GUATEMALA ORIENTE
00-09-9403-45,01-304,CIUDAD CAPITAL,ZONA 9,COLEGIO GRIMALDI,11 CALLE 7-64,23327018,AMADO SALOMON FLORES PEREZ,,BASICO,PRIVADO,URBANA,CERRADA TEMPORALMENTE,MONOLINGUE,MATUTINA,DIARIO(REGULAR),GUATEMALA ORIENTE
00-09-9404-46,01-304,CIUDAD CAPITAL,ZONA 9,COLEGIO GRIMALDI,11 CALLE 7-64,23327018,AMADO SALOMON FLORES PEREZ,,DIVERSIFICADO,PRIVADO,URBANA,CERRADA TEMPORALMENTE,MONOLINGUE,MATUTINA,DIARIO(REGULAR),GUATEMALA ORIENTE
00-09-9482-43,01-99-0161,CIUDAD CAPITAL,ZONA 9,CENTRO EDUCATIVO EL VALLE,11 CALLE 7-35,23608220,GEOFFERY ANTONIO CU PEREZ,LUCÍA MARIA DEL VALLE PELLECER,PRIMARIA,PRIVADO,URBANA,ABIERTA,MONOLINGUE,MATUTINA,DIARIO(REGULAR),GUATEMALA ORIENTE
00-09-9580-45,01-405,CIUDAD CAPITAL,ZONA 9,INSTITUTO PRIVADO MIXTO OCUPACIONAL-EXPERIMENTAL 'CAMPERO',7A. AVENIDA 10-35,24230660,BLANCA SARAI GUTIERREZ PINEDA,,BASICO,PRIVADO,URBANA,CERRADA TEMPORALMENTE,MONOLINGUE,INTERMEDIA,DIARIO(REGULAR),GUATEMALA ORIENTE
00-09-9581-45,01-405,CIUDAD CAPITAL,ZONA 9,INSTITUTO PRIVADO MIXTO OCUPACIONAL-EXPERIMENTAL 'CAMPERO',7A. AVENIDA 10-35,24230660,BLANCA SARAI GUTIERREZ PINEDA,,BASICO,PRIVADO,URBANA,CERRADA TEMPORALMENTE,MONOLINGUE,INTERMEDIA,DIARIO(REGULAR),GUATEMALA ORIENTE
00-09-9582-46,01-405,CIUDAD CAPITAL,ZONA 9,INSTITUTO PRIVADO MIXTO OCUPACIONAL-EXPERIMENTAL  CAMPERO,7A. AVENIDA 10-35,24230660,BLANCA SARAI GUTIERREZ PINEDA,,DIVERSIFICADO,PRIVADO,URBANA,CERRADA TEMPORALMENTE,MONOLINGUE,INTERMEDIA,DIARIO(REGULAR),GUATEMALA ORIENTE
00-09-9583-46,01-405,CIUDAD CAPITAL,ZONA 9,INSTITUTO PRIVADO MIXTO OCUPACIONAL-EXPERIMENTAL 'CAMPERO',7A. AVENIDA 10-35,24230660,BLANCA SARAI GUTIERREZ PINEDA,,DIVERSIFICADO,PRIVADO,URBANA,CERRADA TEMPORALMENTE,MONOLINGUE,INTERMEDIA,DIARIO(REGULAR),GUATEMALA ORIENTE
00-10-0001-45,01-503,CIUDAD CAPITAL,ZONA 10,COLEGIO SARASOTA,20 CALLE A 18-24,23671625,NANCY CAROLINA NAVAS GONZÁLEZ,MARIA DEL ROSARIO RODAS MEJÍA,BASICO,PRIVADO,URBANA,CERRADA TEMPORALMENTE,MONOLINGUE,MATUTINA,DIARIO(REGULAR),GUATEMALA ORIENTE
00-10-0002-46,01-101,CIUDAD CAPITAL,ZONA 10,"INSTITUTO DE BACHILLERATO EN CIENCIAS DE LA COMPUTACION, ADSCRITO AL INSTITUTO INTERNACIONAL PARA ESTUDIO DE COMPUTADORAS",ZONA 10,,YENI XIOMARA CRÚZ SARCEÑO,---,DIVERSIFICADO,PRIVADO,URBANA,TEMPORAL TITULOS,MONOLINGUE,MATUTINA,DIARIO(REGULAR),GUATEMALA ORIENTE
00-10-0003-46,01-503,CIUDAD CAPITAL,ZONA 10,INSTITUTO ANGELICA ROSA,"7A. CALLE ""A"", 4-60",,NANCY CAROLINA NAVAS GONZÁLEZ,---,DIVERSIFICADO,PRIVADO,URBANA,CERRADA TEMPORALMENTE,MONOLINGUE,MATUTINA,DIARIO(REGULAR),GUATEMALA ORIENTE
00-10-0004-42,01-99-0162,CIUDAD CAPITAL,ZONA 10,EODP ANEXA A EORM,VASCONCELOS,44650694,AURA LUCRECIA VICENTE VASQUEZ,ROSENDA SARA MORALES MAZA,PARVULOS,OFICIAL,URBANA,ABIERTA,MONOLINGUE,MATUTINA,DIARIO(REGULAR),GUATEMALA ORIENTE
00-10-0005-46,01-101,CIUDAD CAPITAL,ZONA 10,CENTRO EDUCACIONAL VIDES,ZONA 10,,YENI XIOMARA CRÚZ SARCEÑO,---,DIVERSIFICADO,PRIVADO,URBANA,CERRADA DEFINITIVAMENTE,MONOLINGUE,MATUTINA,DIARIO(REGULAR),GUATEMALA ORIENTE
00-10-0006-46,01-101,CIUDAD CAPITAL,ZONA 10,COLEGIO PIERMOUNT,ZONA 10,,YENI XIOMARA CRÚZ SARCEÑO,---,DIVERSIFICADO,PRIVADO,URBANA,CERRADA DEFINITIVAMENTE,MONOLINGUE,MATUTINA,DIARIO(REGULAR),GUATEMALA ORIENTE
00-10-0007-46,01-99-0162,CIUDAD CAPITAL,ZONA 10,COLEGIO CENTRO DE ESTUDIOS AMERICANO,6A. AVENIDA 0-18,23316922,AURA LUCRECIA VICENTE VASQUEZ,JOSÉ FRANCISCO BALLESTEROS GUZMÁN,DIVERSIFICADO,PRIVADO,URBANA,ABIERTA,MONOLINGUE,MATUTINA,DIARIO(REGULAR),GUATEMALA ORIENTE
00-10-0008-42,01-99-0162,CIUDAD CAPITAL,ZONA 10,COLEGIO CENTRO DE ESTUDIOS AMERICANOS,6A. AVENIDA 0-18,23316922,AURA LUCRECIA VICENTE VASQUEZ,AURA  ALEMAN ALVAREZ,PARVULOS,PRIVADO,URBANA,ABIERTA,MONOLINGUE,MATUTINA,DIARIO(REGULAR),GUATEMALA ORIENTE
00-10-0009-43,01-99-0162,CIUDAD CAPITAL,ZONA 10,COLEGIO CENTRO DE ESTUDIOS AMERICANO,6A. AVENIDA 0-18,23316922,AURA LUCRECIA VICENTE VASQUEZ,AURA  ALEMAN ALVAREZ,PRIMARIA,PRIVADO,URBANA,ABIERTA,MONOLINGUE,MATUTINA,DIARIO(REGULAR),GUATEMALA ORIENTE
00-10-0010-45,01-99-0162,CIUDAD CAPITAL,ZONA 10,COLEGIO CENTRO DE ESTUDIOS AMERICANO,6A. AVENIDA 0-18,23316922,AURA LUCRECIA VICENTE VASQUEZ,JOSÉ FRANCISCO BALLESTEROS GUZMÁN,BASICO,PRIVADO,URBANA,ABIERTA,MONOLINGUE,MATUTINA,DIARIO(REGULAR),GUATEMALA ORIENTE
00-10-0011-45,01-99-0161,CIUDAD CAPITAL,ZONA 10,INEB DE TELESECUNDARIA,17 CALLE 21-18,52926067,GEOFFERY ANTONIO CU PEREZ,WENDY SUSANA MALTEZ PEREZ,BASICO,OFICIAL,URBANA,ABIERTA,MONOLINGUE,VESPERTINA,DIARIO(REGULAR),GUATEMALA ORIENTE
00-10-0012-45,01-503,CIUDAD CAPITAL,ZONA 10,CENTRO ESCOLAR ALTAMIRA,13 AVENIDA 15-84,57657930,NANCY CAROLINA NAVAS GONZÁLEZ,MARTA OLGA MONTERROSO NUÑEZ,BASICO,PRIVADO,URBANA,CERRADA DEFINITIVAMENTE,MONOLINGUE,MATUTINA,DIARIO(REGULAR),GUATEMALA ORIENTE
00-10-0013-42,01-503,CIUDAD CAPITAL,ZONA 10,CENTRO ESCOLAR ALTAMIRA,13 AVENIDA 15-84,23664375,NANCY CAROLINA NAVAS GONZÁLEZ,CHRISTA AYLLEEN ALBUREZ CEBALLOS,PARVULOS,PRIVADO,URBANA,CERRADA TEMPORALMENTE,MONOLINGUE,MATUTINA,DIARIO(REGULAR),GUATEMALA ORIENTE
00-10-0014-45,01-99-0162,CIUDAD CAPITAL,ZONA 10,COLEGIO LA ACADEMIA,13 CALLE 6-91,23323279,AURA LUCRECIA VICENTE VASQUEZ,MARILYN TATIANA SALGUERO ROLDAN,BASICO,PRIVADO,URBANA,ABIERTA,MONOLINGUE,MATUTINA,DIARIO(REGULAR),GUATEMALA ORIENTE
00-10-0015-46,01-99-0162,CIUDAD CAPITAL,ZONA 10,COLEGIO LA ACADEMIA,13 CALLE 6-91,23323279,AURA LUCRECIA VICENTE VASQUEZ,MARILYN TATIANA SALGUERO ROLDAN,DIVERSIFICADO,PRIVADO,URBANA,ABIERTA,MONOLINGUE,MATUTINA,DIARIO(REGULAR),GUATEMALA ORIENTE
00-10-0016-43,01-503,CIUDAD CAPITAL,ZONA 10,CENTRO ESCOLAR ALTAMIRA,15 CALLE 13-50,23643531,NANCY CAROLINA NAVAS GONZÁLEZ,DARLING EUNICE MORALES CEDILLOS,PRIMARIA,PRIVADO,URBANA,CERRADA TEMPORALMENTE,MONOLINGUE,MATUTINA,DIARIO(REGULAR),GUATEMALA ORIENTE
00-10-0017-45,01-503,CIUDAD CAPITAL,ZONA 10,COLEGIO TECNOLOGICO CREATIVO LOS PROCERES,6A. AVENIDA 16-76,23667821,NANCY CAROLINA NAVAS GONZÁLEZ,JUSTO MANUEL ESTRADA VALDEZ,BASICO,PRIVADO,URBANA,CERRADA TEMPORALMENTE,MONOLINGUE,MATUTINA,DIARIO(REGULAR),GUATEMALA ORIENTE
00-10-0018-46,01-503,CIUDAD CAPITAL,ZONA 10,ESCUELA LA SAGRADA FAMILIA,15 CALE 21-79,23671770,NANCY CAROLINA NAVAS GONZÁLEZ,AURA MARINA IXTECOC VINO,DIVERSIFICADO,PRIVADO,URBANA,CERRADA DEFINITIVAMENTE,MONOLINGUE,MATUTINA,DIARIO(REGULAR),GUATEMALA ORIENTE
00-10-0019-44,01-102,CIUDAD CAPITAL,ZONA 10,CENTRO DE EDUCACION EXTRAESCOLAR -PEAC-,3A. CALLE A 1-58,22672843,ZIZI ARELY LOPEZ CHINCHILLA,MARIA JANETH SILVA CIFUENTES,PRIMARIA DE ADULTOS,OFICIAL,URBANA,CERRADA TEMPORALMENTE,MONOLINGUE,DOBLE,A DISTANCIA,GUATEMALA ORIENTE
00-10-0020-44,01-110,CIUDAD CAPITAL,ZONA 10,CENTRO DE EDUCACION EXTRAESCOLAR -PEAC-,3A. CALLE A 1-58,22672843,ZUHILEM YESENIA ESTRADA ORTIZ,MARIA JANETH SILVA CIFUENTES,PRIMARIA DE ADULTOS,OFICIAL,URBANA,CERRADA TEMPORALMENTE,MONOLINGUE,DOBLE,DIARIO(REGULAR),GUATEMALA ORIENTE
00-10-0021-44,01-99-0162,CIUDAD CAPITAL,ZONA 10,CENTRO DE EDUCACION EXTRAESCOLAR -PEAC-,"3A. CALLE ""A"" 1-58",23758282,AURA LUCRECIA VICENTE VASQUEZ,SILVIA EUGENIA VALDEZ MONTERROSO,PRIMARIA DE ADULTOS,OFICIAL,URBANA,ABIERTA,MONOLINGUE,DOBLE,FIN DE SEMANA,GUATEMALA ORIENTE
00-10-0022-46,01-630,CIUDAD CAPITAL,ZONA 10,COLEGIO BELMONT,ZONA 10,,LUZ ANTONIA POCON CARRILLO,-------------,DIVERSIFICADO,PRIVADO,URBANA,CERRADA DEFINITIVAMENTE,MONOLINGUE,MATUTINA,DIARIO(REGULAR),GUATEMALA ORIENTE
00-10-0023-42,01-99-0162,CIUDAD CAPITAL,ZONA 10,EODP ANEXA A EOUM NO.20 JOSE ANTONIO SALAZAR,14 AVENIDA 18-19,48442733,AURA LUCRECIA VICENTE VASQUEZ,VILMA MARLENE HERNÁNDEZ LÓPEZ,PARVULOS,OFICIAL,URBANA,ABIERTA,MONOLINGUE,MATUTINA,DIARIO(REGULAR),GUATEMALA ORIENTE
00-10-0024-45,01-99-0162,CIUDAD CAPITAL,ZONA 10,INSTITUTO PRIVADO MIXTO OCUPACIONAL EXPERIMENTAL CAMPERO,1A. AVENIDA 9-23 ZONA 10,22699550,AURA LUCRECIA VICENTE VASQUEZ,ANNABELLA  CORDÓN CAMPOS,BASICO,PRIVADO,URBANA,ABIERTA,MONOLINGUE,MATUTINA,DIARIO(REGULAR),GUATEMALA ORIENTE
00-10-0025-45,01-405,CIUDAD CAPITAL,ZONA 10,INSTITUTO PRIVADO MIXTO OCUPACIONAL EXPERIMENTAL CAMPERO,1A. AVENIDA 9-23,24230660,BLANCA SARAI GUTIERREZ PINEDA,ANNABELLA  CORDÓN CAMPOS,BASICO,PRIVADO,URBANA,CERRADA DEFINITIVAMENTE,MONOLINGUE,INTERMEDIA,DIARIO(REGULAR),GUATEMALA ORIENTE
00-10-0026-46,01-99-0162,CIUDAD CAPITAL,ZONA 10,INSTITUTO PRIVADO MIXTO OCUPACIONAL EXPERIMENTAL CAMPERO,1A. AVENIDA 9-23,22699550,AURA LUCRECIA VICENTE VASQUEZ,ANNABELLA  CORDÓN CAMPOS,DIVERSIFICADO,PRIVADO,URBANA,ABIERTA,MONOLINGUE,MATUTINA,DIARIO(REGULAR),GUATEMALA ORIENTE
00-10-0027-46,01-405,CIUDAD CAPITAL,ZONA 10,INSTITUTO PRIVADO MIXTO OCUPACIONAL EXPERIMENTAL CAMPERO,1A. AVENIDA 9-23,22699550,BLANCA SARAI GUTIERREZ PINEDA,ANNABELLA  CORDÓN CAMPOS,DIVERSIFICADO,PRIVADO,URBANA,CERRADA DEFINITIVAMENTE,MONOLINGUE,INTERMEDIA,DIARIO(REGULAR),GUATEMALA ORIENTE
00-10-0028-43,01-503,CIUDAD CAPITAL,ZONA 10,COLEGIO MIXTO LA COLINA ENCANTADA,11 AVENIDA 15-61,23373652,NANCY CAROLINA NAVAS GONZÁLEZ,RITA MAGALI ARCHILA CRUZ,PRIMARIA,PRIVADO,URBANA,CERRADA DEFINITIVAMENTE,MONOLINGUE,MATUTINA,DIARIO(REGULAR),GUATEMALA ORIENTE
00-10-0029-42,01-503,CIUDAD CAPITAL,ZONA 10,COLEGIO APRENDO PRE-ESCOLAR,"18 AVENIDA ""A"" 20-23",23682443,NANCY CAROLINA NAVAS GONZÁLEZ,MARIA ISABEL FERNANDEZ PORRES,PARVULOS,PRIVADO,URBANA,CERRADA TEMPORALMENTE,MONOLINGUE,MATUTINA,DIARIO(REGULAR),GUATEMALA ORIENTE
00-10-0030-42,01-503,CIUDAD CAPITAL,ZONA 10,EODP,"15 CALLE ""A"" 10-55",22066767,NANCY CAROLINA NAVAS GONZÁLEZ,GLADYS JOHANNA CIGARROA,PARVULOS,OFICIAL,URBANA,CERRADA TEMPORALMENTE,MONOLINGUE,DOBLE,DIARIO(REGULAR),GUATEMALA ORIENTE
00-10-0031-46,01-503,CIUDAD CAPITAL,ZONA 10,COLEGIO NACIONAL AMERICANO (NATIONAL AMERICAN SCHOOL),ZONA 10,23758282,NANCY CAROLINA NAVAS GONZÁLEZ,----------,DIVERSIFICADO,PRIVADO,URBANA,CERRADA TEMPORALMENTE,MONOLINGUE,MATUTINA,DIARIO(REGULAR),GUATEMALA ORIENTE
00-10-0032-45,01-503,CIUDAD CAPITAL,ZONA 10,CENTRO ESCOLAR ALTAMIRA,15 CALLE 13-50,25062655,NANCY CAROLINA NAVAS GONZÁLEZ,ALBA MARICELA JOR PORTILLO,BASICO,PRIVADO,URBANA,CERRADA TEMPORALMENTE,MONOLINGUE,MATUTINA,DIARIO(REGULAR),GUATEMALA ORIENTE
00-10-0033-46,01-503,CIUDAD CAPITAL,ZONA 10,ESCUELA POLITÉCNICA,3A. CALLE 1-58,23758282,NANCY CAROLINA NAVAS GONZÁLEZ,DORIS ZUNÚN CARRERA,DIVERSIFICADO,OFICIAL,URBANA,CERRADA DEFINITIVAMENTE,MONOLINGUE,DOBLE,DIARIO(REGULAR),GUATEMALA ORIENTE
00-10-0034-45,01-99-0162,CIUDAD CAPITAL,ZONA 10,"CENTRO EDUCATIVO PARA NIÑOS CON DISCAPACIDAD VISUAL ""SANTA LUCIA"", DEL BENEMERITO COMITÉ PRO-CIEGOS Y SORDOS DE GUATEMALA","2A. CALLE ""A"" 9-00",41019528,AURA LUCRECIA VICENTE VASQUEZ,SILVIA XIMENA AGUILAR YAX,BASICO,PRIVADO,URBANA,ABIERTA,MONOLINGUE,MATUTINA,DIARIO(REGULAR),GUATEMALA ORIENTE
00-10-0035-42,01-99-0162,CIUDAD CAPITAL,ZONA 10,COLEGIO ALTAMIRA,13 CALLE 6-24 ZONA 10 CIUDAD DE GUATEMALA,59464229,AURA LUCRECIA VICENTE VASQUEZ,MARIANNA  MÖNKEMÜLLER KIEHNLE,PARVULOS,PRIVADO,URBANA,ABIERTA,MONOLINGUE,MATUTINA,DIARIO(REGULAR),GUATEMALA ORIENTE
00-10-0036-43,01-99-0162,CIUDAD CAPITAL,ZONA 10,COLEGIO ALTAMIRA,13 CALLE 6-24 ZONA 10 CIUDAD DE GUATEMALA,59464229,AURA LUCRECIA VICENTE VASQUEZ,ALBA MARICELA JOR PORTILLO,PRIMARIA,PRIVADO,URBANA,ABIERTA,MONOLINGUE,MATUTINA,DIARIO(REGULAR),GUATEMALA ORIENTE
00-10-0037-45,01-99-0162,CIUDAD CAPITAL,ZONA 10,COLEGIO ALTAMIRA,13 CALLE 6-24 ZONA 10 CIUDAD DE GUATEMALA,59464229,AURA LUCRECIA VICENTE VASQUEZ,ALBA MARICELA JOR PORTILLO,BASICO,PRIVADO,URBANA,ABIERTA,MONOLINGUE,MATUTINA,DIARIO(REGULAR),GUATEMALA ORIENTE
00-10-0038-46,01-99-0162,CIUDAD CAPITAL,ZONA 10,COLEGIO ALTAMIRA,13 CALLE 6-24 ZONA 10 CIUDAD DE GUATEMALA,59464229,AURA LUCRECIA VICENTE VASQUEZ,ALBA MARICELA JOR PORTILLO,DIVERSIFICADO,PRIVADO,URBANA,ABIERTA,MONOLINGUE,MATUTINA,DIARIO(REGULAR),GUATEMALA ORIENTE
00-10-0039-45,01-501,CIUDAD CAPITAL,ZONA 10,COLEGIO HOMESCHOOL AT MY TIME,AVENIDA LAS AMERICAS 8-42 Z.13 CONDOMINIO AMERICAS 10 NIVEL OFICINA 1105. CIUDAD,30318928,JULIO JACOBO GIL URBINA,MÉLIDA ANTONIA MEJÍA GONZÁLEZ,BASICO,PRIVADO,URBANA,CERRADA TEMPORALMENTE,MONOLINGUE,VESPERTINA,A DISTANCIA,GUATEMALA ORIENTE
00-10-0040-45,01-99-0162,CIUDAD CAPITAL,ZONA 10,INSTITUTO PRIVADO MIXTO OCUPACIONAL EXPERIMENTAL CAMPERO,1A. AVENIDA 9-23,22699550,AURA LUCRECIA VICENTE VASQUEZ,ANNABELLA  CORDÓN CAMPOS,BASICO,PRIVADO,URBANA,ABIERTA,MONOLINGUE,SIN JORNADA,SEMIPRESENCIAL (DOS DÍAS A LA SEMANA),GUATEMALA ORIENTE
00-10-0041-46,01-99-0162,CIUDAD CAPITAL,ZONA 10,INSTITUTO PRIVADO MIXTO OCUPACIONAL EXPERIMENTAL CAMPERO,1A. AVENIDA 9-23,22699550,AURA LUCRECIA VICENTE VASQUEZ,ANNABELLA  CORDÓN CAMPOS,DIVERSIFICADO,PRIVADO,URBANA,ABIERTA,MONOLINGUE,SIN JORNADA,SEMIPRESENCIAL (DOS DÍAS A LA SEMANA),GUATEMALA ORIENTE
00-10-0042-42,01-99-0162,CIUDAD CAPITAL,ZONA 10,COLEGIO MAO PRESCHOOL ZONA 10,6A. AVENIDA 16-24,55165727,AURA LUCRECIA VICENTE VASQUEZ,CANDICE EPIFANIA CONTRERAS SANTOS,PARVULOS,PRIVADO,URBANA,ABIERTA,MONOLINGUE,MATUTINA,DIARIO(REGULAR),GUATEMALA ORIENTE
00-10-0043-42,01-99-0162,CIUDAD CAPITAL,ZONA 10,HAN AL INTERNACIONAL,15 CALLE 3-16,23140101,AURA LUCRECIA VICENTE VASQUEZ,ERICKA MARIBEL SOLARES AGUILAR,PARVULOS,PRIVADO,URBANA,ABIERTA,BILINGUE,MATUTINA,DIARIO(REGULAR),GUATEMALA ORIENTE
00-10-0044-43,01-99-0162,CIUDAD CAPITAL,ZONA 10,HAN AL INTERNACIONAL,15 CALLE 3-16,23140101,AURA LUCRECIA VICENTE VASQUEZ,BRENDA LIGIA ZIMERI GIRÓN,PRIMARIA,PRIVADO,URBANA,ABIERTA,BILINGUE,MATUTINA,DIARIO(REGULAR),GUATEMALA ORIENTE
00-10-0045-45,01-99-0162,CIUDAD CAPITAL,ZONA 10,HAN AL INTERNACIONAL,15 CALLE 3-16,23140101,AURA LUCRECIA VICENTE VASQUEZ,BRENDA LIGIA ZIMERI GIRÓN,BASICO,PRIVADO,URBANA,ABIERTA,BILINGUE,MATUTINA,DIARIO(REGULAR),GUATEMALA ORIENTE
00-10-0046-46,01-99-0162,CIUDAD CAPITAL,ZONA 10,HAN AL INTERNACIONAL,15 CALLE 3-16,23140101,AURA LUCRECIA VICENTE VASQUEZ,BRENDA LIGIA ZIMERI GIRÓN,DIVERSIFICADO,PRIVADO,URBANA,ABIERTA,BILINGUE,MATUTINA,DIARIO(REGULAR),GUATEMALA ORIENTE
00-10-0047-45,01-405,CIUDAD CAPITAL,ZONA 10,COLEGIO VANGUARDIA GLOBAL,13 CALLE 6-91,41224636,BLANCA SARAI GUTIERREZ PINEDA,MÁRILYN TATIANA SALGUERO ROLDÁN,BASICO,PRIVADO,URBANA,ABIERTA,MONOLINGUE,SIN JORNADA,A DISTANCIA,GUATEMALA ORIENTE
00-10-0048-46,01-405,CIUDAD CAPITAL,ZONA 10,COLEGIO VANGUARDIA GLOBAL,13 CALLE 6-91,41224636,BLANCA SARAI GUTIERREZ PINEDA,MÁRILYN TATIANA SALGUERO ROLDÁN,DIVERSIFICADO,PRIVADO,URBANA,ABIERTA,MONOLINGUE,SIN JORNADA,A DISTANCIA,GUATEMALA ORIENTE
00-10-0049-40,01-99-0162,CIUDAD CAPITAL,ZONA 10,CENTRO DE ATENCIÓN INTEGRAL INFANTIL DEL MINEDUC KOTZ ´I´J.,7A. CALLE 1-35 ZONA 10,46757223,AURA LUCRECIA VICENTE VASQUEZ,MARIA ESTHER VASQUEZ GOUBAUD,INICIAL,OFICIAL,URBANA,ABIERTA,MONOLINGUE,SIN JORNADA,DIARIO(REGULAR),GUATEMALA ORIENTE
00-10-0696-42,01-99-0162,CIUDAD CAPITAL,ZONA 10,EODP NO.25 ALBERTO VELASQUEZ,17 CALLE 9-09,22287561,AURA LUCRECIA VICENTE VASQUEZ,MARIA MAGDALENA MARROQUIN FLORES,PARVULOS,OFICIAL,URBANA,ABIERTA,MONOLINGUE,MATUTINA,DIARIO(REGULAR),GUATEMALA ORIENTE
00-10-0697-42,01-99-0162,CIUDAD CAPITAL,ZONA 10,EODP NO.18 TULA ORTEGA,14 AVENIDA 18-19 ZONA 10 CIUDAD DE GUATEMALA,23681631,AURA LUCRECIA VICENTE VASQUEZ,HERLINDA LARISA MEZA BARILLAS,PARVULOS,OFICIAL,URBANA,ABIERTA,MONOLINGUE,MATUTINA,DIARIO(REGULAR),GUATEMALA ORIENTE
00-10-0698-42,01-503,CIUDAD CAPITAL,ZONA 10,EODP ANEXA A EOUM NO.53 'REPUBLICA DE FRANCIA',2A AVE. 7-69,23320812,NANCY CAROLINA NAVAS GONZÁLEZ,,PARVULOS,OFICIAL,URBANA,CERRADA TEMPORALMENTE,MONOLINGUE,MATUTINA,DIARIO(REGULAR),GUATEMALA ORIENTE
00-10-0699-42,,CIUDAD CAPITAL,ZONA 10,COLEGIO 'FREEMONT',2A CALLE 'A' 9-01,,,,PARVULOS,PRIVADO,URBANA,CERRADA DEFINITIVAMENTE,MONOLINGUE,MATUTINA,DIARIO(REGULAR),GUATEMALA ORIENTE
00-10-0701-42,,CIUDAD CAPITAL,ZONA 10,COLEGIO 'GUATEMALTECO INTEGRAL LOS ALAMOS',4A CALLE 4-39,,,,PARVULOS,PRIVADO,URBANA,CERRADA DEFINITIVAMENTE,MONOLINGUE,MATUTINA,DIARIO(REGULAR),GUATEMALA ORIENTE
00-10-0702-42,01-99-0162,CIUDAD CAPITAL,ZONA 10,'LAS ABEJITAS',10 AVE. 15-60,23680426,AURA LUCRECIA VICENTE VASQUEZ,ANA GRACIELA SCHMID ORTIZ,PARVULOS,PRIVADO,URBANA,ABIERTA,MONOLINGUE,MATUTINA,DIARIO(REGULAR),GUATEMALA ORIENTE
00-10-0703-42,,CIUDAD CAPITAL,ZONA 10,COLEGIO BILINGUE 'KREARTE',18 CALLE 21-55,,,,PARVULOS,PRIVADO,URBANA,CERRADA DEFINITIVAMENTE,MONOLINGUE,MATUTINA,DIARIO(REGULAR),GUATEMALA ORIENTE
00-10-0705-42,,CIUDAD CAPITAL,ZONA 10,EPDP ANEXA A COLEGIO 'NALEB',KM. 16.5 CARRETERA A EL SALVADOR LADO IZQUIERDO DE FABRICA OLMECA,66341702,,,PARVULOS,PRIVADO,URBANA,CERRADA DEFINITIVAMENTE,MONOLINGUE,MATUTINA,DIARIO(REGULAR),GUATEMALA ORIENTE
00-10-0706-42,01-503,CIUDAD CAPITAL,ZONA 10,"COLEGIO MIXTO "" LOS ANGELES """,13 CALLE 11-70,23682450,NANCY CAROLINA NAVAS GONZÁLEZ,ANA GUISELA VALDEZ BOLAÑOS,PARVULOS,PRIVADO,URBANA,CERRADA TEMPORALMENTE,MONOLINGUE,MATUTINA,DIARIO(REGULAR),GUATEMALA ORIENTE
00-10-0707-42,,CIUDAD CAPITAL,ZONA 10,EPDP 'JARDIN INFANTIL JEAN PIAGGET',6A AVE. 11-39,,,,PARVULOS,PRIVADO,URBANA,CERRADA DEFINITIVAMENTE,MONOLINGUE,MATUTINA,DIARIO(REGULAR),GUATEMALA ORIENTE
00-10-0708-42,,CIUDAD CAPITAL,ZONA 10,EPDP ANEXA A 'LICEO SECRETARIAL BILINGUE',20 CALLE 26-30,,,,PARVULOS,PRIVADO,URBANA,CERRADA DEFINITIVAMENTE,MONOLINGUE,MATUTINA,DIARIO(REGULAR),GUATEMALA ORIENTE
00-10-0709-42,,CIUDAD CAPITAL,ZONA 10,EPDP ANEXA A 'JARDIN INFANTIL MIS PATITOS',15 AVE. 16-20,,,,PARVULOS,PRIVADO,URBANA,CERRADA DEFINITIVAMENTE,MONOLINGUE,MATUTINA,DIARIO(REGULAR),GUATEMALA ORIENTE
00-10-0710-42,01-99-0162,CIUDAD CAPITAL,ZONA 10,"CENTRO EDUCATIVO PARA NIÑOS CON DISCAPACIDAD VISUAL ""SANTA LUCÍA"" DEL BENEMÉRITO COMITÉ PRO CIEGOS Y SORDOS DE GUATEMALA","2ª. CALLE ""A"" 9-00",23314424,AURA LUCRECIA VICENTE VASQUEZ,DEBORA CATALINA CHIAL GONZALEZ,PARVULOS,PRIVADO,URBANA,ABIERTA,MONOLINGUE,MATUTINA,DIARIO(REGULAR),GUATEMALA ORIENTE
00-10-0711-42,01-503,CIUDAD CAPITAL,ZONA 10,EPDP ANEXA A COLEGIO 'SUIZO AMERICANO',"DIAGONAL 6, 11-97",3609888  3321294,NANCY CAROLINA NAVAS GONZÁLEZ,,PARVULOS,PRIVADO,URBANA,CERRADA DEFINITIVAMENTE,MONOLINGUE,MATUTINA,DIARIO(REGULAR),GUATEMALA ORIENTE
00-10-0713-42,,CIUDAD CAPITAL,ZONA 10,EPDP ANEXA A COLEGIO MIXTO BILINGUE 'SANTA CLARA MARIA',7A AVE. 15-43,,,,PARVULOS,PRIVADO,URBANA,CERRADA DEFINITIVAMENTE,MONOLINGUE,MATUTINA,DIARIO(REGULAR),GUATEMALA ORIENTE
00-10-0714-42,01-99-0162,CIUDAD CAPITAL,ZONA 10,ESCUELA LA SAGRADA FAMILIA,15 CALLE 21-79,23671770,AURA LUCRECIA VICENTE VASQUEZ,MARIA LUCINA MANSILLA HERRERA,PARVULOS,PRIVADO,URBANA,ABIERTA,MONOLINGUE,MATUTINA,DIARIO(REGULAR),GUATEMALA ORIENTE
00-10-0715-42,,CIUDAD CAPITAL,ZONA 10,EPDP ANEXA A COLEGIO 'VON HUMBOLDT',13 CALLE 6-91,,,,PARVULOS,PRIVADO,URBANA,CERRADA DEFINITIVAMENTE,MONOLINGUE,MATUTINA,DIARIO(REGULAR),GUATEMALA ORIENTE
00-10-0716-42,,CIUDAD CAPITAL,ZONA 10,EPDP ANEXA A INSTITUTO EXPERIMENTAL 'FEDERICO VON HAYEK',2A AVE. 2-37,,,,PARVULOS,PRIVADO,URBANA,CERRADA TEMPORALMENTE,MONOLINGUE,MATUTINA,DIARIO(REGULAR),GUATEMALA ORIENTE
00-10-0717-42,01-503,CIUDAD CAPITAL,ZONA 10,EPDP ANEXA A COLEGIO 'ALFREDO NOBEL',19 AVE. 16-60,,NANCY CAROLINA NAVAS GONZÁLEZ,,PARVULOS,PRIVADO,URBANA,CERRADA DEFINITIVAMENTE,MONOLINGUE,MATUTINA,DIARIO(REGULAR),GUATEMALA ORIENTE
00-10-0718-42,,CIUDAD CAPITAL,ZONA 10,EPDP ANEXA A COLEGIO 'CENTRO BILINGUE AMERICANO' (A.B.C.),7A CALLE 4-76,,,,PARVULOS,PRIVADO,URBANA,CERRADA DEFINITIVAMENTE,MONOLINGUE,MATUTINA,DIARIO(REGULAR),GUATEMALA ORIENTE
00-10-0719-42,01-99-0162,CIUDAD CAPITAL,ZONA 10,COLEGIO LA ASUNCION,"7A AVENIDA 11-55, INTERIOR FINCA LAS MARGARITAS",23889500,AURA LUCRECIA VICENTE VASQUEZ,DAYRIN MARGOTH CASTAÑEDA VICENTE,PARVULOS,PRIVADO,URBANA,ABIERTA,MONOLINGUE,MATUTINA,DIARIO(REGULAR),GUATEMALA ORIENTE
00-10-0720-42,01-99-0162,CIUDAD CAPITAL,ZONA 10,'COLEGIO MONTESSORI DE GUATEMALA',1A AVE. 3-55,23322911,AURA LUCRECIA VICENTE VASQUEZ,ANA PAULINA LUNA YAQUIAN,PARVULOS,PRIVADO,URBANA,ABIERTA,MONOLINGUE,MATUTINA,DIARIO(REGULAR),GUATEMALA ORIENTE
00-10-0721-42,01-503,CIUDAD CAPITAL,ZONA 10,ANEXA A COLEGIO 'EL PUENTE',11 AVENIDA 14-31 OAKLAND,23680906,NANCY CAROLINA NAVAS GONZÁLEZ,,PARVULOS,PRIVADO,URBANA,CERRADA TEMPORALMENTE,MONOLINGUE,MATUTINA,DIARIO(REGULAR),GUATEMALA ORIENTE
00-10-0722-42,01-503,CIUDAD CAPITAL,ZONA 10,EPDP ANEXA A COLEGIO 'LOS ARCOS',10 CALLE 2-68,23318851,NANCY CAROLINA NAVAS GONZÁLEZ,,PARVULOS,PRIVADO,URBANA,CERRADA TEMPORALMENTE,MONOLINGUE,MATUTINA,DIARIO(REGULAR),GUATEMALA ORIENTE
00-10-0723-42,,CIUDAD CAPITAL,ZONA 10,EPDP ANEXA A COLEGIO 'PIERMOUNT',13 CALLE 'A' 7-19,,,,PARVULOS,PRIVADO,URBANA,CERRADA DEFINITIVAMENTE,MONOLINGUE,MATUTINA,DIARIO(REGULAR),GUATEMALA ORIENTE
00-10-0724-42,,CIUDAD CAPITAL,ZONA 10,EPDP ANEXA A COLEGIO INTERNACIONAL 'MONTESSORI',20 CALLE 3-64,,,,PARVULOS,PRIVADO,URBANA,CERRADA DEFINITIVAMENTE,MONOLINGUE,MATUTINA,DIARIO(REGULAR),GUATEMALA ORIENTE
00-10-0725-42,,CIUDAD CAPITAL,ZONA 10,EPDP ANEXA A COLEGIO BILINGUE 'RAKBE',10A CALLE 5-37,,,,PARVULOS,PRIVADO,URBANA,CERRADA DEFINITIVAMENTE,MONOLINGUE,MATUTINA,DIARIO(REGULAR),GUATEMALA ORIENTE
00-10-0726-43,01-99-0162,CIUDAD CAPITAL,ZONA 10,EOUV JOSE VASCONCELOS,6A CALLE 4-50,44650694,AURA LUCRECIA VICENTE VASQUEZ,ROSENDA SARA MORALES MAZA,PRIMARIA,OFICIAL,URBANA,ABIERTA,MONOLINGUE,MATUTINA,DIARIO(REGULAR),GUATEMALA ORIENTE
00-10-0727-43,01-99-0162,CIUDAD CAPITAL,ZONA 10,EOUV NO.25 JOSE MARIA VELA IRRISARI,17 CALLE 21-18,59709212,AURA LUCRECIA VICENTE VASQUEZ,CONNIE ROCIO CERIN MARTINEZ,PRIMARIA,OFICIAL,URBANA,ABIERTA,MONOLINGUE,MATUTINA,DIARIO(REGULAR),GUATEMALA ORIENTE
00-10-0728-43,01-99-0162,CIUDAD CAPITAL,ZONA 10,"EOUM NO.19 ""FRANCISCO MORAZAN""",14 AVENIDA 18-19 ZONA 10 GUATEMALA,55143314,AURA LUCRECIA VICENTE VASQUEZ,AURA MARIBEL CORPEÑO JUÁREZ,PRIMARIA,OFICIAL,URBANA,ABIERTA,MONOLINGUE,VESPERTINA,DIARIO(REGULAR),GUATEMALA ORIENTE
00-10-0729-43,01-99-0162,CIUDAD CAPITAL,ZONA 10,EOUM NO.20 'JOSE ANTONIO SALAZAR',14 AVENIDA 18-19,48442733,AURA LUCRECIA VICENTE VASQUEZ,VILMA MARLENE HERNÁNDEZ LÓPEZ,PRIMARIA,OFICIAL,URBANA,ABIERTA,MONOLINGUE,MATUTINA,DIARIO(REGULAR),GUATEMALA ORIENTE
00-10-0731-43,01-99-0162,CIUDAD CAPITAL,ZONA 10,EOUM NO.53  REPUBLICA DE FRANCIA,2A AVE. 7-69,30595787,AURA LUCRECIA VICENTE VASQUEZ,EDWIN ESTUARDO CONTRERAS LÓPEZ,PRIMARIA,OFICIAL,URBANA,ABIERTA,MONOLINGUE,MATUTINA,DIARIO(REGULAR),GUATEMALA ORIENTE
00-10-0732-43,01-99-0162,CIUDAD CAPITAL,ZONA 10,"CENTRO EDUCATIVO PARA NIÑOS CON DISCAPACIDAD VISUAL ""SANTA LUCÍA"" DEL BENEMÉRITO COMITÉ PRO CIEGOS Y SORDOS DE GUATEMALA","2ª. CALLE ""A"" 9-00",23314424,AURA LUCRECIA VICENTE VASQUEZ,SILVIA XIMENA AGUILAR YAX,PRIMARIA,PRIVADO,URBANA,ABIERTA,MONOLINGUE,MATUTINA,DIARIO(REGULAR),GUATEMALA ORIENTE
00-10-0733-43,01-99-0162,CIUDAD CAPITAL,ZONA 10,EOUM NO.25 'CONCEPCION SARAVIA',6A AVENIDA (AVENIDA BARRANQUILLA)  3-66,23618202,AURA LUCRECIA VICENTE VASQUEZ,MARTA OFELIA PELLECER Y PELLECER,PRIMARIA,OFICIAL,URBANA,ABIERTA,MONOLINGUE,MATUTINA,DIARIO(REGULAR),GUATEMALA ORIENTE
00-10-0735-43,01-503,CIUDAD CAPITAL,ZONA 10,COLEGIO AMIGO DE LOS NIÑOS 'MI CASA',6A AVE. 13-05,23682041,NANCY CAROLINA NAVAS GONZÁLEZ,,PRIMARIA,PRIVADO,URBANA,CERRADA TEMPORALMENTE,MONOLINGUE,DOBLE,DIARIO(REGULAR),GUATEMALA ORIENTE
00-10-0736-43,,CIUDAD CAPITAL,ZONA 10,LICEO 'SECRETARIAL BILINGUE',20 CALLE 26-30 ZONA 10,,,,PRIMARIA,PRIVADO,URBANA,CERRADA DEFINITIVAMENTE,MONOLINGUE,MATUTINA,DIARIO(REGULAR),GUATEMALA ORIENTE
00-10-0737-43,01-99-0162,CIUDAD CAPITAL,ZONA 10,COLEGIO LA ASUNCION,"7A AVENIDA 11-55, INTERIOR FINCA MARGARITAS",23889500,AURA LUCRECIA VICENTE VASQUEZ,ANA LUCÍA ESPINOZA BARRERA,PRIMARIA,PRIVADO,URBANA,ABIERTA,MONOLINGUE,MATUTINA,DIARIO(REGULAR),GUATEMALA ORIENTE
00-10-0738-43,,CIUDAD CAPITAL,ZONA 10,COLEGIO 'WHITMAN',13 CALLE 7-74 ZONA 10,,,,PRIMARIA,PRIVADO,URBANA,CERRADA DEFINITIVAMENTE,MONOLINGUE,MATUTINA,DIARIO(REGULAR),GUATEMALA ORIENTE
00-10-0739-43,01-99-0162,CIUDAD CAPITAL,ZONA 10,ESCUELA LA SAGRADA FAMILIA,15 CALLE 21-79,23671770,AURA LUCRECIA VICENTE VASQUEZ,AURA MARINA IXTECOC VINO,PRIMARIA,PRIVADO,URBANA,ABIERTA,MONOLINGUE,MATUTINA,DIARIO(REGULAR),GUATEMALA ORIENTE
00-10-0740-43,,CIUDAD CAPITAL,ZONA 10,COLEGIO BILINGUE 'RAKBE',10A CALLE 5-37 ZONA 10,,,,PRIMARIA,PRIVADO,URBANA,CERRADA DEFINITIVAMENTE,MONOLINGUE,MATUTINA,DIARIO(REGULAR),GUATEMALA ORIENTE
00-10-0740-45,,CIUDAD CAPITAL,ZONA 10,EPUM COLEGIO BILINGUE 'RAKQUE',10 CALLE 5-37 ZONA 10,,,,BASICO,PRIVADO,URBANA,CERRADA TEMPORALMENTE,MONOLINGUE,MATUTINA,DIARIO(REGULAR),GUATEMALA ORIENTE
00-10-0741-43,,CIUDAD CAPITAL,ZONA 10,INSTITUTO EXPERIMENTAL 'FEDERICO VON HAYEK',2A AVE. 2-37 ZONA 10,,,,PRIMARIA,PRIVADO,URBANA,CERRADA TEMPORALMENTE,MONOLINGUE,MATUTINA,DIARIO(REGULAR),GUATEMALA ORIENTE
00-10-0742-43,01-503,CIUDAD CAPITAL,ZONA 10,COLEGIO 'SUIZO AMERICANO',"DIAGONAL 6, 11-97",,NANCY CAROLINA NAVAS GONZÁLEZ,,PRIMARIA,PRIVADO,URBANA,CERRADA DEFINITIVAMENTE,MONOLINGUE,MATUTINA,DIARIO(REGULAR),GUATEMALA ORIENTE
00-10-0743-43,,CIUDAD CAPITAL,ZONA 10,COLEGIO 'INTERNACIONAL MONTESSORI',20 CALLE 3-64 ZONA 10,,,,PRIMARIA,PRIVADO,URBANA,CERRADA DEFINITIVAMENTE,MONOLINGUE,MATUTINA,DIARIO(REGULAR),GUATEMALA ORIENTE
00-10-0744-43,,CIUDAD CAPITAL,ZONA 10,COLEGIO 'NALEB',11 AVE. 13-02 ZONA 10,,,,PRIMARIA,PRIVADO,URBANA,CERRADA DEFINITIVAMENTE,MONOLINGUE,MATUTINA,DIARIO(REGULAR),GUATEMALA ORIENTE
00-10-0746-43,,CIUDAD CAPITAL,ZONA 10,COLEGIO 'VON HUMBOLDT',13 CALLE 6-91 ZONA 10,,,,PRIMARIA,PRIVADO,URBANA,CERRADA DEFINITIVAMENTE,MONOLINGUE,MATUTINA,DIARIO(REGULAR),GUATEMALA ORIENTE
00-10-0747-43,01-503,CIUDAD CAPITAL,ZONA 10,COLEGIO 'LOS ARCOS',10A CALLE 2-68,23312914,NANCY CAROLINA NAVAS GONZÁLEZ,,PRIMARIA,PRIVADO,URBANA,CERRADA TEMPORALMENTE,MONOLINGUE,MATUTINA,DIARIO(REGULAR),GUATEMALA ORIENTE
00-10-0748-43,,CIUDAD CAPITAL,ZONA 10,COLEGIO 'PIERMOUNT',13 CALLE 'A' 7-19 ZONA 10,,,,PRIMARIA,PRIVADO,URBANA,CERRADA DEFINITIVAMENTE,MONOLINGUE,MATUTINA,DIARIO(REGULAR),GUATEMALA ORIENTE
00-10-0749-43,01-503,CIUDAD CAPITAL,ZONA 10,COLEGIO 'EL PUENTE',"11 AVENIDA 14-31, OAKLAND",23680906,NANCY CAROLINA NAVAS GONZÁLEZ,,PRIMARIA,PRIVADO,URBANA,CERRADA TEMPORALMENTE,MONOLINGUE,MATUTINA,DIARIO(REGULAR),GUATEMALA ORIENTE
00-10-0750-43,01-503,CIUDAD CAPITAL,ZONA 10,COLEGIO 'ALFREDO NOBEL',19 AVE. 16-60 ZONA 10,23683251,NANCY CAROLINA NAVAS GONZÁLEZ,,PRIMARIA,PRIVADO,URBANA,CERRADA DEFINITIVAMENTE,MONOLINGUE,MATUTINA,DIARIO(REGULAR),GUATEMALA ORIENTE
00-10-0751-43,01-99-0162,CIUDAD CAPITAL,ZONA 10,MONTANO COLLEGE,6A AVE. 11-39,23261515,AURA LUCRECIA VICENTE VASQUEZ,AMÍLCAR EDUARDO MÓ ALVAREZ,PRIMARIA,PRIVADO,URBANA,ABIERTA,MONOLINGUE,MATUTINA,DIARIO(REGULAR),GUATEMALA ORIENTE
00-10-0753-43,,CIUDAD CAPITAL,ZONA 10,COLEGIO MIXTO BILINGUE 'SANTA CLARA MARIA',4A AVE. 10-31 ZONA 10,23626980,,,PRIMARIA,PRIVADO,URBANA,CERRADA DEFINITIVAMENTE,MONOLINGUE,MATUTINA,DIARIO(REGULAR),GUATEMALA ORIENTE
00-10-0754-43,,CIUDAD CAPITAL,ZONA 10,COLEGIO GUATEMALTECO INTEGRAL 'LOS ALAMOS',4A CALLE 4-39 ZONA 10,,,,PRIMARIA,PRIVADO,URBANA,CERRADA DEFINITIVAMENTE,MONOLINGUE,MATUTINA,DIARIO(REGULAR),GUATEMALA ORIENTE
00-10-0755-44,01-408,CIUDAD CAPITAL,ZONA 10,EOPA NO.12 'AURORA ANLEU',17 CALLE 21-18,,MANUEL MARIA CANO CASTRO,,PRIMARIA DE ADULTOS,OFICIAL,URBANA,CERRADA DEFINITIVAMENTE,MONOLINGUE,NOCTURNA,DIARIO(REGULAR),GUATEMALA ORIENTE
00-10-0756-45,,CIUDAD CAPITAL,ZONA 10,INEB PARA VARONES 'TECUN UMAN',8A. AVENIDA 31-02 ZONA 11,24423744,,,BASICO,OFICIAL,URBANA,CERRADA DEFINITIVAMENTE,MONOLINGUE,MATUTINA,DIARIO(REGULAR),GUATEMALA ORIENTE
00-10-0757-45,,CIUDAD CAPITAL,ZONA 10,INSTITUTO INDUSTRIAL CENTRAL 'GRAL. LAZARO CHACON GONZALEZ',"8A. AVE. 31-02 ZONA 11, GUATEMALA INAJU",66310202,,,BASICO,OFICIAL,URBANA,CERRADA DEFINITIVAMENTE,MONOLINGUE,VESPERTINA,DIARIO(REGULAR),GUATEMALA ORIENTE
00-10-0758-45,,CIUDAD CAPITAL,ZONA 10,INEB 'TEZULUTLAN',6A. CALLE 1-87,66310151,,,BASICO,OFICIAL,URBANA,CERRADA DEFINITIVAMENTE,MONOLINGUE,VESPERTINA,DIARIO(REGULAR),GUATEMALA ORIENTE
00-10-0759-45,01-405,CIUDAD CAPITAL,ZONA 10,INEB MANUEL JOSE ARCE LEAL,18 CALLE 14-16,,BLANCA SARAI GUTIERREZ PINEDA,JUAN FRANCISCO MEJÍA JUAREZ,BASICO,OFICIAL,URBANA,CERRADA TEMPORALMENTE,MONOLINGUE,NOCTURNA,DIARIO(REGULAR),GUATEMALA ORIENTE
00-10-0760-45,01-503,CIUDAD CAPITAL,ZONA 10,IPVB COLEGIO AMIGO DE LOS NIÑOS 'MI CASA',6A AVE. 13-05,23682041,NANCY CAROLINA NAVAS GONZÁLEZ,EMMA LUCRECIA PÉREZ CHAMALÉ,BASICO,PRIVADO,URBANA,CERRADA TEMPORALMENTE,MONOLINGUE,DOBLE,DIARIO(REGULAR),GUATEMALA ORIENTE
00-10-0761-45,,CIUDAD CAPITAL,ZONA 10,IPMB COLEGIO 'REAL AMERICANO',2A CALLE 'A' 9-01 ZONA 10,,,,BASICO,PRIVADO,URBANA,CERRADA DEFINITIVAMENTE,MONOLINGUE,MATUTINA,DIARIO(REGULAR),GUATEMALA ORIENTE
00-10-0763-45,01-406,CIUDAD CAPITAL,ZONA 10,INEB ADSCRITO A ESCUELA NACIONAL DE CIENCIAS COMERCIALES NOCTURNA '1RO. DE JULIO DE 1823',5A. CALLE 8-53 ZONA 13,23317760,MIGUEL ALVARO RODRIGUEZ PORTILLO,,BASICO,OFICIAL,URBANA,CERRADA DEFINITIVAMENTE,MONOLINGUE,NOCTURNA,DIARIO(REGULAR),GUATEMALA ORIENTE
00-10-0763-46,01-406,CIUDAD CAPITAL,ZONA 10,ESCUELA NACIONAL DE CIENCIAS COMERCIALES NOCTURNA 'PRIMERO DE JULIO DE 1823',5A. CALLE 8-53 ZONA 13 GUATEMALA,23317760,MIGUEL ALVARO RODRIGUEZ PORTILLO,,DIVERSIFICADO,OFICIAL,URBANA,CERRADA DEFINITIVAMENTE,MONOLINGUE,NOCTURNA,DIARIO(REGULAR),GUATEMALA ORIENTE
00-10-0764-45,01-99-0162,CIUDAD CAPITAL,ZONA 10,COLEGIO LA ASUNCION,"7A AVENIDA 11-55, INTERIOR FINCA LAS MARGARITAS",23889500,AURA LUCRECIA VICENTE VASQUEZ,MARIA DE LOS ANGELES TREJO SANDOVAL,BASICO,PRIVADO,URBANA,ABIERTA,MONOLINGUE,MATUTINA,DIARIO(REGULAR),GUATEMALA ORIENTE
00-10-0764-46,01-99-0162,CIUDAD CAPITAL,ZONA 10,COLEGIO LA ASUNCION,"7A AVENIDA 11-55, INTERIOR FINCA LAS MARGARITAS",23889500,AURA LUCRECIA VICENTE VASQUEZ,MARIA DE LOS ANGELES TREJO SANDOVAL,DIVERSIFICADO,PRIVADO,URBANA,ABIERTA,MONOLINGUE,MATUTINA,DIARIO(REGULAR),GUATEMALA ORIENTE
00-10-0765-45,,CIUDAD CAPITAL,ZONA 10,INSTITUTO PRIVADO PARA SEÑORITAS DE EDUCACION BASICA 'LICEO SECRETARIAL BILINGUE',20 CALLE 26-30 ZONA 10,,,,BASICO,PRIVADO,URBANA,CERRADA DEFINITIVAMENTE,MONOLINGUE,MATUTINA,DIARIO(REGULAR),GUATEMALA ORIENTE
00-10-0765-46,,CIUDAD CAPITAL,ZONA 10,INSTITUTO PRIVADO PARA SEÑORITAS DE EDUCACION DIVERSIFICADA 'LICEO SECRETARIAL BILINGUE',20 CALLE 26-30 ZONA 10,,,,DIVERSIFICADO,PRIVADO,URBANA,CERRADA DEFINITIVAMENTE,MONOLINGUE,MATUTINA,DIARIO(REGULAR),GUATEMALA ORIENTE
00-10-0766-45,,CIUDAD CAPITAL,ZONA 10,INSTITUTO PRIVADO PARA SEÑORITAS DE EDUCACION BASICA COLEGIO 'WHITMAN',13 CALLE 7-74 ZONA 10,,,,BASICO,PRIVADO,URBANA,CERRADA TEMPORALMENTE,MONOLINGUE,MATUTINA,DIARIO(REGULAR),GUATEMALA ORIENTE
00-10-0766-46,01-102,CIUDAD CAPITAL,ZONA 10,INSTITUTO PRIVADO PARA SEÑORITAS DE EDUCACION DIVERSIFICADA COLEGIO WHITMAN,13 CALLE 7-74,,ZIZI ARELY LOPEZ CHINCHILLA,SIN DATO,DIVERSIFICADO,PRIVADO,URBANA,CERRADA DEFINITIVAMENTE,MONOLINGUE,MATUTINA,DIARIO(REGULAR),GUATEMALA ORIENTE
00-10-0767-45,01-503,CIUDAD CAPITAL,ZONA 10,IPMB COLEGIO 'ALFREDO NOBEL',19 AVE. 16-60,23683251,NANCY CAROLINA NAVAS GONZÁLEZ,,BASICO,PRIVADO,URBANA,CERRADA DEFINITIVAMENTE,MONOLINGUE,MATUTINA,DIARIO(REGULAR),GUATEMALA ORIENTE
00-10-0767-46,01-503,CIUDAD CAPITAL,ZONA 10,INSTITUTO PRIVADO MIXTO DE EDUCACION DIVERSIFICADA COLEGIO ALFREDO NOBEL,19 AVE. 16-60,23683251,NANCY CAROLINA NAVAS GONZÁLEZ,SIN DATO,DIVERSIFICADO,PRIVADO,URBANA,CERRADA DEFINITIVAMENTE,MONOLINGUE,MATUTINA,DIARIO(REGULAR),GUATEMALA ORIENTE
00-10-0769-45,01-503,CIUDAD CAPITAL,ZONA 10,IPMB COLEGIO 'ARABE GUATEMALTECO',16 AVENIDA 17-65,23681394,NANCY CAROLINA NAVAS GONZÁLEZ,,BASICO,PRIVADO,URBANA,CERRADA TEMPORALMENTE,MONOLINGUE,MATUTINA,DIARIO(REGULAR),GUATEMALA ORIENTE
00-10-0769-46,01-503,CIUDAD CAPITAL,ZONA 10,INSTITUTO PRIVADO MIXTO DE EDUCACION DIVERSIFICADA COLEGIO 'ARABE GUATEMALTECO',16 AVENIDA 17-65,23681394,NANCY CAROLINA NAVAS GONZÁLEZ,SIN DATO,DIVERSIFICADO,PRIVADO,URBANA,CERRADA DEFINITIVAMENTE,MONOLINGUE,MATUTINA,DIARIO(REGULAR),GUATEMALA ORIENTE
00-10-0771-45,,CIUDAD CAPITAL,ZONA 10,COLEGIO MIXTO BILINGUE 'SANTA CLARA MARIA' (SAINT CLAIRE),"4A AVE. 10-31, ZONA 10",23626980,,,BASICO,PRIVADO,URBANA,CERRADA DEFINITIVAMENTE,MONOLINGUE,MATUTINA,DIARIO(REGULAR),GUATEMALA ORIENTE
00-10-0771-46,01-101,CIUDAD CAPITAL,ZONA 10,INSTITUTO PRIVADO MIXTO DE EDUCACION DIVERSIFICADA  SANTA CLARA MARIA  (SAINT CLAIRE),4A AVE.10-31 ZONA 10,23626980,YENI XIOMARA CRÚZ SARCEÑO,SIN DATO,DIVERSIFICADO,PRIVADO,URBANA,CERRADA DEFINITIVAMENTE,MONOLINGUE,MATUTINA,DIARIO(REGULAR),GUATEMALA ORIENTE
00-10-0772-45,,CIUDAD CAPITAL,ZONA 10,IPMB COLEGIO 'AMERICANO BILINGUE CENTRO' (A.B.C.),7A CALLE 4-76 ZONA 10,,,,BASICO,PRIVADO,URBANA,CERRADA DEFINITIVAMENTE,MONOLINGUE,MATUTINA,DIARIO(REGULAR),GUATEMALA ORIENTE
00-10-0772-46,,CIUDAD CAPITAL,ZONA 10,INSTITUTO PRIVADO MIXTO DE EDUCACION DIVERSIFICADA COLEGIO 'AMERICANO BILINGUE CENTRO' (A.B.C.),7A CALLE 4-76 ZONA 10,,,,DIVERSIFICADO,PRIVADO,URBANA,CERRADA DEFINITIVAMENTE,MONOLINGUE,MATUTINA,DIARIO(REGULAR),GUATEMALA ORIENTE
00-10-0773-45,,CIUDAD CAPITAL,ZONA 10,IPMB 'FEDERICO VON HAYEK',2A AVE. 2-37 ZONA 10,,,,BASICO,PRIVADO,URBANA,CERRADA TEMPORALMENTE,MONOLINGUE,MATUTINA,DIARIO(REGULAR),GUATEMALA ORIENTE
00-10-0773-46,01-,CIUDAD CAPITAL,ZONA 10,INSTITUTO PRIVADO MIXTO DE EDUCACION DIVERSIFICADA  FEDERICO VON HAYEK,2A AVE. 2-37 ZONA 10,,MARIA FELICITA ROQUE CARRERA,SIN DATO,DIVERSIFICADO,PRIVADO,URBANA,CERRADA TEMPORALMENTE,MONOLINGUE,MATUTINA,DIARIO(REGULAR),GUATEMALA ORIENTE
00-10-0774-45,,CIUDAD CAPITAL,ZONA 10,IPMB COLEGIO 'NALEB',11 AVE. 13-02 ZONA 10,,,,BASICO,PRIVADO,URBANA,CERRADA DEFINITIVAMENTE,MONOLINGUE,MATUTINA,DIARIO(REGULAR),GUATEMALA ORIENTE
00-10-0774-46,,CIUDAD CAPITAL,ZONA 10,INSTITUTO PRIVADO MIXTO DE EDUCACION DIVERSIFICADA COLEGIO 'NALEB',11 AVE. 13-02 ZONA 10,,,,DIVERSIFICADO,PRIVADO,URBANA,CERRADA DEFINITIVAMENTE,MONOLINGUE,MATUTINA,DIARIO(REGULAR),GUATEMALA ORIENTE
00-10-0775-45,01-99-0162,CIUDAD CAPITAL,ZONA 10,MONTANO COLLEGE,6A AVE. 11-39,23261515,AURA LUCRECIA VICENTE VASQUEZ,MARIO ROMAN AGUILAR BURGOS,BASICO,PRIVADO,URBANA,ABIERTA,MONOLINGUE,MATUTINA,DIARIO(REGULAR),GUATEMALA ORIENTE
00-10-0775-46,01-99-0162,CIUDAD CAPITAL,ZONA 10,MONTANO COLLEGE,6A AVE. 11-39,23261515,AURA LUCRECIA VICENTE VASQUEZ,MARIO ROMAN AGUILAR BURGOS,DIVERSIFICADO,PRIVADO,URBANA,ABIERTA,MONOLINGUE,MATUTINA,DIARIO(REGULAR),GUATEMALA ORIENTE
00-10-0776-45,,CIUDAD CAPITAL,ZONA 10,IPMB 'LICEO MINERVA',20 CALLE 15-08 ZONA 10,,,,BASICO,PRIVADO,URBANA,CERRADA DEFINITIVAMENTE,MONOLINGUE,MATUTINA,DIARIO(REGULAR),GUATEMALA ORIENTE
00-10-0776-46,01-102,CIUDAD CAPITAL,ZONA 10,INSTITUTO PRIVADO MIXTO DE EDUCACION DIVERSIFICADA LICEO MINERVA,20 CALLE 15-08 ZONA 10,,ZIZI ARELY LOPEZ CHINCHILLA,SIN DATOS,DIVERSIFICADO,PRIVADO,URBANA,CERRADA TEMPORALMENTE,MONOLINGUE,MATUTINA,DIARIO(REGULAR),GUATEMALA ORIENTE
00-10-0777-45,01-503,CIUDAD CAPITAL,ZONA 10,COLEGIO 'SUIZO AMERICANO',"DIAGONAL 6, 11-97",,NANCY CAROLINA NAVAS GONZÁLEZ,,BASICO,PRIVADO,URBANA,CERRADA DEFINITIVAMENTE,MONOLINGUE,MATUTINA,DIARIO(REGULAR),GUATEMALA ORIENTE
00-10-0777-46,01-503,CIUDAD CAPITAL,ZONA 10,COLEGIO 'SUIZO AMERICANO',"DIAGONAL 6, 11-97",23609888,NANCY CAROLINA NAVAS GONZÁLEZ,,DIVERSIFICADO,PRIVADO,URBANA,CERRADA DEFINITIVAMENTE,MONOLINGUE,MATUTINA,DIARIO(REGULAR),GUATEMALA ORIENTE
00-10-2166-42,,CIUDAD CAPITAL,ZONA 10,EPDP NURSERY Y 'KINDERGARDEN LOS CIPRESES',20 CALLE 'A' 6-75,,,,PARVULOS,PRIVADO,URBANA,CERRADA DEFINITIVAMENTE,MONOLINGUE,MATUTINA,DIARIO(REGULAR),GUATEMALA ORIENTE
00-10-2245-42,01-503,CIUDAD CAPITAL,ZONA 10,COLEGIO 'INFANCIA KASKARON',2A AVENIDA 0-17,23610515,NANCY CAROLINA NAVAS GONZÁLEZ,LEONOR OFELIA GONZÁLEZ CALDERÓN,PARVULOS,PRIVADO,URBANA,CERRADA TEMPORALMENTE,MONOLINGUE,MATUTINA,DIARIO(REGULAR),GUATEMALA ORIENTE
00-10-2246-42,,CIUDAD CAPITAL,ZONA 10,EPDP ANEXA A COLEGIO 'INTERNACIONAL DE GUATEMALA',3A CALLE 1-61,,,,PARVULOS,PRIVADO,URBANA,CERRADA DEFINITIVAMENTE,MONOLINGUE,MATUTINA,DIARIO(REGULAR),GUATEMALA ORIENTE
00-10-2247-42,01-508,CIUDAD CAPITAL,ZONA 10,INSTITUTO FRANCES  JULIO VERNE,18 CALLE 24-20,23372780,MANUEL MARIA CANO CASTRO,,PARVULOS,PRIVADO,URBANA,CERRADA DEFINITIVAMENTE,MONOLINGUE,VESPERTINA,DIARIO(REGULAR),GUATEMALA ORIENTE
00-10-2248-43,,CIUDAD CAPITAL,ZONA 10,COLEGIO 'FREMONT',2A CALLE 'A' 9-01 ZONA 10,,,,PRIMARIA,PRIVADO,URBANA,CERRADA DEFINITIVAMENTE,MONOLINGUE,MATUTINA,DIARIO(REGULAR),GUATEMALA ORIENTE
00-10-2249-43,,CIUDAD CAPITAL,ZONA 10,COLEGIO 'INTERNACIONAL DE GUATEMALA',3A CALLE 1-61 ZONA 10,,,,PRIMARIA,PRIVADO,URBANA,CERRADA DEFINITIVAMENTE,MONOLINGUE,MATUTINA,DIARIO(REGULAR),GUATEMALA ORIENTE
00-10-2249-45,,CIUDAD CAPITAL,ZONA 10,COLEGIO INTERNACIONAL DE GUATEMALA,13 CALLE 6-91 ZONA 10,66372762,,,BASICO,PRIVADO,URBANA,CERRADA DEFINITIVAMENTE,MONOLINGUE,MATUTINA,DIARIO(REGULAR),GUATEMALA ORIENTE
00-10-2250-43,01-508,CIUDAD CAPITAL,ZONA 10,INSTITUTO FRANCES  JULIO VERNE,18 CALLE 24-20,23372780,MANUEL MARIA CANO CASTRO,,PRIMARIA,PRIVADO,URBANA,CERRADA DEFINITIVAMENTE,MONOLINGUE,DOBLE,DIARIO(REGULAR),GUATEMALA ORIENTE
00-10-2251-45,01-99-0162,CIUDAD CAPITAL,ZONA 10,ESCUELA LA SAGRADA FAMILIA,15 CALLE 21-79,23671770,AURA LUCRECIA VICENTE VASQUEZ,AURA MARINA IXTECOC VINO,BASICO,PRIVADO,URBANA,ABIERTA,MONOLINGUE,MATUTINA,DIARIO(REGULAR),GUATEMALA ORIENTE
00-10-2252-45,01-503,CIUDAD CAPITAL,ZONA 10,IPMB 'LOS ARCOS',10 CALLE 2-68,23312914,NANCY CAROLINA NAVAS GONZÁLEZ,,BASICO,PRIVADO,URBANA,CERRADA TEMPORALMENTE,MONOLINGUE,MATUTINA,DIARIO(REGULAR),GUATEMALA ORIENTE
00-10-2253-45,01-508,CIUDAD CAPITAL,ZONA 10,INSTITUTO FRANCES  JULIO VERNE,18 CALLE 24-20,23372780,MANUEL MARIA CANO CASTRO,,BASICO,PRIVADO,URBANA,CERRADA DEFINITIVAMENTE,MONOLINGUE,DOBLE,DIARIO(REGULAR),GUATEMALA ORIENTE
00-10-2253-46,01-508,CIUDAD CAPITAL,ZONA 10,INSTITUTO FRANCES  JULIO VERNE,18 CALLE 24-20,23372780,MANUEL MARIA CANO CASTRO,EUGENIA REICHE CAAL,DIVERSIFICADO,PRIVADO,URBANA,CERRADA DEFINITIVAMENTE,MONOLINGUE,DOBLE,DIARIO(REGULAR),GUATEMALA ORIENTE
00-10-2388-42,,CIUDAD CAPITAL,ZONA 10,EPDP ANEXA A COLEGIO 'VECLIE',10A AVE 15-58,,,,PARVULOS,PRIVADO,URBANA,CERRADA DEFINITIVAMENTE,MONOLINGUE,MATUTINA,DIARIO(REGULAR),GUATEMALA ORIENTE
00-10-2389-43,,CIUDAD CAPITAL,ZONA 10,COLEGIO 'VECLIE',10A AVE 15-58 ZONA 10,,,,PRIMARIA,PRIVADO,URBANA,CERRADA DEFINITIVAMENTE,MONOLINGUE,MATUTINA,DIARIO(REGULAR),GUATEMALA ORIENTE
00-10-2518-42,01-99-0162,CIUDAD CAPITAL,ZONA 10,EODP ANEXA A EOUM NO. 25 CONCEPCION SARAVIA,6A. AVENIDA (AVENIDA BARRANQUILLA) 3-66,23618202,AURA LUCRECIA VICENTE VASQUEZ,MARTA OFELIA PELLECER Y PELLECER,PARVULOS,OFICIAL,URBANA,ABIERTA,MONOLINGUE,MATUTINA,DIARIO(REGULAR),GUATEMALA ORIENTE
00-10-2519-42,,CIUDAD CAPITAL,ZONA 10,EPDP 'CRI-CRI',3A AV Y 10A CALLE,23310073,,,PARVULOS,PRIVADO,URBANA,CERRADA DEFINITIVAMENTE,MONOLINGUE,MATUTINA,DIARIO(REGULAR),GUATEMALA ORIENTE
00-10-2520-46,01-501,CIUDAD CAPITAL,ZONA 10,INSTITUTO PRIVADO MIXTO DE EDUCACION DIVERSIFICADA 'COLEGIO MARKAM',14 AVE. 17-57 ZONA 10,,JULIO JACOBO GIL URBINA,,DIVERSIFICADO,PRIVADO,URBANA,CERRADA DEFINITIVAMENTE,MONOLINGUE,MATUTINA,DIARIO(REGULAR),GUATEMALA ORIENTE
00-10-2521-42,,CIUDAD CAPITAL,ZONA 10,EPDP ANEXA A 'COLEGIO ESTIMULACION TEMPRANA DE CENTRO KYOOL',13 CALLE 7-85,,,,PARVULOS,PRIVADO,URBANA,CERRADA DEFINITIVAMENTE,MONOLINGUE,MATUTINA,DIARIO(REGULAR),GUATEMALA ORIENTE
00-10-2522-45,,CIUDAD CAPITAL,ZONA 10,IPMB 'COLEGIO INTERNACIONAL MONTESSORI',20 CALLE 3-64 ZONA 10,,,,BASICO,PRIVADO,URBANA,CERRADA DEFINITIVAMENTE,MONOLINGUE,MATUTINA,DIARIO(REGULAR),GUATEMALA ORIENTE
00-10-2523-45,01-503,CIUDAD CAPITAL,ZONA 10,IPMB ANEXA A COLEGIO 'EL PUENTE',"11 AV. 14-31, OAKLAND",23680906,NANCY CAROLINA NAVAS GONZÁLEZ,,BASICO,PRIVADO,URBANA,CERRADA TEMPORALMENTE,MONOLINGUE,MATUTINA,DIARIO(REGULAR),GUATEMALA ORIENTE
00-10-2523-46,01-503,CIUDAD CAPITAL,ZONA 10,COLEGIO  EL PUENTE,"11 AVENIDA 14-31, OAKLAND",23680906-5,NANCY CAROLINA NAVAS GONZÁLEZ,SIN DATO,DIVERSIFICADO,PRIVADO,URBANA,CERRADA TEMPORALMENTE,MONOLINGUE,MATUTINA,DIARIO(REGULAR),GUATEMALA ORIENTE
00-10-2524-42,,CIUDAD CAPITAL,ZONA 10,EPDP ANEXA A 'COLEGIO CHINO GUATEMALTECO',BOULEVARD LOS PROCERES 12-24,,,,PARVULOS,PRIVADO,URBANA,CERRADA DEFINITIVAMENTE,MONOLINGUE,MATUTINA,DIARIO(REGULAR),GUATEMALA ORIENTE
00-10-2525-43,,CIUDAD CAPITAL,ZONA 10,'COLEGIO CHINO GUATEMALTECO',BOULEVARD LOS PROCERES 12-24 ZONA 10,,,,PRIMARIA,PRIVADO,URBANA,CERRADA DEFINITIVAMENTE,MONOLINGUE,MATUTINA,DIARIO(REGULAR),GUATEMALA ORIENTE
00-10-2526-42,,CIUDAD CAPITAL,ZONA 10,EPDP ANEXA A 'COLEGIO NORTEAMERICANO GUATEMALTECO',22 AV 14-67,,,,PARVULOS,PRIVADO,URBANA,CERRADA DEFINITIVAMENTE,MONOLINGUE,MATUTINA,DIARIO(REGULAR),GUATEMALA ORIENTE
00-10-2526-43,,CIUDAD CAPITAL,ZONA 10,COLEGIO MIXTO 'JOSE GUILLERMO SANTOS HERARTE',22 AVE 14-67 ZONA 10,,,,PRIMARIA,PRIVADO,URBANA,CERRADA DEFINITIVAMENTE,MONOLINGUE,MATUTINA,DIARIO(REGULAR),GUATEMALA ORIENTE
00-10-2527-43,,CIUDAD CAPITAL,ZONA 10,'COLEGIO NORTEAMERICANO GUATEMALTECO',22 AV 14-67 ZONA 10,,,,PRIMARIA,PRIVADO,URBANA,CERRADA DEFINITIVAMENTE,MONOLINGUE,MATUTINA,DIARIO(REGULAR),GUATEMALA ORIENTE
00-10-2528-42,01-503,CIUDAD CAPITAL,ZONA 10,COLEGIO PARROQUIAL 'NUESTRA SEÑORA DE GUADALUPE',16 AVENIDA 18-28,23683379,NANCY CAROLINA NAVAS GONZÁLEZ,SARA GERTRUDIS CHIQUÍN ORTIZ,PARVULOS,PRIVADO,URBANA,CERRADA TEMPORALMENTE,MONOLINGUE,MATUTINA,DIARIO(REGULAR),GUATEMALA ORIENTE
00-10-2529-43,01-503,CIUDAD CAPITAL,ZONA 10,COLEGIO PARROQUIAL 'NUESTRA SEÑORA DE GUADALUPE',16 AVENIDA 18-28,23683379,NANCY CAROLINA NAVAS GONZÁLEZ,,PRIMARIA,PRIVADO,URBANA,CERRADA TEMPORALMENTE,MONOLINGUE,MATUTINA,DIARIO(REGULAR),GUATEMALA ORIENTE
00-10-2530-45,01-503,CIUDAD CAPITAL,ZONA 10,COLEGIO PARROQUIAL 'NUESTRA SEÑORA DE GUADALUPE',16 AVENIDA 18-28,23683379,NANCY CAROLINA NAVAS GONZÁLEZ,,BASICO,PRIVADO,URBANA,CERRADA TEMPORALMENTE,MONOLINGUE,MATUTINA,DIARIO(REGULAR),GUATEMALA ORIENTE
00-10-2763-45,,CIUDAD CAPITAL,ZONA 10,IPMB 'COLEGIO TECNICO EN COMPUTACION',9A CALLE 2-65,23319516,,,BASICO,PRIVADO,URBANA,CERRADA DEFINITIVAMENTE,MONOLINGUE,MATUTINA,DIARIO(REGULAR),GUATEMALA ORIENTE
00-10-2764-45,,CIUDAD CAPITAL,ZONA 10,IPMB ANEXA A 'COLEGIO TECNICO EN COMPUTACION',9A CALLE 2-65,23319516,,,BASICO,PRIVADO,URBANA,CERRADA DEFINITIVAMENTE,MONOLINGUE,MATUTINA,DIARIO(REGULAR),GUATEMALA ORIENTE
00-10-2765-42,,CIUDAD CAPITAL,ZONA 10,EPDP ANEXA A 'COLEGIO TECNICO EN COMPUTACION',9A CALLE 2-65,23319516,,,PARVULOS,PRIVADO,URBANA,CERRADA DEFINITIVAMENTE,MONOLINGUE,MATUTINA,DIARIO(REGULAR),GUATEMALA ORIENTE
00-10-2766-43,,CIUDAD CAPITAL,ZONA 10,ANEXA A 'COLEGIO TECNICO EN COMPUTACION',9A CALLE 2-65,23319516,,,PRIMARIA,PRIVADO,URBANA,CERRADA DEFINITIVAMENTE,MONOLINGUE,MATUTINA,DIARIO(REGULAR),GUATEMALA ORIENTE
00-10-2826-42,01-503,CIUDAD CAPITAL,ZONA 10,CENTRO DE ESTUDIOS 'LAS CUMBRES',9A. AVENIDA 16-06,23680901,NANCY CAROLINA NAVAS GONZÁLEZ,,PARVULOS,PRIVADO,URBANA,CERRADA TEMPORALMENTE,MONOLINGUE,MATUTINA,DIARIO(REGULAR),GUATEMALA ORIENTE
00-10-2827-42,,CIUDAD CAPITAL,ZONA 10,INSTITUTO PRIVADO MIXTO DE EDUCACION PRE-PRIMARIA LICEO MINERVA,20 CALLE 15-08,,,,PARVULOS,PRIVADO,URBANA,CERRADA DEFINITIVAMENTE,MONOLINGUE,MATUTINA,DIARIO(REGULAR),GUATEMALA ORIENTE
00-10-2842-43,,CIUDAD CAPITAL,ZONA 10,INSTITUTO PRIVADO MIXTO DE EDUCACION PRIMARIA LICEO MINERVA,20 CALLE 15-08,,,,PRIMARIA,PRIVADO,URBANA,CERRADA DEFINITIVAMENTE,MONOLINGUE,MATUTINA,DIARIO(REGULAR),GUATEMALA ORIENTE
00-10-2846-43,01-503,CIUDAD CAPITAL,ZONA 10,"CENTRO DE ESTUDIOS 'LAS CUMBRES', SOCIEDAD ANONIMA",9a. AVENIDA 16-06,23680901,NANCY CAROLINA NAVAS GONZÁLEZ,,PRIMARIA,PRIVADO,URBANA,CERRADA TEMPORALMENTE,MONOLINGUE,MATUTINA,DIARIO(REGULAR),GUATEMALA ORIENTE
00-10-2883-45,01-503,CIUDAD CAPITAL,ZONA 10,"CENTRO DE ESTUDIOS 'LAS CUMBRES', SOCIEDAD ANONIMA",9A. AVENIDA 16-06,23680901,NANCY CAROLINA NAVAS GONZÁLEZ,,BASICO,PRIVADO,URBANA,CERRADA TEMPORALMENTE,MONOLINGUE,MATUTINA,DIARIO(REGULAR),GUATEMALA ORIENTE
00-10-2883-46,01-503,CIUDAD CAPITAL,ZONA 10,"CENTRO DE ESTUDIOS LAS CUMBRES, SOCIEDAD ANONIMA",9A. AVENIDA 16-06,23680901,NANCY CAROLINA NAVAS GONZÁLEZ,,DIVERSIFICADO,PRIVADO,URBANA,CERRADA TEMPORALMENTE,MONOLINGUE,MATUTINA,DIARIO(REGULAR),GUATEMALA ORIENTE
00-10-2884-45,01-406,CIUDAD CAPITAL,ZONA 10,ANEXA A 'COLEGIO TECNICO EN COMPUTACION',9A CALLE 2-65,23319516,MIGUEL ALVARO RODRIGUEZ PORTILLO,,BASICO,PRIVADO,URBANA,CERRADA TEMPORALMENTE,MONOLINGUE,NOCTURNA,DIARIO(REGULAR),GUATEMALA ORIENTE
00-10-2885-45,,CIUDAD CAPITAL,ZONA 10,COLEGIO CHINO GUATEMALTECO,"18 CALLE 12-24 ZONA 10, BOULEVARD LOS PROCERES",680027 Y 335033,,,BASICO,PRIVADO,URBANA,CERRADA DEFINITIVAMENTE,MONOLINGUE,MATUTINA,DIARIO(REGULAR),GUATEMALA ORIENTE
00-10-2914-46,01-110,CIUDAD CAPITAL,ZONA 10,ANEXA A  COLEGIO TECNICO EN COMPUTACION,9A CALLE 2-65,23319516,ZUHILEM YESENIA ESTRADA ORTIZ,,DIVERSIFICADO,PRIVADO,URBANA,CERRADA TEMPORALMENTE,MONOLINGUE,INTERMEDIA,DIARIO(REGULAR),GUATEMALA ORIENTE
00-10-2915-46,01-501,CIUDAD CAPITAL,ZONA 10,ANEXA A  COLEGIO TECNICO EN COMPUTACION,9A CALLE 2-65 30/12/2024,23319516,JULIO JACOBO GIL URBINA,SIN DATO,DIVERSIFICADO,PRIVADO,URBANA,CERRADA DEFINITIVAMENTE,MONOLINGUE,MATUTINA,DIARIO(REGULAR),GUATEMALA ORIENTE
00-10-2916-46,01-,CIUDAD CAPITAL,ZONA 10,ANEXA A 'COLEGIO TECNICO EN COMPUTACION',9A CALLE 2-65,23319516,MARIA FELICITA ROQUE CARRERA,SIN DATO,DIVERSIFICADO,PRIVADO,URBANA,CERRADA DEFINITIVAMENTE,MONOLINGUE,VESPERTINA,DIARIO(REGULAR),GUATEMALA ORIENTE
00-10-2947-42,,CIUDAD CAPITAL,ZONA 10,EPUM 'JOSE GUILLERMO SANTOS HERRARTE',22 AVE. 14-67 COLONIA ALCAZAR,,,,PARVULOS,PRIVADO,URBANA,CERRADA DEFINITIVAMENTE,MONOLINGUE,MATUTINA,DIARIO(REGULAR),GUATEMALA ORIENTE
00-10-2947-45,,CIUDAD CAPITAL,ZONA 10,COLEGIO MIXTO 'JOSE GUILLERMO SANTOS HERRARTE',22 AV. 14-67 ZONA 10,,,,BASICO,PRIVADO,URBANA,CERRADA DEFINITIVAMENTE,MONOLINGUE,MATUTINA,DIARIO(REGULAR),GUATEMALA ORIENTE
00-10-2959-46,01-,CIUDAD CAPITAL,ZONA 10,COLEGIO TECNICO COMERCIAL BILINGUE,3A. CALLE 1-61 ZONA 10,33267143,MARIA FELICITA ROQUE CARRERA,SIN DATO,DIVERSIFICADO,PRIVADO,URBANA,CERRADA DEFINITIVAMENTE,MONOLINGUE,MATUTINA,DIARIO(REGULAR),GUATEMALA ORIENTE
00-10-3033-42,01-503,CIUDAD CAPITAL,ZONA 10,JARDIN INFANTIL 'LOS ENANITOS',4 AVE 8-57,23341239,NANCY CAROLINA NAVAS GONZÁLEZ,,PARVULOS,PRIVADO,URBANA,CERRADA DEFINITIVAMENTE,MONOLINGUE,MATUTINA,DIARIO(REGULAR),GUATEMALA ORIENTE
00-10-3055-45,01-503,CIUDAD CAPITAL,ZONA 10,COLEGIO  CIUDAD VIEJA,9A. CALLE 5-49,23314462,NANCY CAROLINA NAVAS GONZÁLEZ,CARLOS EFRAIN MENDOZA BOROR,BASICO,PRIVADO,URBANA,ABIERTA,MONOLINGUE,DOBLE,DIARIO(REGULAR),GUATEMALA ORIENTE
00-10-3062-46,01-503,CIUDAD CAPITAL,ZONA 10,COLEGIO  CIUDAD VIEJA,9A CALLE 5-49,23314462,NANCY CAROLINA NAVAS GONZÁLEZ,CARLOS EFRAIN MENDOZA BOROR,DIVERSIFICADO,PRIVADO,URBANA,CERRADA DEFINITIVAMENTE,MONOLINGUE,DOBLE,DIARIO(REGULAR),GUATEMALA ORIENTE
00-10-3065-43,,CIUDAD CAPITAL,ZONA 10,COLEGIO MIXTO JOSE GUILLERMO SANTOS HO,ZONA 10 GUATEMALA.,,,,PRIMARIA,PRIVADO,URBANA,CERRADA DEFINITIVAMENTE,MONOLINGUE,MATUTINA,DIARIO(REGULAR),GUATEMALA ORIENTE
00-10-3121-43,,CIUDAD CAPITAL,ZONA 10,CENTRO EDUCATIVO EXPERIMENTAL NNAT DE SODIFAG,"CALLE REAL DE LA VILLA 10-85 ZONA 10, GUATEMALA",,,,PRIMARIA,PRIVADO,URBANA,CERRADA DEFINITIVAMENTE,MONOLINGUE,VESPERTINA,DIARIO(REGULAR),GUATEMALA ORIENTE
00-10-4017-46,,CIUDAD CAPITAL,ZONA 10,INSTITUTO TECNICO FEMENIÑO NOCTURNO,6A. AVE. 3-66,,,,DIVERSIFICADO,OFICIAL,URBANA,CERRADA DEFINITIVAMENTE,MONOLINGUE,NOCTURNA,DIARIO(REGULAR),GUATEMALA ORIENTE
00-10-4534-42,01-99-0162,CIUDAD CAPITAL,ZONA 10,MONTANO COLLEGE,6A. AVENIDA 11-39,23261515,AURA LUCRECIA VICENTE VASQUEZ,LISBETH ALICIA MORALES AGUILAR,PARVULOS,PRIVADO,URBANA,ABIERTA,MONOLINGUE,MATUTINA,DIARIO(REGULAR),GUATEMALA ORIENTE
00-10-4653-46,,CIUDAD CAPITAL,ZONA 10,CENTRO DE CAPACITACION Y COLEGIO CRISTIANO BILINGUE EMET 'VERDAD',9A. AVENIDA 16-34 ZONA 10,,,,DIVERSIFICADO,PRIVADO,URBANA,CERRADA DEFINITIVAMENTE,MONOLINGUE,MATUTINA,DIARIO(REGULAR),GUATEMALA ORIENTE
00-10-4654-45,,CIUDAD CAPITAL,ZONA 10,CENTRO DE CAPACITACION Y COLEGIO CRISTIANO BILINGUE EMET 'VERDAD',9A. AVENIDA 16-34 ZONA 10,,,,BASICO,PRIVADO,URBANA,CERRADA DEFINITIVAMENTE,MONOLINGUE,MATUTINA,DIARIO(REGULAR),GUATEMALA ORIENTE
00-10-4686-43,,CIUDAD CAPITAL,ZONA 10,CENTRO DE CAPACITACION Y COLEGIO CRISTIANO BILINGUE EMET VERDAD,9A AVENIDA 16-34 ZONA 10,,,,PRIMARIA,PRIVADO,URBANA,CERRADA DEFINITIVAMENTE,MONOLINGUE,MATUTINA,DIARIO(REGULAR),GUATEMALA ORIENTE
00-10-6931-46,01-503,CIUDAD CAPITAL,ZONA 10,COLEGIO LOS ARCOS,10 CALLE 2-68,23312914,NANCY CAROLINA NAVAS GONZÁLEZ,SIN DATO,DIVERSIFICADO,PRIVADO,URBANA,CERRADA TEMPORALMENTE,MONOLINGUE,MATUTINA,DIARIO(REGULAR),GUATEMALA ORIENTE
00-10-7109-45,,CIUDAD CAPITAL,ZONA 10,COLEGIO PSICOPEDAGOGICO 'SALVADOR HUGUET',13 AV. 15-31 ZONA 10,23680920,,,BASICO,PRIVADO,URBANA,CERRADA DEFINITIVAMENTE,MONOLINGUE,MATUTINA,DIARIO(REGULAR),GUATEMALA ORIENTE
00-10-7110-46,,CIUDAD CAPITAL,ZONA 10,COLEGIO PSICOPEDAGOGICO 'SALVADOR HUGUET',13 AV. 15-31 ZONA 10,23680920,,,DIVERSIFICADO,PRIVADO,URBANA,CERRADA DEFINITIVAMENTE,MONOLINGUE,MATUTINA,DIARIO(REGULAR),GUATEMALA ORIENTE
00-10-7180-42,01-503,CIUDAD CAPITAL,ZONA 10,COLEGIO 'LA PRADERA',18 CALLE 24-69 INTERIOR 3,23680250,NANCY CAROLINA NAVAS GONZÁLEZ,,PARVULOS,PRIVADO,URBANA,CERRADA DEFINITIVAMENTE,MONOLINGUE,MATUTINA,DIARIO(REGULAR),GUATEMALA ORIENTE
00-10-7181-43,01-503,CIUDAD CAPITAL,ZONA 10,COLEGIO 'LA PRADERA',18 CALLE 24-69 ZONA 10 INTERIOR 3,23680250,NANCY CAROLINA NAVAS GONZÁLEZ,,PRIMARIA,PRIVADO,URBANA,CERRADA DEFINITIVAMENTE,MONOLINGUE,MATUTINA,DIARIO(REGULAR),GUATEMALA ORIENTE
00-10-7185-46,,CIUDAD CAPITAL,ZONA 10,INSTITUTO DE TECNOLOGIA MEDICA AMEDESGUA,5A. AVENIDA 9-47 ZONA 10 ZONA 10,3326696 3629070 3629060,,,DIVERSIFICADO,PRIVADO,URBANA,CERRADA DEFINITIVAMENTE,MONOLINGUE,MATUTINA,DIARIO(REGULAR),GUATEMALA ORIENTE
00-10-7186-46,,CIUDAD CAPITAL,ZONA 10,INSTITUTO DE TECNOLOGIA MEDICA 'AMEDESGUA',5AV. 9-47 ZONA 10,"332-6696,362-9070,3629060",,,DIVERSIFICADO,PRIVADO,URBANA,CERRADA DEFINITIVAMENTE,MONOLINGUE,VESPERTINA,DIARIO(REGULAR),GUATEMALA ORIENTE
00-10-7250-43,01-503,CIUDAD CAPITAL,ZONA 10,COLEGIO MONTE ALTO,13 CALLE 6-91,23320708,NANCY CAROLINA NAVAS GONZÁLEZ,,PRIMARIA,PRIVADO,URBANA,CERRADA DEFINITIVAMENTE,MONOLINGUE,MATUTINA,DIARIO(REGULAR),GUATEMALA ORIENTE
00-10-7251-42,01-503,CIUDAD CAPITAL,ZONA 10,COLEGIO MONTE ALTO,13 CALLE 6-91,23320708,NANCY CAROLINA NAVAS GONZÁLEZ,,PARVULOS,PRIVADO,URBANA,CERRADA DEFINITIVAMENTE,MONOLINGUE,MATUTINA,DIARIO(REGULAR),GUATEMALA ORIENTE
00-10-7252-45,01-503,CIUDAD CAPITAL,ZONA 10,COLEGIO MONTE ALTO,13 CALLE 6-91,23320708,NANCY CAROLINA NAVAS GONZÁLEZ,,BASICO,PRIVADO,URBANA,CERRADA DEFINITIVAMENTE,MONOLINGUE,MATUTINA,DIARIO(REGULAR),GUATEMALA ORIENTE
00-10-7358-43,,CIUDAD CAPITAL,ZONA 10,CEES ANEXO A EOU DE NIÑAS 'JOSE ANTONIO SALAZAR',18 CALLE 14-16 ZONA 10,,,,PRIMARIA,OFICIAL,URBANA,CERRADA TEMPORALMENTE,MONOLINGUE,MATUTINA,DIARIO(REGULAR),GUATEMALA ORIENTE
00-10-7533-45,01-506,CIUDAD CAPITAL,ZONA 10,COLEGIO MIXTO BILINGUE 'LA PRADERA',18 CALLE 24-69,23680250,ADELA VANESSA CON SUMALE,,BASICO,PRIVADO,URBANA,CERRADA DEFINITIVAMENTE,MONOLINGUE,MATUTINA,DIARIO(REGULAR),GUATEMALA ORIENTE
00-10-7534-46,01-503,CIUDAD CAPITAL,ZONA 10,COLEGIO TECNOLOGICO CREATIVO LOS PROCERES,6A. AVENIDA 16-76,23667821-22,NANCY CAROLINA NAVAS GONZÁLEZ,SIN DATO,DIVERSIFICADO,PRIVADO,URBANA,CERRADA TEMPORALMENTE,MONOLINGUE,MATUTINA,DIARIO(REGULAR),GUATEMALA ORIENTE
00-10-7579-42,01-209,CIUDAD CAPITAL,ZONA 10,COLEGIO 'SAN BORJA',13 CALLE 1-85,23315811,MIRIAM DEL CARMEN OROZCO HERNANDEZ,,PARVULOS,PRIVADO,URBANA,CERRADA DEFINITIVAMENTE,MONOLINGUE,MATUTINA,DIARIO(REGULAR),GUATEMALA ORIENTE
00-10-7580-43,01-209,CIUDAD CAPITAL,ZONA 10,COLEGIO 'SAN BORJA',13 CALLE 1-85 ZONA 11,24762428,MIRIAM DEL CARMEN OROZCO HERNANDEZ,,PRIMARIA,PRIVADO,URBANA,CERRADA DEFINITIVAMENTE,MONOLINGUE,MATUTINA,DIARIO(REGULAR),GUATEMALA ORIENTE
00-10-7581-45,01-210,CIUDAD CAPITAL,ZONA 10,COLEGIO 'SAN BORJA',13 CALLE 1-85,23315811,DINIZ ORALIA MORALES MUÑOZ,,BASICO,PRIVADO,URBANA,CERRADA DEFINITIVAMENTE,MONOLINGUE,MATUTINA,DIARIO(REGULAR),GUATEMALA ORIENTE
00-10-7591-46,01-503,CIUDAD CAPITAL,ZONA 10,COLEGIO MONTE ALTO,13 CALLE 6-91,23320708,NANCY CAROLINA NAVAS GONZÁLEZ,,DIVERSIFICADO,PRIVADO,URBANA,CERRADA DEFINITIVAMENTE,MONOLINGUE,DOBLE,DIARIO(REGULAR),GUATEMALA ORIENTE
00-10-7624-42,01-503,CIUDAD CAPITAL,ZONA 10,COLEGIO TECNOLOGICO AMERICANO,20 CALLE 3-64,23335736,NANCY CAROLINA NAVAS GONZÁLEZ,,PARVULOS,PRIVADO,URBANA,CERRADA DEFINITIVAMENTE,MONOLINGUE,MATUTINA,DIARIO(REGULAR),GUATEMALA ORIENTE
00-10-7625-43,01-503,CIUDAD CAPITAL,ZONA 10,COLEGIO TECNOLOGICO AMERICANO,20 CALLE 3-64,,NANCY CAROLINA NAVAS GONZÁLEZ,,PRIMARIA,PRIVADO,URBANA,CERRADA DEFINITIVAMENTE,MONOLINGUE,MATUTINA,DIARIO(REGULAR),GUATEMALA ORIENTE
00-10-7793-42,01-99-0162,CIUDAD CAPITAL,ZONA 10,EODP ANEXA A EOUM NO.19 FRANCISCO MORAZAN,14 AVENIDA 18-19,55143314,AURA LUCRECIA VICENTE VASQUEZ,AURA MARIBEL CORPEÑO JUÁREZ,PARVULOS,OFICIAL,URBANA,ABIERTA,MONOLINGUE,VESPERTINA,DIARIO(REGULAR),GUATEMALA ORIENTE
00-10-7929-42,,CIUDAD CAPITAL,ZONA 10,COLEGIO 'VILLA REAL DE OAKLAND',"14 AVENIDA 13-63, OAKLAND",23680670,,,PARVULOS,PRIVADO,URBANA,CERRADA DEFINITIVAMENTE,MONOLINGUE,MATUTINA,DIARIO(REGULAR),GUATEMALA ORIENTE
00-10-7930-43,,CIUDAD CAPITAL,ZONA 10,COLEGIO 'VILLA REAL DE OAKLAND',"14 AVENIDA 13-63, OAKLAND",23680670,,,PRIMARIA,PRIVADO,URBANA,CERRADA DEFINITIVAMENTE,MONOLINGUE,MATUTINA,DIARIO(REGULAR),GUATEMALA ORIENTE
00-10-7931-45,,CIUDAD CAPITAL,ZONA 10,COLEGIO 'VILLA REAL DE OAKLAND',"14 AVENIDA 13-63, OAKLAND",23680670,,,BASICO,PRIVADO,URBANA,CERRADA DEFINITIVAMENTE,MONOLINGUE,MATUTINA,DIARIO(REGULAR),GUATEMALA ORIENTE
00-10-7938-46,01-506,CIUDAD CAPITAL,ZONA 10,COLEGIO MIXTO BILINGUE 'LA PRADERA',18 CALLE 24-69,23680250,ADELA VANESSA CON SUMALE,,DIVERSIFICADO,PRIVADO,URBANA,CERRADA DEFINITIVAMENTE,MONOLINGUE,MATUTINA,DIARIO(REGULAR),GUATEMALA ORIENTE
00-10-8124-46,01-405,CIUDAD CAPITAL,ZONA 10,CENTRO EDUCATIVO SUPERACION  GALILEO,2A. AVENIDA 10-43,23610705,BLANCA SARAI GUTIERREZ PINEDA,SIN DATO,DIVERSIFICADO,PRIVADO,URBANA,CERRADA TEMPORALMENTE,MONOLINGUE,NOCTURNA,DIARIO(REGULAR),GUATEMALA ORIENTE
00-10-8134-42,01-503,CIUDAD CAPITAL,ZONA 10,COLEGIO TOT'S,10AV. 15-67,23682049,NANCY CAROLINA NAVAS GONZÁLEZ,,PARVULOS,PRIVADO,URBANA,CERRADA DEFINITIVAMENTE,MONOLINGUE,MATUTINA,DIARIO(REGULAR),GUATEMALA ORIENTE
00-10-8212-46,01-503,CIUDAD CAPITAL,ZONA 10,COLEGIO PARROQUIAL NUESTRA SEÑORA DE GUADALUPE,16 AVENIDA 18-28,23683379,NANCY CAROLINA NAVAS GONZÁLEZ,,DIVERSIFICADO,PRIVADO,URBANA,CERRADA TEMPORALMENTE,MONOLINGUE,MATUTINA,DIARIO(REGULAR),GUATEMALA ORIENTE
00-10-8263-45,,CIUDAD CAPITAL,ZONA 10,COLEGIO 'EL PUENTE',"11 AVENIDA 14-31 ZONA 10, OAKLAND","3680906, 3670732-5",,,BASICO,PRIVADO,URBANA,CERRADA TEMPORALMENTE,MONOLINGUE,VESPERTINA,DIARIO(REGULAR),GUATEMALA ORIENTE
00-10-8264-46,01-503,CIUDAD CAPITAL,ZONA 10,COLEGIO 'EL PUENTE',"11 AVENIDA 14-31, OAKLAND",23680906,NANCY CAROLINA NAVAS GONZÁLEZ,,DIVERSIFICADO,PRIVADO,URBANA,CERRADA TEMPORALMENTE,MONOLINGUE,VESPERTINA,DIARIO(REGULAR),GUATEMALA ORIENTE
00-10-8312-42,01-503,CIUDAD CAPITAL,ZONA 10,COLEGIO ADELANTE (AHEAD),13 AV. 15-84,23664189,NANCY CAROLINA NAVAS GONZÁLEZ,,PARVULOS,PRIVADO,URBANA,CERRADA DEFINITIVAMENTE,MONOLINGUE,MATUTINA,DIARIO(REGULAR),GUATEMALA ORIENTE
00-10-8353-45,01-405,CIUDAD CAPITAL,ZONA 10,CENTRO EDUCATIVO SUPERACION 'GALILEO',2A. AVENIDA 10-43,23325906,BLANCA SARAI GUTIERREZ PINEDA,,BASICO,PRIVADO,URBANA,CERRADA TEMPORALMENTE,MONOLINGUE,NOCTURNA,DIARIO(REGULAR),GUATEMALA ORIENTE
00-10-8407-42,01-505,CIUDAD CAPITAL,ZONA 10,COLEGIO INTERNACIONAL S.E.K.,2A. AVENIDA 2-60,23610755,NANCY PAOLA MONTERROSO HERNÁNDEZ,,PARVULOS,PRIVADO,URBANA,CERRADA DEFINITIVAMENTE,MONOLINGUE,DOBLE,DIARIO(REGULAR),GUATEMALA ORIENTE
00-10-8408-43,01-505,CIUDAD CAPITAL,ZONA 10,COLEGIO INTERNACIONAL S.E.K,2A. AVENIDA 2-60,23610755,NANCY PAOLA MONTERROSO HERNÁNDEZ,,PRIMARIA,PRIVADO,URBANA,CERRADA DEFINITIVAMENTE,MONOLINGUE,DOBLE,DIARIO(REGULAR),GUATEMALA ORIENTE
00-10-8582-42,01-503,CIUDAD CAPITAL,ZONA 10,COLEGIO SARASOTA,20 CALLE A 18-24,23097302,NANCY CAROLINA NAVAS GONZÁLEZ,MARIA DEL ROSARIO RODAS MEJÍA,PARVULOS,PRIVADO,URBANA,CERRADA TEMPORALMENTE,MONOLINGUE,MATUTINA,DIARIO(REGULAR),GUATEMALA ORIENTE
00-10-8583-43,01-503,CIUDAD CAPITAL,ZONA 10,COLEGIO SARASOTA,20 CALLE A 18-24,23097302,NANCY CAROLINA NAVAS GONZÁLEZ,MARIA DEL ROSARIO RODAS MEJÍA,PRIMARIA,PRIVADO,URBANA,CERRADA TEMPORALMENTE,MONOLINGUE,MATUTINA,DIARIO(REGULAR),GUATEMALA ORIENTE
00-10-8629-46,01-503,CIUDAD CAPITAL,ZONA 10,COLEGIO AMERICANO PREUNIVERSITARIO,20 CALLE 3-64 ZONA 10,23335736 AL 40,NANCY CAROLINA NAVAS GONZÁLEZ,,DIVERSIFICADO,PRIVADO,URBANA,CERRADA DEFINITIVAMENTE,MONOLINGUE,MATUTINA,DIARIO(REGULAR),GUATEMALA ORIENTE
00-10-8696-42,01-504,CIUDAD CAPITAL,ZONA 10,COLEGIO EVANGELICO 'HOSANNA',17 CALLE 22-79 COLONIA ALCAZAR,23372183,DAVID SOTOJ SANCHEZ,,PARVULOS,PRIVADO,URBANA,CERRADA DEFINITIVAMENTE,MONOLINGUE,MATUTINA,DIARIO(REGULAR),GUATEMALA ORIENTE
00-10-8697-43,01-504,CIUDAD CAPITAL,ZONA 10,COLEGIO EVANGELICO 'HOSANNA',17 CALLE 22-79 COLONIA ALCAZAR,23681038,DAVID SOTOJ SANCHEZ,,PRIMARIA,PRIVADO,URBANA,CERRADA DEFINITIVAMENTE,MONOLINGUE,MATUTINA,DIARIO(REGULAR),GUATEMALA ORIENTE
00-10-8712-42,01-99-0162,CIUDAD CAPITAL,ZONA 10,COLEGIO LA ACADEMIA,13 CALLE 6-91,41224636,AURA LUCRECIA VICENTE VASQUEZ,MARILYN TATIANA SALGUERO ROLDAN,PARVULOS,PRIVADO,URBANA,ABIERTA,MONOLINGUE,MATUTINA,DIARIO(REGULAR),GUATEMALA ORIENTE
00-10-8713-43,01-99-0162,CIUDAD CAPITAL,ZONA 10,COLEGIO LA ACADEMIA,13 CALLE 6-91,23323279,AURA LUCRECIA VICENTE VASQUEZ,MARILYN TATIANA SALGUERO ROLDAN,PRIMARIA,PRIVADO,URBANA,ABIERTA,MONOLINGUE,MATUTINA,DIARIO(REGULAR),GUATEMALA ORIENTE
00-10-8782-45,01-405,CIUDAD CAPITAL,ZONA 10,CENTRO EDUCATIVO SUPERACION 'GALILEO',2A. AVENIDA 10-43,23325906,BLANCA SARAI GUTIERREZ PINEDA,,BASICO,PRIVADO,URBANA,CERRADA TEMPORALMENTE,MONOLINGUE,MATUTINA,FIN DE SEMANA,GUATEMALA ORIENTE
00-10-8783-46,01-405,CIUDAD CAPITAL,ZONA 10,CENTRO EDUCATIVO SUPERACION 'GALILEO',2A. AVENIDA 10-43,23325906,BLANCA SARAI GUTIERREZ PINEDA,,DIVERSIFICADO,PRIVADO,URBANA,CERRADA TEMPORALMENTE,MONOLINGUE,MATUTINA,FIN DE SEMANA,GUATEMALA ORIENTE
00-10-8803-45,01-505,CIUDAD CAPITAL,ZONA 10,COLEGIO INTERNACIONAL S.E.K GUATEMALA,2A. AV. 2-60,23610755,NANCY PAOLA MONTERROSO HERNÁNDEZ,,BASICO,PRIVADO,URBANA,CERRADA DEFINITIVAMENTE,MONOLINGUE,DOBLE,DIARIO(REGULAR),GUATEMALA ORIENTE
00-10-8939-45,01-99-0162,CIUDAD CAPITAL,ZONA 10,CENTRO EDUCATIVO SUPERACION 'GALILEO,2A. AV. 10-43,56950930,AURA LUCRECIA VICENTE VASQUEZ,ERICKA BRISEIDA MILIAN CANTE,BASICO,PRIVADO,URBANA,ABIERTA,MONOLINGUE,MATUTINA,DIARIO(REGULAR),GUATEMALA ORIENTE
00-10-8940-46,01-99-0162,CIUDAD CAPITAL,ZONA 10,CENTRO EDUCATIVO SUPERACION 'GALILEO',2A. AV. 10-43,56950930,AURA LUCRECIA VICENTE VASQUEZ,ERICKA BRISEIDA MILIAN CANTE,DIVERSIFICADO,PRIVADO,URBANA,ABIERTA,MONOLINGUE,MATUTINA,DIARIO(REGULAR),GUATEMALA ORIENTE
00-10-8967-45,01-504,CIUDAD CAPITAL,ZONA 10,COLEGIO EVANGELICO HOSANNA,"17 CALLE 22-79, COLONIA ALCAZAR",23372183,DAVID SOTOJ SANCHEZ,,BASICO,PRIVADO,URBANA,CERRADA DEFINITIVAMENTE,MONOLINGUE,VESPERTINA,DIARIO(REGULAR),GUATEMALA ORIENTE
00-10-9130-46,01-504,CIUDAD CAPITAL,ZONA 10,COLEGIO EVANGELICO HOSANNA,"17 CALLE 22-79, COLONIA ALCAZAR",23681038,DAVID SOTOJ SANCHEZ,,DIVERSIFICADO,PRIVADO,URBANA,CERRADA DEFINITIVAMENTE,MONOLINGUE,VESPERTINA,DIARIO(REGULAR),GUATEMALA ORIENTE
00-10-9230-45,01-405,CIUDAD CAPITAL,ZONA 10,COLEGIO TECNICO DE COMERCIO,16 AV. 17-65,23681394,BLANCA SARAI GUTIERREZ PINEDA,,BASICO,PRIVADO,URBANA,CERRADA TEMPORALMENTE,MONOLINGUE,DOBLE,FIN DE SEMANA,GUATEMALA ORIENTE
00-10-9231-46,01-405,CIUDAD CAPITAL,ZONA 10,COLEGIO TECNICO DE COMERCIO,16 AV. 17-65,23681394,BLANCA SARAI GUTIERREZ PINEDA,,DIVERSIFICADO,PRIVADO,URBANA,CERRADA TEMPORALMENTE,MONOLINGUE,DOBLE,FIN DE SEMANA,GUATEMALA ORIENTE
00-10-9374-42,01-503,CIUDAD CAPITAL,ZONA 10,CENTRO DE ESTIMULACION Y PREESCOLAR ANSARES,9A. AVENIDA 15-03,23680257,NANCY CAROLINA NAVAS GONZÁLEZ,ASTRID  SLOWING ACEITUNO,PARVULOS,PRIVADO,URBANA,CERRADA TEMPORALMENTE,MONOLINGUE,MATUTINA,DIARIO(REGULAR),GUATEMALA ORIENTE
00-10-9476-46,01-505,CIUDAD CAPITAL,ZONA 10,COLEGIO INTERNACIONAL SEK GUATEMALA,2AV. 2-60,23610745,NANCY PAOLA MONTERROSO HERNÁNDEZ,,DIVERSIFICADO,PRIVADO,URBANA,CERRADA DEFINITIVAMENTE,MONOLINGUE,DOBLE,DIARIO(REGULAR),GUATEMALA ORIENTE
00-10-9509-42,01-503,CIUDAD CAPITAL,ZONA 10,COLEGIO MIXTO  LA COLINA ENCANTADA,11 AVENIDA 15-61,23337330,NANCY CAROLINA NAVAS GONZÁLEZ,HEDLY VANESSA AGUILAR ARCHILA,PARVULOS,PRIVADO,URBANA,CERRADA DEFINITIVAMENTE,MONOLINGUE,MATUTINA,DIARIO(REGULAR),GUATEMALA ORIENTE
00-10-9651-45,01-503,CIUDAD CAPITAL,ZONA 10,COLEGIO EVANGELICO 'HOSANNA',17 CALLE 22-79 COLONIA ALCAZAR,,NANCY CAROLINA NAVAS GONZÁLEZ,,BASICO,PRIVADO,URBANA,CERRADA DEFINITIVAMENTE,MONOLINGUE,MATUTINA,DIARIO(REGULAR),GUATEMALA ORIENTE
00-11-0001-43,01-01-0148,CIUDAD CAPITAL,ZONA 11,"COLEGIO PREESCOLAR ""EL RECREO""","10A. AVENIDA 30-81, LAS CHARCAS",24765757,DINIZ ORALIA MORALES MUÑOZ,ANA MARGOTH FERNÁNDEZ NICOLAU,PRIMARIA,PRIVADO,URBANA,ABIERTA,MONOLINGUE,MATUTINA,DIARIO(REGULAR),GUATEMALA SUR
00-11-0002-45,01-209,CIUDAD CAPITAL,ZONA 11,COLEGIO SAN PATRICIO,10A. AVENIDA 14-53 COLONIA MARISCAL,24730825,MIRIAM DEL CARMEN OROZCO HERNANDEZ,ANA LUISA DÍAZ GALINDO,BASICO,PRIVADO,URBANA,CERRADA DEFINITIVAMENTE,MONOLINGUE,MATUTINA,DIARIO(REGULAR),GUATEMALA SUR
00-11-0003-43,01-209,CIUDAD CAPITAL,ZONA 11,COLEGIO BILINGUE CUMBRE DEL REINO (KINGDOM PEAK),18 CALLE 09-68,24733795,MIRIAM DEL CARMEN OROZCO HERNANDEZ,MIRNA PATRICIA PACAY CASTELLANOS,PRIMARIA,PRIVADO,URBANA,ABIERTA,MONOLINGUE,MATUTINA,DIARIO(REGULAR),GUATEMALA SUR
00-11-0004-46,01-209,CIUDAD CAPITAL,ZONA 11,COLEGIO MIXTO JOSE CECILIO DEL VALLE,17 AVENIDA 27-80,,MIRIAM DEL CARMEN OROZCO HERNANDEZ,-----,DIVERSIFICADO,PRIVADO,URBANA,TEMPORAL TITULOS,MONOLINGUE,MATUTINA,DIARIO(REGULAR),GUATEMALA SUR
00-11-0005-42,01-01-0149,CIUDAD CAPITAL,ZONA 11,"COLEGIO ""EL PREESCOLAR DE NANNY"" (PREESCHOOL NANNY S)","DIAGONAL 17, 21-87, COLONIA MARISCAL",24765611,MIRIAM DEL CARMEN OROZCO HERNÁNDEZ,ANNA INDIRA SOSA MORALES,PARVULOS,PRIVADO,URBANA,ABIERTA,MONOLINGUE,MATUTINA,DIARIO(REGULAR),GUATEMALA SUR
00-11-0006-45,01-218,CIUDAD CAPITAL,ZONA 11,COLEGIO PRIVADO ESCUELA CRISTIANA DE GUATEMALA,"4A, CALLE 20-32, MIRADOR I",24742618,BENIGNO ISAIAS DE LEON OROZCO,CELESTE JULIETA GARCIA MANSILLA DE ALBUREZ,BASICO,PRIVADO,URBANA,CERRADA TEMPORALMENTE,MONOLINGUE,MATUTINA,DIARIO(REGULAR),GUATEMALA SUR
00-11-0007-45,01-01-0149,CIUDAD CAPITAL,ZONA 11,COLEGIO EDUCACION EN LINEA,19 AVENIDA 2-78 COLONIA EL MIRADOR 1 ZONA 11,30193053,MIRIAM DEL CARMEN OROZCO HERNÁNDEZ,CARMEN MERCEDES ARCHILA SUY,BASICO,PRIVADO,URBANA,ABIERTA,MONOLINGUE,DOBLE,A DISTANCIA,GUATEMALA SUR
00-11-0008-46,01-01-0149,CIUDAD CAPITAL,ZONA 11,COLEGIO EDUCACION EN LINEA,19 AVENIDA 2-78 COLONIA EL MIRADOR 1 ZONA 11,30193053,MIRIAM DEL CARMEN OROZCO HERNÁNDEZ,CARMEN MERCEDES ARCHILA SUY,DIVERSIFICADO,PRIVADO,URBANA,ABIERTA,MONOLINGUE,DOBLE,A DISTANCIA,GUATEMALA SUR
00-11-0009-46,01-101,CIUDAD CAPITAL,ZONA 11,COLEGIO BILINGUE MONTE AMERICANO,"18 AVENIDA 9-36 ZONA 11, COLONIA MIRAFLORES",,YENI XIOMARA CRÚZ SARCEÑO,---,DIVERSIFICADO,PRIVADO,URBANA,CERRADA DEFINITIVAMENTE,MONOLINGUE,MATUTINA,DIARIO(REGULAR),GUATEMALA SUR
00-11-0010-46,01-01-0148,CIUDAD CAPITAL,ZONA 11,TECNICO EN MECANICA AUTOMOTRIZ,"22 CALLE, 7-81",30477779,DINIZ ORALIA MORALES MUÑOZ,YOLANDA  NOJ TUQUER,DIVERSIFICADO,PRIVADO,URBANA,ABIERTA,MONOLINGUE,MATUTINA,DIARIO(REGULAR),GUATEMALA SUR
00-11-0011-46,01-209,CIUDAD CAPITAL,ZONA 11,LICEO TECNICO VOCACIONAL GALILEI,15 AVENIDA 12-93,24717973,MIRIAM DEL CARMEN OROZCO HERNANDEZ,FREDY HUMBERTO GONZALEZ SATIESTEBAN,DIVERSIFICADO,PRIVADO,URBANA,CERRADA TEMPORALMENTE,MONOLINGUE,MATUTINA,DIARIO(REGULAR),GUATEMALA SUR
00-11-0012-46,01-99-0151,CIUDAD CAPITAL,ZONA 11,INSTITUTO INDUSTRIAL CENTRAL GENERAL LAZARO CHACON GONZALEZ,"8A. AVENIDA 31-02, COLONIA LAS CHARCAS",56010873,MARÍA EUGENIA LOBOS ELÍAS,EDGAR ENRIQUE ZAMORA ESPINOZA,DIVERSIFICADO,OFICIAL,URBANA,ABIERTA,MONOLINGUE,VESPERTINA,DIARIO(REGULAR),GUATEMALA SUR
00-11-0013-44,01-641,CIUDAD CAPITAL,ZONA 11,"CENTRO ESPECIALIZADO DE FORMACION PARA ADULTOS, CEFA","35 AVENIDA, 0-45, COLONIA TOLEDO",24964444,MILTON ALONSO ALVAREZ FUENTES,LESVIA LILIANA CHACATE TICURÚ,PRIMARIA DE ADULTOS,PRIVADO,URBANA,ABIERTA,MONOLINGUE,DOBLE,FIN DE SEMANA,GUATEMALA SUR
00-11-0014-45,01-641,CIUDAD CAPITAL,ZONA 11,"CENTRO ESPECIALIZADO DE FORMACION PARA ADULTOS, CEFA","35 AVENIDA, 0-45, COLONIA TOLEDO",24964444,MILTON ALONSO ALVAREZ FUENTES,LESVIA LILIANA CHACATE TICURÚ,BASICO,PRIVADO,URBANA,ABIERTA,MONOLINGUE,DOBLE,FIN DE SEMANA,GUATEMALA SUR
00-11-0015-45,01-641,CIUDAD CAPITAL,ZONA 11,"CENTRO ESPECIALIZADO DE FORMACION PARA ADULTOS, CEFA","35 AVENIDA, 0-45, COLONIA TOLEDO",24964444,MILTON ALONSO ALVAREZ FUENTES,LESVIA LILIANA CHACATE TICURÚ,BASICO,PRIVADO,URBANA,ABIERTA,MONOLINGUE,DOBLE,FIN DE SEMANA,GUATEMALA SUR
00-11-0016-46,01-99-0154,CIUDAD CAPITAL,ZONA 11,"CENTRO ESPECIALIZADO DE FORMACION PARA ADULTOS, CEFA","35 AVENIDA, 0-45, COLONIA TOLEDO",24964444,BYRON FERNANDO BÁMACA DE LA CRUZ,LESVIA LILIANA CHACATE TICURÚ,DIVERSIFICADO,PRIVADO,URBANA,ABIERTA,MONOLINGUE,DOBLE,FIN DE SEMANA,GUATEMALA SUR
00-11-0017-46,01-641,CIUDAD CAPITAL,ZONA 11,"CENTRO ESPECIALIZADO DE FORMACION PARA ADULTOS, CEFA","35 AVENIDA, 0-45, COLONIA TOLEDO",24964444,MILTON ALONSO ALVAREZ FUENTES,LESVIA LILIANA CHACATE TICURÚ,DIVERSIFICADO,PRIVADO,URBANA,CERRADA TEMPORALMENTE,MONOLINGUE,DOBLE,FIN DE SEMANA,GUATEMALA SUR
00-11-0018-45,01-209,CIUDAD CAPITAL,ZONA 11,COLEGIO SCARLETT LAND,2A. AVENIDA 4-44,24724048,MIRIAM DEL CARMEN OROZCO HERNANDEZ,ABELARDO ISRAEL MENDEZ ESTRADA,BASICO,PRIVADO,URBANA,CERRADA TEMPORALMENTE,MONOLINGUE,VESPERTINA,DIARIO(REGULAR),GUATEMALA SUR
00-11-0019-46,01-01-0149,CIUDAD CAPITAL,ZONA 11,COLEGIO PANAMERICANO NO. 6,"35 AVENIDA 0-45, PLAZA HELVETIA",24964444,MIRIAM DEL CARMEN OROZCO HERNÁNDEZ,LESVIA LILIANA CHACATE TICURÚ,DIVERSIFICADO,PRIVADO,URBANA,ABIERTA,MONOLINGUE,MATUTINA,DIARIO(REGULAR),GUATEMALA SUR
00-11-0020-45,01-210,CIUDAD CAPITAL,ZONA 11,COLEGIO PANAMERICANO NO. 6,"35 AVENIDA 0-45, PLAZA HELVETIA",24964444,DINIZ ORALIA MORALES MUÑOZ,LESVIA LILIANA CHACATE TICURÚ,BASICO,PRIVADO,URBANA,ABIERTA,MONOLINGUE,MATUTINA,DIARIO(REGULAR),GUATEMALA SUR
00-11-0021-45,01-209,CIUDAD CAPITAL,ZONA 11,COLEGIO EDUCACION EN LINEA,8A. AVENIDA 21-83,40279702,MIRIAM DEL CARMEN OROZCO HERNANDEZ,ASTRID EMILZZA CONTRERAS ALDANA,BASICO,PRIVADO,URBANA,ABIERTA,MONOLINGUE,DOBLE,A DISTANCIA,GUATEMALA SUR
00-11-0022-46,01-209,CIUDAD CAPITAL,ZONA 11,COLEGIO EDUCACION EN LINEA,8A. AVENIDA 21-83,40279702,MIRIAM DEL CARMEN OROZCO HERNANDEZ,ASTRID EMILZZA CONTRERAS ALDANA,DIVERSIFICADO,PRIVADO,URBANA,CERRADA TEMPORALMENTE,MONOLINGUE,DOBLE,A DISTANCIA,GUATEMALA SUR
00-11-0023-42,01-218,CIUDAD CAPITAL,ZONA 11,COLEGIO MIS HORMIGUITAS KINDERGARTEN,3RA. CALLE 30-71 JARDINES DE UTATLAN 2,24346402,BENIGNO ISAIAS DE LEON OROZCO,SILVIA CAROLINA ESPAÑA AGILAR,PARVULOS,PRIVADO,URBANA,CERRADA TEMPORALMENTE,MONOLINGUE,MATUTINA,DIARIO(REGULAR),GUATEMALA SUR
00-11-0024-45,01-218,CIUDAD CAPITAL,ZONA 11,LICEO PEDAGOGICO CAMINO AL EXITO,"1A. AVENIDA 51-94, COLONIA CASTAÑAS",24790503,BENIGNO ISAIAS DE LEON OROZCO,ISAURA RODOLFINA DE LEON DEL AGUILA,BASICO,PRIVADO,URBANA,CERRADA TEMPORALMENTE,MONOLINGUE,VESPERTINA,DIARIO(REGULAR),GUATEMALA SUR
00-11-0025-43,01-218,CIUDAD CAPITAL,ZONA 11,LICEO PEDAGOGICO CAMINO AL EXITO,"1A. AVENIDA 51-94, COLONIA CASTAÑAS",24790503,BENIGNO ISAIAS DE LEON OROZCO,YUVIZA DINETH PALMA RODAS,PRIMARIA,PRIVADO,URBANA,CERRADA TEMPORALMENTE,MONOLINGUE,MATUTINA,DIARIO(REGULAR),GUATEMALA SUR
00-11-0026-42,01-218,CIUDAD CAPITAL,ZONA 11,LICEO PEDAGOGICO CAMINO AL EXITO,"1A. AVENIDA 51-94, COLONIA CASTAÑAS",24790503,BENIGNO ISAIAS DE LEON OROZCO,SANDRA JULITA LARA ALAY,PARVULOS,PRIVADO,URBANA,CERRADA TEMPORALMENTE,MONOLINGUE,MATUTINA,DIARIO(REGULAR),GUATEMALA SUR
00-11-0027-46,01-209,CIUDAD CAPITAL,ZONA 11,CENTRO EDUCATIVO APOYATE EN MI,"21 CALLE, 13-17, COLONIA MARISCAL",24746034,MIRIAM DEL CARMEN OROZCO HERNANDEZ,MARIA LOURDES GARCIA MUÑOZ,DIVERSIFICADO,PRIVADO,URBANA,CERRADA DEFINITIVAMENTE,MONOLINGUE,VESPERTINA,DIARIO(REGULAR),GUATEMALA SUR
00-11-0028-45,01-209,CIUDAD CAPITAL,ZONA 11,CENTRO EDUCATIVO APOYATE EN MI,"21 CALLE, 13-17, COLONIA MARISCAL",24746034,MIRIAM DEL CARMEN OROZCO HERNANDEZ,MARIA LOURDES GARCIA MUÑOZ,BASICO,PRIVADO,URBANA,CERRADA DEFINITIVAMENTE,MONOLINGUE,VESPERTINA,DIARIO(REGULAR),GUATEMALA SUR
00-11-0029-43,01-209,CIUDAD CAPITAL,ZONA 11,CENTRO EDUCATIVO APOYATE EN MI,"21 CALLE, 13-17, COLONIA MARISCAL",24746034,MIRIAM DEL CARMEN OROZCO HERNANDEZ,MARIA LOURDES GARCIA MUÑOZ,PRIMARIA,PRIVADO,URBANA,CERRADA DEFINITIVAMENTE,MONOLINGUE,MATUTINA,DIARIO(REGULAR),GUATEMALA SUR
00-11-0030-42,01-209,CIUDAD CAPITAL,ZONA 11,CENTRO EDUCATIVO APOYATE EN MI,"21 CALLE, 13-17, COLONIA MARISCAL",24746034,MIRIAM DEL CARMEN OROZCO HERNANDEZ,ZOILA MARIBEL VICENTE CHAJON,PARVULOS,PRIVADO,URBANA,CERRADA DEFINITIVAMENTE,MONOLINGUE,MATUTINA,DIARIO(REGULAR),GUATEMALA SUR
00-11-0031-42,01-01-0149,CIUDAD CAPITAL,ZONA 11,COLEGIO CAPI,"DIAGONAL 17, AVENIDA MARISCAL, 13-23",24745347,MIRIAM DEL CARMEN OROZCO HERNÁNDEZ,CARMEN SARAI MORENO MORALES,PARVULOS,PRIVADO,URBANA,ABIERTA,MONOLINGUE,MATUTINA,DIARIO(REGULAR),GUATEMALA SUR
00-11-0032-42,01-99-0151,CIUDAD CAPITAL,ZONA 11,CENTRO EDUCATIVO MIXTO EL CAMINO DEL SEÑOR,"0 AVENIDA A, 49-99 COLONIA CASTAÑAS",54718838,MARÍA EUGENIA LOBOS ELÍAS,ANA LUCÍA ALVARADO SAMAYOA,PARVULOS,PRIVADO,URBANA,ABIERTA,MONOLINGUE,MATUTINA,DIARIO(REGULAR),GUATEMALA SUR
00-11-0033-45,01-99-0151,CIUDAD CAPITAL,ZONA 11,CENTRO EDUCATIVO MIXTO EL CAMINO DEL SEÑOR,"0 AVENIDA A, 49-99 COLONIA CASTAÑAS",54718838,MARÍA EUGENIA LOBOS ELÍAS,ANA LUCÍA ALVARADO SAMAYOA,BASICO,PRIVADO,URBANA,ABIERTA,MONOLINGUE,MATUTINA,DIARIO(REGULAR),GUATEMALA SUR
00-11-0034-43,01-01-0149,CIUDAD CAPITAL,ZONA 11,COLEGIO PREESCOLAR NANNY,"DIAGNOAL 17 21-87, COLONIA MARISCAL",24765611,MIRIAM DEL CARMEN OROZCO HERNÁNDEZ,MARÍA DEL CARMEN ALVARADO GUDIEL,PRIMARIA,PRIVADO,URBANA,ABIERTA,MONOLINGUE,MATUTINA,DIARIO(REGULAR),GUATEMALA SUR
00-11-0035-46,01-641,CIUDAD CAPITAL,ZONA 11,TECNICO EN MECANICA AUTOMOTRIZ,"22 CALLE, 7-81",23071990,MILTON ALONSO ALVAREZ FUENTES,YLCE ANNELIESE SEQUEIDA SIL,DIVERSIFICADO,PRIVADO,URBANA,CERRADA TEMPORALMENTE,MONOLINGUE,DOBLE,FIN DE SEMANA,GUATEMALA SUR
00-11-0036-46,01-210,CIUDAD CAPITAL,ZONA 11,COLEGIO PANAMERICANO NO. 6,"35 AVENIDA 0-45, PLAZA HELVETIA",24964444,DINIZ ORALIA MORALES MUÑOZ,LESVIA LILIANA CHACATE TICURÚ,DIVERSIFICADO,PRIVADO,URBANA,ABIERTA,MONOLINGUE,MATUTINA,DIARIO(REGULAR),GUATEMALA SUR
00-11-0037-45,01-01-0148,CIUDAD CAPITAL,ZONA 11,TECNICO EN MECANICA AUTOMOTRIZ,"22 CALLE, 7-81",30477521,DINIZ ORALIA MORALES MUÑOZ,YOLANDA  NOJ TUQUER,BASICO,PRIVADO,URBANA,ABIERTA,MONOLINGUE,MATUTINA,DIARIO(REGULAR),GUATEMALA SUR
00-11-0038-45,01-406,CIUDAD CAPITAL,ZONA 11,TECNICO EN MECANICA AUTOMOTRIZ,"22 CALLE, 7-81",24701881,MIGUEL ALVARO RODRIGUEZ PORTILLO,SONIA BARAHONA GONZALEZ,BASICO,PRIVADO,URBANA,CERRADA TEMPORALMENTE,MONOLINGUE,DOBLE,FIN DE SEMANA,GUATEMALA SUR
00-11-0039-46,01-209,CIUDAD CAPITAL,ZONA 11,"LICEO PEDAGOGICO ""CAMINO AL EXITO""","1A. AVENIDA 51-94, COLONIA CASTAÑAS",51726290,MIRIAM DEL CARMEN OROZCO HERNANDEZ,ISAURA RODOLFINA DE LEON DEL AGUILA,DIVERSIFICADO,PRIVADO,URBANA,CERRADA TEMPORALMENTE,MONOLINGUE,VESPERTINA,DIARIO(REGULAR),GUATEMALA SUR
00-11-0040-43,01-209,CIUDAD CAPITAL,ZONA 11,COLEGIO TROZOS,30 AV. 5-95 LAS MAJADAS,24737948,MIRIAM DEL CARMEN OROZCO HERNANDEZ,MILAGROS IVETH DAVILA SOLIS,PRIMARIA,PRIVADO,URBANA,CERRADA DEFINITIVAMENTE,MONOLINGUE,MATUTINA,DIARIO(REGULAR),GUATEMALA SUR
00-11-0041-42,01-01-0148,CIUDAD CAPITAL,ZONA 11,"COLEGIO TECNOLÓGICO AMERICANO ""AMERITEC""","39 CALLE 10-91, LAS CHARCAS, AVENIDA FINAL",23242800,DINIZ ORALIA MORALES MUÑOZ,MARÍA ANDREA RUÍZ HERRERA,PARVULOS,PRIVADO,URBANA,ABIERTA,MONOLINGUE,MATUTINA,DIARIO(REGULAR),GUATEMALA SUR
00-11-0042-43,01-01-0148,CIUDAD CAPITAL,ZONA 11,"COLEGIO TECNOLÓGICO AMERICANO ""AMERITEC""","39 CALLE 10-91, LAS CHARCAS, AVENIDA FINAL",23242800,DINIZ ORALIA MORALES MUÑOZ,MARIA ALEJANDRA GAMBOA TELLO,PRIMARIA,PRIVADO,URBANA,ABIERTA,MONOLINGUE,MATUTINA,DIARIO(REGULAR),GUATEMALA SUR
00-11-0043-45,01-01-0148,CIUDAD CAPITAL,ZONA 11,"COLEGIO TECNOLÓGICO AMERICANO ""AMERITEC""","39 CALLE 10-91, LAS CHARCAS, AVENIDA FINAL",23242800,DINIZ ORALIA MORALES MUÑOZ,MARÍA ANDREA RUÍZ HERRERA,BASICO,PRIVADO,URBANA,ABIERTA,MONOLINGUE,MATUTINA,DIARIO(REGULAR),GUATEMALA SUR
00-11-0044-46,01-01-0148,CIUDAD CAPITAL,ZONA 11,"COLEGIO TECNOLÓGICO AMERICANO ""AMERITEC""","39 CALLE 10-91, LAS CHARCAS, AVENIDA FINAL",23242800,DINIZ ORALIA MORALES MUÑOZ,MARÍA ANDREA RUÍZ HERRERA,DIVERSIFICADO,PRIVADO,URBANA,ABIERTA,MONOLINGUE,MATUTINA,DIARIO(REGULAR),GUATEMALA SUR
00-11-0045-43,01-01-0149,CIUDAD CAPITAL,ZONA 11,COLEGIO PANAMERICANO NO. 6,"35 AVENIDA, 0-45, PLAZA HELVETIA",56874884,MIRIAM DEL CARMEN OROZCO HERNÁNDEZ,KARLA MAGALY SALAZAR MORALES,PRIMARIA,PRIVADO,URBANA,ABIERTA,MONOLINGUE,MATUTINA,DIARIO(REGULAR),GUATEMALA SUR
00-11-0046-42,01-01-0149,CIUDAD CAPITAL,ZONA 11,"PRE-ESCOLAR ""ROSA MARÍA LEAL DE PÉREZ""",32 CALLE 9-34,24143535,MIRIAM DEL CARMEN OROZCO HERNÁNDEZ,ADRIANA BRIZEIDA HERNANDEZ REVOLORIO,PARVULOS,PRIVADO,URBANA,ABIERTA,MONOLINGUE,MATUTINA,DIARIO(REGULAR),GUATEMALA SUR
00-11-0047-43,01-01-0148,CIUDAD CAPITAL,ZONA 11,COLEGIO GRANDES TALENTOS,"28 CALLE 9-35, VILLAS SAN CARLOS",24760012,DINIZ ORALIA MORALES MUÑOZ,ANA LUISA XAJAP CHOCON,PRIMARIA,PRIVADO,URBANA,ABIERTA,MONOLINGUE,MATUTINA,DIARIO(REGULAR),GUATEMALA SUR
00-11-0048-45,01-640,CIUDAD CAPITAL,ZONA 11,CENTRO DE EDUCACIÓN EXTRAESCOLAR -CEEX-EDUVIDA,19 AVENIDA 5-94 ZONA 11 COLONIA MIRADOR I,24263642,ELISEO DANIEL ALVAREZ NATARENO,ELENA NOEMÍ BERCIÁN RAMÍREZ,BASICO,PRIVADO,URBANA,ABIERTA,MONOLINGUE,VESPERTINA,A DISTANCIA,GUATEMALA SUR
00-11-0049-42,01-01-0148,CIUDAD CAPITAL,ZONA 11,"JARDÍN INFANTIL ""MADRE DEL PERPETUO SOCORRO""","16 AVENIDA 12-61, COLONIA CARABANCHEL",37728166,DINIZ ORALIA MORALES MUÑOZ,MIRNA JOSMAR LÓPEZ MAZARIEGOS,PARVULOS,PRIVADO,URBANA,ABIERTA,MONOLINGUE,MATUTINA,DIARIO(REGULAR),GUATEMALA SUR
00-11-0050-43,01-01-0149,CIUDAD CAPITAL,ZONA 11,COLEGIO CASTELLO,6A. CALLE 29-90,24738389,MIRIAM DEL CARMEN OROZCO HERNÁNDEZ,JORGE EDUARDO MÉRIDA SANTIZO,PRIMARIA,PRIVADO,URBANA,ABIERTA,MONOLINGUE,MATUTINA,DIARIO(REGULAR),GUATEMALA SUR
00-11-0051-43,01-209,CIUDAD CAPITAL,ZONA 11,COLEGIO BLUE VALLEY (BLUE VALLEY SCHOOL),"14A. AVENIDA 20-73, COLONIA MARISCAL",22194714,MIRIAM DEL CARMEN OROZCO HERNANDEZ,SENIA MELANIE CALDERON BOCANEGRA,PRIMARIA,PRIVADO,URBANA,CERRADA DEFINITIVAMENTE,MONOLINGUE,MATUTINA,DIARIO(REGULAR),GUATEMALA SUR
00-11-0052-45,01-209,CIUDAD CAPITAL,ZONA 11,COLEGIO BILINGUE CUMBRE DEL REINO (KINGDOM PEAK),18 CALLE 09-68 ZONA 11,24733795,MIRIAM DEL CARMEN OROZCO HERNANDEZ,OSCAR ENRIQUE SÁNCHEZ SIGÜENZA,BASICO,PRIVADO,URBANA,ABIERTA,MONOLINGUE,MATUTINA,DIARIO(REGULAR),GUATEMALA SUR
00-11-0053-42,01-01-0149,CIUDAD CAPITAL,ZONA 11,COLEGIO GARABATOS,"7A. AVENIDA 16-58, COLONIA MARISCAL",55725256,MIRIAM DEL CARMEN OROZCO HERNÁNDEZ,ANA GABRIELA BUSTAMANTE DÌAZ,PARVULOS,PRIVADO,URBANA,ABIERTA,MONOLINGUE,MATUTINA,DIARIO(REGULAR),GUATEMALA SUR
00-11-0054-46,01-209,CIUDAD CAPITAL,ZONA 11,COLEGIO BILINGUE CUMBRE DEL RIO (KINGDOM),18 CALLE 9-68,47700406,MIRIAM DEL CARMEN OROZCO HERNANDEZ,OSCAR SANCHEZ,DIVERSIFICADO,PRIVADO,URBANA,CERRADA TEMPORALMENTE,MONOLINGUE,MATUTINA,DIARIO(REGULAR),GUATEMALA SUR
00-11-0055-46,01-209,CIUDAD CAPITAL,ZONA 11,COLEGIO BILINGUE CUMBRE DEL REINO (KINDOM PEAK),18 CALLE 09-68,24733795,MIRIAM DEL CARMEN OROZCO HERNANDEZ,OSCAR ENRIQUE SÁNCHEZ SIGÜENZA,DIVERSIFICADO,PRIVADO,URBANA,CERRADA TEMPORALMENTE,MONOLINGUE,MATUTINA,DIARIO(REGULAR),GUATEMALA SUR
00-11-0056-42,01-01-0149,CIUDAD CAPITAL,ZONA 11,CPMI COLEGIO EXPLORADORES DEL SABER,"8  AVENIDA  22-56 ZONA 11, MARISCAL.GUATEMALA",25091076,MIRIAM DEL CARMEN OROZCO HERNÁNDEZ,CAROLINA  SUAREZ RIMOLA,PARVULOS,PRIVADO,URBANA,ABIERTA,MONOLINGUE,MATUTINA,DIARIO(REGULAR),GUATEMALA SUR
00-11-0057-42,01-210,CIUDAD CAPITAL,ZONA 11,COLEGIO FRANKFURT,"8A. AVENIDA 22-46, COLONIA MARISCAL",54209887,DINIZ ORALIA MORALES MUÑOZ,MÉLIDA ELENA GÓNGORA CUEVAS,PARVULOS,PRIVADO,URBANA,CERRADA DEFINITIVAMENTE,MONOLINGUE,MATUTINA,DIARIO(REGULAR),GUATEMALA SUR
00-11-0058-43,01-210,CIUDAD CAPITAL,ZONA 11,COLEGIO FRANKFURT,"8A. AVENIDA 22-46, COLONIA MARISCAL",54209887,DINIZ ORALIA MORALES MUÑOZ,SILVIA PATRICIA PIXABAJ CHUTÁ,PRIMARIA,PRIVADO,URBANA,CERRADA DEFINITIVAMENTE,MONOLINGUE,MATUTINA,DIARIO(REGULAR),GUATEMALA SUR
00-11-0059-42,01-01-0148,CIUDAD CAPITAL,ZONA 11,"CENTRO EDUCATIVO MI SEGUNDO HOGAR ""SECOND HOME""",06 AVENIDA A 35-34 COLONIA LAS CHARCAS ZONA 11,59674008,DINIZ ORALIA MORALES MUÑOZ,SILVIA ISABEL GARCÍA DE LEÓN,PARVULOS,PRIVADO,URBANA,ABIERTA,MONOLINGUE,MATUTINA,DIARIO(REGULAR),GUATEMALA SUR
00-11-0060-44,01-641,CIUDAD CAPITAL,ZONA 11,COLEGIO EDUCACIÓN EN LÍNEA,8A. AVENIDA 21-83 ZONA 11 COLONIA MARISCAL,40279702,MILTON ALONSO ALVAREZ FUENTES,HEIDY MARIELA CAAL CRUZ,PRIMARIA DE ADULTOS,PRIVADO,URBANA,ABIERTA,MONOLINGUE,DOBLE,A DISTANCIA,GUATEMALA SUR
00-11-0061-44,01-01-0149,CIUDAD CAPITAL,ZONA 11,COLEGIO EDUCACIÓN EN LÍNEA,"8A. AVENIDA 21-83, COLONIA MARISCAL",30193053,MIRIAM DEL CARMEN OROZCO HERNÁNDEZ,CARMEN MERCEDES ARCHILA SUY,PRIMARIA DE ADULTOS,PRIVADO,URBANA,ABIERTA,MONOLINGUE,DOBLE,A DISTANCIA,GUATEMALA SUR
00-11-0062-43,01-209,CIUDAD CAPITAL,ZONA 11,COLEGIO EDUCACIÓN EN LÍNEA,"8A. AVENIDA 21-83, COLONIA MARISCAL",30193053,MIRIAM DEL CARMEN OROZCO HERNANDEZ,CARMEN MERCEDES ARCHILA SUY,PRIMARIA,PRIVADO,URBANA,ABIERTA,MONOLINGUE,DOBLE,A DISTANCIA,GUATEMALA SUR
00-11-0063-43,01-209,CIUDAD CAPITAL,ZONA 11,CENTRO EDUCATIVO JC,"18A. CALLE 7-46, COLONIA MARISCAL",24856974,MIRIAM DEL CARMEN OROZCO HERNANDEZ,CLAUDIA  FIGUEROA FLORES,PRIMARIA,PRIVADO,URBANA,CERRADA TEMPORALMENTE,MONOLINGUE,MATUTINA,DIARIO(REGULAR),GUATEMALA SUR
00-11-0064-45,01-209,CIUDAD CAPITAL,ZONA 11,CENTRO EDUCATIVO JC,"18A. CALLE 7-46, COLONIA MARISCAL",24856974,MIRIAM DEL CARMEN OROZCO HERNANDEZ,ROSE MARY BARZANALLANA SOLÓRZANO,BASICO,PRIVADO,URBANA,CERRADA TEMPORALMENTE,MONOLINGUE,MATUTINA,DIARIO(REGULAR),GUATEMALA SUR
00-11-0065-46,01-209,CIUDAD CAPITAL,ZONA 11,CENTRO EDUCATIVO JC,"18A. CALLE 7-46, COLONIA MARISCAL",24856974,MIRIAM DEL CARMEN OROZCO HERNANDEZ,ROSE MARY BARZANALLANA SOLÓRZANO,DIVERSIFICADO,PRIVADO,URBANA,CERRADA TEMPORALMENTE,MONOLINGUE,MATUTINA,DIARIO(REGULAR),GUATEMALA SUR
00-11-0066-43,01-01-0148,CIUDAD CAPITAL,ZONA 11,"CENTRO EDUCATIVO MI SEGUNDO HOGAR ""SECOND HOME""",06 AVENIDA A 35-34 COLONIA LAS CHARCAS,59674008,DINIZ ORALIA MORALES MUÑOZ,PATRICIA DE LOS ANGELES DE LEÓN SANTOS,PRIMARIA,PRIVADO,URBANA,ABIERTA,MONOLINGUE,MATUTINA,DIARIO(REGULAR),GUATEMALA SUR
00-11-0067-46,01-209,CIUDAD CAPITAL,ZONA 11,COLEGIO NACIONAL AMERICANO,13 CALLE 5-60,24628700,MIRIAM DEL CARMEN OROZCO HERNANDEZ,ANA MARÍA LEZANA MINERA,DIVERSIFICADO,PRIVADO,URBANA,CERRADA TEMPORALMENTE,MONOLINGUE,MATUTINA,DIARIO(REGULAR),GUATEMALA SUR
00-11-0068-46,01-640,CIUDAD CAPITAL,ZONA 11,CEEX-FORT LIC. ELISEO DANIEL ALVAREZ NATARENO,51 CALLE 4-96 COLONIA CASTAÑAS ZONA 11,41206441,ELISEO DANIEL ALVAREZ NATARENO,LUIS ALFREDO ROJAS ROJAS,DIVERSIFICADO,OFICIAL,URBANA,ABIERTA,MONOLINGUE,DOBLE,A DISTANCIA,GUATEMALA SUR
00-11-0069-45,01-01-0148,CIUDAD CAPITAL,ZONA 11,COLEGIO GRANDES TALENTOS,"28 CALLE 9-35, VILLAS SAN CARLOS, ZONA 11",22280611,DINIZ ORALIA MORALES MUÑOZ,OLIMPIA CLEOTILDE PÉREZ GUTIÉRREZ,BASICO,PRIVADO,URBANA,ABIERTA,MONOLINGUE,MATUTINA,DIARIO(REGULAR),GUATEMALA SUR
00-11-0070-43,01-01-0149,CIUDAD CAPITAL,ZONA 11,COLEGIO EDUCACIÓN EN LÍNEA,19 AVENIDA 2-78 COLONIA EL MIRADOR 1 ZONA 11,30193053,MIRIAM DEL CARMEN OROZCO HERNÁNDEZ,CARMEN MERCEDES ARCHILA SUY,PRIMARIA,PRIVADO,URBANA,ABIERTA,MONOLINGUE,MATUTINA,DIARIO(REGULAR),GUATEMALA SUR
00-11-0071-46,01-01-0149,CIUDAD CAPITAL,ZONA 11,COLEGIO PANAMERICANO NO. 6,"35A. AVENIDA 0-45, PLAZA HELVETIA",45655822,MIRIAM DEL CARMEN OROZCO HERNÁNDEZ,LESVIA LILIANA CHACATE TICURÚ,DIVERSIFICADO,PRIVADO,URBANA,ABIERTA,MONOLINGUE,MATUTINA,VIRTUAL A DISTANCIA,GUATEMALA SUR
00-11-0072-45,01-01-0149,CIUDAD CAPITAL,ZONA 11,COLEGIO PANAMERICANO NO. 6,"35A. AVENIDA 0-45, PLAZA HELVETIA",42655822,MIRIAM DEL CARMEN OROZCO HERNÁNDEZ,LESVIA LILIANA CHACATE TICURÚ,BASICO,PRIVADO,URBANA,ABIERTA,MONOLINGUE,MATUTINA,VIRTUAL A DISTANCIA,GUATEMALA SUR
00-11-0073-44,01-640,CIUDAD CAPITAL,ZONA 11,"CENTRO DE EDUCACIÓN EXTRAESCOLAR CON FORMACIÓN PARA EL TRABAJO CEEX-FORT ""LIC. ELISEO DANIEL ÁLVAREZ NATARENO""",51 CALLE 4-96 COLONIA CASTAÑAS,41206441,ELISEO DANIEL ALVAREZ NATARENO,LUIS ALFREDO ROJAS ROJAS,PRIMARIA DE ADULTOS,OFICIAL,URBANA,ABIERTA,MONOLINGUE,DOBLE,SEMIPRESENCIAL,GUATEMALA SUR
00-11-0074-45,01-640,CIUDAD CAPITAL,ZONA 11,"CENTRO DE EDUCACIÓN EXTRAESCOLAR CON FORMACIÓN PARA EL TRABAJO CEEX-FORT ""LIC. ELISEO DANIEL ÁLVAREZ NATARENO""",51 CALLE 4-96 COLONIA CASTAÑAS,41206441,ELISEO DANIEL ALVAREZ NATARENO,LUIS ALFREDO ROJAS ROJAS,BASICO,OFICIAL,URBANA,ABIERTA,MONOLINGUE,SIN JORNADA,SEMIPRESENCIAL (UN DÍA A LA SEMANA),GUATEMALA SUR
00-11-0075-43,01-01-0149,CIUDAD CAPITAL,ZONA 11,JARDIN INFANTIL LOLA CARRERA DE SCHLESINGER,"4A. CALLE 12-30, COLONIA ROOSVELT",24722403,MIRIAM DEL CARMEN OROZCO HERNÁNDEZ,DALILA SANDRA QUINÁ ORTIZ,PRIMARIA,PRIVADO,URBANA,ABIERTA,MONOLINGUE,MATUTINA,DIARIO(REGULAR),GUATEMALA SUR
00-11-0076-46,01-210,CIUDAD CAPITAL,ZONA 11,COLEGIO PANAMERICANO NO. 6,"35A. AVENIDA 0-45, PLAZA HELVETIA",56874884,DINIZ ORALIA MORALES MUÑOZ,LESVIA LILIANA CHACATE TICURÚ,DIVERSIFICADO,PRIVADO,URBANA,ABIERTA,MONOLINGUE,MATUTINA,VIRTUAL A DISTANCIA,GUATEMALA SUR
00-11-0077-45,01-99-0154,CIUDAD CAPITAL,ZONA 11,"INSTITUTO PARTICULAR MIXTO NOCTURNO ""LIC. EMILIO ARENALES CATALÁN""",2A. AVENIDA 4-21,53024916,BYRON FERNANDO BÁMACA DE LA CRUZ,SILVIA PATRICIA CATALAN SANCHEZ,BASICO,PRIVADO,URBANA,ABIERTA,MONOLINGUE,SIN JORNADA,SEMIPRESENCIAL (FIN DE SEMANA),GUATEMALA SUR
00-11-0078-46,01-99-0154,CIUDAD CAPITAL,ZONA 11,"INSTITUTO PARTICULAR MIXTO NOCTURNO ""LIC. EMILIO ARENALES CATALÁN""",2A. AVENIDA 4-21,53024916,BYRON FERNANDO BÁMACA DE LA CRUZ,SILVIA PATRICIA CATALAN SANCHEZ,DIVERSIFICADO,PRIVADO,URBANA,ABIERTA,MONOLINGUE,SIN JORNADA,SEMIPRESENCIAL (FIN DE SEMANA),GUATEMALA SUR
00-11-0079-45,01-01-0149,CIUDAD CAPITAL,ZONA 11,COLEGIO EDUCACION EN LINEA,19 AVENIDA 2-78 COLONIA EL MIRADOR 1 ZONA 11,30193053,MIRIAM DEL CARMEN OROZCO HERNÁNDEZ,CARMEN MERCEDES ARCHILA SUY,BASICO,PRIVADO,URBANA,ABIERTA,MONOLINGUE,DOBLE,A DISTANCIA,GUATEMALA SUR
00-11-0080-46,01-01-0149,CIUDAD CAPITAL,ZONA 11,COLEGIO EDUCACION EN LINEA,19 AVENIDA 2-78 COLONIA EL MIRADOR 1 ZONA 11,30193053,MIRIAM DEL CARMEN OROZCO HERNÁNDEZ,CARMEN MERCEDES ARCHILA SUY,DIVERSIFICADO,PRIVADO,URBANA,ABIERTA,MONOLINGUE,SIN JORNADA,A DISTANCIA,GUATEMALA SUR
00-11-0081-45,01-99-0154,CIUDAD CAPITAL,ZONA 11,"CENTRO ESPECIALIZADO DE FORMACION PARA ADULTOS, CEFA","35 AVENIDA, 0-45, COLONIA TOLEDO",56874884,BYRON FERNANDO BÁMACA DE LA CRUZ,LESVIA LILIANA CHACATE TICURÚ,BASICO,PRIVADO,URBANA,ABIERTA,MONOLINGUE,SIN JORNADA,SEMIPRESENCIAL (FIN DE SEMANA),GUATEMALA SUR
00-11-0082-46,01-99-0154,CIUDAD CAPITAL,ZONA 11,"CENTRO ESPECIALIZADO DE FORMACION PARA ADULTOS, CEFA","35 AVENIDA, 0-45, COLONIA TOLEDO",56874884,BYRON FERNANDO BÁMACA DE LA CRUZ,LESVIA LILIANA CHACATE TICURÚ,DIVERSIFICADO,PRIVADO,URBANA,ABIERTA,MONOLINGUE,SIN JORNADA,SEMIPRESENCIAL (FIN DE SEMANA),GUATEMALA SUR
00-11-0083-43,01-01-0148,CIUDAD CAPITAL,ZONA 11,"COLEGIO TECNOLÓGICO AMERICANO ""AMERITEC""","39A. CALLE 10-91, LAS CHARCAS",59467969,DINIZ ORALIA MORALES MUÑOZ,MARÍA ANDREA RUÍZ HERRERA,PRIMARIA,PRIVADO,URBANA,ABIERTA,MONOLINGUE,MATUTINA,SEMIPRESENCIAL,GUATEMALA SUR
00-11-0084-45,01-209,CIUDAD CAPITAL,ZONA 11,"COLEGIO TECNOLÓGICO AMERICANO ""AMERITEC""","39A. CALLE 10-91, LAS CHARCAS",23242800,MIRIAM DEL CARMEN OROZCO HERNANDEZ,MARÍA ANDREA RUÍZ HERRERA,BASICO,PRIVADO,URBANA,ABIERTA,MONOLINGUE,MATUTINA,SEMIPRESENCIAL,GUATEMALA SUR
00-11-0085-46,01-01-0148,CIUDAD CAPITAL,ZONA 11,"COLEGIO TECNOLÓGICO AMERICANO ""AMERITEC""","39A. CALLE 10-91, LAS CHARCAS",23242800,DINIZ ORALIA MORALES MUÑOZ,MARÍA ANDREA RUÍZ HERRERA,DIVERSIFICADO,PRIVADO,URBANA,ABIERTA,MONOLINGUE,MATUTINA,SEMIPRESENCIAL,GUATEMALA SUR
00-11-0086-43,01-01-0148,CIUDAD CAPITAL,ZONA 11,"COLEGIO TECNOLÓGICO AMERICANO ""AMERITEC""","39A. CALLE 10-91, LAS CHARCAS",23242800,DINIZ ORALIA MORALES MUÑOZ,MARIA ALEJANDRA GAMBOA TELLO,PRIMARIA,PRIVADO,URBANA,ABIERTA,MONOLINGUE,MATUTINA,VIRTUAL A DISTANCIA,GUATEMALA SUR
00-11-0087-45,01-01-0148,CIUDAD CAPITAL,ZONA 11,"COLEGIO TECNOLÓGICO AMERICANO ""AMERITEC""","39A. CALLE 10-91, LAS CHARCAS",23242800,DINIZ ORALIA MORALES MUÑOZ,MARÍA ANDREA RUÍZ HERRERA,BASICO,PRIVADO,URBANA,ABIERTA,MONOLINGUE,MATUTINA,VIRTUAL A DISTANCIA,GUATEMALA SUR
00-11-0088-46,01-01-0148,CIUDAD CAPITAL,ZONA 11,"COLEGIO TECNOLÓGICO AMERICANO ""AMERITEC""","39A. CALLE 10-91, LAS CHARCAS",23242800,DINIZ ORALIA MORALES MUÑOZ,MARÍA ANDREA RUÍZ HERRERA,DIVERSIFICADO,PRIVADO,URBANA,ABIERTA,MONOLINGUE,MATUTINA,VIRTUAL A DISTANCIA,GUATEMALA SUR
00-11-0089-42,01-01-0149,CIUDAD CAPITAL,ZONA 11,COLEGIO CRECE BY CAPOUILLIEZ,"8A. AVENIDA A, 27-15 COLONIA GRANAI Y TOWSON II",22280564,MIRIAM DEL CARMEN OROZCO HERNÁNDEZ,INGRID YADIRA CALEL VÁSQUEZ,PARVULOS,PRIVADO,URBANA,ABIERTA,MONOLINGUE,MATUTINA,DIARIO(REGULAR),GUATEMALA SUR
00-11-0090-45,01-640,CIUDAD CAPITAL,ZONA 11,"""CEEX - SECRETARIA DE BIENESTAR SOCIAL DE LA PRESIDENCIA DE LA REPÚBLICA"", SEDE COLONIA LAS CHARCAS",32A. CALLE 9-34,42209206,ELISEO DANIEL ALVAREZ NATARENO,SUSAN GLORIANA SALAZAR FIGUEROA,BASICO,PRIVADO,URBANA,ABIERTA,MONOLINGUE,SIN JORNADA,SEMIPRESENCIAL (DOS DÍAS A LA SEMANA),GUATEMALA SUR
00-11-0091-46,01-640,CIUDAD CAPITAL,ZONA 11,"""CEEX - SECRETARIA DE BIENESTAR SOCIAL DE LA PRESIDENCIA DE LA REPÚBLICA"", SEDE COLONIA LAS CHARCAS",32A. CALLE 9-34,42209306,ELISEO DANIEL ALVAREZ NATARENO,SUSAN GLORIANA SALAZAR FIGUEROA,DIVERSIFICADO,PRIVADO,URBANA,ABIERTA,MONOLINGUE,DOBLE,SEMIPRESENCIAL,GUATEMALA SUR
00-11-0092-45,01-01-0149,CIUDAD CAPITAL,ZONA 11,COLEGIO CASTELLO,6A. CALLE 29-90,22964568,MIRIAM DEL CARMEN OROZCO HERNÁNDEZ,JORGE EDUARDO MÉRIDA SANTIZO,BASICO,PRIVADO,URBANA,ABIERTA,MONOLINGUE,VESPERTINA,DIARIO(REGULAR),GUATEMALA SUR
00-11-0093-45,01-209,CIUDAD CAPITAL,ZONA 11,COLEGIO CRECEMOS+,30A. AVENIDA 9-96,24291907,MIRIAM DEL CARMEN OROZCO HERNANDEZ,HEIDY PATRICIA AREVALO COLON,BASICO,PRIVADO,URBANA,CERRADA DEFINITIVAMENTE,MONOLINGUE,SIN JORNADA,A DISTANCIA,GUATEMALA SUR
00-11-0094-42,01-209,CIUDAD CAPITAL,ZONA 11,COLEGIO MIXTO KINDERGARTEN DECROLY,22A. CALLE 7-22,24110091,MIRIAM DEL CARMEN OROZCO HERNANDEZ,AMARILIS ALDANA SALGUERO,PARVULOS,PRIVADO,URBANA,ABIERTA,MONOLINGUE,MATUTINA,VIRTUAL A DISTANCIA,GUATEMALA SUR
00-11-0095-42,01-209,CIUDAD CAPITAL,ZONA 11,COLEGIO MIXTO KINDERGARTEN DECROLY,22A. CALLE 7-22,24770091,MIRIAM DEL CARMEN OROZCO HERNANDEZ,AMARILIS ALDANA SALGUERO,PARVULOS,PRIVADO,URBANA,ABIERTA,MONOLINGUE,DOBLE,SEMIPRESENCIAL,GUATEMALA SUR
00-11-0096-45,01-99-0154,CIUDAD CAPITAL,ZONA 11,COLEGIO CRECEMOS +,30A. AVENIDA 9-96,25093547,BYRON FERNANDO BÁMACA DE LA CRUZ,KARLA NOEMÍ ALVAREZ FLORES,BASICO,PRIVADO,URBANA,ABIERTA,MONOLINGUE,SIN JORNADA,A DISTANCIA,GUATEMALA SUR
00-11-0097-46,01-99-0154,CIUDAD CAPITAL,ZONA 11,COLEGIO CRECEMOS+,30 AVENIDA 9-96,25093547,BYRON FERNANDO BÁMACA DE LA CRUZ,KARLA NOEMÍ ALVAREZ FLORES,DIVERSIFICADO,PRIVADO,URBANA,ABIERTA,MONOLINGUE,SIN JORNADA,A DISTANCIA,GUATEMALA SUR
00-11-0098-42,01-209,CIUDAD CAPITAL,ZONA 11,CENTRO EDUCATIVO Y DE CUIDADO INFANTIL STEPS,24 CALLE 12-67 ZONA 11 COLONIA MARISCAL,51844283,MIRIAM DEL CARMEN OROZCO HERNANDEZ,MADELIN ETHELVINA AGUILAR JUÁREZ,PARVULOS,PRIVADO,URBANA,ABIERTA,MONOLINGUE,MATUTINA,DIARIO(REGULAR),GUATEMALA SUR
00-11-0099-46,01-01-0148,CIUDAD CAPITAL,ZONA 11,INED  INSTITUTO NACIONAL DE EDUCACIÓN DIVERSIFICADA MARISCAL,21 CALLE 7-09 ZONA 11 COLONIA MARISCAL,56160501,DINIZ ORALIA MORALES MUÑOZ,,DIVERSIFICADO,OFICIAL,URBANA,ABIERTA,MONOLINGUE,VESPERTINA,DIARIO(REGULAR),GUATEMALA SUR
00-11-0100-42,01-209,CIUDAD CAPITAL,ZONA 11,EL CASTILLO DE LOS NIÑOS,DIAGONAL 21 8-88 ZONA 11 COLONIA MARISCAL,22283269,MIRIAM DEL CARMEN OROZCO HERNANDEZ,IRENE CONCEPCIÓN LÓPEZ LÓPEZ,PARVULOS,PRIVADO,URBANA,ABIERTA,MONOLINGUE,MATUTINA,DIARIO(REGULAR),GUATEMALA SUR
00-11-0101-42,01-209,CIUDAD CAPITAL,ZONA 11,COLEGIO EDUCACIÓN EN LÍNEA,8 AVENIDA 21-83 ZONA 11,30193053,MIRIAM DEL CARMEN OROZCO HERNANDEZ,NANCY GUISELLA DÍAZ MOLINA,PARVULOS,PRIVADO,URBANA,ABIERTA,MONOLINGUE,DOBLE,VIRTUAL A DISTANCIA,GUATEMALA SUR
00-11-0102-45,01-210,CIUDAD CAPITAL,ZONA 11,COLEGIO EXPLORADORES DEL SABER,8AVE. 22-56 ZONA 11 MARISCAL,58254403,DINIZ ORALIA MORALES MUÑOZ,DEVIA IRACEMA GIRÓN RODAS,BASICO,PRIVADO,URBANA,ABIERTA,MONOLINGUE,MATUTINA,A DISTANCIA,GUATEMALA SUR
00-11-0103-43,01-210,CIUDAD CAPITAL,ZONA 11,COLEGIO EXPLORADORES DEL SABER,8 AVENIDA 22-56 ZONA 11 MARISCAL,58254403,DINIZ ORALIA MORALES MUÑOZ,DEVIA IRACEMA GIRÓN RODAS,PRIMARIA,PRIVADO,URBANA,ABIERTA,MONOLINGUE,MATUTINA,A DISTANCIA,GUATEMALA SUR
00-11-0104-46,01-210,CIUDAD CAPITAL,ZONA 11,COLEGIO EXPLORADORES DEL SABER,8 AVENIDA 22-56 ZONA 11 MARISCAL,58254403,DINIZ ORALIA MORALES MUÑOZ,DEVIA IRACEMA GIRÓN RODAS DE GONZALEZ,DIVERSIFICADO,PRIVADO,URBANA,ABIERTA,MONOLINGUE,MATUTINA,A DISTANCIA,GUATEMALA SUR
00-11-0105-42,,CIUDAD CAPITAL,ZONA 11,COLEGIO METRO KIDS,"COLONIA LAS CHARCAS DIAGONAL 17, 29-41 ZONA 11",41856956,,HILDA ELIZABETH ACUÑA GARCÍA,PARVULOS,PRIVADO,URBANA,ABIERTA,MONOLINGUE,MATUTINA,DIARIO(REGULAR),GUATEMALA SUR
00-11-0106-43,,CIUDAD CAPITAL,ZONA 11,COLEGIO METRO KIDS,"COLONIA LAS CHARCAS DIAGONAL 17, 29-41 ZONA 11",41856956,,LESVIA MAGALY ACABAL REYES,PRIMARIA,PRIVADO,URBANA,ABIERTA,MONOLINGUE,MATUTINA,DIARIO(REGULAR),GUATEMALA SUR
00-11-0107-45,,CIUDAD CAPITAL,ZONA 11,COLEGIO METRO KIDS,"COLONIA LAS CHARCAS DIAGONAL 17, 29-41 ZONA 11",41856956,,LESVIA MAGALY ACABAL REYES,BASICO,PRIVADO,URBANA,ABIERTA,MONOLINGUE,MATUTINA,DIARIO(REGULAR),GUATEMALA SUR
00-11-0108-46,,CIUDAD CAPITAL,ZONA 11,COLEGIO METRO KIDS,"COLONIA LAS CHARCAS DIAGONAL 17, 29-41 ZONA 11",41856956,,LESVIA MAGALY ACABAL REYES,DIVERSIFICADO,PRIVADO,URBANA,ABIERTA,MONOLINGUE,MATUTINA,DIARIO(REGULAR),GUATEMALA SUR
00-11-0346-43,,CIUDAD CAPITAL,ZONA 11,EORM,"ALDEA LA BLANCA ZONA 11, GUATEMALA",,,,PRIMARIA,OFICIAL,RURAL,CERRADA DEFINITIVAMENTE,MONOLINGUE,MATUTINA,DIARIO(REGULAR),GUATEMALA SUR
00-11-0778-42,01-01-0149,CIUDAD CAPITAL,ZONA 11,EODP NO.34 'ENRIQUETA FIGUEROA',20 AVENIDA 9-70,40981053,MIRIAM DEL CARMEN OROZCO HERNÁNDEZ,TODI ADONIS SANTOS GÜIT,PARVULOS,OFICIAL,URBANA,ABIERTA,MONOLINGUE,MATUTINA,DIARIO(REGULAR),GUATEMALA SUR
00-11-0779-42,01-01-0148,CIUDAD CAPITAL,ZONA 11,EODP NO.5 'REPUBLICA DE HAITI',21 CALLE 14-62 GRANAI Y TOWSON III,59670109,DINIZ ORALIA MORALES MUÑOZ,HEIDY NOHEMÍ RIVERA MÉRIDA,PARVULOS,OFICIAL,URBANA,ABIERTA,MONOLINGUE,MATUTINA,DIARIO(REGULAR),GUATEMALA SUR
00-11-0780-42,,CIUDAD CAPITAL,ZONA 11,EODP NO.56,"4A. AVENIDA A 4-36, ZONA 12, COLONIA GUAJITOS",,,,PARVULOS,OFICIAL,URBANA,CERRADA DEFINITIVAMENTE,MONOLINGUE,MATUTINA,DIARIO(REGULAR),GUATEMALA SUR
00-11-0781-42,01-01-0149,CIUDAD CAPITAL,ZONA 11,EODP NO.2 'FEDERICO FROEBEL',12 AVENIDA 12-49,22191567,MIRIAM DEL CARMEN OROZCO HERNÁNDEZ,BARBARA VANESSA VILLEGAS BAILÓN,PARVULOS,OFICIAL,URBANA,ABIERTA,MONOLINGUE,MATUTINA,DIARIO(REGULAR),GUATEMALA SUR
00-11-0782-42,01-01-0149,CIUDAD CAPITAL,ZONA 11,EODP NO.73 DEL 'HOSPITAL INFANTIL DE INFECTOLOGIA Y REHABILITACION',9A. AVENIDA 7-01 ZONA 11,59376326,MIRIAM DEL CARMEN OROZCO HERNÁNDEZ,MIRIAM ELIZABETH VIDAL CORDÓN,PARVULOS,OFICIAL,URBANA,ABIERTA,MONOLINGUE,VESPERTINA,DIARIO(REGULAR),GUATEMALA SUR
00-11-0783-42,01-01-0149,CIUDAD CAPITAL,ZONA 11,EODP NO.40,"CALZADA ROOSEVELT, DIAGONAL 12 8-01",24723125,MIRIAM DEL CARMEN OROZCO HERNÁNDEZ,ADA EUGENIA VELASQUEZ NAVAS,PARVULOS,OFICIAL,URBANA,ABIERTA,MONOLINGUE,MATUTINA,DIARIO(REGULAR),GUATEMALA SUR
00-11-0784-42,01-209,CIUDAD CAPITAL,ZONA 11,MI COLEGITO,14 CALLE 6-65,24745362,MIRIAM DEL CARMEN OROZCO HERNANDEZ,,PARVULOS,PRIVADO,URBANA,CERRADA TEMPORALMENTE,MONOLINGUE,MATUTINA,DIARIO(REGULAR),GUATEMALA SUR
00-11-0785-42,01-01-0148,CIUDAD CAPITAL,ZONA 11,JARDIN INFANTIL ESTRELLITAS,14 AVE. 19-19 Y 20-05,24424128,DINIZ ORALIA MORALES MUÑOZ,LUCIA DEL ROSARIO SANTIZO MARROQUIN,PARVULOS,PRIVADO,URBANA,ABIERTA,MONOLINGUE,MATUTINA,DIARIO(REGULAR),GUATEMALA SUR
00-11-0786-42,,CIUDAD CAPITAL,ZONA 11,EPDP COLEGIO 'MI JARDIN INFANTIL',23 AVE. 0-36 ZONA 11,,,,PARVULOS,PRIVADO,URBANA,CERRADA TEMPORALMENTE,MONOLINGUE,MATUTINA,DIARIO(REGULAR),GUATEMALA SUR
00-11-0788-42,,CIUDAD CAPITAL,ZONA 11,EPDP COLEGIO MIXTO 'PRADO VERDE',CALLE MARISCAL 6-16 ZONA 11,,,,PARVULOS,PRIVADO,URBANA,CERRADA DEFINITIVAMENTE,MONOLINGUE,MATUTINA,DIARIO(REGULAR),GUATEMALA SUR
00-11-0789-42,01-209,CIUDAD CAPITAL,ZONA 11,EPDP COLEGIO 'JACQUES COUSTEAU',18 CALLE 7-46 MARISCAL,24730608,MIRIAM DEL CARMEN OROZCO HERNANDEZ,,PARVULOS,PRIVADO,URBANA,CERRADA TEMPORALMENTE,MONOLINGUE,MATUTINA,DIARIO(REGULAR),GUATEMALA SUR
00-11-0790-42,01-01-0148,CIUDAD CAPITAL,ZONA 11,'KINDERGARTEN DECROLY',22 CALLE 7-22,24770091,DINIZ ORALIA MORALES MUÑOZ,SKARLETH ALEJANDRA GARCÍA CASTILLO,PARVULOS,PRIVADO,URBANA,ABIERTA,MONOLINGUE,MATUTINA,DIARIO(REGULAR),GUATEMALA SUR
00-11-0791-42,01-01-0148,CIUDAD CAPITAL,ZONA 11,'CENTRO ESCOLAR LAS CHARCAS',11 AVE. SUR FINAL,24135950,DINIZ ORALIA MORALES MUÑOZ,MARIA MICHELLE CARRANZA JUI,PARVULOS,PRIVADO,URBANA,ABIERTA,MONOLINGUE,MATUTINA,DIARIO(REGULAR),GUATEMALA SUR
00-11-0792-42,01-01-0149,CIUDAD CAPITAL,ZONA 11,'JARDIN INFANTIL PLAZA SESAMO',"9A. AVE. 15-50, MARISCAL",24730793,MIRIAM DEL CARMEN OROZCO HERNÁNDEZ,SOFIA  CASTAÑEDA MOLINA,PARVULOS,PRIVADO,URBANA,ABIERTA,MONOLINGUE,MATUTINA,DIARIO(REGULAR),GUATEMALA SUR
00-11-0793-42,01-01-0148,CIUDAD CAPITAL,ZONA 11,COLEGIO  SANTA TERESITA,22 CALLE 13-31,24933232,DINIZ ORALIA MORALES MUÑOZ,VIOLETA DEL ALBA NAVARRO OROZCO,PARVULOS,PRIVADO,URBANA,ABIERTA,MONOLINGUE,MATUTINA,DIARIO(REGULAR),GUATEMALA SUR
00-11-0794-42,01-01-0149,CIUDAD CAPITAL,ZONA 11,JARDIN INFANTIL LOLA CARRERA DE SCHLESINGER,"4A. CALLE 12-30, COLONIA ROOSEVELT",24722403,MIRIAM DEL CARMEN OROZCO HERNÁNDEZ,ROSARIO  GARCIA MURALLES,PARVULOS,PRIVADO,URBANA,ABIERTA,MONOLINGUE,MATUTINA,DIARIO(REGULAR),GUATEMALA SUR
00-11-0795-42,,CIUDAD CAPITAL,ZONA 11,EPDP COLEGIO INFANTIL 'ARENEROS',18 CALLE MARISCAL 12-69 ZONA 11,,,,PARVULOS,PRIVADO,URBANA,CERRADA DEFINITIVAMENTE,MONOLINGUE,MATUTINA,DIARIO(REGULAR),GUATEMALA SUR
00-11-0796-42,01-01-0148,CIUDAD CAPITAL,ZONA 11,"COLEGIO MIXTO BILINGUE ""EL PRADO""",28 CALLE 7-58,22046444,DINIZ ORALIA MORALES MUÑOZ,JOSÉ DANIEL GARCÍA GODOY,PARVULOS,PRIVADO,URBANA,ABIERTA,MONOLINGUE,MATUTINA,DIARIO(REGULAR),GUATEMALA SUR
00-11-0797-42,01-209,CIUDAD CAPITAL,ZONA 11,EPDP 'JARDIN INFANTIL FANTASIA',15AV. 5-60 CARABANCHEL,4710862 5946248,MIRIAM DEL CARMEN OROZCO HERNANDEZ,,PARVULOS,PRIVADO,URBANA,CERRADA TEMPORALMENTE,MONOLINGUE,MATUTINA,DIARIO(REGULAR),GUATEMALA SUR
00-11-0798-42,,CIUDAD CAPITAL,ZONA 11,EPDP ANEXA A COLEGIO MIXTO BILINGUE 'SANTA MARIA',CALZADA ROOSEVELT 38-91 ZONA 11,,,,PARVULOS,PRIVADO,URBANA,CERRADA DEFINITIVAMENTE,MONOLINGUE,MATUTINA,DIARIO(REGULAR),GUATEMALA SUR
00-11-0799-42,,CIUDAD CAPITAL,ZONA 11,EPDP ANEXA A COLEGIO MIXTO 'ABRAHAM LINCOLN',8A AVE. 15-54 COLONIA MARISCAL ZONA 11,,,,PARVULOS,PRIVADO,URBANA,CERRADA TEMPORALMENTE,MONOLINGUE,MATUTINA,DIARIO(REGULAR),GUATEMALA SUR
00-11-0801-42,01-209,CIUDAD CAPITAL,ZONA 11,EPDP ANEXA A COLEGIO 'KIPLING',"10 AVE. 'A' 30-96, COLONIA LAS CHARCAS",24730305,MIRIAM DEL CARMEN OROZCO HERNANDEZ,,PARVULOS,PRIVADO,URBANA,CERRADA TEMPORALMENTE,MONOLINGUE,MATUTINA,DIARIO(REGULAR),GUATEMALA SUR
00-11-0802-42,01-01-0149,CIUDAD CAPITAL,ZONA 11,COLEGIO  NACIONAL AMERICANO,13 CALLE 5-60,24710703,MIRIAM DEL CARMEN OROZCO HERNÁNDEZ,ELENA MARÍA DÍAZ ALFARO,PARVULOS,PRIVADO,URBANA,ABIERTA,MONOLINGUE,MATUTINA,DIARIO(REGULAR),GUATEMALA SUR
00-11-0803-42,,CIUDAD CAPITAL,ZONA 11,EPDP ANEXA A 'JARDIN INFANTIL MICKEY MOUSE',CALZADA ROOSVELT 18-29 ZONA 11,,,,PARVULOS,PRIVADO,URBANA,CERRADA DEFINITIVAMENTE,MONOLINGUE,MATUTINA,DIARIO(REGULAR),GUATEMALA SUR
00-11-0804-42,01-209,CIUDAD CAPITAL,ZONA 11,EPDP ANEXA A COLEGIO MIXTO BILINGUE 'LAS AMERICAS',"DIAGONAL 17, 29-41",24768218,MIRIAM DEL CARMEN OROZCO HERNANDEZ,,PARVULOS,PRIVADO,URBANA,CERRADA TEMPORALMENTE,MONOLINGUE,MATUTINA,DIARIO(REGULAR),GUATEMALA SUR
00-11-0805-42,,CIUDAD CAPITAL,ZONA 11,EPDP ANEXA A COLEGIO MIXTO 'LA NIYEZ',AVE. MARISCAL 17-56 ZONA 11,,,,PARVULOS,PRIVADO,URBANA,CERRADA DEFINITIVAMENTE,MONOLINGUE,MATUTINA,DIARIO(REGULAR),GUATEMALA SUR
00-11-0806-42,01-209,CIUDAD CAPITAL,ZONA 11,COLEGIO EDUCATIVO DE FORMACION INTEGRAL C.E.F.I,15 AVE.  B  11-22,59440009,MIRIAM DEL CARMEN OROZCO HERNANDEZ,MANFREDO ARNULFO VANEGAS LONE,PARVULOS,PRIVADO,URBANA,CERRADA TEMPORALMENTE,MONOLINGUE,MATUTINA,DIARIO(REGULAR),GUATEMALA SUR
00-11-0808-42,01-01-0149,CIUDAD CAPITAL,ZONA 11,COLEGIO  ITALIANO DE GUATEMALA,CALZADA ROOSEVELT 35-83,24394784,MIRIAM DEL CARMEN OROZCO HERNÁNDEZ,ANALUCIA  TOLEDO LÓPEZ,PARVULOS,PRIVADO,URBANA,ABIERTA,MONOLINGUE,MATUTINA,DIARIO(REGULAR),GUATEMALA SUR
00-11-0809-42,01-209,CIUDAD CAPITAL,ZONA 11,'LICEO LAFAYETTE',14 AVE. 6-91,24801801,MIRIAM DEL CARMEN OROZCO HERNANDEZ,RICARDO  MARROQUÍN HERNÁNDEZ,PARVULOS,PRIVADO,URBANA,CERRADA TEMPORALMENTE,MONOLINGUE,MATUTINA,DIARIO(REGULAR),GUATEMALA SUR
00-11-0810-42,01-01-0148,CIUDAD CAPITAL,ZONA 11,COLEGIO  ALEMAN DE GUATEMALA,"DIAGONAL 21, 19-20",22683333,DINIZ ORALIA MORALES MUÑOZ,ESWIN NOE ROSALES LÓPEZ,PARVULOS,PRIVADO,URBANA,ABIERTA,MONOLINGUE,MATUTINA,DIARIO(REGULAR),GUATEMALA SUR
00-11-0811-43,01-01-0149,CIUDAD CAPITAL,ZONA 11,EOUM 'JOSE FRANCISCO DE CORDOVA',20 AVE.  A  8-98 COLONIA EL MIRADOR,24742803,MIRIAM DEL CARMEN OROZCO HERNÁNDEZ,SILVANA PAHOLA ALBUREZ MÉNDEZ,PRIMARIA,OFICIAL,URBANA,ABIERTA,MONOLINGUE,MATUTINA,DIARIO(REGULAR),GUATEMALA SUR
00-11-0812-43,01-01-0149,CIUDAD CAPITAL,ZONA 11,EOUV NO.28 REPUBLICA DE EL SALVADOR,"13 CALLE 11-00, COLONIA ROOSEVELT",24408830,MIRIAM DEL CARMEN OROZCO HERNÁNDEZ,CARLOS ENRIQUE REYNOSO ALVARADO,PRIMARIA,OFICIAL,URBANA,ABIERTA,MONOLINGUE,VESPERTINA,DIARIO(REGULAR),GUATEMALA SUR
00-11-0813-43,01-01-0149,CIUDAD CAPITAL,ZONA 11,EOUM NO.28  MATIAS DE CORDOVA,9 AV. 3-01,24710310,MIRIAM DEL CARMEN OROZCO HERNÁNDEZ,LICDA. CLAUDIA MARLENE RAMÍREZ VIELMAN,PRIMARIA,OFICIAL,URBANA,ABIERTA,MONOLINGUE,VESPERTINA,DIARIO(REGULAR),GUATEMALA SUR
00-11-0814-43,01-01-0149,CIUDAD CAPITAL,ZONA 11,EOUM '15 DE SEPTIEMBRE',"9A. AVENIDA 3-01, CAMPOS DEL ROOSEVELTH",24723443,MIRIAM DEL CARMEN OROZCO HERNÁNDEZ,DINORAH ZULEMA CASTILLO ALVARADO,PRIMARIA,OFICIAL,URBANA,ABIERTA,MONOLINGUE,MATUTINA,DIARIO(REGULAR),GUATEMALA SUR
00-11-0815-43,01-01-0149,CIUDAD CAPITAL,ZONA 11,EOUM CLAUDIO URRUTIA,20 AVE. A 8-98 COLONIA EL MIRADOR I,24728995,MIRIAM DEL CARMEN OROZCO HERNÁNDEZ,BLANCA YOLANDA SOTOJ ROSALES,PRIMARIA,OFICIAL,URBANA,ABIERTA,MONOLINGUE,VESPERTINA,DIARIO(REGULAR),GUATEMALA SUR
00-11-0816-43,01-01-0149,CIUDAD CAPITAL,ZONA 11,EOUN REPUBLICA DE COLOMBIA,"13 CALLE 11-00, COLONIA ROOSEVELT",24711583,MIRIAM DEL CARMEN OROZCO HERNÁNDEZ,LILIAN JEANNETTE HIGUEROS,PRIMARIA,OFICIAL,URBANA,ABIERTA,MONOLINGUE,MATUTINA,DIARIO(REGULAR),GUATEMALA SUR
00-11-0817-43,01-01-0148,CIUDAD CAPITAL,ZONA 11,COLEGIO  SANTA TERESITA,22 CALLE 13-31,24933232,DINIZ ORALIA MORALES MUÑOZ,VIOLETA DEL ALBA NAVARRO OROZCO,PRIMARIA,PRIVADO,URBANA,ABIERTA,MONOLINGUE,MATUTINA,DIARIO(REGULAR),GUATEMALA SUR
00-11-0818-43,01-209,CIUDAD CAPITAL,ZONA 11,COLEGIO EDUCATIVO DE FORMACION INTEGRAL C.E.F.I,"15 AVE.  B  11-22, COLONIA MIRAFLORES II",24716859,MIRIAM DEL CARMEN OROZCO HERNANDEZ,MIRIAM DEL CARMEN OROZCO HERNÁNDEZ,PRIMARIA,PRIVADO,URBANA,ABIERTA,MONOLINGUE,MATUTINA,DIARIO(REGULAR),GUATEMALA SUR
00-11-0819-43,01-01-0149,CIUDAD CAPITAL,ZONA 11,COLEGIO  NACIONAL AMERICANO,13 CALLE 5-60,24710703,MIRIAM DEL CARMEN OROZCO HERNÁNDEZ,EVELYN PATRICIA AGUILAR RAMÍREZ,PRIMARIA,PRIVADO,URBANA,ABIERTA,MONOLINGUE,MATUTINA,DIARIO(REGULAR),GUATEMALA SUR
00-11-0821-43,,CIUDAD CAPITAL,ZONA 11,'LICEO INFANTIL ALPHA',21 CALLE 13-17 COLONIA MARISCAL ZONA 11,,,,PRIMARIA,PRIVADO,URBANA,CERRADA TEMPORALMENTE,MONOLINGUE,MATUTINA,DIARIO(REGULAR),GUATEMALA SUR
00-11-0822-43,01-01-0148,CIUDAD CAPITAL,ZONA 11,"COLEGIO MIXTO BILINGUE  EL ""PRADO""",28 CALLE 7-58,22046444,DINIZ ORALIA MORALES MUÑOZ,JOSÉ DANIEL GARCÍA GODOY,PRIMARIA,PRIVADO,URBANA,ABIERTA,MONOLINGUE,MATUTINA,DIARIO(REGULAR),GUATEMALA SUR
00-11-0823-43,01-209,CIUDAD CAPITAL,ZONA 11,COLEGIO 'KIPLING',"10A. AVE. 'A' 30-96, COLONIA LAS CHARCAS",24730434,MIRIAM DEL CARMEN OROZCO HERNANDEZ,,PRIMARIA,PRIVADO,URBANA,CERRADA TEMPORALMENTE,MONOLINGUE,MATUTINA,DIARIO(REGULAR),GUATEMALA SUR
00-11-0824-43,01-209,CIUDAD CAPITAL,ZONA 11,COLEGIO 'JACQUES COUSTEAU',18 CALLE 7-46 COLONIA MARISCAL,24730608,MIRIAM DEL CARMEN OROZCO HERNANDEZ,CLAUDIA  FIGUEROA FLORES,PRIMARIA,PRIVADO,URBANA,CERRADA DEFINITIVAMENTE,MONOLINGUE,MATUTINA,DIARIO(REGULAR),GUATEMALA SUR
00-11-0825-43,,CIUDAD CAPITAL,ZONA 11,COLEGIO 'PRADO VERDE',CALLE MARISCAL 6-16 ZONA 11,,,,PRIMARIA,PRIVADO,URBANA,CERRADA DEFINITIVAMENTE,MONOLINGUE,MATUTINA,DIARIO(REGULAR),GUATEMALA SUR
00-11-0826-43,,CIUDAD CAPITAL,ZONA 11,'LICEO BUENOS AIRES',CALZADA ROOSEVELT 18-29 ZONA 11,,,,PRIMARIA,PRIVADO,URBANA,CERRADA DEFINITIVAMENTE,MONOLINGUE,MATUTINA,DIARIO(REGULAR),GUATEMALA SUR
00-11-0827-43,01-01-0148,CIUDAD CAPITAL,ZONA 11,COLEGIO  ALEMAN DE GUATEMALA,"DIAGONAL 21, 19-20",22683333,DINIZ ORALIA MORALES MUÑOZ,ESWIN NOE ROSALES LÓPEZ,PRIMARIA,PRIVADO,URBANA,ABIERTA,MONOLINGUE,MATUTINA,DIARIO(REGULAR),GUATEMALA SUR
00-11-0828-43,01-218,CIUDAD CAPITAL,ZONA 11,COLEGIO ADLERIANO,"17 AVENIDA 27-80, LAS CHARCAS",24423629,BENIGNO ISAIAS DE LEON OROZCO,,PRIMARIA,PRIVADO,URBANA,CERRADA TEMPORALMENTE,MONOLINGUE,MATUTINA,DIARIO(REGULAR),GUATEMALA SUR
00-11-0829-43,01-01-0148,CIUDAD CAPITAL,ZONA 11,CENTRO ESCOLAR 'EL ROBLE',11 AVE. SUR FINAL COLONIA LAS CHARCAS,24135850,DINIZ ORALIA MORALES MUÑOZ,JUAN ENRIQUE GAYTAN VALLE,PRIMARIA,PRIVADO,URBANA,ABIERTA,MONOLINGUE,MATUTINA,DIARIO(REGULAR),GUATEMALA SUR
00-11-0830-43,01-218,CIUDAD CAPITAL,ZONA 11,"COLEGIO INTEGRAL GUATEMALTECO, SOCIEDAD ANONIMA (CIGSSA)",13 CALLE 5-06,24722702,BENIGNO ISAIAS DE LEON OROZCO,,PRIMARIA,PRIVADO,URBANA,CERRADA TEMPORALMENTE,MONOLINGUE,MATUTINA,DIARIO(REGULAR),GUATEMALA SUR
00-11-0831-43,01-209,CIUDAD CAPITAL,ZONA 11,'LICEO LAFAYETTE',14 AVE. 6-91,24801801,MIRIAM DEL CARMEN OROZCO HERNANDEZ,RICARDO  MARROQUÍN HERNÁNDEZ,PRIMARIA,PRIVADO,URBANA,CERRADA TEMPORALMENTE,MONOLINGUE,MATUTINA,DIARIO(REGULAR),GUATEMALA SUR
00-11-0832-43,01-01-0149,CIUDAD CAPITAL,ZONA 11,COLEGIO  CAPOUILLIEZ,30 AVE. 7-77,24291919,MIRIAM DEL CARMEN OROZCO HERNÁNDEZ,ELVA YOLANDA AROCHE PALENCIA,PRIMARIA,PRIVADO,URBANA,ABIERTA,MONOLINGUE,MATUTINA,DIARIO(REGULAR),GUATEMALA SUR
00-11-0833-43,,CIUDAD CAPITAL,ZONA 11,COLEGIO 'ABRAHAM LINCOLN',8A AVE. 15-54 ZONA 11,24733217,,,PRIMARIA,PRIVADO,URBANA,CERRADA DEFINITIVAMENTE,MONOLINGUE,MATUTINA,DIARIO(REGULAR),GUATEMALA SUR
00-11-0834-43,,CIUDAD CAPITAL,ZONA 11,COLEGIO BILINGUE 'SANTA MARIA',CALZADA ROOSEVELT 38-91 ZONA 11,,,,PRIMARIA,PRIVADO,URBANA,CERRADA DEFINITIVAMENTE,MONOLINGUE,MATUTINA,DIARIO(REGULAR),GUATEMALA SUR
00-11-0835-43,01-01-0149,CIUDAD CAPITAL,ZONA 11,COLEGIO  ITALIANO DE GUATEMALA,CALZADA ROOSEVELT 35-83 02/1,24394784,MIRIAM DEL CARMEN OROZCO HERNÁNDEZ,MARIA TERESA VASQUEZ GALICIA,PRIMARIA,PRIVADO,URBANA,ABIERTA,MONOLINGUE,MATUTINA,DIARIO(REGULAR),GUATEMALA SUR
00-11-0836-43,,CIUDAD CAPITAL,ZONA 11,COLEGIO 'LA NIYEZ',AVE. MARISCAL 17-56 ZONA 11,,,,PRIMARIA,PRIVADO,URBANA,CERRADA DEFINITIVAMENTE,MONOLINGUE,MATUTINA,DIARIO(REGULAR),GUATEMALA SUR
00-11-0837-43,01-01-0149,CIUDAD CAPITAL,ZONA 11,"ESCUELA MIXTA PARA SORDOS ""FRAY PEDRO PONCE DE LEON""",14 AVE. 15-38,24730912,MIRIAM DEL CARMEN OROZCO HERNÁNDEZ,NANCY PAOLA SOTO ESQUIT,PRIMARIA,PRIVADO,URBANA,ABIERTA,MONOLINGUE,MATUTINA,DIARIO(REGULAR),GUATEMALA SUR
00-11-0838-44,01-99-0154,CIUDAD CAPITAL,ZONA 11,EOPA NO.4 TECUN UMAN,"13 CALLE 11-00, COLONIA ROOSEVELT",41211721,BYRON FERNANDO BÁMACA DE LA CRUZ,RUTH ELIZABETH CASTILLO ESCOBAR,PRIMARIA DE ADULTOS,OFICIAL,URBANA,ABIERTA,MONOLINGUE,NOCTURNA,DIARIO(REGULAR),GUATEMALA SUR
00-11-0840-45,01-01-0148,CIUDAD CAPITAL,ZONA 11,INEB JUAN DIEGUEZ OLAVERRI,8A AVE. 25-40,24423398,DINIZ ORALIA MORALES MUÑOZ,SONIA PATRICIA DE LEÓN AMBROCIO,BASICO,OFICIAL,URBANA,ABIERTA,MONOLINGUE,VESPERTINA,DIARIO(REGULAR),GUATEMALA SUR
00-11-0841-45,01-99-0154,CIUDAD CAPITAL,ZONA 11,INEB NOCTURNO POPOL VUH,13 CALLE 11-00 COLONIA ROOSEVELT,47725231,BYRON FERNANDO BÁMACA DE LA CRUZ,JAYAN ELISABET JUAREZ MORALES,BASICO,OFICIAL,URBANA,ABIERTA,MONOLINGUE,NOCTURNA,DIARIO(REGULAR),GUATEMALA SUR
00-11-0842-45,01-01-0148,CIUDAD CAPITAL,ZONA 11,COLEGIO  SANTA TERESITA,22 CALLE 13-31,24933232,DINIZ ORALIA MORALES MUÑOZ,VIOLETA DEL ALBA NAVARRO OROZCO,BASICO,PRIVADO,URBANA,ABIERTA,MONOLINGUE,MATUTINA,DIARIO(REGULAR),GUATEMALA SUR
00-11-0843-45,01-209,CIUDAD CAPITAL,ZONA 11,ESCUELA TECNICA DE HOTELERIA Y HOGAR ZUNIL,10A. AVENIDA 35-10,24422393,MIRIAM DEL CARMEN OROZCO HERNANDEZ,VIOLETA MARILÚ LEMUS SOLANO,BASICO,PRIVADO,URBANA,CERRADA TEMPORALMENTE,MONOLINGUE,DOBLE,DIARIO(REGULAR),GUATEMALA SUR
00-11-0844-45,01-01-0149,CIUDAD CAPITAL,ZONA 11,COLEGIO NACIONAL AMERICANO,13 CALLE 5-60,24710703,MIRIAM DEL CARMEN OROZCO HERNÁNDEZ,GREGORIA JEANETTE BENÍTEZ MANZANERO,BASICO,PRIVADO,URBANA,ABIERTA,MONOLINGUE,MATUTINA,DIARIO(REGULAR),GUATEMALA SUR
00-11-0845-45,01-209,CIUDAD CAPITAL,ZONA 11,COLEGIO EDUCATIVO DE FORMACION INTEGRAL C.E.F.I,15 AVE.  B  11-22,59440009,MIRIAM DEL CARMEN OROZCO HERNANDEZ,MIRIAM DEL CARMEN OROZCO HERNÁNDEZ,BASICO,PRIVADO,URBANA,ABIERTA,MONOLINGUE,MATUTINA,DIARIO(REGULAR),GUATEMALA SUR
00-11-0846-45,,CIUDAD CAPITAL,ZONA 11,IPMB 'LICEO ALPHA',21 CALLE 13-17 COLONIA MARISCAL ZONA 11,,,,BASICO,PRIVADO,URBANA,CERRADA DEFINITIVAMENTE,MONOLINGUE,MATUTINA,DIARIO(REGULAR),GUATEMALA SUR
00-11-0847-45,01-01-0148,CIUDAD CAPITAL,ZONA 11,"COLEGIO MIXTO BILINGUE  ""EL PRADO""",28 CALLE 7-58,22046444,DINIZ ORALIA MORALES MUÑOZ,JOSÉ DANIEL GARCÍA GODOY,BASICO,PRIVADO,URBANA,ABIERTA,MONOLINGUE,MATUTINA,DIARIO(REGULAR),GUATEMALA SUR
00-11-0847-46,01-01-0148,CIUDAD CAPITAL,ZONA 11,"COLEGIO MIXTO BILINGUE  ""EL PRADO""",28 CALLE 7-58,22046444,DINIZ ORALIA MORALES MUÑOZ,JOSÉ DANIEL GARCÍA GODOY,DIVERSIFICADO,PRIVADO,URBANA,ABIERTA,MONOLINGUE,MATUTINA,DIARIO(REGULAR),GUATEMALA SUR
00-11-0850-45,,CIUDAD CAPITAL,ZONA 11,IPMB 'ATANASIO TZUL',7A CALLE 12-13 ZONA 11,,,,BASICO,PRIVADO,URBANA,CERRADA DEFINITIVAMENTE,MONOLINGUE,NOCTURNA,DIARIO(REGULAR),GUATEMALA SUR
00-11-0851-46,01-209,CIUDAD CAPITAL,ZONA 11,COLEGIO  SAN PATRICIO,"10A. AVENIDA 14-53, COLONIA MARISCAL",24730825,MIRIAM DEL CARMEN OROZCO HERNANDEZ,ANA LUISA DÍAZ GALINDO,DIVERSIFICADO,PRIVADO,URBANA,CERRADA DEFINITIVAMENTE,MONOLINGUE,MATUTINA,DIARIO(REGULAR),GUATEMALA SUR
00-11-0852-45,01-01-0148,CIUDAD CAPITAL,ZONA 11,CENTRO ESCOLAR 'EL ROBLE',11 AVE. SUR FINAL COLONIA LAS CHARCAS,24135850,DINIZ ORALIA MORALES MUÑOZ,CARLOS LEONEL CHIROY SANTOS,BASICO,PRIVADO,URBANA,ABIERTA,MONOLINGUE,MATUTINA,DIARIO(REGULAR),GUATEMALA SUR
00-11-0852-46,01-01-0148,CIUDAD CAPITAL,ZONA 11,CENTRO ESCOLAR 'EL ROBLE',11 AVE. SUR FINAL COLONIA LAS CHARCAS,23877000,DINIZ ORALIA MORALES MUÑOZ,CARLOS LEONEL CHIROY SANTOS,DIVERSIFICADO,PRIVADO,URBANA,ABIERTA,MONOLINGUE,MATUTINA,DIARIO(REGULAR),GUATEMALA SUR
00-11-0853-45,01-01-0148,CIUDAD CAPITAL,ZONA 11,"CENTRO ESCOLAR ""CAMPOALEGRE""",35 CALLE Y 12 AVE. FINAL,24135900,DINIZ ORALIA MORALES MUÑOZ,ANGELA MARÍA MARTÍNEZ ORTÍZ,BASICO,PRIVADO,URBANA,ABIERTA,MONOLINGUE,MATUTINA,DIARIO(REGULAR),GUATEMALA SUR
00-11-0853-46,01-01-0148,CIUDAD CAPITAL,ZONA 11,"CENTRO ESCOLAR ""CAMPOALEGRE""",35 CALLE Y 12 AVE. FINAL,24135900,DINIZ ORALIA MORALES MUÑOZ,ANGELA MARÍA MARTÍNEZ ORTÍZ,DIVERSIFICADO,PRIVADO,URBANA,ABIERTA,MONOLINGUE,MATUTINA,DIARIO(REGULAR),GUATEMALA SUR
00-11-0854-45,01-01-0148,CIUDAD CAPITAL,ZONA 11,COLEGIO  ALEMAN DE GUATEMALA,"DIAGONAL 21, 19-20",22683333,DINIZ ORALIA MORALES MUÑOZ,ESWIN NOE ROSALES LÓPEZ,BASICO,PRIVADO,URBANA,ABIERTA,MONOLINGUE,MATUTINA,DIARIO(REGULAR),GUATEMALA SUR
00-11-0854-46,01-01-0148,CIUDAD CAPITAL,ZONA 11,COLEGIO  ALEMAN DE GUATEMALA,"DIAGONAL 21, 19-20",22683333,DINIZ ORALIA MORALES MUÑOZ,ESWIN NOE ROSALES LÓPEZ,DIVERSIFICADO,PRIVADO,URBANA,ABIERTA,MONOLINGUE,MATUTINA,DIARIO(REGULAR),GUATEMALA SUR
00-11-0855-45,01-218,CIUDAD CAPITAL,ZONA 11,"COLEGIO INTEGRAL GUATEMALTECO, SOCIEDAD ANONIMA (CIGSSA)",13 CALLE 5-06,24722702,BENIGNO ISAIAS DE LEON OROZCO,,BASICO,PRIVADO,URBANA,CERRADA TEMPORALMENTE,MONOLINGUE,MATUTINA,DIARIO(REGULAR),GUATEMALA SUR
00-11-0855-46,01-218,CIUDAD CAPITAL,ZONA 11,"COLEGIO INTEGRAL GUATEMALTECO, SOCIEDAD ANONIMA (CIGSSA)",13 CALLE 5-06 GUATEMALA,24722702,BENIGNO ISAIAS DE LEON OROZCO,MARIA DEL ROSARIO LOPEZ ESCOBAR,DIVERSIFICADO,PRIVADO,URBANA,CERRADA TEMPORALMENTE,MONOLINGUE,MATUTINA,DIARIO(REGULAR),GUATEMALA SUR
00-11-0856-45,01-01-0149,CIUDAD CAPITAL,ZONA 11,COLEGIO CAPOUILLIEZ,30 A. 7-77 Y 8-48 ZONA 11,53185366,MIRIAM DEL CARMEN OROZCO HERNÁNDEZ,SANDRA DEL CARMEN MÉRIDA MENCOS,BASICO,PRIVADO,URBANA,ABIERTA,MONOLINGUE,MATUTINA,DIARIO(REGULAR),GUATEMALA SUR
00-11-0856-46,01-01-0149,CIUDAD CAPITAL,ZONA 11,COLEGIO MIXTO CAPOUILLIEZ,30 A. 7-77 Y 8-48 ZONA 11,53185366,MIRIAM DEL CARMEN OROZCO HERNÁNDEZ,SANDRA DEL CARMEN MÉRIDA MENCOS,DIVERSIFICADO,PRIVADO,URBANA,ABIERTA,MONOLINGUE,MATUTINA,DIARIO(REGULAR),GUATEMALA SUR
00-11-0857-45,01-01-0149,CIUDAD CAPITAL,ZONA 11,COLEGIO ITALIANO DE GUATEMALA,CALZADA ROOSEVELT 35-83,24394784,MIRIAM DEL CARMEN OROZCO HERNÁNDEZ,ALFREDO VLADIMIR TOLEDO TÜRK,BASICO,PRIVADO,URBANA,ABIERTA,MONOLINGUE,MATUTINA,DIARIO(REGULAR),GUATEMALA SUR
00-11-0857-46,01-01-0149,CIUDAD CAPITAL,ZONA 11,COLEGIO ITALIANO DE GUATEMALA,CALZADA ROOSEVELT 35-83,24394784,MIRIAM DEL CARMEN OROZCO HERNÁNDEZ,ALFREDO VLADIMIR TOLEDO TÜRK,DIVERSIFICADO,PRIVADO,URBANA,ABIERTA,MONOLINGUE,MATUTINA,DIARIO(REGULAR),GUATEMALA SUR
00-11-0859-45,01-209,CIUDAD CAPITAL,ZONA 11,LICEO LAFAYETTE,14 AVE. 6-91,24801801,MIRIAM DEL CARMEN OROZCO HERNANDEZ,RICARDO  MARROQUÍN HERNÁNDEZ,BASICO,PRIVADO,URBANA,CERRADA TEMPORALMENTE,MONOLINGUE,MATUTINA,DIARIO(REGULAR),GUATEMALA SUR
00-11-0859-46,01-110,CIUDAD CAPITAL,ZONA 11,INSTITUTO PRIVADO MIXTO DE EDUCACION DIVERSIFICADA  LICEO LAFAYETTE,14 AVE. 6-91 ZONA 11,,ZUHILEM YESENIA ESTRADA ORTIZ,---,DIVERSIFICADO,PRIVADO,URBANA,CERRADA TEMPORALMENTE,MONOLINGUE,MATUTINA,DIARIO(REGULAR),GUATEMALA SUR
00-11-0860-45,,CIUDAD CAPITAL,ZONA 11,IPMB COLEGIO BILINGUE 'SANTA MARIA',CALZADA ROOSEVELT 38-91 ZONA 11,,,,BASICO,PRIVADO,URBANA,CERRADA DEFINITIVAMENTE,MONOLINGUE,MATUTINA,DIARIO(REGULAR),GUATEMALA SUR
00-11-0860-46,01-102,CIUDAD CAPITAL,ZONA 11,INSTITUTO PRIVADO MIXTO DE EDUCACION DIVERSIFICADA COLEGIO BILINGUE SANTA MARIA,CALZADA ROOSEVELT 38-91 ZONA 11,,ZIZI ARELY LOPEZ CHINCHILLA,MARIA DEL ROSARIO LOPEZ ESCOBAR DE PAZ,DIVERSIFICADO,PRIVADO,URBANA,CERRADA TEMPORALMENTE,MONOLINGUE,MATUTINA,DIARIO(REGULAR),GUATEMALA SUR
00-11-0861-45,01-01-0148,CIUDAD CAPITAL,ZONA 11,IPMB LICEO EMILIO ARENALES CATALAN,2A AVE. 4-21,53024916,DINIZ ORALIA MORALES MUÑOZ,SILVIA PATRICIA CATALAN SANCHEZ,BASICO,PRIVADO,URBANA,ABIERTA,MONOLINGUE,VESPERTINA,DIARIO(REGULAR),GUATEMALA SUR
00-11-0861-46,01-01-0149,CIUDAD CAPITAL,ZONA 11,"INSTITUTO PARTICULAR MIXTO NOCTURNO ""LIC. EMILIO ARENALES CATALÁN""",2A AVE. 4-21 ZONA 11,53024916,MIRIAM DEL CARMEN OROZCO HERNÁNDEZ,SILVIA PATRICIA CATALAN SANCHEZ,DIVERSIFICADO,PRIVADO,URBANA,ABIERTA,MONOLINGUE,VESPERTINA,DIARIO(REGULAR),GUATEMALA SUR
00-11-0862-45,01-408,CIUDAD CAPITAL,ZONA 11,IPMB 'LIC. EMILIO ARENALES CATALAN',2A AVE. 4-21 ZONA 11,24723222,MANUEL MARIA CANO CASTRO,,BASICO,PRIVADO,URBANA,CERRADA TEMPORALMENTE,MONOLINGUE,NOCTURNA,DIARIO(REGULAR),GUATEMALA SUR
00-11-1652-43,01-209,CIUDAD CAPITAL,ZONA 11,COLEGIO 'LAS AMERICAS',"DIAGONAL 17, 29-41 ZONA 11",24768218,MIRIAM DEL CARMEN OROZCO HERNANDEZ,,PRIMARIA,PRIVADO,URBANA,CERRADA TEMPORALMENTE,MONOLINGUE,MATUTINA,DIARIO(REGULAR),GUATEMALA SUR
00-11-2254-42,,CIUDAD CAPITAL,ZONA 11,EPDP 'JARDIN INFANTIL CENTRO DE EDUCACION TEMPRANA',1A CALLE 33-78 ZONA 11,,,,PARVULOS,PRIVADO,URBANA,CERRADA DEFINITIVAMENTE,MONOLINGUE,MATUTINA,DIARIO(REGULAR),GUATEMALA SUR
00-11-2255-42,,CIUDAD CAPITAL,ZONA 11,EPDP 'JARDIN INFANTIL BILINGUE RONDARELLA',17 AVE. 12-00 COLONIA MIRAFLORES ZONA 11,24735222,,,PARVULOS,PRIVADO,URBANA,CERRADA DEFINITIVAMENTE,MONOLINGUE,MATUTINA,DIARIO(REGULAR),GUATEMALA SUR
00-11-2256-42,,CIUDAD CAPITAL,ZONA 11,EPDP 'JARDIN INFANTIL EN COMPUTACION DATA KINDER',10 AVE. 28-62 ZONA 11,,,,PARVULOS,PRIVADO,URBANA,CERRADA TEMPORALMENTE,MONOLINGUE,MATUTINA,DIARIO(REGULAR),GUATEMALA SUR
00-11-2257-42,01-209,CIUDAD CAPITAL,ZONA 11,JARDIN INFANTIL DE TELGUA,"2A CALLE  A  32-04, COLONIA UTATLAN II",24347699,MIRIAM DEL CARMEN OROZCO HERNANDEZ,HEIDY PATRICIA AREVALO COLON,PARVULOS,PRIVADO,URBANA,CERRADA TEMPORALMENTE,MONOLINGUE,DOBLE,DIARIO(REGULAR),GUATEMALA SUR
00-11-2258-42,,CIUDAD CAPITAL,ZONA 11,EPDP ANEXA A COLEGIO 'LOS CAPULLITOS',6A CALLE 'A' 11-44 COLONIA ROOSEVELT ZONA 11,,,,PARVULOS,PRIVADO,URBANA,CERRADA DEFINITIVAMENTE,MONOLINGUE,MATUTINA,DIARIO(REGULAR),GUATEMALA SUR
00-11-2259-42,,CIUDAD CAPITAL,ZONA 11,EPDP ANEXA A CENTRO ESCOLAR 'CAMPO ALEGRE LA VILLA',1A CALLE 7-69 ZONA 11,,,,PARVULOS,PRIVADO,URBANA,CERRADA DEFINITIVAMENTE,MONOLINGUE,MATUTINA,DIARIO(REGULAR),GUATEMALA SUR
00-11-2260-43,01-01-0148,CIUDAD CAPITAL,ZONA 11,EOUV 'REPUBLICA DE CHILE',"8A. AVE. 25-66, COLONIA GRANAI II",59204892,DINIZ ORALIA MORALES MUÑOZ,MARTA REGINA SICÁN CUYÁN,PRIMARIA,OFICIAL,URBANA,ABIERTA,MONOLINGUE,MATUTINA,DIARIO(REGULAR),GUATEMALA SUR
00-11-2261-43,01-01-0148,CIUDAD CAPITAL,ZONA 11,EOUN NO.1 'JOSE FELIPE FLORES',"21 CALLE 7-09, COLONIA MARISCAL",50947423,DINIZ ORALIA MORALES MUÑOZ,RAISA NINETH PALALA MARTÍNEZ,PRIMARIA,OFICIAL,URBANA,ABIERTA,MONOLINGUE,MATUTINA,DIARIO(REGULAR),GUATEMALA SUR
00-11-2262-43,01-01-0148,CIUDAD CAPITAL,ZONA 11,EOUN NO.54 EUFEMIA CORDOVA,8A. AVE. 25-40,24422073,DINIZ ORALIA MORALES MUÑOZ,AURA MARINA SALAZAR JIMÉNEZ,PRIMARIA,OFICIAL,URBANA,ABIERTA,MONOLINGUE,MATUTINA,DIARIO(REGULAR),GUATEMALA SUR
00-11-2263-43,01-209,CIUDAD CAPITAL,ZONA 11,EOUM NO.69 ADELA ASCENCIO DE SANDOVAL,21 CALLE 7-09 ZONA 11,,MIRIAM DEL CARMEN OROZCO HERNANDEZ,,PRIMARIA,OFICIAL,URBANA,CERRADA TEMPORALMENTE,MONOLINGUE,VESPERTINA,DIARIO(REGULAR),GUATEMALA SUR
00-11-2264-43,01-01-0149,CIUDAD CAPITAL,ZONA 11,"COLEGIO BILINGUE ""MONTE AMERICANO""",18 AVE. 9-36 COLONIA MIRAFLORES,24728863,MIRIAM DEL CARMEN OROZCO HERNÁNDEZ,CLARA LUZ PAYERAS CORZO,PRIMARIA,PRIVADO,URBANA,ABIERTA,MONOLINGUE,MATUTINA,DIARIO(REGULAR),GUATEMALA SUR
00-11-2265-43,01-01-0148,CIUDAD CAPITAL,ZONA 11,"CENTRO ESCOLAR ""CAMPOALEGRE""",35 CALLE Y 12 AVENIDA,24135900,DINIZ ORALIA MORALES MUÑOZ,SILVIA GLORIA VALVERDE CRUZ,PRIMARIA,PRIVADO,URBANA,ABIERTA,MONOLINGUE,MATUTINA,DIARIO(REGULAR),GUATEMALA SUR
00-11-2266-43,01-635,CIUDAD CAPITAL,ZONA 11,COLEGIO PRIVADO 'BELLA GUATEMALA',"2A AVENIDA  A  5-09, COLONIA EL PROGRESO",24712461,NATALY FABIOLA SOTO ESPAÑA DE TURCIOS,---,PRIMARIA,PRIVADO,URBANA,ABIERTA,MONOLINGUE,MATUTINA,DIARIO(REGULAR),GUATEMALA SUR
00-11-2267-43,01-218,CIUDAD CAPITAL,ZONA 11,COLEGIO MIXTO BILINGUE 'SAN FRANCISCO ZAMORANO',"3A. CALLE 35-87, COLONIA UTATLAN II",24346865,BENIGNO ISAIAS DE LEON OROZCO,,PRIMARIA,PRIVADO,URBANA,CERRADA TEMPORALMENTE,MONOLINGUE,MATUTINA,DIARIO(REGULAR),GUATEMALA SUR
00-11-2268-43,,CIUDAD CAPITAL,ZONA 11,COLEGIO 'LOS CAPULLITOS',6A CALLE 'A' 11-44 COLONIA ROOSEVELT ZONA 11,,,,PRIMARIA,PRIVADO,URBANA,CERRADA DEFINITIVAMENTE,MONOLINGUE,MATUTINA,DIARIO(REGULAR),GUATEMALA SUR
00-11-2269-43,01-01-0149,CIUDAD CAPITAL,ZONA 11,COLEGIO SAN JORGE CENTRO EDUCATIVO DE DESARROLLO INDIVIDUAL,"9A CALLE B 22-84, RESIDENCIALES SAN JORGE",24736013,MIRIAM DEL CARMEN OROZCO HERNÁNDEZ,BRENDA JEANNETH JUÁREZ ELIZONDO,PRIMARIA,PRIVADO,URBANA,ABIERTA,MONOLINGUE,MATUTINA,DIARIO(REGULAR),GUATEMALA SUR
00-11-2270-45,,CIUDAD CAPITAL,ZONA 11,IPMB COLEGIO 'PRADO VERDE',CALLE MARISCAL 6-16 ZONA 11,,,,BASICO,PRIVADO,URBANA,CERRADA DEFINITIVAMENTE,MONOLINGUE,MATUTINA,DIARIO(REGULAR),GUATEMALA SUR
00-11-2271-45,01-218,CIUDAD CAPITAL,ZONA 11,COLEGIO ADLERIANO,17 AVENIDA 27-80 LAS CHARCAS,24423629-24767875,BENIGNO ISAIAS DE LEON OROZCO,,BASICO,PRIVADO,URBANA,CERRADA TEMPORALMENTE,MONOLINGUE,MATUTINA,DIARIO(REGULAR),GUATEMALA SUR
00-11-2271-46,01-218,CIUDAD CAPITAL,ZONA 11,COLEGIO ADLERIANO,17 AVENIDA 27-80 LAS CHARCAS,24420933,BENIGNO ISAIAS DE LEON OROZCO,MARIA DEL ROSARIO LOPEZ ESCOBAR DE PAZ,DIVERSIFICADO,PRIVADO,URBANA,CERRADA TEMPORALMENTE,MONOLINGUE,MATUTINA,DIARIO(REGULAR),GUATEMALA SUR
00-11-2272-45,01-01-0148,CIUDAD CAPITAL,ZONA 11,COLEGIO SAN JORGE CENTRO EDUCATIVO DE DESARROLLO INDIVIDUAL,"9A CALLE B 22-84, COLONIA LAS CHARCAS",24736913,DINIZ ORALIA MORALES MUÑOZ,DINA SENAIDA TIU RAMÍREZ,BASICO,PRIVADO,URBANA,ABIERTA,MONOLINGUE,MATUTINA,DIARIO(REGULAR),GUATEMALA SUR
00-11-2272-46,01-01-0149,CIUDAD CAPITAL,ZONA 11,COLEGIO SAN JORGE CENTRO EDUCATIVO DE DESARROLLO INDIVIDUAL,9A CALLE B 22-84 RESIDENCIALES SAN JORGE,24736914,MIRIAM DEL CARMEN OROZCO HERNÁNDEZ,DINA SENAIDA TIU RAMÍREZ,DIVERSIFICADO,PRIVADO,URBANA,ABIERTA,MONOLINGUE,MATUTINA,DIARIO(REGULAR),GUATEMALA SUR
00-11-2275-43,01-01-0148,CIUDAD CAPITAL,ZONA 11,EOUV NO.38 JOSE BATRES MONTUFAR,21 CALLE 7-09 COLONIA MARISCAL,24763621,DINIZ ORALIA MORALES MUÑOZ,ELFIDA MARISOL ALVARADO DÍAZ,PRIMARIA,OFICIAL,URBANA,ABIERTA,MONOLINGUE,MATUTINA,DIARIO(REGULAR),GUATEMALA SUR
00-11-2344-45,01-01-0149,CIUDAD CAPITAL,ZONA 11,"COLEGIO BILINGUE ""MONTE AMERICANO""","18 AVE. 9-36, COLONIA MIRAFLORES",24728863,MIRIAM DEL CARMEN OROZCO HERNÁNDEZ,VIRGINIA GUADALUPE LEIVA ALVARADO,BASICO,PRIVADO,URBANA,ABIERTA,MONOLINGUE,MATUTINA,DIARIO(REGULAR),GUATEMALA SUR
00-11-2357-46,,CIUDAD CAPITAL,ZONA 11,COLEGIO PROFESIONAL EN COMPUTACION S.A.,"16 CALLE 6-30 ZONA 11, COLONIA MARISCAL",,,,DIVERSIFICADO,PRIVADO,URBANA,CERRADA DEFINITIVAMENTE,MONOLINGUE,MATUTINA,DIARIO(REGULAR),GUATEMALA SUR
00-11-2375-43,,CIUDAD CAPITAL,ZONA 11,COLEGIO BILINGUE 'LICEO NICOLAS COPERNICO',15 AVE 11-11 COLONIA MIRAFLORES ZONA 11,,,,PRIMARIA,PRIVADO,URBANA,CERRADA DEFINITIVAMENTE,MONOLINGUE,MATUTINA,DIARIO(REGULAR),GUATEMALA SUR
00-11-2376-42,,CIUDAD CAPITAL,ZONA 11,EPDP ANEXA A COLEGIO BILINGUE 'LICEO NICOLAS COPERNICO',15 AVE 11-11 COLONIA MIRAFLORES ZONA 11,,,,PARVULOS,PRIVADO,URBANA,CERRADA DEFINITIVAMENTE,MONOLINGUE,MATUTINA,DIARIO(REGULAR),GUATEMALA SUR
00-11-2378-42,01-218,CIUDAD CAPITAL,ZONA 11,COLEGIO MIXTO BILINGUE SAN FRANCISCO ZAMORANO,"3A CALLE 35-87, COLONIA UTATLAN II",24346868,BENIGNO ISAIAS DE LEON OROZCO,,PARVULOS,PRIVADO,URBANA,CERRADA DEFINITIVAMENTE,MONOLINGUE,MATUTINA,DIARIO(REGULAR),GUATEMALA SUR
00-11-2409-46,01-408,CIUDAD CAPITAL,ZONA 11,INSTITUTO PRIVADO MIXTO DE EDUCACION DIVERSIFICADA  LIC. EMILIO ARENALES CATALAN,2A AVE. 4-21 ZONA 11,24723222,MANUEL MARIA CANO CASTRO,-----,DIVERSIFICADO,PRIVADO,URBANA,CERRADA TEMPORALMENTE,MONOLINGUE,INTERMEDIA,DIARIO(REGULAR),GUATEMALA SUR
00-11-2531-42,01-218,CIUDAD CAPITAL,ZONA 11,EPDP 'JARDIN INFANTIL BILINGUE FABULA',"11 CALLE 'A' 22-72, RESIDENCIALES SAN JORGE",24857082,BENIGNO ISAIAS DE LEON OROZCO,,PARVULOS,PRIVADO,URBANA,CERRADA TEMPORALMENTE,MONOLINGUE,MATUTINA,DIARIO(REGULAR),GUATEMALA SUR
00-11-2532-42,01-208,CIUDAD CAPITAL,ZONA 11,EPDP 'COLEGIO MONTE AMERICANO',"18 AVE. 9-36, COLONIA MIRAFLORES",24715178,LILIAN NINETH TEOS REYES,,PARVULOS,PRIVADO,URBANA,CERRADA TEMPORALMENTE,MONOLINGUE,MATUTINA,DIARIO(REGULAR),GUATEMALA SUR
00-11-2533-42,,CIUDAD CAPITAL,ZONA 11,EPDP ANEXA A 'COLEGIO JICET',1A CALLE 33-78 ZONA 11 COLONIA TOLEDO,,,,PARVULOS,PRIVADO,URBANA,CERRADA TEMPORALMENTE,MONOLINGUE,MATUTINA,DIARIO(REGULAR),GUATEMALA SUR
00-11-2534-42,,CIUDAD CAPITAL,ZONA 11,CENTRO EDUCATIVO WELLIGTON AMAYA,"1A. CALLE 33-78 ZONA 11, COLONIA TOLEDO",,,,PARVULOS,PRIVADO,URBANA,CERRADA TEMPORALMENTE,MONOLINGUE,MATUTINA,DIARIO(REGULAR),GUATEMALA SUR
00-11-2534-43,,CIUDAD CAPITAL,ZONA 11,CENTRO EDUCATIVO 'WELLINGTON AMAYA',1A CALLE 33-78 ZONA 11 COLONIA TOLEDO,,,,PRIMARIA,PRIVADO,URBANA,CERRADA DEFINITIVAMENTE,MONOLINGUE,MATUTINA,DIARIO(REGULAR),GUATEMALA SUR
00-11-2535-45,01-210,CIUDAD CAPITAL,ZONA 11,IPMB 'BILINGUE SAN FRANCISCO ZAMORANO',"3A CALLE 35-87, COLONIA UTATLAN II",55946865,DINIZ ORALIA MORALES MUÑOZ,,BASICO,PRIVADO,URBANA,CERRADA TEMPORALMENTE,MONOLINGUE,VESPERTINA,DIARIO(REGULAR),GUATEMALA SUR
00-11-2535-46,01-210,CIUDAD CAPITAL,ZONA 11,INSTITUTO PRIVADO MIXTO DE EDUCACION DIVERSIFICADA BILINGUE SAN FRANCISCO ZAMORANO,"3A CALLE 35-87, COLONIA UTATLAN II",55993423,DINIZ ORALIA MORALES MUÑOZ,------,DIVERSIFICADO,PRIVADO,URBANA,CERRADA DEFINITIVAMENTE,MONOLINGUE,MATUTINA,DIARIO(REGULAR),GUATEMALA SUR
00-11-2536-43,,CIUDAD CAPITAL,ZONA 11,'COLEGIO PROFESIONAL EN COMPUTACION S.A.',16 CALLE 6-30 ZONA 11 COLONIA EL MARISCAL,,,,PRIMARIA,PRIVADO,URBANA,CERRADA DEFINITIVAMENTE,MONOLINGUE,MATUTINA,DIARIO(REGULAR),GUATEMALA SUR
00-11-2537-45,,CIUDAD CAPITAL,ZONA 11,IPMB 'COLEGIO PROFESIONAL EN COMPUTACION S.A.',16 CALLE 6-30 ZONA 11 COLONIA EL MARISCAL,,,,BASICO,PRIVADO,URBANA,CERRADA DEFINITIVAMENTE,MONOLINGUE,MATUTINA,DIARIO(REGULAR),GUATEMALA SUR
00-11-2537-46,,CIUDAD CAPITAL,ZONA 11,INSTITUTO PRIVADO MIXTO DE EDUCACION DIVERSIFICADA 'COLEGIO PROFESIONAL EN COMPUTACION S.A.',16 CALLE 6-30 ZONA 11 COLONIA MARISCAL,,,,DIVERSIFICADO,PRIVADO,URBANA,CERRADA DEFINITIVAMENTE,MONOLINGUE,MATUTINA,DIARIO(REGULAR),GUATEMALA SUR
00-11-2538-45,,CIUDAD CAPITAL,ZONA 11,IPMB 'CENTRO EDUCATIVO DR. ELIZARDO URIZAR LEAL' (PLAN SABATINO),4A CALLE 31-39 ZONA 11 UTATLAN II,,,,BASICO,PRIVADO,URBANA,CERRADA DEFINITIVAMENTE,MONOLINGUE,DOBLE,DIARIO(REGULAR),GUATEMALA SUR
00-11-2538-46,01-101,CIUDAD CAPITAL,ZONA 11,INSTITUTO PRIVADO MIXTO DE EDUCACION DIVERSIFICADA CENTRO EDUCATIVO ELIZARDO URIZAR LEAL (PLAN SABATINO),4A CALLE 31-34 ZONA 11 UTATLAN II,,YENI XIOMARA CRÚZ SARCEÑO,MARIA DEL ROSARIO LOPEZ ESCOBAR DE PAZ,DIVERSIFICADO,PRIVADO,URBANA,CERRADA DEFINITIVAMENTE,MONOLINGUE,DOBLE,DIARIO(REGULAR),GUATEMALA SUR
00-11-2539-42,01-01-0149,CIUDAD CAPITAL,ZONA 11,COLEGIO MIXTO CAPOUILLIEZ,30 A. 7-77 Y 8-48 ZONA 11,24291919,MIRIAM DEL CARMEN OROZCO HERNÁNDEZ,ROSA EUGENIA PATZAN BETETA,PARVULOS,PRIVADO,URBANA,ABIERTA,MONOLINGUE,MATUTINA,DIARIO(REGULAR),GUATEMALA SUR
00-11-2540-43,,CIUDAD CAPITAL,ZONA 11,'COLEGIO BILINGUE DECROLY',22 CALLE 7-22 ZONA 11,,,,PRIMARIA,PRIVADO,URBANA,CERRADA TEMPORALMENTE,MONOLINGUE,MATUTINA,DIARIO(REGULAR),GUATEMALA SUR
00-11-2541-45,01-210,CIUDAD CAPITAL,ZONA 11,IPMB 'COLEGIO LAS AMERICAS',"DIAGONAL 17, 29-41",24768218,DINIZ ORALIA MORALES MUÑOZ,,BASICO,PRIVADO,URBANA,CERRADA TEMPORALMENTE,MONOLINGUE,MATUTINA,DIARIO(REGULAR),GUATEMALA SUR
00-11-2789-42,01-218,CIUDAD CAPITAL,ZONA 11,COLEGIO ADLERIANO,"17 AVENIDA 27-80, LAS CHARCAS",24423629,BENIGNO ISAIAS DE LEON OROZCO,,PARVULOS,PRIVADO,URBANA,CERRADA TEMPORALMENTE,MONOLINGUE,MATUTINA,DIARIO(REGULAR),GUATEMALA SUR
00-11-2803-46,01-01-0149,CIUDAD CAPITAL,ZONA 11,COLEGIO BILINGUE MONTE AMERICANO,18 AVE 9-36 COLONIA MIRAFLORES,55683839,MIRIAM DEL CARMEN OROZCO HERNÁNDEZ,VIRGINIA GUADALUPE LEIVA ALVARADO,DIVERSIFICADO,PRIVADO,URBANA,ABIERTA,MONOLINGUE,MATUTINA,DIARIO(REGULAR),GUATEMALA SUR
00-11-2828-42,01-01-0148,CIUDAD CAPITAL,ZONA 11,CENTRO ESCOLAR  MIGUEL MAGONE,34 CALLE 12-260 LAS CHARCAS,55878947,DINIZ ORALIA MORALES MUÑOZ,MARÍA ISABEL LOARCA MARROQUÍN,PARVULOS,PRIVADO,URBANA,ABIERTA,MONOLINGUE,MATUTINA,DIARIO(REGULAR),GUATEMALA SUR
00-11-2829-42,01-609,CIUDAD CAPITAL,ZONA 11,ESCUELA PARTICULAR EXPERIMENTAL CRISTIANA 'EL VERBO',"9a. AVENIDA 33-56, LAS CHARCAS",,SILVIA HORTENSIA GONZALEZ MARTINEZ,,PARVULOS,PRIVADO,URBANA,CERRADA DEFINITIVAMENTE,MONOLINGUE,MATUTINA,DIARIO(REGULAR),GUATEMALA SUR
00-11-2830-42,,CIUDAD CAPITAL,ZONA 11,CENTRO EDUCATIVO CRISTIANO 'LEMUEL',13 CALLE 5-01 MARICAL,24731256,,,PARVULOS,PRIVADO,URBANA,CERRADA DEFINITIVAMENTE,MONOLINGUE,MATUTINA,DIARIO(REGULAR),GUATEMALA SUR
00-11-2831-42,01-01-0148,CIUDAD CAPITAL,ZONA 11,COLEGIO MIXTO 'TIERRA DE NIÑOS',"15 AV. 9-54, COLONIA CARABANCHEL",24754401,DINIZ ORALIA MORALES MUÑOZ,LIGIA HAYDEE HERNÁNDEZ RODRÍGUEZ,PARVULOS,PRIVADO,URBANA,ABIERTA,MONOLINGUE,MATUTINA,DIARIO(REGULAR),GUATEMALA SUR
00-11-2848-43,01-609,CIUDAD CAPITAL,ZONA 11,ESCUELA PARTICULAR EXPERIMENTAL CRISTIANA 'EL VERBO',"BV. LAS TERRAZAS,CIUDAD SAN CRISTOBAL, VILLA NUEVA, GUATEMALA.",24766003,SILVIA HORTENSIA GONZALEZ MARTINEZ,,PRIMARIA,PRIVADO,URBANA,CERRADA DEFINITIVAMENTE,MONOLINGUE,MATUTINA,DIARIO(REGULAR),GUATEMALA SUR
00-11-2849-43,01-01-0148,CIUDAD CAPITAL,ZONA 11,CENTRO ESCOLAR 'MIGUEL MAGONE',"34 CALLE 12-260, LAS CHARCAS",55878947,DINIZ ORALIA MORALES MUÑOZ,DAYRIN NINETTE REYES SALAZAR,PRIMARIA,PRIVADO,URBANA,ABIERTA,MONOLINGUE,MATUTINA,DIARIO(REGULAR),GUATEMALA SUR
00-11-2850-43,01-01-0149,CIUDAD CAPITAL,ZONA 11,COLEGIO MIXTO 'TIERRA DE NIÑOS',"15 AV. 9-54, COLONIA CARABANCHEL",24754401,MIRIAM DEL CARMEN OROZCO HERNÁNDEZ,LIGIA HAYDEE HERNÁNDEZ RODRÍGUEZ,PRIMARIA,PRIVADO,URBANA,ABIERTA,MONOLINGUE,MATUTINA,DIARIO(REGULAR),GUATEMALA SUR
00-11-2851-43,,CIUDAD CAPITAL,ZONA 11,COLEGIO 'EL BOSQUECITO',23 AVENIDA 0-36,,,,PRIMARIA,PRIVADO,URBANA,CERRADA DEFINITIVAMENTE,MONOLINGUE,MATUTINA,DIARIO(REGULAR),GUATEMALA SUR
00-11-2852-43,,CIUDAD CAPITAL,ZONA 11,CENTRO EDUCATIVO CRISTIANO 'LEMUEL',"13 CALLE 5-01, MARISCAL",24731256,,,PRIMARIA,PRIVADO,URBANA,CERRADA DEFINITIVAMENTE,MONOLINGUE,MATUTINA,DIARIO(REGULAR),GUATEMALA SUR
00-11-2886-45,,CIUDAD CAPITAL,ZONA 11,CENTRO EDUCATIVO CRISTIANO 'LEMUEL',"13 CALLE 5-01, MARISCAL",24731256,,,BASICO,PRIVADO,URBANA,CERRADA DEFINITIVAMENTE,MONOLINGUE,MATUTINA,DIARIO(REGULAR),GUATEMALA SUR
00-11-2936-45,,CIUDAD CAPITAL,ZONA 11,COLEGIO MIXTO BILINGUE 'SANTA MARIA',CALZADA ROOSEVELT 38-91 ZONA 11,,,,BASICO,PRIVADO,URBANA,CERRADA DEFINITIVAMENTE,MONOLINGUE,MATUTINA,DIARIO(REGULAR),GUATEMALA SUR
00-11-2938-46,,CIUDAD CAPITAL,ZONA 11,COLEGIO MIXTO BILINGUE 'SANTA MARIA',CALZADA ROOSVELT 38-91 ZONA 11,,,,DIVERSIFICADO,PRIVADO,URBANA,CERRADA DEFINITIVAMENTE,MONOLINGUE,MATUTINA,DIARIO(REGULAR),GUATEMALA SUR
00-11-2943-43,,CIUDAD CAPITAL,ZONA 11,EPUM 'NUEVA CREACION',"10a. Av. 'A' 30-45, LAS CHARCAS",,,,PRIMARIA,PRIVADO,URBANA,CERRADA DEFINITIVAMENTE,MONOLINGUE,MATUTINA,DIARIO(REGULAR),GUATEMALA SUR
00-11-2975-43,,CIUDAD CAPITAL,ZONA 11,EPUM 'NUEVA CREACION',"10a. AVENIDA A 30-45 ZONA 11, LAS CHARCAS, GUATEMALA",,,,PRIMARIA,PRIVADO,URBANA,CERRADA TEMPORALMENTE,MONOLINGUE,MATUTINA,DIARIO(REGULAR),GUATEMALA SUR
00-11-2991-42,,CIUDAD CAPITAL,ZONA 11,COLEGIO MIXTO CRISTIANO 'NUEVA CREACION',"10a. AV. 'A' 30-45 ZONA 11, LAS CHARCAS, GUATEMALA.",,,,PARVULOS,PRIVADO,URBANA,CERRADA DEFINITIVAMENTE,MONOLINGUE,MATUTINA,DIARIO(REGULAR),GUATEMALA SUR
00-11-2991-45,,CIUDAD CAPITAL,ZONA 11,COLEGIO MIXTO CRISTIANO 'NUEVA CREACION',"10a. AV 'A' 30-45 ZONA 11, LAS CHARCAS, GUATEMALA.",,,,BASICO,PRIVADO,URBANA,CERRADA DEFINITIVAMENTE,MONOLINGUE,MATUTINA,DIARIO(REGULAR),GUATEMALA SUR
00-11-2992-42,,CIUDAD CAPITAL,ZONA 11,COLEGIO MIXTO NUESTRA SEÑORA DE LAS ROSAS,"DIAGONAL 17 24-00 ZONA 11, COL. MARISCAL, GUATEMALA",,,,PARVULOS,PRIVADO,URBANA,CERRADA TEMPORALMENTE,MONOLINGUE,MATUTINA,DIARIO(REGULAR),GUATEMALA SUR
00-11-2992-43,,CIUDAD CAPITAL,ZONA 11,COLEGIO MIXTO NUESTRA SEÑORA DE LAS ROSAS,"DIAGONAL 17, 24-00 ZONA 11, COL. MARISCAL, GUATEMALA",,,,PRIMARIA,PRIVADO,URBANA,CERRADA TEMPORALMENTE,MONOLINGUE,MATUTINA,DIARIO(REGULAR),GUATEMALA SUR
00-11-2993-42,01-206,CIUDAD CAPITAL,ZONA 11,GUARDERIA 'DIOS CON NOSOTROS',1A. AVENIDA ENTRE 5A. Y 6A. CALLE ANEXO NUEVO MEZQUITAL,41442868,INGRID ELIZABETH PEÑA TRUJILLO,CYNTHIA ELOÍSA MONROY CAHUEX,PARVULOS,PRIVADO,URBANA,ABIERTA,MONOLINGUE,MATUTINA,DIARIO(REGULAR),GUATEMALA SUR
00-11-3039-42,,CIUDAD CAPITAL,ZONA 11,CENTRO EDUCATIVO LA FAMILIA,21 CALLE 5-55 ZONA 11 COLONIA MARISCAL,,,,PARVULOS,PRIVADO,URBANA,CERRADA DEFINITIVAMENTE,MONOLINGUE,MATUTINA,DIARIO(REGULAR),GUATEMALA SUR
00-11-3068-43,,CIUDAD CAPITAL,ZONA 11,COLEGIO JARDIN INFANTIL JIREH,CARRIL AUXILIAR DEL PERIFERICO 11-41 ZONA 11 COLONIA MIRAFLORES,,,,PRIMARIA,PRIVADO,URBANA,CERRADA DEFINITIVAMENTE,MONOLINGUE,MATUTINA,DIARIO(REGULAR),GUATEMALA SUR
00-11-3073-46,01-210,CIUDAD CAPITAL,ZONA 11,COLEGIO MIXTO BILINGUE  LAS AMERICAS,"DIAGONAL 17, 29-41",,DINIZ ORALIA MORALES MUÑOZ,MARIA DEL ROSARIO LOPEZ ESCOBAR DE PAZ,DIVERSIFICADO,PRIVADO,URBANA,CERRADA TEMPORALMENTE,MONOLINGUE,MATUTINA,DIARIO(REGULAR),GUATEMALA SUR
00-11-3074-45,,CIUDAD CAPITAL,ZONA 11,COLEGIO MIXTO NUESTRA SEÑORA DE LAS ROSAS,"DIAGONAL 17, 24-00 ZONA 11, COLONIA MARISCAL",,,,BASICO,PRIVADO,URBANA,CERRADA TEMPORALMENTE,MONOLINGUE,MATUTINA,DIARIO(REGULAR),GUATEMALA SUR
00-11-3075-42,01-01-0149,CIUDAD CAPITAL,ZONA 11,EODP DEPTO. PEDIATRIA HOSPITAL ROOSEVELT,4TO. NIVEL DEPTO. DE PEDIATRIA HOSPITAL ROOSEVELT,56308343,MIRIAM DEL CARMEN OROZCO HERNÁNDEZ,ROSA ISABEL MURALLES GARCÍA,PARVULOS,OFICIAL,URBANA,ABIERTA,MONOLINGUE,MATUTINA,DIARIO(REGULAR),GUATEMALA SUR
00-11-3076-42,01-218,CIUDAD CAPITAL,ZONA 11,COLEGIO INTEGRAL GUATEMALTECO,13 CALLE 5-06,,BENIGNO ISAIAS DE LEON OROZCO,,PARVULOS,PRIVADO,URBANA,CERRADA TEMPORALMENTE,MONOLINGUE,MATUTINA,DIARIO(REGULAR),GUATEMALA SUR
00-11-3077-42,,CIUDAD CAPITAL,ZONA 11,COLEGIO JARDIN INFANTIL JIREH,CARRIL AUXILIAR DEL PERIFERICO 11-41 COLONIA MIRAFLORES,,,,PARVULOS,PRIVADO,URBANA,CERRADA TEMPORALMENTE,MONOLINGUE,MATUTINA,DIARIO(REGULAR),GUATEMALA SUR
00-11-3102-45,,CIUDAD CAPITAL,ZONA 11,COLEGIO 'INTEGRAL GUATEMALTECO',13 CALLE 5-06 ZONA 11,,,,BASICO,PRIVADO,URBANA,CERRADA TEMPORALMENTE,MONOLINGUE,INTERMEDIA,DIARIO(REGULAR),GUATEMALA SUR
00-11-3102-46,,CIUDAD CAPITAL,ZONA 11,"COLEGIO INTEGRAL GUATEMALTECO, DIVERSIFICADO",13 CALLE 5-06 ZONA 11,,,,DIVERSIFICADO,PRIVADO,URBANA,CERRADA DEFINITIVAMENTE,MONOLINGUE,INTERMEDIA,DIARIO(REGULAR),GUATEMALA SUR
00-11-3109-43,,CIUDAD CAPITAL,ZONA 11,CENTRO EDUCATIVO EXPERIMENTAL NNAT. DE SODIFAG,"4a. AV. 2a. CALLE ZONA 11, INTERIOR MERCADO, GUATEMALA",,,,PRIMARIA,PRIVADO,URBANA,CERRADA TEMPORALMENTE,MONOLINGUE,MATUTINA,DIARIO(REGULAR),GUATEMALA SUR
00-11-3122-46,01-,CIUDAD CAPITAL,ZONA 11,LICEO ALPHA,"21 CALLE 13-17 ZONA 11, COLONIA MARISCAL",,MARIA FELICITA ROQUE CARRERA,,DIVERSIFICADO,PRIVADO,URBANA,CERRADA DEFINITIVAMENTE,MONOLINGUE,MATUTINA,DIARIO(REGULAR),GUATEMALA SUR
00-11-3135-42,01-218,CIUDAD CAPITAL,ZONA 11,COLEGIO BILINGUE DE PARVULOS 'CARES',"19 AV. 9-86, COLONIA MIRAFLORES",24743556,BENIGNO ISAIAS DE LEON OROZCO,,PARVULOS,PRIVADO,URBANA,CERRADA DEFINITIVAMENTE,MONOLINGUE,MATUTINA,DIARIO(REGULAR),GUATEMALA SUR
00-11-3135-43,01-218,CIUDAD CAPITAL,ZONA 11,COLEGIO CENTRO DE ASISTENCIA Y REFUERZO ESCOLAR CARES,"19 AV. 9-86, COLONIA MIRAFLORES",24743556,BENIGNO ISAIAS DE LEON OROZCO,,PRIMARIA,PRIVADO,URBANA,CERRADA TEMPORALMENTE,MONOLINGUE,MATUTINA,DIARIO(REGULAR),GUATEMALA SUR
00-11-3137-45,,CIUDAD CAPITAL,ZONA 11,CENTRO PROFESIONAL DE ESTUDIOS EN COMPUTACION,"15 AV. 11-22 ZONA 11, COLONIA MIRAFLORES",,,,BASICO,PRIVADO,URBANA,CERRADA DEFINITIVAMENTE,MONOLINGUE,VESPERTINA,DIARIO(REGULAR),GUATEMALA SUR
00-11-3137-46,,CIUDAD CAPITAL,ZONA 11,CENTRO PROFESIONAL DE ESTUDIOS EN COMPUTACION,"15 AV. 'B' 11-22 ZONA 11, COLONIA MIRAFLORES",,,,DIVERSIFICADO,PRIVADO,URBANA,CERRADA TEMPORALMENTE,MONOLINGUE,VESPERTINA,DIARIO(REGULAR),GUATEMALA SUR
00-11-3138-45,,CIUDAD CAPITAL,ZONA 11,CENTRO PROFESIONAL DE ESTUDIOS EN COMPUTACION,"15 AV. 'B' 11-22 ZONA 11, COLONIA MIRAFLORES",,,,BASICO,PRIVADO,URBANA,CERRADA DEFINITIVAMENTE,MONOLINGUE,INTERMEDIA,DIARIO(REGULAR),GUATEMALA SUR
00-11-4675-42,,CIUDAD CAPITAL,ZONA 11,COLEGIO LA MONTAÑA,"10 AV. 'A' 33-45 ZONA 11, LAS CHARCAS",24421013,,,PARVULOS,PRIVADO,URBANA,CERRADA DEFINITIVAMENTE,MONOLINGUE,MATUTINA,DIARIO(REGULAR),GUATEMALA SUR
00-11-4682-43,,CIUDAD CAPITAL,ZONA 11,PROGRAMA ESCOLAR DE PRE-PRIMARIA Y PRIMARIA PARA NIÑOS SORDOS,"DIAGONAL 21, 19-19 ZONA 11",,,,PRIMARIA,PRIVADO,URBANA,CERRADA DEFINITIVAMENTE,MONOLINGUE,MATUTINA,DIARIO(REGULAR),GUATEMALA SUR
00-11-4684-43,01-210,CIUDAD CAPITAL,ZONA 11,LICEO BILINGUE LAS NACIONES,"17 CALLE 6-10, COLONIA MARISCAL",22150186,DINIZ ORALIA MORALES MUÑOZ,LILIAN ELISABETH RODRÍGUEZ PINEDA,PRIMARIA,PRIVADO,URBANA,CERRADA DEFINITIVAMENTE,MONOLINGUE,MATUTINA,DIARIO(REGULAR),GUATEMALA SUR
00-11-4685-42,01-01-0149,CIUDAD CAPITAL,ZONA 11,JARDIN INFANTIL PARA SORDOS 'RODOLFO STAHL ROBLES',"14 AVE. 15-38, EDIFICIO INTERIOR DE LA ESCUELA FRAY PEDRO PONCE DE LEON",24744868,MIRIAM DEL CARMEN OROZCO HERNÁNDEZ,BEATRIZ ESTEFANY DAVILA RUANO,PARVULOS,PRIVADO,URBANA,ABIERTA,MONOLINGUE,MATUTINA,DIARIO(REGULAR),GUATEMALA SUR
00-11-6917-43,,CIUDAD CAPITAL,ZONA 11,COLEGIO 'MIS AMIGUITOS',4A. AV. 9-58 ZONA 11,,,,PRIMARIA,PRIVADO,URBANA,CERRADA DEFINITIVAMENTE,MONOLINGUE,MATUTINA,DIARIO(REGULAR),GUATEMALA SUR
00-11-6918-43,01-01-0149,CIUDAD CAPITAL,ZONA 11,COLEGIO SCARLETT LAND,DIAGONAL 17 (AVENIDA MARISCAL) 04-38 COLONIA EL PROGRESO,53160042,MIRIAM DEL CARMEN OROZCO HERNÁNDEZ,ANGELICA ABIGAIL RODAS PEREZ,PRIMARIA,PRIVADO,URBANA,ABIERTA,MONOLINGUE,MATUTINA,DIARIO(REGULAR),GUATEMALA SUR
00-11-6919-43,,CIUDAD CAPITAL,ZONA 11,COLEGIO LA MONTAYA,10A. AV. 33-45 ZONA 11 LAS CHARCAS,,,,PRIMARIA,PRIVADO,URBANA,CERRADA DEFINITIVAMENTE,MONOLINGUE,MATUTINA,DIARIO(REGULAR),GUATEMALA SUR
00-11-6948-42,01-01-0149,CIUDAD CAPITAL,ZONA 11,COLEGIO SCARLETT LAND,DIAGONAL 17 (AVENIDA MARISCAL) 04-38 COLONIA EL PROGRESO,53160042,MIRIAM DEL CARMEN OROZCO HERNÁNDEZ,ANGELICA ABIGAIL RODAS PEREZ,PARVULOS,PRIVADO,URBANA,ABIERTA,MONOLINGUE,MATUTINA,DIARIO(REGULAR),GUATEMALA SUR
00-11-6949-42,01-210,CIUDAD CAPITAL,ZONA 11,LICEO BILINGUE LAS NACIONES,"17 CALLE 6-10, COLONIA MARISCAL",22150186,DINIZ ORALIA MORALES MUÑOZ,JESSICA MICHELL ARÉVALO MOLINA,PARVULOS,PRIVADO,URBANA,CERRADA DEFINITIVAMENTE,MONOLINGUE,MATUTINA,DIARIO(REGULAR),GUATEMALA SUR
00-11-6950-42,01-209,CIUDAD CAPITAL,ZONA 11,CENTRO EDUCATIVO MUNDO VERDE,"8A. AVENIDA 34-34, COLONIA LAS CHARCAS",24770072,MIRIAM DEL CARMEN OROZCO HERNANDEZ,,PARVULOS,PRIVADO,URBANA,CERRADA TEMPORALMENTE,MONOLINGUE,MATUTINA,DIARIO(REGULAR),GUATEMALA SUR
00-11-7033-45,01-218,CIUDAD CAPITAL,ZONA 11,COLEGIO CARES,"19 AVENIDA 9-86, COLONIA MIRAFLORES",24743556,BENIGNO ISAIAS DE LEON OROZCO,,BASICO,PRIVADO,URBANA,CERRADA TEMPORALMENTE,MONOLINGUE,MATUTINA,DIARIO(REGULAR),GUATEMALA SUR
00-11-7042-43,,CIUDAD CAPITAL,ZONA 11,EORM ANEXA A ESCUELA OFICIAL NO. 10 'REPUBLICA DE COLOMBIA',"13 CALLE 11-00 ZONA 11, GUATEMALA",,,,PRIMARIA,OFICIAL,URBANA,CERRADA DEFINITIVAMENTE,MONOLINGUE,MATUTINA,DIARIO(REGULAR),GUATEMALA SUR
00-11-7058-42,,CIUDAD CAPITAL,ZONA 11,EODP ANEXA A EOUM NO.10 'REPUBLICA DE COLOMBIA',"13 CALLE 11-00, ZONA 11",,,,PARVULOS,OFICIAL,URBANA,CERRADA DEFINITIVAMENTE,MONOLINGUE,MATUTINA,DIARIO(REGULAR),GUATEMALA SUR
00-11-7137-45,,CIUDAD CAPITAL,ZONA 11,ESCUELA TECNICA DE HOTELERIA Y HOGAR,10A. AV. 35-10 ZONA 11,,,,BASICO,PRIVADO,URBANA,CERRADA DEFINITIVAMENTE,MONOLINGUE,MATUTINA,DIARIO(REGULAR),GUATEMALA SUR
00-11-7138-46,01-209,CIUDAD CAPITAL,ZONA 11,ESCUELA TECNICA DE HOTELERIA Y HOGAR ZUNIL,10A. AVENIDA 35-10,24422393,MIRIAM DEL CARMEN OROZCO HERNANDEZ,VIOLETA MARILÚ LEMUS SOLANO,DIVERSIFICADO,PRIVADO,URBANA,CERRADA DEFINITIVAMENTE,MONOLINGUE,DOBLE,DIARIO(REGULAR),GUATEMALA SUR
00-11-7145-45,01-209,CIUDAD CAPITAL,ZONA 11,COLEGIO 'JACQUES COUSTEAU',18 CALLE 7-46,24730608,MIRIAM DEL CARMEN OROZCO HERNANDEZ,ROSE MARY BARZANALLANA SOLÓRZANO,BASICO,PRIVADO,URBANA,CERRADA DEFINITIVAMENTE,MONOLINGUE,MATUTINA,DIARIO(REGULAR),GUATEMALA SUR
00-11-7271-43,,CIUDAD CAPITAL,ZONA 11,CEES ANEXO A EOUV NO. 1 'REPUBLICA DE CHILE',"8A. AV. 25-66 COLONIA GRANAI II ZONA 11, GUATEMALA",,,,PRIMARIA,OFICIAL,URBANA,CERRADA DEFINITIVAMENTE,MONOLINGUE,MATUTINA,DIARIO(REGULAR),GUATEMALA SUR
00-11-7279-45,01-209,CIUDAD CAPITAL,ZONA 11,INSTITUTO PRIVADO MIXTO POR MADUREZ LUIS CARDOZA Y ARAGON,2A. CALLE 37-45 ZONA 11 COLONIA TOLEDO,5913537 599 4744,MIRIAM DEL CARMEN OROZCO HERNANDEZ,,BASICO,PRIVADO,URBANA,CERRADA TEMPORALMENTE,MONOLINGUE,DOBLE,SABATINO,GUATEMALA SUR
00-11-7280-46,01-102,CIUDAD CAPITAL,ZONA 11,INSTITUTO PRIVADO MIXTO POR MADUREZ LUIS CARDOZA Y ARAGON,2A. CALLE 37-45 ZONA 11 COLONIA TOLEDO,59135375,ZIZI ARELY LOPEZ CHINCHILLA,,DIVERSIFICADO,PRIVADO,URBANA,CERRADA DEFINITIVAMENTE,MONOLINGUE,DOBLE,SABATINO,GUATEMALA SUR
00-11-7333-42,,CIUDAD CAPITAL,ZONA 11,CENTRO EDUCATIVO 'LUCESITAS DEL SABER',"2A. CALLE 35-44 INTERIOR 21, COLONIA TOLEDO",55995589,,,PARVULOS,PRIVADO,URBANA,CERRADA DEFINITIVAMENTE,MONOLINGUE,MATUTINA,DIARIO(REGULAR),GUATEMALA SUR
00-11-7347-45,01-210,CIUDAD CAPITAL,ZONA 11,LICEO BILINGUE LAS NACIONES,17 CALLE 6-10 COLONIA MARISCAL,24731585,DINIZ ORALIA MORALES MUÑOZ,LILIAN ELISABETH RODRÍGUEZ PINEDA,BASICO,PRIVADO,URBANA,CERRADA TEMPORALMENTE,MONOLINGUE,MATUTINA,DIARIO(REGULAR),GUATEMALA SUR
00-11-7349-42,01-218,CIUDAD CAPITAL,ZONA 11,CENTRO PARA EL DESARROLLO PSICOPEDAGOGICO INTEGRAL -CEDEPI-,"31 AVENIDA 'A' 3-27, UTATLAN 2",24394014,BENIGNO ISAIAS DE LEON OROZCO,,PARVULOS,PRIVADO,URBANA,CERRADA TEMPORALMENTE,MONOLINGUE,MATUTINA,DIARIO(REGULAR),GUATEMALA SUR
00-11-7350-42,,CIUDAD CAPITAL,ZONA 11,CENTRO DE DESARROLLO PSICOPEDAGOGICO INTEGRAL (CEDEPSA),31AV. 3-27 ZONA 11 UTATLAN II,55946631,,,PARVULOS,PRIVADO,URBANA,CERRADA DEFINITIVAMENTE,MONOLINGUE,VESPERTINA,DIARIO(REGULAR),GUATEMALA SUR
00-11-7351-43,01-635,CIUDAD CAPITAL,ZONA 11,CENTRO PARA EL DESARROLLO PSICOPEDAGOGICO INTEGRAL (CEDEPSA),"31AV.  A  3-27, COLONIA UTATLAN II",24394014,NATALY FABIOLA SOTO ESPAÑA DE TURCIOS,OLGA ALICIA GONZÁLEZ ARAGÓN,PRIMARIA,PRIVADO,URBANA,ABIERTA,MONOLINGUE,MATUTINA,DIARIO(REGULAR),GUATEMALA SUR
00-11-7352-43,,CIUDAD CAPITAL,ZONA 11,CENTRO PARA EL DESARROLLO PSICOPEGAGICO INTEGRAL(CEDEPSA),31 AV. A 3-27 ZONA 11 UTATLAN II,,,,PRIMARIA,PRIVADO,URBANA,CERRADA TEMPORALMENTE,MONOLINGUE,VESPERTINA,DIARIO(REGULAR),GUATEMALA SUR
00-11-7364-45,01-99-0151,CIUDAD CAPITAL,ZONA 11,INSTITUTO NACIONAL DE EDUCACION BASICA MIXTO TEZULUTLAN,"8A. AVENIDA 31-02, COLONIA LAS CHARCAS",24768304,MARÍA EUGENIA LOBOS ELÍAS,TELMA ELIZABETH BARRIOS YANTUCHE,BASICO,OFICIAL,URBANA,ABIERTA,MONOLINGUE,VESPERTINA,DIARIO(REGULAR),GUATEMALA SUR
00-11-7535-46,,CIUDAD CAPITAL,ZONA 11,ESCUELA TECNICA DE HOTELERIA Y HOGAR 'ZUNIL',10AV. 35-10 ZONA 11,24422392,,,DIVERSIFICADO,PRIVADO,URBANA,CERRADA DEFINITIVAMENTE,MONOLINGUE,DOBLE,DIARIO(REGULAR),GUATEMALA SUR
00-11-7575-42,01-209,CIUDAD CAPITAL,ZONA 11,COLEGIO 'MERLO',"18 CALLE 9-68, COLONIA MARISCAL",24730539,MIRIAM DEL CARMEN OROZCO HERNANDEZ,,PARVULOS,PRIVADO,URBANA,CERRADA TEMPORALMENTE,MONOLINGUE,MATUTINA,DIARIO(REGULAR),GUATEMALA SUR
00-11-7678-42,,CIUDAD CAPITAL,ZONA 11,JARDIN INFANTIL DE TELGUA,2A. CALLE A 32-04 UTATLAN II,55947698,,,PARVULOS,PRIVADO,URBANA,CERRADA DEFINITIVAMENTE,MONOLINGUE,MATUTINA,DIARIO(REGULAR),GUATEMALA SUR
00-11-7750-45,01-99-0151,CIUDAD CAPITAL,ZONA 11,INEB TECUN UMAN,8A. AVENIDA 31-02 COL. LAS CHARCAS INAJU,24423744,MARÍA EUGENIA LOBOS ELÍAS,SANDRA EUGENIA GÁLVEZ LÖPEZ,BASICO,OFICIAL,URBANA,ABIERTA,MONOLINGUE,MATUTINA,DIARIO(REGULAR),GUATEMALA SUR
00-11-7807-43,01-643,CIUDAD CAPITAL,ZONA 11,EOUM EL GUARDA,4AV. 2A. CALLE INTERIOR MERCADO GUARDA,,CESAR AUGUSTO ORTIZ HERNANDEZ,,PRIMARIA,OFICIAL,URBANA,CERRADA TEMPORALMENTE,MONOLINGUE,MATUTINA,DIARIO(REGULAR),GUATEMALA SUR
00-11-7815-46,01-218,CIUDAD CAPITAL,ZONA 11,COLEGIO CENTRO DE ASISTENCIA Y REFUERZO ESCOLAR CARES,"19 AVENIDA 9-86, COLONIA MIRAFLORES",24743556,BENIGNO ISAIAS DE LEON OROZCO,----MARIA DEL ROSARIO LOPEZ ESCOBAR,DIVERSIFICADO,PRIVADO,URBANA,CERRADA TEMPORALMENTE,MONOLINGUE,MATUTINA,DIARIO(REGULAR),GUATEMALA SUR
00-11-7827-45,01-01-0149,CIUDAD CAPITAL,ZONA 11,COLEGIO MIXTO EURO AMERICANO,17A. AVENIDA 26-46 COLONIA LASCHARCAS,44913168,MIRIAM DEL CARMEN OROZCO HERNÁNDEZ,LUISA ILEANA PELLECER CRUZ,BASICO,PRIVADO,URBANA,ABIERTA,MONOLINGUE,MATUTINA,DIARIO(REGULAR),GUATEMALA SUR
00-11-7828-42,01-01-0149,CIUDAD CAPITAL,ZONA 11,COLEGIO MIXTO EURO AMERICANO,17A. AVENIDA 26-46 COLONIA LASCHARCAS,30476028,MIRIAM DEL CARMEN OROZCO HERNÁNDEZ,MYRIAM ESTELA BERTHET CONTRERAS,PARVULOS,PRIVADO,URBANA,ABIERTA,MONOLINGUE,MATUTINA,DIARIO(REGULAR),GUATEMALA SUR
00-11-7829-43,01-01-0149,CIUDAD CAPITAL,ZONA 11,COLEGIO MIXTO EURO AMERICANO,17A. AVENIDA 26-46 COLONIA LASCHARCAS,57766654,MIRIAM DEL CARMEN OROZCO HERNÁNDEZ,ZULLY CATALINA MORALES LÓPEZ,PRIMARIA,PRIVADO,URBANA,ABIERTA,MONOLINGUE,MATUTINA,DIARIO(REGULAR),GUATEMALA SUR
00-11-7835-43,,CIUDAD CAPITAL,ZONA 11,CENTRO EDUCATIVO DEL SABER,2A. CALLE 35-44 INTERIOR 21 COLONIA TOLEDO ZONA 11,55995589,,,PRIMARIA,PRIVADO,URBANA,CERRADA DEFINITIVAMENTE,MONOLINGUE,MATUTINA,DIARIO(REGULAR),GUATEMALA SUR
00-11-7847-42,01-01-0148,CIUDAD CAPITAL,ZONA 11,CENTRO DE COMUNICACION TOTAL PARA NIÑOS SORDOS 'DR. CARLOS ALFONSO CASTELLANOS MOLINA',"ANILLO PERIFERICO DIAGONAL 21, 19-19",24730162,DINIZ ORALIA MORALES MUÑOZ,MARÍA YOLANDA QUIÑONEZ ARRIAGA,PARVULOS,PRIVADO,URBANA,ABIERTA,MONOLINGUE,MATUTINA,DIARIO(REGULAR),GUATEMALA SUR
00-11-7848-43,01-01-0148,CIUDAD CAPITAL,ZONA 11,CENTRO DE COMUNICACION TOTAL PARA NIÑOS SORDOS 'DR. CARLOS ALFONSO CASTELLANOS MOLINA',"ANILLO PERIFERICO DIAGONAL 21, 19-19",24730162,DINIZ ORALIA MORALES MUÑOZ,KADRELY ELIZABETH FLORES PÉREZ,PRIMARIA,PRIVADO,URBANA,ABIERTA,MONOLINGUE,MATUTINA,DIARIO(REGULAR),GUATEMALA SUR
00-11-7864-42,01-99-0151,CIUDAD CAPITAL,ZONA 11,"CENTRO EDUCATIVO DE LA AVICOLA VILLALOBOS, S.A.",CALZADA AGUILAR BATRES 50-52 CASTAÑAS,22683911,MARÍA EUGENIA LOBOS ELÍAS,JESSICA PAOLA RIVERA BOLAÑOS,PARVULOS,PRIVADO,URBANA,ABIERTA,MONOLINGUE,MATUTINA,DIARIO(REGULAR),GUATEMALA SUR
00-11-7932-42,,CIUDAD CAPITAL,ZONA 11,JARDIN INFANTIL LOS PEQUES,AV. MARISCAL 13-59,24730813,,,PARVULOS,PRIVADO,URBANA,CERRADA TEMPORALMENTE,MONOLINGUE,MATUTINA,DIARIO(REGULAR),GUATEMALA SUR
00-11-7978-43,01-209,CIUDAD CAPITAL,ZONA 11,CENTRO EDUCATIVO MUNDO VERDE,"8A. AVENIDA 34-34, COLONIA LAS CHARCAS",24770072,MIRIAM DEL CARMEN OROZCO HERNANDEZ,,PRIMARIA,PRIVADO,URBANA,CERRADA TEMPORALMENTE,MONOLINGUE,MATUTINA,DIARIO(REGULAR),GUATEMALA SUR
00-11-7999-42,01-209,CIUDAD CAPITAL,ZONA 11,KINDERGARTEN GENESIS- CENTRO EDUCATIVO LA FAMILIA,21 CALLE 5-55 MARISCAL,24763619,MIRIAM DEL CARMEN OROZCO HERNANDEZ,,PARVULOS,PRIVADO,URBANA,CERRADA DEFINITIVAMENTE,MONOLINGUE,MATUTINA,DIARIO(REGULAR),GUATEMALA SUR
00-11-8012-43,01-99-0151,CIUDAD CAPITAL,ZONA 11,"CENTRO EDUCATIVO DE LA AVICOLA VILLALOBOS, S.A","CALZADA AGUILAR BATRES 50-52, COLONIA CASTAÑAS",50191800,MARÍA EUGENIA LOBOS ELÍAS,LESBIA RUDITH SANTIZO SÁNCHEZ,PRIMARIA,PRIVADO,URBANA,ABIERTA,MONOLINGUE,MATUTINA,DIARIO(REGULAR),GUATEMALA SUR
00-11-8037-42,,CIUDAD CAPITAL,ZONA 11,EODP ANEXA EOUM INTERIOR MERCADO EL GUARDA,"INTERIOR MERCADO EL GUARDA, ZONA 11",,,,PARVULOS,OFICIAL,URBANA,CERRADA TEMPORALMENTE,MONOLINGUE,MATUTINA,DIARIO(REGULAR),GUATEMALA SUR
00-11-8094-42,01-01-0149,CIUDAD CAPITAL,ZONA 11,COLEGIO TROZOS,"30 AVENIDA 5-95, LAS MAJADAS",24738389,MIRIAM DEL CARMEN OROZCO HERNÁNDEZ,MARÍA VICTORIA SARAVIA HERNÁNDEZ,PARVULOS,PRIVADO,URBANA,ABIERTA,MONOLINGUE,MATUTINA,DIARIO(REGULAR),GUATEMALA SUR
00-11-8253-45,01-01-0149,CIUDAD CAPITAL,ZONA 11,"INSTITUTO PARTICULAR MIXTO NOCTURNO ""LIC. EMILIO ARENALES CATALÁN""",2A. AVENIDA 4-21,53024916,MIRIAM DEL CARMEN OROZCO HERNÁNDEZ,SILVIA PATRICIA CATALAN SANCHEZ,BASICO,PRIVADO,URBANA,ABIERTA,MONOLINGUE,MATUTINA,DIARIO(REGULAR),GUATEMALA SUR
00-11-8254-46,01-01-0149,CIUDAD CAPITAL,ZONA 11,"INSTITUTO PARTICULAR MIXTO NOCTURNO ""LIC. EMILIO ARENALES CATALÁN""",2A. AVENIDA 4-41,50007522,MIRIAM DEL CARMEN OROZCO HERNÁNDEZ,SILVIA PATRICIA CATALAN SANCHEZ,DIVERSIFICADO,PRIVADO,URBANA,ABIERTA,MONOLINGUE,MATUTINA,DIARIO(REGULAR),GUATEMALA SUR
00-11-8279-46,01-209,CIUDAD CAPITAL,ZONA 11,COLEGIO 'JACQUES COUSTEAU',18 CALLE 7-46 COLONIA MARISCAL,24730608,MIRIAM DEL CARMEN OROZCO HERNANDEZ,ROSE MARY BARZANALLANA SOLÓRZANO,DIVERSIFICADO,PRIVADO,URBANA,CERRADA DEFINITIVAMENTE,MONOLINGUE,MATUTINA,DIARIO(REGULAR),GUATEMALA SUR
00-11-8304-42,01-218,CIUDAD CAPITAL,ZONA 11,ESCUELA CRISTIANA DE GUATEMALA,4TA. CALLE 20-32 MIRADOR I,24742618,BENIGNO ISAIAS DE LEON OROZCO,,PARVULOS,PRIVADO,URBANA,CERRADA TEMPORALMENTE,MONOLINGUE,MATUTINA,DIARIO(REGULAR),GUATEMALA SUR
00-11-8308-45,01-209,CIUDAD CAPITAL,ZONA 11,CENTRO EDUCATIVO MUNDO VERDE,8A. AVE. 34-34 COLONIA LAS CHARCAS,24770072,MIRIAM DEL CARMEN OROZCO HERNANDEZ,,BASICO,PRIVADO,URBANA,CERRADA TEMPORALMENTE,MONOLINGUE,MATUTINA,DIARIO(REGULAR),GUATEMALA SUR
00-11-8369-43,01-99-0151,CIUDAD CAPITAL,ZONA 11,EOUM NO.138 'CONFEDERACION SUIZA',5A. AVENIDA 52-23 COLONIA CASTAÑAS,24772661,MARÍA EUGENIA LOBOS ELÍAS,MAGDA ETELVINA CASTRO AGUIRRE,PRIMARIA,OFICIAL,URBANA,ABIERTA,MONOLINGUE,VESPERTINA,DIARIO(REGULAR),GUATEMALA SUR
00-11-8376-43,01-99-0151,CIUDAD CAPITAL,ZONA 11,EOUM NO.99 CONFEDERACION SUIZA,"5A. CALLE 4-96, COLONIA CASTAÑAS,",56160501,MARÍA EUGENIA LOBOS ELÍAS,CLAUDIA PATRICIA TZUL TOT,PRIMARIA,OFICIAL,URBANA,ABIERTA,MONOLINGUE,MATUTINA,DIARIO(REGULAR),GUATEMALA SUR
00-11-8381-45,01-218,CIUDAD CAPITAL,ZONA 11,INSTITUTO INDUSTRIAL CENTRAL GRAL. LAZARO CHACON GONZALEZ,"8A. AVENIDA 31-02, COLONIA LAS CHARCAS, INAJU",24424758,BENIGNO ISAIAS DE LEON OROZCO,,BASICO,OFICIAL,URBANA,CERRADA DEFINITIVAMENTE,MONOLINGUE,VESPERTINA,DIARIO(REGULAR),GUATEMALA SUR
00-11-8418-46,01-210,CIUDAD CAPITAL,ZONA 11,LICEO BILINGUE LAS NACIONES,17 CALLE 6-10 COLONIA MARISCAL,24731585-24745554,DINIZ ORALIA MORALES MUÑOZ,LILIAN ELISABETH RODRÍGUEZ PINEDA,DIVERSIFICADO,PRIVADO,URBANA,CERRADA TEMPORALMENTE,MONOLINGUE,MATUTINA,DIARIO(REGULAR),GUATEMALA SUR
00-11-8423-45,01-210,CIUDAD CAPITAL,ZONA 11,COLEGIO CRISTIANO TECNICO-ADMINISTRATIVO,10 AVE. 30-81 COLONIA LAS CHARCAS,24765757,DINIZ ORALIA MORALES MUÑOZ,,BASICO,PRIVADO,URBANA,CERRADA TEMPORALMENTE,MONOLINGUE,MATUTINA,DIARIO(REGULAR),GUATEMALA SUR
00-11-8424-46,01-210,CIUDAD CAPITAL,ZONA 11,COLEGIO CRISTIANO TECNICO-ADMINISTRATIVO,10 AVE. 30-81 COLONIA LAS CHARCAS,24765757,DINIZ ORALIA MORALES MUÑOZ,...,DIVERSIFICADO,PRIVADO,URBANA,TEMPORAL TITULOS,MONOLINGUE,DOBLE,DIARIO(REGULAR),GUATEMALA SUR
00-11-8429-46,01-01-0148,CIUDAD CAPITAL,ZONA 11,COLEGIO SANTA TERESITA,22 CALLE 13-31,24933232,DINIZ ORALIA MORALES MUÑOZ,VIOLETA DEL ALBA NAVARRO OROZCO,DIVERSIFICADO,PRIVADO,URBANA,ABIERTA,MONOLINGUE,MATUTINA,DIARIO(REGULAR),GUATEMALA SUR
00-11-8433-43,01-218,CIUDAD CAPITAL,ZONA 11,ESCUELA CRISTIANA DE GUATEMALA,4TA. CALLE 20-32 MIRADOR I,24742618,BENIGNO ISAIAS DE LEON OROZCO,,PRIMARIA,PRIVADO,URBANA,CERRADA TEMPORALMENTE,MONOLINGUE,MATUTINA,DIARIO(REGULAR),GUATEMALA SUR
00-11-8446-45,01-641,CIUDAD CAPITAL,ZONA 11,"INSTITUTO PARTICULAR MIXTO NOCTURNO ""LIC. EMILIO ARENALES CATALÁN""",2A. AV. 4-21 COLONIA EL PROGRESO,40900292,MILTON ALONSO ALVAREZ FUENTES,SILVIA PATRICIA CATALAN SANCHEZ,BASICO,PRIVADO,URBANA,ABIERTA,MONOLINGUE,DOBLE,FIN DE SEMANA,GUATEMALA SUR
00-11-8447-46,01-641,CIUDAD CAPITAL,ZONA 11,"INSTITUTO PARTICULAR MIXTO NOCTURNO ""LIC. EMILIO ARENALES CATALÁN""",2A. AVENIDA. 4-21,40900292,MILTON ALONSO ALVAREZ FUENTES,SILVIA PATRICIA CATALAN SANCHEZ,DIVERSIFICADO,PRIVADO,URBANA,CERRADA TEMPORALMENTE,MONOLINGUE,DOBLE,FIN DE SEMANA,GUATEMALA SUR
00-11-8448-45,01-99-0154,CIUDAD CAPITAL,ZONA 11,"INSTITUTO PARTICULAR MIXTO NOCTURNO ""LIC. EMILIO ARENALES CATALÁN""",2A. AV. 4-21 COLONIA EL PROGRESO,53024916,BYRON FERNANDO BÁMACA DE LA CRUZ,SILVIA PATRICIA CATALAN SANCHEZ,BASICO,PRIVADO,URBANA,ABIERTA,MONOLINGUE,DOBLE,FIN DE SEMANA,GUATEMALA SUR
00-11-8449-46,01-404,CIUDAD CAPITAL,ZONA 11,INST. PARTICULAR MIXTO DIURNO Y NOCTURNO 'LIC. EMILIO ARENALES CATALAN',2A. AV. 4-21 COLONIA EL PROGRESO,24723222,ORLANDO ERCILIO GIRON ALVAREZ,SILVIA PATRICIA CATALÁN SÁNCHEZ DE ORELLANA,DIVERSIFICADO,PRIVADO,URBANA,CERRADA TEMPORALMENTE,MONOLINGUE,DOBLE,FIN DE SEMANA,GUATEMALA SUR
00-11-8451-42,01-209,CIUDAD CAPITAL,ZONA 11,JARDIN INFANTIL AGAZZI,34 CALLE 10-65 LAS CHARCAS,24422345-54136601,MIRIAM DEL CARMEN OROZCO HERNANDEZ,,PARVULOS,PRIVADO,URBANA,CERRADA TEMPORALMENTE,MONOLINGUE,MATUTINA,DIARIO(REGULAR),GUATEMALA SUR
00-11-8547-46,01-01-0148,CIUDAD CAPITAL,ZONA 11,COLEGIO MIXTO EURO AMERICANO,17A. AVENIDA 26-46 COLONIA LASCHARCAS,30476028,DINIZ ORALIA MORALES MUÑOZ,LUISA ILEANA PELLECER CRUZ,DIVERSIFICADO,PRIVADO,URBANA,ABIERTA,MONOLINGUE,MATUTINA,DIARIO(REGULAR),GUATEMALA SUR
00-11-8561-42,01-218,CIUDAD CAPITAL,ZONA 11,JARDIN INFANTIL JUGANDO APRENDO,"19 AVENIDA 10-45, MIRAFLORES",24743559,BENIGNO ISAIAS DE LEON OROZCO,,PARVULOS,PRIVADO,URBANA,CERRADA DEFINITIVAMENTE,MONOLINGUE,MATUTINA,DIARIO(REGULAR),GUATEMALA SUR
00-11-8570-43,01-209,CIUDAD CAPITAL,ZONA 11,CENTRO ESCOLAR JESUS ES EL SEÑOR,51 CALLE 1-39 COLONIA CASTAÑAS,24773577,MIRIAM DEL CARMEN OROZCO HERNANDEZ,,PRIMARIA,PRIVADO,URBANA,CERRADA TEMPORALMENTE,MONOLINGUE,VESPERTINA,DIARIO(REGULAR),GUATEMALA SUR
00-11-8634-42,01-209,CIUDAD CAPITAL,ZONA 11,COLEGIO EL TESORO DEL SABER,19 AVENIDA 4-02,24755912-46452151,MIRIAM DEL CARMEN OROZCO HERNANDEZ,,PARVULOS,PRIVADO,URBANA,CERRADA TEMPORALMENTE,MONOLINGUE,MATUTINA,DIARIO(REGULAR),GUATEMALA SUR
00-11-8681-42,,CIUDAD CAPITAL,ZONA 11,COLEGIO MIXTO BILINGUE 'LAS CRAYOLAS',"18 AVENIDA 3-42, COLONIA MIRAFLORES",,,,PARVULOS,PRIVADO,URBANA,CERRADA DEFINITIVAMENTE,MONOLINGUE,MATUTINA,DIARIO(REGULAR),GUATEMALA SUR
00-11-8682-43,,CIUDAD CAPITAL,ZONA 11,COLEGIO MIXTO BILINGUE 'LAS CRAYOLAS',"18 AVENIDA 3-42, COLONIA MIRAFLORES",,,,PRIMARIA,PRIVADO,URBANA,CERRADA DEFINITIVAMENTE,MONOLINGUE,MATUTINA,DIARIO(REGULAR),GUATEMALA SUR
00-11-8683-45,,CIUDAD CAPITAL,ZONA 11,COLEGIO MIXTO BILINGUE 'LAS CRAYOLAS',"18 AVENIDA 3-42, COLONIA MIRAFLORES",,,,BASICO,PRIVADO,URBANA,CERRADA DEFINITIVAMENTE,MONOLINGUE,MATUTINA,DIARIO(REGULAR),GUATEMALA SUR
00-11-8767-45,01-218,CIUDAD CAPITAL,ZONA 11,LICEO MIXTO GUATEMALTECO JUVENIL,9A. CALLE A 15-44 COLONIA CARABANCHEL,24717770,BENIGNO ISAIAS DE LEON OROZCO,,BASICO,PRIVADO,URBANA,CERRADA TEMPORALMENTE,MONOLINGUE,MATUTINA,DIARIO(REGULAR),GUATEMALA SUR
00-11-8768-42,01-209,CIUDAD CAPITAL,ZONA 11,COLEGIO INFANTIL LOS ARBOLITOS,CALLE MARISCAL 12-69,24732785,MIRIAM DEL CARMEN OROZCO HERNANDEZ,,PARVULOS,PRIVADO,URBANA,CERRADA TEMPORALMENTE,MONOLINGUE,MATUTINA,DIARIO(REGULAR),GUATEMALA SUR
00-11-8863-43,01-209,CIUDAD CAPITAL,ZONA 11,COLEGIO BENTHAM,14 CALLE 6-65 ZONA 11,24731901,MIRIAM DEL CARMEN OROZCO HERNANDEZ,MYRNA ETHEL PAIZ PACHECO,PRIMARIA,PRIVADO,URBANA,CERRADA TEMPORALMENTE,MONOLINGUE,MATUTINA,DIARIO(REGULAR),GUATEMALA SUR
00-11-8869-43,01-619,CIUDAD CAPITAL,ZONA 11,COLEGIO DANIEL DEFOE,19 AVENIDA 6-64,24755002,JUAN WALDEMAR CABRERA MENDEZ,,PRIMARIA,PRIVADO,URBANA,CERRADA TEMPORALMENTE,MONOLINGUE,MATUTINA,DIARIO(REGULAR),GUATEMALA SUR
00-11-8876-46,01-210,CIUDAD CAPITAL,ZONA 11,COLEGIO SAN BORJA,21 CALLE 13-17,,DINIZ ORALIA MORALES MUÑOZ,,DIVERSIFICADO,PRIVADO,URBANA,CERRADA TEMPORALMENTE,MONOLINGUE,MATUTINA,DIARIO(REGULAR),GUATEMALA SUR
00-11-8878-42,01-209,CIUDAD CAPITAL,ZONA 11,COLEGIO MIXTO PRIVADO SAN BORJA,21 CALLE 13-17,24762428,MIRIAM DEL CARMEN OROZCO HERNANDEZ,,PARVULOS,PRIVADO,URBANA,CERRADA TEMPORALMENTE,MONOLINGUE,MATUTINA,DIARIO(REGULAR),GUATEMALA SUR
00-11-8879-43,01-209,CIUDAD CAPITAL,ZONA 11,COLEGIO SAN BORJA,21 CALLE 13-17,24762428,MIRIAM DEL CARMEN OROZCO HERNANDEZ,,PRIMARIA,PRIVADO,URBANA,CERRADA TEMPORALMENTE,MONOLINGUE,MATUTINA,DIARIO(REGULAR),GUATEMALA SUR
00-11-8880-45,01-210,CIUDAD CAPITAL,ZONA 11,COLEGIO SAN BORJA,21 CALLE 13-17,24762428,DINIZ ORALIA MORALES MUÑOZ,,BASICO,PRIVADO,URBANA,CERRADA TEMPORALMENTE,MONOLINGUE,MATUTINA,DIARIO(REGULAR),GUATEMALA SUR
00-11-8911-42,01-209,CIUDAD CAPITAL,ZONA 11,CENTRO ESCOLAR CAMPOALEGRE,"35 CALLE Y 12 AVENIDA FINAL , COLONIA LAS CHARCAS",23634051,MIRIAM DEL CARMEN OROZCO HERNANDEZ,,PARVULOS,PRIVADO,URBANA,CERRADA DEFINITIVAMENTE,MONOLINGUE,MATUTINA,DIARIO(REGULAR),GUATEMALA SUR
00-11-8914-45,01-630,CIUDAD CAPITAL,ZONA 11,COLEGIO INTEGRAL GUATEMALTECO S.A (CIGSSA),13 CALLE 5-06 COLONIA EL PROGRESO,24722702,LUZ ANTONIA POCON CARRILLO,,BASICO,PRIVADO,URBANA,CERRADA TEMPORALMENTE,MONOLINGUE,DOBLE,FIN DE SEMANA,GUATEMALA SUR
00-11-8915-46,01-630,CIUDAD CAPITAL,ZONA 11,"COLEGIO INTEGRAL GUATEMALTECO, S.A. (CIGSSA)",13 CALLE 5-06 COLONIA EL PROGRESO,24722702,LUZ ANTONIA POCON CARRILLO,MARIA DEL ROSARIO LOPEZ ESCOBAR,DIVERSIFICADO,PRIVADO,URBANA,CERRADA TEMPORALMENTE,MONOLINGUE,DOBLE,FIN DE SEMANA,GUATEMALA SUR
00-11-9041-42,01-218,CIUDAD CAPITAL,ZONA 11,COLEGIO PEQUEQOS NIQOS,5A. CALLE 34-73 UTATLAN II,24347397,BENIGNO ISAIAS DE LEON OROZCO,,PARVULOS,PRIVADO,URBANA,CERRADA TEMPORALMENTE,MONOLINGUE,MATUTINA,DIARIO(REGULAR),GUATEMALA SUR
00-11-9051-42,01-218,CIUDAD CAPITAL,ZONA 11,LICEO MIXTO 'ATENAS',"13 AVENIDA 9-22, COLONIA ROOSEVELTH",24755483,BENIGNO ISAIAS DE LEON OROZCO,,PARVULOS,PRIVADO,URBANA,CERRADA DEFINITIVAMENTE,MONOLINGUE,MATUTINA,DIARIO(REGULAR),GUATEMALA SUR
00-11-9052-43,01-635,CIUDAD CAPITAL,ZONA 11,LICEO MIXTO 'ATENAS',"13 AVENIDA 9-22, COLONIA ROOSEVELTH",24755483,NATALY FABIOLA SOTO ESPAÑA DE TURCIOS,-----,PRIMARIA,PRIVADO,URBANA,ABIERTA,MONOLINGUE,MATUTINA,DIARIO(REGULAR),GUATEMALA SUR
00-11-9080-46,01-209,CIUDAD CAPITAL,ZONA 11,CENTRO EDUCATIVO MUNDO VERDE,"8A. AVENIDA 34-34, COLONIA LAS CHARCAS",24770072,MIRIAM DEL CARMEN OROZCO HERNANDEZ,,DIVERSIFICADO,PRIVADO,URBANA,CERRADA TEMPORALMENTE,MONOLINGUE,MATUTINA,DIARIO(REGULAR),GUATEMALA SUR
00-11-9163-42,01-619,CIUDAD CAPITAL,ZONA 11,COLEGIO DANIEL DEFOE,19 AV. 6-64,24755002,JUAN WALDEMAR CABRERA MENDEZ,,PARVULOS,PRIVADO,URBANA,CERRADA TEMPORALMENTE,MONOLINGUE,MATUTINA,DIARIO(REGULAR),GUATEMALA SUR
00-11-9164-45,01-619,CIUDAD CAPITAL,ZONA 11,COLEGIO DANIEL DEFOE,19 AV. 6-64,24720186,JUAN WALDEMAR CABRERA MENDEZ,,BASICO,PRIVADO,URBANA,CERRADA TEMPORALMENTE,MONOLINGUE,MATUTINA,DIARIO(REGULAR),GUATEMALA SUR
00-11-9205-45,01-209,CIUDAD CAPITAL,ZONA 11,COLEGIO BENTHAM,14 CALLE 6-65,24731901,MIRIAM DEL CARMEN OROZCO HERNANDEZ,,BASICO,PRIVADO,URBANA,CERRADA TEMPORALMENTE,MONOLINGUE,MATUTINA,DIARIO(REGULAR),GUATEMALA SUR
00-11-9209-42,01-209,CIUDAD CAPITAL,ZONA 11,COLEGIO TECNOLOGICO AMERICANO,"39 CALLE 10-91, LAS CHARCAS",24764442,MIRIAM DEL CARMEN OROZCO HERNANDEZ,,PARVULOS,PRIVADO,URBANA,CERRADA DEFINITIVAMENTE,MONOLINGUE,MATUTINA,DIARIO(REGULAR),GUATEMALA SUR
00-11-9210-43,01-209,CIUDAD CAPITAL,ZONA 11,COLEGIO TECNOLOGICO AMERICANO,"39 CALLE 10-91, LAS CHARCAS",24764442,MIRIAM DEL CARMEN OROZCO HERNANDEZ,,PRIMARIA,PRIVADO,URBANA,CERRADA DEFINITIVAMENTE,MONOLINGUE,MATUTINA,DIARIO(REGULAR),GUATEMALA SUR
00-11-9211-46,01-210,CIUDAD CAPITAL,ZONA 11,COLEGIO AMERICANO PREUNIVERSITARIO,"39 CALLE 10-91, LAS CHARCAS",4764442/43/38/30,DINIZ ORALIA MORALES MUÑOZ,,DIVERSIFICADO,PRIVADO,URBANA,CERRADA TEMPORALMENTE,MONOLINGUE,MATUTINA,DIARIO(REGULAR),GUATEMALA SUR
00-11-9296-43,01-99-0151,CIUDAD CAPITAL,ZONA 11,CENTRO EDUCATIVO MIXTO  EL CAMINO DEL SEÑOR,"0 AVENIDA A, 49-99 COLONIA CASTAÑAS",54718838,MARÍA EUGENIA LOBOS ELÍAS,SANDRA ELIZABETH ALVARADO LAU,PRIMARIA,PRIVADO,URBANA,ABIERTA,MONOLINGUE,MATUTINA,DIARIO(REGULAR),GUATEMALA SUR
00-11-9305-45,01-209,CIUDAD CAPITAL,ZONA 11,COLEGIO TECNOLOGICO AMERICANO,"39 CALLE 10-91, COLONIA LAS CHARCAS",24764442/43/38/30,MIRIAM DEL CARMEN OROZCO HERNANDEZ,,BASICO,PRIVADO,URBANA,CERRADA DEFINITIVAMENTE,MONOLINGUE,MATUTINA,DIARIO(REGULAR),GUATEMALA SUR
00-11-9306-46,01-209,CIUDAD CAPITAL,ZONA 11,COLEGIO TECNOLOGICO AMERICANO,"39 CALLE 10-91, COLONIA LAS CHARCAS",24764442,MIRIAM DEL CARMEN OROZCO HERNANDEZ,MARIA ELENA CEBALLOS GUTIERREZ DE RODRIGUEZ,DIVERSIFICADO,PRIVADO,URBANA,CERRADA DEFINITIVAMENTE,MONOLINGUE,MATUTINA,DIARIO(REGULAR),GUATEMALA SUR
00-11-9320-42,01-01-0148,CIUDAD CAPITAL,ZONA 11,COLEGIO PREESCOLAR 'EL RECREO',"10A. AVENIDA 30-81, COLONIA LAS CHARCAS",24765757,DINIZ ORALIA MORALES MUÑOZ,MARTA JULIA GALINDO LÓPEZ,PARVULOS,PRIVADO,URBANA,ABIERTA,MONOLINGUE,MATUTINA,DIARIO(REGULAR),GUATEMALA SUR
00-11-9330-42,01-209,CIUDAD CAPITAL,ZONA 11,COLEGIO PEQUEÑOS GIGANTES,AVENIDA MARISCAL 17-56,24727426,MIRIAM DEL CARMEN OROZCO HERNANDEZ,,PARVULOS,PRIVADO,URBANA,CERRADA TEMPORALMENTE,MONOLINGUE,MATUTINA,DIARIO(REGULAR),GUATEMALA SUR
00-11-9371-42,01-219,CIUDAD CAPITAL,ZONA 11,COLEGIO CONSTELACION INFANTIL,13 AV. 12-22 COLONIA ROOSEVELT,24787505,DAVID SALOMON MEJIA SAMAYOA,,PARVULOS,PRIVADO,URBANA,CERRADA TEMPORALMENTE,MONOLINGUE,MATUTINA,DIARIO(REGULAR),GUATEMALA SUR
00-11-9372-43,01-219,CIUDAD CAPITAL,ZONA 11,COLEGIO MIXTO CONSTELACION INFANTIL,13 AV. 12-22 ZONA 11 ROOSVELTH,24787505,DAVID SALOMON MEJIA SAMAYOA,,PRIMARIA,PRIVADO,URBANA,CERRADA TEMPORALMENTE,MONOLINGUE,MATUTINA,DIARIO(REGULAR),GUATEMALA SUR
00-11-9376-42,01-01-0148,CIUDAD CAPITAL,ZONA 11,EODP ANEXA A EOUN NO. 1 'JOSE FELIPE FLORES',21 CALLE 7-09 COLONIA MARISCAL,24760800,DINIZ ORALIA MORALES MUÑOZ,RAISA NINETH PALALA MARTÍNEZ,PARVULOS,OFICIAL,URBANA,ABIERTA,MONOLINGUE,MATUTINA,DIARIO(REGULAR),GUATEMALA SUR
00-11-9385-43,01-209,CIUDAD CAPITAL,ZONA 11,CENTRO INTEGRAL PSICO-EDUCATIVO (CIPE),32 CALLE 15-84 LAS CHARCAS,2477-0053,MIRIAM DEL CARMEN OROZCO HERNANDEZ,,PRIMARIA,PRIVADO,URBANA,CERRADA TEMPORALMENTE,MONOLINGUE,MATUTINA,DIARIO(REGULAR),GUATEMALA SUR
00-11-9414-42,01-210,CIUDAD CAPITAL,ZONA 11,COLEGIO C & C COMPUTACION,"17 CALLE 'B' 14-68, COLONIA GRANAI",24731803,DINIZ ORALIA MORALES MUÑOZ,,PARVULOS,PRIVADO,URBANA,CERRADA TEMPORALMENTE,MONOLINGUE,MATUTINA,DIARIO(REGULAR),GUATEMALA SUR
00-11-9415-43,01-210,CIUDAD CAPITAL,ZONA 11,COLEGIO C & C COMPUTACION,"17 CALLE 'B' 14-68, COLONIA GRANAI IV",,DINIZ ORALIA MORALES MUÑOZ,,PRIMARIA,PRIVADO,URBANA,CERRADA TEMPORALMENTE,MONOLINGUE,MATUTINA,DIARIO(REGULAR),GUATEMALA SUR
00-11-9416-45,01-210,CIUDAD CAPITAL,ZONA 11,COLEGIO C & C COMPUTACION,"17 CALLE 'B' 14-68, COLONIA GRANAI IV",,DINIZ ORALIA MORALES MUÑOZ,,BASICO,PRIVADO,URBANA,CERRADA TEMPORALMENTE,MONOLINGUE,MATUTINA,DIARIO(REGULAR),GUATEMALA SUR
00-11-9424-42,01-218,CIUDAD CAPITAL,ZONA 11,CENTRO ESCOLAR 'ALTAMIRA',"5A. CALLE 33-66, COLONIA UTATLAN II",24501085,BENIGNO ISAIAS DE LEON OROZCO,,PARVULOS,PRIVADO,URBANA,CERRADA DEFINITIVAMENTE,MONOLINGUE,MATUTINA,DIARIO(REGULAR),GUATEMALA SUR
00-11-9432-42,01-209,CIUDAD CAPITAL,ZONA 11,COLEGIO PEQUENITOS LAS CHARCAS,"10 AVENIDA 33-02, COLONIA LAS CHARCAS",,MIRIAM DEL CARMEN OROZCO HERNANDEZ,,PARVULOS,PRIVADO,URBANA,CERRADA DEFINITIVAMENTE,MONOLINGUE,MATUTINA,DIARIO(REGULAR),GUATEMALA SUR
00-11-9446-42,01-218,CIUDAD CAPITAL,ZONA 11,COLEGIO CIENCIA Y CONOCIMIENTO,9A. CALLE A 12-10 COLONIA ROOSEVELT,24404469,BENIGNO ISAIAS DE LEON OROZCO,,PARVULOS,PRIVADO,URBANA,CERRADA TEMPORALMENTE,MONOLINGUE,MATUTINA,DIARIO(REGULAR),GUATEMALA SUR
00-11-9447-43,01-218,CIUDAD CAPITAL,ZONA 11,COLEGIO CIENCIA Y CONOCIMIENTO,9A. CALLE A 12-10 COLONIA ROOSEVELT,24404469,BENIGNO ISAIAS DE LEON OROZCO,,PRIMARIA,PRIVADO,URBANA,CERRADA TEMPORALMENTE,MONOLINGUE,MATUTINA,DIARIO(REGULAR),GUATEMALA SUR
00-11-9517-42,01-01-0149,CIUDAD CAPITAL,ZONA 11,COLEGIO SEMILLA DEL SABER,4TA. CALLE 11-59 ZONA 11 COLONIA ROOSEVELT,54574796,MIRIAM DEL CARMEN OROZCO HERNÁNDEZ,CARLOS ENRIQUE REYNOSO ALVARADO,PARVULOS,PRIVADO,URBANA,ABIERTA,MONOLINGUE,MATUTINA,DIARIO(REGULAR),GUATEMALA SUR
00-11-9519-43,01-01-0149,CIUDAD CAPITAL,ZONA 11,COLEGIO SEMILLA DEL SABER,4TA. CALLE 11-59 ZONA 11 COLONIA ROOSEVELT,54574796,MIRIAM DEL CARMEN OROZCO HERNÁNDEZ,CARLOS ENRIQUE REYNOSO ALVARADO,PRIMARIA,PRIVADO,URBANA,ABIERTA,MONOLINGUE,MATUTINA,DIARIO(REGULAR),GUATEMALA SUR
00-11-9521-42,01-209,CIUDAD CAPITAL,ZONA 11,CENTRO EDUCATIVO MIXTO JESUS NUESTRO MAESTRO,51 CALLE 1-39 COLONIA CASTAÑAS,24792029,MIRIAM DEL CARMEN OROZCO HERNANDEZ,,PARVULOS,PRIVADO,URBANA,CERRADA TEMPORALMENTE,MONOLINGUE,MATUTINA,DIARIO(REGULAR),GUATEMALA SUR
00-11-9570-42,01-209,CIUDAD CAPITAL,ZONA 11,COLEGIO BILINGUE CUMBRE DEL REINO (KINGDOM PEAK),18 CALLE 09-68,24733795,MIRIAM DEL CARMEN OROZCO HERNANDEZ,CLAUDIA REGINA RUIZ ESCOBAR,PARVULOS,PRIVADO,URBANA,ABIERTA,MONOLINGUE,MATUTINA,DIARIO(REGULAR),GUATEMALA SUR
00-11-9573-46,01-209,CIUDAD CAPITAL,ZONA 11,COLEGIO ITALIANO DE GUATEMALA,CALZADA ROOSEVELT NO. 35-83,24394784,MIRIAM DEL CARMEN OROZCO HERNANDEZ,CARLOS ERNESTO OCHOA SALGUERO,DIVERSIFICADO,PRIVADO,URBANA,CERRADA TEMPORALMENTE,MONOLINGUE,MATUTINA,FIN DE SEMANA,GUATEMALA SUR
00-11-9605-43,01-209,CIUDAD CAPITAL,ZONA 11,COLEGIO MULTICULTURAL CONTEMPORANEO,10A. AVENIDA 'A' 30-35 LAS CHARCAS,24424210,MIRIAM DEL CARMEN OROZCO HERNANDEZ,,PRIMARIA,PRIVADO,URBANA,CERRADA TEMPORALMENTE,MONOLINGUE,MATUTINA,DIARIO(REGULAR),GUATEMALA SUR
00-11-9611-42,01-01-0148,CIUDAD CAPITAL,ZONA 11,EODP ANEXA A EOUN NO.54 EUFEMIA CORDOVA,8A. AVENIDA 25-40,24422073,DINIZ ORALIA MORALES MUÑOZ,AURA MARINA SALAZAR JIMÉNEZ,PARVULOS,OFICIAL,URBANA,ABIERTA,MONOLINGUE,MATUTINA,DIARIO(REGULAR),GUATEMALA SUR
00-11-9620-43,01-01-0149,CIUDAD CAPITAL,ZONA 11,"INSTITUTO PARTICULAR MIXTO NOCTURNO ""LIC. EMILIO ARENALES CATALÁN""",2A. AVENIDA 4-21 COLONIA EL PROGRESO,53024916,MIRIAM DEL CARMEN OROZCO HERNÁNDEZ,ROZANA EDITH VILLAGRÁN CHACON,PRIMARIA,PRIVADO,URBANA,ABIERTA,MONOLINGUE,MATUTINA,DIARIO(REGULAR),GUATEMALA SUR
00-11-9621-43,01-218,CIUDAD CAPITAL,ZONA 11,INSTITUTO PARTICULAR MIXTO DIURNO Y NOCTURNO 'LIC. EMILIO ARENALES CATALAN',2A. AVENIDA 4-21 COLONIA EL PROGRESO,24723222,BENIGNO ISAIAS DE LEON OROZCO,,PRIMARIA,PRIVADO,URBANA,CERRADA TEMPORALMENTE,MONOLINGUE,VESPERTINA,DIARIO(REGULAR),GUATEMALA SUR
00-11-9633-46,01-01-0149,CIUDAD CAPITAL,ZONA 11,COLEGIO ITALIANO DE GUATEMALA,CALZADA ROOSEVELT 35-83,24394784,MIRIAM DEL CARMEN OROZCO HERNÁNDEZ,ALFREDO VLADIMIR TOLEDO TÜRK,DIVERSIFICADO,PRIVADO,URBANA,ABIERTA,MONOLINGUE,DOBLE,DIARIO(REGULAR),GUATEMALA SUR
00-11-9660-45,01-01-0149,CIUDAD CAPITAL,ZONA 11,COLEGIO  SEMILLA DEL SABER,4TA. CALLE 11-59 ZONA 11 COLONIA ROOSEVELT,54574796,MIRIAM DEL CARMEN OROZCO HERNÁNDEZ,LILIAN LIZETH ORELLANA SANDOVAL,BASICO,PRIVADO,URBANA,ABIERTA,MONOLINGUE,MATUTINA,DIARIO(REGULAR),GUATEMALA SUR
00-11-9683-42,01-209,CIUDAD CAPITAL,ZONA 11,JARDIN INFANTIL PEQUEÑAS ABEJITAS,2A. AVENIDA 51-48 COLONIA CASTAÑAS,24774026,MIRIAM DEL CARMEN OROZCO HERNANDEZ,INGRID GABRIELA DIAZ GALINDO,PARVULOS,PRIVADO,URBANA,ABIERTA,MONOLINGUE,MATUTINA,DIARIO(REGULAR),GUATEMALA SUR
00-11-9740-43,01-218,CIUDAD CAPITAL,ZONA 11,CENTRO ESCOLAR ALTAMIRA,5A. CALLE 33-66 COLONIA UTATLAN II,24347673,BENIGNO ISAIAS DE LEON OROZCO,,PRIMARIA,PRIVADO,URBANA,CERRADA DEFINITIVAMENTE,MONOLINGUE,MATUTINA,DIARIO(REGULAR),GUATEMALA SUR
00-11-9743-43,01-209,CIUDAD CAPITAL,ZONA 11,COLEGIO KINDERGARTEN GENESIS CENTRO EDUCATIVO LA FAMILIA,"21 CALLE 5-55, COLONIA MARISCAL",24763619,MIRIAM DEL CARMEN OROZCO HERNANDEZ,,PRIMARIA,PRIVADO,URBANA,CERRADA DEFINITIVAMENTE,MONOLINGUE,MATUTINA,DIARIO(REGULAR),GUATEMALA SUR
00-11-9764-42,01-209,CIUDAD CAPITAL,ZONA 11,COLEGIO AMIGUITOS,10A. AVENIDA 33-02 LAS CHARCAS,24762740,MIRIAM DEL CARMEN OROZCO HERNANDEZ,,PARVULOS,PRIVADO,URBANA,CERRADA TEMPORALMENTE,MONOLINGUE,MATUTINA,DIARIO(REGULAR),GUATEMALA SUR
00-11-9787-43,01-209,CIUDAD CAPITAL,ZONA 11,COLEGIO PEQUEÑOS GIGANTES,AVENIDA MARISCAL 17-56,24727426,MIRIAM DEL CARMEN OROZCO HERNANDEZ,,PRIMARIA,PRIVADO,URBANA,CERRADA TEMPORALMENTE,MONOLINGUE,MATUTINA,DIARIO(REGULAR),GUATEMALA SUR
00-11-9799-46,99-001,CIUDAD CAPITAL,ZONA 11,COLEGIO MIXTO DIURNO 'FRANKLIN DELANO ROOSEVELT',,,SILVIA EUGENIA VALDEZ MONTERROSO DE CARBALLO,,DIVERSIFICADO,PRIVADO,URBANA,TEMPORAL TITULOS,MONOLINGUE,MATUTINA,DIARIO(REGULAR),GUATEMALA SUR
00-11-9828-46,99-001,CIUDAD CAPITAL,ZONA 11,CENTRO EDUCACIONAL DE ESTUDIOS ECONOMICO-ADMINISTRATIVOS,,,SILVIA EUGENIA VALDEZ MONTERROSO DE CARBALLO,,DIVERSIFICADO,PRIVADO,URBANA,TEMPORAL TITULOS,MONOLINGUE,MATUTINA,DIARIO(REGULAR),GUATEMALA SUR
00-11-9833-46,01-209,CIUDAD CAPITAL,ZONA 11,COLEGIO BENTHAM,33 CALLE 9-29,24731901,MIRIAM DEL CARMEN OROZCO HERNANDEZ,,DIVERSIFICADO,PRIVADO,URBANA,CERRADA TEMPORALMENTE,MONOLINGUE,MATUTINA,DIARIO(REGULAR),GUATEMALA SUR
00-11-9842-45,01-218,CIUDAD CAPITAL,ZONA 11,LICEO TECNICO VOCACIONAL GALILEI,15 AVENIDA 12-93,24717973,BENIGNO ISAIAS DE LEON OROZCO,,BASICO,PRIVADO,URBANA,CERRADA TEMPORALMENTE,MONOLINGUE,MATUTINA,DIARIO(REGULAR),GUATEMALA SUR
00-11-9843-46,01-218,CIUDAD CAPITAL,ZONA 11,LICEO TECNICO VOCACIONAL GALILEI,15 AVENIDA 12-93,24717973,BENIGNO ISAIAS DE LEON OROZCO,,DIVERSIFICADO,PRIVADO,URBANA,CERRADA TEMPORALMENTE,MONOLINGUE,MATUTINA,DIARIO(REGULAR),GUATEMALA SUR
00-11-9844-46,01-218,CIUDAD CAPITAL,ZONA 11,LICEO TECNICO VOCACIONAL GALILEI,15 AVENIDA 12-93,24717973,BENIGNO ISAIAS DE LEON OROZCO,,DIVERSIFICADO,PRIVADO,URBANA,CERRADA TEMPORALMENTE,MONOLINGUE,DOBLE,DIARIO(REGULAR),GUATEMALA SUR
00-11-9848-42,01-209,CIUDAD CAPITAL,ZONA 11,ESCUELA MIXTA PARA SORDOS 'FRAY PEDRO PONCE DE LEON',14 AVENIDA 15-38,24730912,MIRIAM DEL CARMEN OROZCO HERNANDEZ,NANCY PAOLA SOTO ESQUIT,PARVULOS,PRIVADO,URBANA,CERRADA TEMPORALMENTE,MONOLINGUE,MATUTINA,DIARIO(REGULAR),GUATEMALA SUR
00-12-0001-42,01-221,CIUDAD CAPITAL,ZONA 12,CENTRO EDUCATIVO IMB-PC EN LINEA (IMB-PC ONLINE),20 AVENIDA 6-20 COLONIA MORSE,57026899,ARGELIA DE JESUS ACOSTA SOZA,---,PARVULOS,PRIVADO,URBANA,CERRADA DEFINITIVAMENTE,MONOLINGUE,MATUTINA,DIARIO(REGULAR),GUATEMALA SUR
00-12-0002-43,01-221,CIUDAD CAPITAL,ZONA 12,CENTRO EDUCATIVO IMB-PC EN LINEA (IMB-PC ONLINE),20 AVENIDA 6-20 COLONIA MORSE,57026899,ARGELIA DE JESUS ACOSTA SOZA,,PRIMARIA,PRIVADO,URBANA,CERRADA DEFINITIVAMENTE,MONOLINGUE,MATUTINA,DIARIO(REGULAR),GUATEMALA SUR
00-12-0003-45,01-216,CIUDAD CAPITAL,ZONA 12,CENTRO EDUCATIVO IMB-PC EN LINEA (IMB-PC ONLINE),20 AVENIDA 6-20 COLONIA MORSE,,ANNY VICTORIA PERDOMO VILLATORO,---,BASICO,PRIVADO,URBANA,CERRADA DEFINITIVAMENTE,MONOLINGUE,MATUTINA,DIARIO(REGULAR),GUATEMALA SUR
00-12-0004-46,01-216,CIUDAD CAPITAL,ZONA 12,CENTRO EDUCATIVO IMB-PC EN LINEA (IMB-PC ONLINE),20 AVENIDA 6-20,,ANNY VICTORIA PERDOMO VILLATORO,----,DIVERSIFICADO,PRIVADO,URBANA,CERRADA DEFINITIVAMENTE,MONOLINGUE,MATUTINA,DIARIO(REGULAR),GUATEMALA SUR
00-12-0005-46,01-216,CIUDAD CAPITAL,ZONA 12,CENTRO EDUCATIVO IMB-PC EN LINEA (IMB-PC ONLINE),20 AVENIDA 6-20 COLONIA MORSE,,ANNY VICTORIA PERDOMO VILLATORO,---,DIVERSIFICADO,PRIVADO,URBANA,CERRADA DEFINITIVAMENTE,MONOLINGUE,VESPERTINA,DIARIO(REGULAR),GUATEMALA SUR
00-12-0006-45,01-001,CIUDAD CAPITAL,ZONA 12,LICEO MIXTO LA INMACULADA,20 AVENIDA 6-20 COLONIA MORSE,,SANDRA LIZZETH CRUZ IZAGUIRRE,-----,BASICO,PRIVADO,URBANA,CERRADA DEFINITIVAMENTE,MONOLINGUE,DOBLE,SABATINO,GUATEMALA SUR
00-12-0007-45,01-411,CIUDAD CAPITAL,ZONA 12,CENTRO EDUCATIVO IMB-PC EN LINEA (IMB-PC ONLINE),20 AVE. 6-20 COLONIA MORSE,,JUAN ENRIQUE MARTINEZ SOLANO,-----,BASICO,PRIVADO,URBANA,CERRADA TEMPORALMENTE,MONOLINGUE,DOBLE,A DISTANCIA,GUATEMALA SUR
00-12-0008-46,01-411,CIUDAD CAPITAL,ZONA 12,CENTRO EDUCATIVO IMB-PC EN LINEA (IMB-PC ONLINE),20 AVE. 6-20 COLONIA MORSE,,JUAN ENRIQUE MARTINEZ SOLANO,---,DIVERSIFICADO,PRIVADO,URBANA,CERRADA TEMPORALMENTE,MONOLINGUE,DOBLE,A DISTANCIA,GUATEMALA SUR
00-12-0009-44,01-411,CIUDAD CAPITAL,ZONA 12,CENTRO EDUCATIVO IMB-PC EN LINEA (IMB-PC ONLINE),20 AVE. 6-20 COLONIA MORSE,,JUAN ENRIQUE MARTINEZ SOLANO,-----,PRIMARIA DE ADULTOS,PRIVADO,URBANA,CERRADA TEMPORALMENTE,MONOLINGUE,DOBLE,FIN DE SEMANA,GUATEMALA SUR
00-12-0010-46,01-411,CIUDAD CAPITAL,ZONA 12,CENTRO EDUCATIVO IMB-PC EN LINEA (IMB-PC ONLINE),20 AVE. 6-20 COLONIA MORSE,,JUAN ENRIQUE MARTINEZ SOLANO,-----,DIVERSIFICADO,PRIVADO,URBANA,CERRADA TEMPORALMENTE,MONOLINGUE,DOBLE,FIN DE SEMANA,GUATEMALA SUR
00-12-0011-46,01-210,CIUDAD CAPITAL,ZONA 12,"LICEO MIXTO CRISTIANO ""PIAGET""","2A. AVENIDA 4-60, CIUDAD REAL I",24793768,DINIZ ORALIA MORALES MUÑOZ,SILVIA ELIZABETH FLORES HERNANDEZ DE HERRERA,DIVERSIFICADO,PRIVADO,URBANA,CERRADA TEMPORALMENTE,MONOLINGUE,DOBLE,DIARIO(REGULAR),GUATEMALA SUR
00-12-0012-45,01-409,CIUDAD CAPITAL,ZONA 12,"COLEGIO EVANGELICO ""LUMINARES""",16 AVENIDA 12-37,24712775-24405941,IDALIA DEL ROSARIO LOPEZ SANDOVAL DE PAIZ,NANCY ELIZABETH ROJAS HERNANDEZ,BASICO,PRIVADO,URBANA,CERRADA DEFINITIVAMENTE,MONOLINGUE,DOBLE,FIN DE SEMANA,GUATEMALA SUR
00-12-0013-46,01-409,CIUDAD CAPITAL,ZONA 12,"COLEGIO EVANGELICO ""LUMINARES""",16 AVENIDA 12-37,24712775-24405941,IDALIA DEL ROSARIO LOPEZ SANDOVAL DE PAIZ,NANCY ELIZABETH ROJAS HERNANDEZ,DIVERSIFICADO,PRIVADO,URBANA,CERRADA DEFINITIVAMENTE,MONOLINGUE,DOBLE,FIN DE SEMANA,GUATEMALA SUR
00-12-0014-45,01-01-0150,CIUDAD CAPITAL,ZONA 12,INEB,2DA. AVENIDA 18-12 COLONIA MILLES ROCK,24745329,VICTORIA ENCARNACIÓN CASTRO CASTELLANOS,JONATHAN ORLANDO FIGUEROA CHACÒN,BASICO,OFICIAL,URBANA,ABIERTA,MONOLINGUE,VESPERTINA,DIARIO(REGULAR),GUATEMALA SUR
00-12-0015-45,01-208,CIUDAD CAPITAL,ZONA 12,INEB,"16 AVE. ""A"" 12-95, COLONIA NIMAJUYU I",,LILIAN NINETH TEOS REYES,---,BASICO,OFICIAL,URBANA,CERRADA DEFINITIVAMENTE,MONOLINGUE,NOCTURNA,DIARIO(REGULAR),GUATEMALA SUR
00-12-0016-45,01-99-0157,CIUDAD CAPITAL,ZONA 12,INEB,COLONIA GUAJITOS,43464513,LILIAN NINETH TEOS REYES,KEVIN ALEXANDER SANCHEZ VALDEZ,BASICO,OFICIAL,URBANA,ABIERTA,MONOLINGUE,VESPERTINA,DIARIO(REGULAR),GUATEMALA SUR
00-12-0017-43,01-201,CIUDAD CAPITAL,ZONA 12,EOUM EUREKA,ZONA 12,,GLADYS JHOANA SALGUERO CARBALLO,---,PRIMARIA,OFICIAL,URBANA,CERRADA DEFINITIVAMENTE,MONOLINGUE,VESPERTINA,DIARIO(REGULAR),GUATEMALA SUR
00-12-0018-42,01-201,CIUDAD CAPITAL,ZONA 12,EODP,EOUM NO. 67 LIC. RICARDO CASTAÑEDA PAGANINI,,GLADYS JHOANA SALGUERO CARBALLO,---,PARVULOS,OFICIAL,URBANA,CERRADA DEFINITIVAMENTE,MONOLINGUE,VESPERTINA,DIARIO(REGULAR),GUATEMALA SUR
00-12-0019-42,01-01-0150,CIUDAD CAPITAL,ZONA 12,EODP,"ANEXA A ESCUELA DE VARONES, TIPO FEDERACION, JOSE JOAQUIN PALMA",41521075,VICTORIA ENCARNACIÓN CASTRO CASTELLANOS,JASMIN LIMAIRY PINEDA SALAZAR,PARVULOS,OFICIAL,URBANA,ABIERTA,MONOLINGUE,VESPERTINA,DIARIO(REGULAR),GUATEMALA SUR
00-12-0020-42,01-01-0150,CIUDAD CAPITAL,ZONA 12,EODP ESCUELA OFICIAL DE PARVULOS ANEXA A EOUM TIPO FEDERACION JOSE JOAQUIN PALMA,"ESCUELA TIPO FEDERACION, JOSE JOAQUIN PALMA",24454251,VICTORIA ENCARNACIÓN CASTRO CASTELLANOS,BETSY LORENA MEDINA DONADO,PARVULOS,OFICIAL,URBANA,ABIERTA,MONOLINGUE,MATUTINA,DIARIO(REGULAR),GUATEMALA SUR
00-12-0021-42,01-01-0150,CIUDAD CAPITAL,ZONA 12,EODP,46A. CALLE AVENIDA PETAPA,,VICTORIA ENCARNACIÓN CASTRO CASTELLANOS,YANELI EDITH PIRIR BOLAÑOS,PARVULOS,OFICIAL,URBANA,ABIERTA,MONOLINGUE,VESPERTINA,DIARIO(REGULAR),GUATEMALA SUR
00-12-0022-42,01-201,CIUDAD CAPITAL,ZONA 12,EODP,ESCUELA NO. 67 LICENCIADO RICARDO CASTAÑEDA PAGANINI,,GLADYS JHOANA SALGUERO CARBALLO,---,PARVULOS,OFICIAL,RURAL,CERRADA DEFINITIVAMENTE,MONOLINGUE,VESPERTINA,DIARIO(REGULAR),GUATEMALA SUR
00-12-0023-42,01-99-0152,CIUDAD CAPITAL,ZONA 12,EODP,"6 CALLE 3-48, CIUDAD REAL",41512607,CLAUDIA ILEANA CRUZ SOLARES,JAQUELIN SUSET ALVAREZ GARCÍA,PARVULOS,OFICIAL,RURAL,ABIERTA,MONOLINGUE,VESPERTINA,DIARIO(REGULAR),GUATEMALA SUR
00-12-0024-46,01-211,CIUDAD CAPITAL,ZONA 12,"COLEGIO EVANGELICO ""LUMINARES""",16 AVENIDA 12-37,24712775,ADRIANA FABIOLA BOLAÑOS ESTRADA,NANCY ELIZABETH ROJAS HERNANDEZ,DIVERSIFICADO,PRIVADO,URBANA,CERRADA DEFINITIVAMENTE,MONOLINGUE,MATUTINA,DIARIO(REGULAR),GUATEMALA SUR
00-12-0025-45,01-99-0151,CIUDAD CAPITAL,ZONA 12,COLEGIO MAHANAIM C.E.F.E.A.,"12 AVENIDA 27-61, COLONIA LA REFORMITA",55772994,MARÍA EUGENIA LOBOS ELÍAS,BERTA ESTELA SAGASTUME MONROY,BASICO,PRIVADO,URBANA,ABIERTA,MONOLINGUE,MATUTINA,DIARIO(REGULAR),GUATEMALA SUR
00-12-0026-45,01-99-0156,CIUDAD CAPITAL,ZONA 12,COLEGIO EL MUNDO DE LOS NIÑOS (KIDS WORLD),"24 AVENIDA, LOTE NUMERO 24 Y 24, AVENIDA ""A"", LOTE 50 Y 51, COLONIA MORSE",24776961,NATALY FABIOLA SOTO ESPAÑA,MARYSOL  MEDINA LEMUS,BASICO,PRIVADO,URBANA,ABIERTA,MONOLINGUE,MATUTINA,DIARIO(REGULAR),GUATEMALA SUR
00-12-0027-46,01-211,CIUDAD CAPITAL,ZONA 12,CENTRO EDUCATIVO VERAPAZ,"2A. AVENIDA 34-26, COLONIA EL CARMEN",24422243,ADRIANA FABIOLA BOLAÑOS ESTRADA,GUSTAVO ADOLFO RECINOS,DIVERSIFICADO,PRIVADO,URBANA,CERRADA TEMPORALMENTE,MONOLINGUE,MATUTINA,DIARIO(REGULAR),GUATEMALA SUR
00-12-0028-43,01-01-0150,CIUDAD CAPITAL,ZONA 12,LICEO EDUCATIVO MAYA ' B,"4AV. 15-08, COLONIA LA REFORMITA",24727170,VICTORIA ENCARNACIÓN CASTRO CASTELLANOS,GLADYS ELIZABETH CHIROY MORALES,PRIMARIA,PRIVADO,URBANA,ABIERTA,MONOLINGUE,MATUTINA,DIARIO(REGULAR),GUATEMALA SUR
00-12-0029-42,01-01-0150,CIUDAD CAPITAL,ZONA 12,LICEO EDUCATIVO MAYA ' B,"4AV. 15-08, COLONIA LA REFORMITA",24727170,VICTORIA ENCARNACIÓN CASTRO CASTELLANOS,ANA GUMERCINDA PÉREZ CANTÉ,PARVULOS,PRIVADO,URBANA,ABIERTA,MONOLINGUE,MATUTINA,DIARIO(REGULAR),GUATEMALA SUR
00-12-0030-45,01-01-0150,CIUDAD CAPITAL,ZONA 12,LICEO EDUCATIVO MAYA ' B,"4AV. 15-08, COLONIA LA REFORMITA",24727170,VICTORIA ENCARNACIÓN CASTRO CASTELLANOS,XIOMARA SUCELY GARCIA OLIVAREZ,BASICO,PRIVADO,URBANA,ABIERTA,MONOLINGUE,VESPERTINA,DIARIO(REGULAR),GUATEMALA SUR
00-12-0031-46,01-01-0150,CIUDAD CAPITAL,ZONA 12,LICEO EDUCATIVO MAYA ' B,"4AV. 15-08, COLONIA LA REFORMITA",24727170,VICTORIA ENCARNACIÓN CASTRO CASTELLANOS,XIOMARA SUCELY GARCIA OLIVAREZ,DIVERSIFICADO,PRIVADO,URBANA,ABIERTA,MONOLINGUE,VESPERTINA,DIARIO(REGULAR),GUATEMALA SUR
00-12-0032-45,01-208,CIUDAD CAPITAL,ZONA 12,LICEO MIXTO TECNICAS INTEGRALES,"9A. CALLE A, 06-80, RESIDENCIALES EUREKA",,LILIAN NINETH TEOS REYES,OSCAR OVIDIO OCHOA ARGUETA,BASICO,PRIVADO,URBANA,CERRADA DEFINITIVAMENTE,MONOLINGUE,MATUTINA,DIARIO(REGULAR),GUATEMALA SUR
00-12-0033-46,01-211,CIUDAD CAPITAL,ZONA 12,COLEGIO MIXTO CIENCIA Y ARTE,8A CALLE 16-30,24715517,ADRIANA FABIOLA BOLAÑOS ESTRADA,---,DIVERSIFICADO,PRIVADO,URBANA,CERRADA DEFINITIVAMENTE,MONOLINGUE,DOBLE,DIARIO(REGULAR),GUATEMALA SUR
00-12-0034-43,01-210,CIUDAD CAPITAL,ZONA 12,LICEO INTEGRAL FUENTE DE JUVENTUD,6A. AVENIDA 0-67 CIUDAD REAL I,47714193,DINIZ ORALIA MORALES MUÑOZ,JULIO ANTONIO GUERRA LÓPEZ,PRIMARIA,PRIVADO,URBANA,ABIERTA,MONOLINGUE,MATUTINA,DIARIO(REGULAR),GUATEMALA SUR
00-12-0035-45,01-210,CIUDAD CAPITAL,ZONA 12,LICEO INTEGRAL FUENTE DE JUVENTUD,6A. AVENIDA 0-67 CIUDAD REAL I,47714193,DINIZ ORALIA MORALES MUÑOZ,LILIAN NINETH RODRÍGUEZ ORTÍZ,BASICO,PRIVADO,URBANA,CERRADA TEMPORALMENTE,MONOLINGUE,MATUTINA,DIARIO(REGULAR),GUATEMALA SUR
00-12-0036-46,01-210,CIUDAD CAPITAL,ZONA 12,LICEO INTEGRAL FUENTE DE JUVENTUD,6A. AVENIDA 0-67 CIUDAD REAL I,55167763,DINIZ ORALIA MORALES MUÑOZ,LILIAN NINETH RODRÍGUEZ ORTÍZ,DIVERSIFICADO,PRIVADO,URBANA,CERRADA TEMPORALMENTE,MONOLINGUE,MATUTINA,DIARIO(REGULAR),GUATEMALA SUR
00-12-0037-46,01-218,CIUDAD CAPITAL,ZONA 12,COLEGIO CRISTIANO AMINADAB,"LOTE 57 Y 58 MANZANA ""B"" SECTOR 2 EL BUCARO, ZONA 12, VILLA NUEVA",35510446,BENIGNO ISAIAS DE LEON OROZCO,RUTH NOEMÍ MORALES BOJORQUES,DIVERSIFICADO,PRIVADO,URBANA,CERRADA TEMPORALMENTE,MONOLINGUE,VESPERTINA,DIARIO(REGULAR),GUATEMALA SUR
00-12-0038-42,01-99-0151,CIUDAD CAPITAL,ZONA 12,EODP ANEXA A EOUM NO.67 LIC. RICARDO CASTAÑEDA PAGANINI,12 AVENIDA 24-01 COLONIA LA REFORMITA ZONA 12,55348457,MARÍA EUGENIA LOBOS ELÍAS,SUSANA  XUYA MORALES,PARVULOS,OFICIAL,URBANA,ABIERTA,MONOLINGUE,VESPERTINA,DIARIO(REGULAR),GUATEMALA SUR
00-12-0039-44,01-407,CIUDAD CAPITAL,ZONA 12,LICEO CANADIENSE SUR,CALZADA AGUILAR BATRES 30-67,23750065,LILIAN YOLANDA RODRIGUEZ PINTO DE CASTRO,ROSEMARY ARMAS CORADO DE MORALES,PRIMARIA DE ADULTOS,PRIVADO,URBANA,ABIERTA,MONOLINGUE,DOBLE,FIN DE SEMANA,GUATEMALA SUR
00-12-0040-46,01-210,CIUDAD CAPITAL,ZONA 12,CENTRO EDUCATIVO CJD,"CALZADA JUSTO RUFINO BARRIOS, 8-06, COLONIA MORSE",24774956,DINIZ ORALIA MORALES MUÑOZ,BLANCA VIRGILIA LAU DUARTE,DIVERSIFICADO,PRIVADO,URBANA,CERRADA TEMPORALMENTE,MONOLINGUE,MATUTINA,DIARIO(REGULAR),GUATEMALA SUR
00-12-0041-43,01-210,CIUDAD CAPITAL,ZONA 12,CENTRO EDUCATIVO CJD,"CALZADA JUSTO RUFINO BARRIOS, 8-06, COLONIA MORSE",24774956,DINIZ ORALIA MORALES MUÑOZ,VILMA AMADA ALPIREZ PEREZ,PRIMARIA,PRIVADO,URBANA,CERRADA TEMPORALMENTE,MONOLINGUE,MATUTINA,DIARIO(REGULAR),GUATEMALA SUR
00-12-0042-42,01-210,CIUDAD CAPITAL,ZONA 12,CENTRO EDUCATIVO CJD,"CALZADA JUSTO RUFINO BARRIOS, 8-06, COLONIA MORSE",24774956,DINIZ ORALIA MORALES MUÑOZ,MARIA ELENA ARMAS CUELLAR DE ABALONI,PARVULOS,PRIVADO,URBANA,CERRADA TEMPORALMENTE,MONOLINGUE,MATUTINA,DIARIO(REGULAR),GUATEMALA SUR
00-12-0043-45,01-210,CIUDAD CAPITAL,ZONA 12,CENTRO EDUCATIVO CJD,"CALZADA JUSTO RUFINO BARRIOS, 8-06, COLONIA MORSE",24774956,DINIZ ORALIA MORALES MUÑOZ,BLANCA VIRGILIA LAU DUARTE,BASICO,PRIVADO,URBANA,CERRADA TEMPORALMENTE,MONOLINGUE,MATUTINA,DIARIO(REGULAR),GUATEMALA SUR
00-12-0044-46,01-01-0150,CIUDAD CAPITAL,ZONA 12,COLEGIO DE INFORMATICA IMB-PC NO. 2,AVENIDA PETAPA 30-64,23043211,VICTORIA ENCARNACIÓN CASTRO CASTELLANOS,BRENDA FELICITA BOBADILLA ROCA,DIVERSIFICADO,PRIVADO,URBANA,ABIERTA,MONOLINGUE,DOBLE,DIARIO(REGULAR),GUATEMALA SUR
00-12-0045-44,01-204,CIUDAD CAPITAL,ZONA 12,CENTRO DE EDUCACION EXTRAESCOLAR -PEAC-,44 CALLE 17-49,41547856,ALFREDO NOHELI TEMAJ MORALES,DANIEL ELISEO ALVAREZ,PRIMARIA DE ADULTOS,OFICIAL,URBANA,CERRADA DEFINITIVAMENTE,MONOLINGUE,DOBLE,A DISTANCIA,GUATEMALA SUR
00-12-0046-44,01-317,CIUDAD CAPITAL,ZONA 12,CENTRO DE EDUCACION EXTRAESCOLAR -PEAC-,44 CALLE 17-49,41547856,MARIANO DOMINGO ESTRADA TELETOR,DANIEL ELISEO ALVAREZ,PRIMARIA DE ADULTOS,OFICIAL,URBANA,CERRADA DEFINITIVAMENTE,MONOLINGUE,DOBLE,DIARIO(REGULAR),GUATEMALA SUR
00-12-0047-44,01-640,CIUDAD CAPITAL,ZONA 12,CENTRO DE EDUCACION EXTRAESCOLAR -PEAC-,44 CALLE 17-49,41547856,ELISEO DANIEL ALVAREZ NATARENO,LUIS ALFREDO ROJAS ROJAS,PRIMARIA DE ADULTOS,OFICIAL,URBANA,ABIERTA,MONOLINGUE,DOBLE,FIN DE SEMANA,GUATEMALA SUR
00-12-0048-46,01-01-0150,CIUDAD CAPITAL,ZONA 12,LICEO CANADIENSE SOCIEDAD ANONIMA,"DIAGONAL 19, AVENIDA PETAPA, 40-54",55154365,VICTORIA ENCARNACIÓN CASTRO CASTELLANOS,ROSAURA  GUDIEL ROSALES,DIVERSIFICADO,PRIVADO,URBANA,ABIERTA,MONOLINGUE,MATUTINA,DIARIO(REGULAR),GUATEMALA SUR
00-12-0049-46,01-01-0150,CIUDAD CAPITAL,ZONA 12,LICEO CANADIENSE SOCIEDAD ANONIMA,"DIAGONAL 19, AVENIDA PETAPA, 40-54",55154365,VICTORIA ENCARNACIÓN CASTRO CASTELLANOS,ROSAURA  GUDIEL ROSALES,DIVERSIFICADO,PRIVADO,URBANA,ABIERTA,MONOLINGUE,VESPERTINA,DIARIO(REGULAR),GUATEMALA SUR
00-12-0050-45,01-99-0154,CIUDAD CAPITAL,ZONA 12,LICEO CANADIENSE SOCIEDAD ANONIMA,"DIAGONAL 19, AVENIDA PETAPA, 40-54",23750070,BYRON FERNANDO BÁMACA DE LA CRUZ,ROSAURA  GUDIEL ROSALES,BASICO,PRIVADO,URBANA,ABIERTA,MONOLINGUE,DOBLE,FIN DE SEMANA,GUATEMALA SUR
00-12-0051-46,01-99-0154,CIUDAD CAPITAL,ZONA 12,LICEO CANADIENSE SOCIEDAD ANONIMA,"DIAGONAL 19, AVENIDA PETAPA, 40-54",23750070,BYRON FERNANDO BÁMACA DE LA CRUZ,ROSAURA  GUDIEL ROSALES,DIVERSIFICADO,PRIVADO,URBANA,ABIERTA,MONOLINGUE,DOBLE,FIN DE SEMANA,GUATEMALA SUR
00-12-0052-46,01-99-0154,CIUDAD CAPITAL,ZONA 12,LICEO CANADIENSE SOCIEDAD ANONIMA,"DIAGONAL 19, AVENIDA PETAPA, 40-54",55154365,BYRON FERNANDO BÁMACA DE LA CRUZ,ROSAURA  GUDIEL ROSALES,DIVERSIFICADO,PRIVADO,URBANA,ABIERTA,MONOLINGUE,DOBLE,FIN DE SEMANA,GUATEMALA SUR
00-12-0053-45,01-01-0150,CIUDAD CAPITAL,ZONA 12,LICEO CANADIENSE SOCIEDAD ANONIMA,"DIAGONAL 19, AVENIDA PETAPA, 40-54",55154365,VICTORIA ENCARNACIÓN CASTRO CASTELLANOS,ROSAURA  GUDIEL ROSALES,BASICO,PRIVADO,URBANA,ABIERTA,MONOLINGUE,MATUTINA,DIARIO(REGULAR),GUATEMALA SUR
00-12-0054-45,01-01-0150,CIUDAD CAPITAL,ZONA 12,LICEO CANADIENSE SOCIEDAD ANONIMA,"DIAGONAL 19, AVENIDA PETAPA, 40-54",55154365,VICTORIA ENCARNACIÓN CASTRO CASTELLANOS,ROSAURA  GUDIEL ROSALES,BASICO,PRIVADO,URBANA,ABIERTA,MONOLINGUE,VESPERTINA,DIARIO(REGULAR),GUATEMALA SUR
00-12-0055-46,01-211,CIUDAD CAPITAL,ZONA 12,LICEO CANADIENSE SOCIEDAD ANONIMA,"DIAGONAL 19, AVENIDA PETAPA, 40-54",23750070,ADRIANA FABIOLA BOLAÑOS ESTRADA,ISABEL CRISTINA BALCAZAR VASQUEZ,DIVERSIFICADO,PRIVADO,URBANA,ABIERTA,MONOLINGUE,MATUTINA,DIARIO(REGULAR),GUATEMALA SUR
00-12-0056-46,01-211,CIUDAD CAPITAL,ZONA 12,LICEO CANADIENSE SOCIEDAD ANONIMA,"DIAGONAL 19, AVENIDA PETAPA, 40-54",23750070,ADRIANA FABIOLA BOLAÑOS ESTRADA,ISABEL CRISTINA BALCAZAR VASQUEZ,DIVERSIFICADO,PRIVADO,URBANA,ABIERTA,MONOLINGUE,VESPERTINA,DIARIO(REGULAR),GUATEMALA SUR
00-12-0057-42,01-210,CIUDAD CAPITAL,ZONA 12,COLEGIO ESCALONES,"47 CALLE A 8-22, COLONIA MONTE MARIA III",24773002,DINIZ ORALIA MORALES MUÑOZ,KARLA  PINEDA,PARVULOS,PRIVADO,URBANA,ABIERTA,MONOLINGUE,MATUTINA,DIARIO(REGULAR),GUATEMALA SUR
00-12-0058-46,01-210,CIUDAD CAPITAL,ZONA 12,COLEGIO PANAMERICANO NO. 3,45 CALLE 19-05 ZONA 12 GUATEMALA,24420778,DINIZ ORALIA MORALES MUÑOZ,LUISA FERNANDA FAJARDO MARMOL,DIVERSIFICADO,PRIVADO,URBANA,ABIERTA,MONOLINGUE,MATUTINA,DIARIO(REGULAR),GUATEMALA SUR
00-12-0059-46,01-211,CIUDAD CAPITAL,ZONA 12,LICEO CANADIENSE SUR,"AGUILAR BATRES, 30-67",23750060,ADRIANA FABIOLA BOLAÑOS ESTRADA,ROSAURA GUDIEL ROSALES,DIVERSIFICADO,PRIVADO,URBANA,CERRADA DEFINITIVAMENTE,MONOLINGUE,DOBLE,DIARIO(REGULAR),GUATEMALA SUR
00-12-0060-46,01-01-0150,CIUDAD CAPITAL,ZONA 12,LICEO CANADIENSE SOCIEDAD ANONIMA,"DIAGONAL 19, AVENIDA PETAPA, 40-54",55154365,VICTORIA ENCARNACIÓN CASTRO CASTELLANOS,ROSAURA  GUDIEL ROSALES,DIVERSIFICADO,PRIVADO,URBANA,ABIERTA,MONOLINGUE,DOBLE,DIARIO(REGULAR),GUATEMALA SUR
00-12-0061-43,01-319,CIUDAD CAPITAL,ZONA 12,CENTRO DE EDUCACION ESPECIAL JEAN PIAGET,14 AVENIDA 10-71,22894102,ROSSY AMARILIS GARCIA TORRES,LUVIA MARIBEL AGUILAR MONTENEGRO,PRIMARIA,PRIVADO,URBANA,CERRADA DEFINITIVAMENTE,MONOLINGUE,VESPERTINA,DIARIO(REGULAR),GUATEMALA SUR
00-12-0062-46,01-210,CIUDAD CAPITAL,ZONA 12,INSTITUTO LA ESCUELA EN SU CASA,"21 AVENIDA 33-58, COLONIA SANTA ELISA",24760053,DINIZ ORALIA MORALES MUÑOZ,FAUSTO CÉSAR BARRIENTOS CANO,DIVERSIFICADO,PRIVADO,URBANA,CERRADA TEMPORALMENTE,MONOLINGUE,MATUTINA,DIARIO(REGULAR),GUATEMALA SUR
00-12-0063-45,01-210,CIUDAD CAPITAL,ZONA 12,INSTITUTO LA ESCUELA EN SU CASA,"21 AVENIDA 33-58, COLONIA SANTA ELISA",24760053,DINIZ ORALIA MORALES MUÑOZ,FAUSTO CÉSAR BARRIENTOS CANO,BASICO,PRIVADO,URBANA,CERRADA TEMPORALMENTE,MONOLINGUE,MATUTINA,DIARIO(REGULAR),GUATEMALA SUR
00-12-0064-46,01-210,CIUDAD CAPITAL,ZONA 12,LICEO NAZARENO,25 AVENIDA 53-64 COLONIA MORSE,54429209,DINIZ ORALIA MORALES MUÑOZ,FRANCISCO REVOLORIO LOPEZ,DIVERSIFICADO,PRIVADO,URBANA,ABIERTA,MONOLINGUE,DOBLE,DIARIO(REGULAR),GUATEMALA SUR
00-12-0065-43,01-99-0155,CIUDAD CAPITAL,ZONA 12,EOUM NO. 456 CANADA,3RA CALLE 2-61 ZONA 12 COLONIA GUAJITOS,24774332,ADILIO RIVERA MELÉNDREZ,MIRIAM JANETH CUX PAZ,PRIMARIA,OFICIAL,URBANA,ABIERTA,MONOLINGUE,VESPERTINA,DIARIO(REGULAR),GUATEMALA SUR
00-12-0066-46,01-641,CIUDAD CAPITAL,ZONA 12,LICEO SIN FRONTERAS,4TA. AV. 11-52 COLONIA LA REFORMITA,36083900,MILTON ALONSO ALVAREZ FUENTES,CARLOS ADOLFO CHOY GUEVARA,DIVERSIFICADO,PRIVADO,URBANA,CERRADA TEMPORALMENTE,MONOLINGUE,DOBLE,FIN DE SEMANA,GUATEMALA SUR
00-12-0067-42,01-210,CIUDAD CAPITAL,ZONA 12,COLEGIO MIS CHIQUITINES,"14 AVENIDA, 05-19",54767405,DINIZ ORALIA MORALES MUÑOZ,MÓNICA XIOMARA SANDOVAL GÓMEZ,PARVULOS,PRIVADO,URBANA,ABIERTA,MONOLINGUE,MATUTINA,DIARIO(REGULAR),GUATEMALA SUR
00-12-0068-45,01-210,CIUDAD CAPITAL,ZONA 12,COLEGIO MIXTO AMANECER JUVENIL,"5A. AVENIDA, 05-15, COLONIA GUAJITOS",24497621,DINIZ ORALIA MORALES MUÑOZ,ELIDA MARINA CASTILLO BARRIENTOS,BASICO,PRIVADO,URBANA,ABIERTA,MONOLINGUE,VESPERTINA,DIARIO(REGULAR),GUATEMALA SUR
00-12-0069-45,01-641,CIUDAD CAPITAL,ZONA 12,LICEO SIN FRONTERAS GUATEMALA,4A. AV. 11-52 COLONIA LA REFORMITA,36083900,MILTON ALONSO ALVAREZ FUENTES,CARLOS ADOLFO CHOY GUEVARA,BASICO,PRIVADO,URBANA,CERRADA TEMPORALMENTE,MONOLINGUE,DOBLE,FIN DE SEMANA,GUATEMALA SUR
00-12-0070-42,01-99-0155,CIUDAD CAPITAL,ZONA 12,COLEGIO MIXTO AMANECER JUVENIL,"5A. AVENIDA 05-15, COLONIA GUAJITOS",24497621,ADILIO RIVERA MELÉNDREZ,MÓNICA GABRIELA MORALES ANZUETO,PARVULOS,PRIVADO,URBANA,ABIERTA,MONOLINGUE,MATUTINA,DIARIO(REGULAR),GUATEMALA SUR
00-12-0071-43,01-99-0155,CIUDAD CAPITAL,ZONA 12,COLEGIO MIXTO AMANECER JUVENIL,"5A. AVENIDA 05-15, COLONIA GUAJITOS",24497621,ADILIO RIVERA MELÉNDREZ,DORIS ANNABELLA ELÍAS CABRERA,PRIMARIA,PRIVADO,URBANA,ABIERTA,MONOLINGUE,MATUTINA,DIARIO(REGULAR),GUATEMALA SUR
00-12-0072-46,01-99-0152,CIUDAD CAPITAL,ZONA 12,LICEO INTEGRAL MILENIUM,"4TA. CALLE 1-41, COLONIA CIUDAD REAL I",24793754,CLAUDIA ILEANA CRUZ SOLARES,GLORIA MARINA FLORES TINTIN,DIVERSIFICADO,PRIVADO,URBANA,ABIERTA,MONOLINGUE,VESPERTINA,DIARIO(REGULAR),GUATEMALA SUR
00-12-0073-42,01-01-0150,CIUDAD CAPITAL,ZONA 12,LICEO COMPUTEX,"5TA. AVENIDA 21-77, LA REFORMITA",22142346,VICTORIA ENCARNACIÓN CASTRO CASTELLANOS,MOYRA ORIETA GONZÁLEZ YANES,PARVULOS,PRIVADO,URBANA,ABIERTA,MONOLINGUE,MATUTINA,DIARIO(REGULAR),GUATEMALA SUR
00-12-0074-43,01-01-0150,CIUDAD CAPITAL,ZONA 12,LICEO COMPUTEX,"5TA. AVENIDA 21-77, LA REFORMITA",22142346,VICTORIA ENCARNACIÓN CASTRO CASTELLANOS,MIRIAM JANETH CUX PAZ,PRIMARIA,PRIVADO,URBANA,ABIERTA,MONOLINGUE,MATUTINA,DIARIO(REGULAR),GUATEMALA SUR
00-12-0075-45,01-01-0150,CIUDAD CAPITAL,ZONA 12,LICEO COMPUTEX,"5TA. AVENIDA 21-77, LA REFORMITA",22142346,VICTORIA ENCARNACIÓN CASTRO CASTELLANOS,CARMEN  REYES ARÉVALO,BASICO,PRIVADO,URBANA,ABIERTA,MONOLINGUE,MATUTINA,DIARIO(REGULAR),GUATEMALA SUR
00-12-0076-46,01-01-0150,CIUDAD CAPITAL,ZONA 12,LICEO COMPUTEX,"5TA. AVENIDA 21-77, LA REFORMITA",22142346,VICTORIA ENCARNACIÓN CASTRO CASTELLANOS,CARMEN  REYES ARÉVALO,DIVERSIFICADO,PRIVADO,URBANA,ABIERTA,MONOLINGUE,MATUTINA,DIARIO(REGULAR),GUATEMALA SUR
00-12-0077-46,01-01-0150,CIUDAD CAPITAL,ZONA 12,COLEGIO PRIVADO MIXTO 12 DE OCTUBRE,"10A. AVENIDA 15-71, COLONIA REFORMITA",24730788,VICTORIA ENCARNACIÓN CASTRO CASTELLANOS,HUGO VALDEMAR CIFUENTES SALGUERO,DIVERSIFICADO,PRIVADO,URBANA,ABIERTA,MONOLINGUE,MATUTINA,DIARIO(REGULAR),GUATEMALA SUR
00-12-0078-46,01-99-0151,CIUDAD CAPITAL,ZONA 12,COLEGIO MAHANAIM C.E.F.E.A.,"12 AVENIDA, 21-61",55772994,MARÍA EUGENIA LOBOS ELÍAS,BERTA ESTELA SAGASTUME MONROY,DIVERSIFICADO,PRIVADO,URBANA,CERRADA TEMPORALMENTE,MONOLINGUE,MATUTINA,DIARIO(REGULAR),GUATEMALA SUR
00-12-0079-42,01-208,CIUDAD CAPITAL,ZONA 12,CENTRO EDUCATIVO EMILENO,"3ERA. AVENIDA 7-33 COLONIA VASQUEZ, GUAJITOS",24488335,LILIAN NINETH TEOS REYES,MARÍA CELIA LUCERO BARILLAS,PARVULOS,PRIVADO,URBANA,CERRADA DEFINITIVAMENTE,MONOLINGUE,MATUTINA,DIARIO(REGULAR),GUATEMALA SUR
00-12-0080-43,01-208,CIUDAD CAPITAL,ZONA 12,CENTRO EDUCATIVO EMILENO,3ERA. AVENIDA 7-33 COLONIA VASQUEZ GUAJITOS,24488335,LILIAN NINETH TEOS REYES,SILVIA OTOMIE SALAZAR SALAZAR,PRIMARIA,PRIVADO,URBANA,CERRADA DEFINITIVAMENTE,MONOLINGUE,MATUTINA,DIARIO(REGULAR),GUATEMALA SUR
00-12-0081-45,01-211,CIUDAD CAPITAL,ZONA 12,COLEGIO MIXTO JOVENES CON FUTURO,"21 AVENIDA 34-76, COLONIA SANTA ELISA",24240246,ADRIANA FABIOLA BOLAÑOS ESTRADA,MIRIAM HAYDEE FUENTES LÓPEZ,BASICO,PRIVADO,URBANA,ABIERTA,MONOLINGUE,MATUTINA,DIARIO(REGULAR),GUATEMALA SUR
00-12-0082-42,01-210,CIUDAD CAPITAL,ZONA 12,COLEGIO PANAMERICANO NO. 3,45 CALLE 19-05,24420778,DINIZ ORALIA MORALES MUÑOZ,MAYRA FABIOLA GARCÍA CHÁVEZ,PARVULOS,PRIVADO,URBANA,CERRADA TEMPORALMENTE,MONOLINGUE,MATUTINA,DIARIO(REGULAR),GUATEMALA SUR
00-12-0083-43,01-210,CIUDAD CAPITAL,ZONA 12,COLEGIO PANAMERICANO NO. 3,45 CALLE 19-05,24420778,DINIZ ORALIA MORALES MUÑOZ,LIDIA IRACEMA LÓPEZ ESCOBAR,PRIMARIA,PRIVADO,URBANA,ABIERTA,MONOLINGUE,MATUTINA,DIARIO(REGULAR),GUATEMALA SUR
00-12-0084-43,01-01-0150,CIUDAD CAPITAL,ZONA 12,COLEGIO CIENCIA Y ARTE,"18 AVENIDA, 08-52",24755456,VICTORIA ENCARNACIÓN CASTRO CASTELLANOS,REBECA RAQUEL OROZCO OROZCO,PRIMARIA,PRIVADO,URBANA,ABIERTA,MONOLINGUE,MATUTINA,DIARIO(REGULAR),GUATEMALA SUR
00-12-0085-42,01-01-0150,CIUDAD CAPITAL,ZONA 12,COLEGIO CIENCIA Y ARTE,"17 AVENIDA 08-36, ZONA 12, COLONIA REFORMITA",24755456,VICTORIA ENCARNACIÓN CASTRO CASTELLANOS,LOURDES MICHELLE PEREIRA,PARVULOS,PRIVADO,URBANA,ABIERTA,MONOLINGUE,MATUTINA,DIARIO(REGULAR),GUATEMALA SUR
00-12-0086-46,01-211,CIUDAD CAPITAL,ZONA 12,COLEGIO DE INFORMÁTICA IMB-PC NO. 2,AVENIDA PETAPA 30-64,23043211,ADRIANA FABIOLA BOLAÑOS ESTRADA,ISABEL CRISTINA BALCAZAR VASQUEZ DE AREVALO,DIVERSIFICADO,PRIVADO,URBANA,CERRADA DEFINITIVAMENTE,MONOLINGUE,DOBLE,DIARIO(REGULAR),GUATEMALA SUR
00-12-0087-45,01-641,CIUDAD CAPITAL,ZONA 12,LICEO COMPUTEX,"5A. AVENIDA 21-77, ZONA 12, LA REFORMITA",24745556,MILTON ALONSO ALVAREZ FUENTES,GENCIS YOHANA SOLÍS ORTIZ,BASICO,PRIVADO,URBANA,CERRADA TEMPORALMENTE,MONOLINGUE,DOBLE,FIN DE SEMANA,GUATEMALA SUR
00-12-0088-46,01-99-0154,CIUDAD CAPITAL,ZONA 12,LICEO COMPUTEX,"5A. AVENIDA 21-77, ZONA 12, LA REFORMITA",22142346,BYRON FERNANDO BÁMACA DE LA CRUZ,GENCIS YOHANA SOLÍS ORTIZ,DIVERSIFICADO,PRIVADO,URBANA,ABIERTA,MONOLINGUE,DOBLE,FIN DE SEMANA,GUATEMALA SUR
00-12-0089-46,01-01-0150,CIUDAD CAPITAL,ZONA 12,LICEO COMPUTEX,"5A. AVENIDA 21-77, ZONA 12, LA REFORMITA",22142346,VICTORIA ENCARNACIÓN CASTRO CASTELLANOS,GENCIS YOHANA SOLÍS ORTIZ,DIVERSIFICADO,PRIVADO,URBANA,ABIERTA,MONOLINGUE,VESPERTINA,DIARIO(REGULAR),GUATEMALA SUR
00-12-0090-42,01-01-0150,CIUDAD CAPITAL,ZONA 12,LICEO MI BENDICIÓN,"19 A. AVENIDA 34-81 ZONA 12, COLONIA VILLA SOL",24345125,VICTORIA ENCARNACIÓN CASTRO CASTELLANOS,GLENDA PAOLA LEAL ALVAREZ,PARVULOS,PRIVADO,URBANA,ABIERTA,MONOLINGUE,MATUTINA,DIARIO(REGULAR),GUATEMALA SUR
00-12-0091-43,01-01-0150,CIUDAD CAPITAL,ZONA 12,LICEO MI BENDICIÓN,"19 A. AVENIDA 34-81 ZONA 12, COLONIA VILLA SOL",22345125,VICTORIA ENCARNACIÓN CASTRO CASTELLANOS,MARÍA DE LURDES BAÑOS NAHUAT,PRIMARIA,PRIVADO,URBANA,ABIERTA,MONOLINGUE,MATUTINA,DIARIO(REGULAR),GUATEMALA SUR
00-12-0092-43,01-211,CIUDAD CAPITAL,ZONA 12,LICEO MI BENDICIÓN,"19A. AVENIDA 34-81 ZONA 12, COLONIA VILLASOL",58221161,ADRIANA FABIOLA BOLAÑOS ESTRADA,AURA MARINA PAZ CASTILLO,PRIMARIA,PRIVADO,URBANA,ABIERTA,MONOLINGUE,VESPERTINA,DIARIO(REGULAR),GUATEMALA SUR
00-12-0093-45,01-211,CIUDAD CAPITAL,ZONA 12,LICEO BILINGUE EN COMPUTACION CIENCIA Y HUMANIDAD,"6A. AVENIDA 5-44 ZONA 12, COLONIA GUAJITOS",23143690,ADRIANA FABIOLA BOLAÑOS ESTRADA,OSCAR OSVALDO OLIVA GONZALEZ,BASICO,PRIVADO,URBANA,ABIERTA,MONOLINGUE,VESPERTINA,DIARIO(REGULAR),GUATEMALA SUR
00-12-0094-45,01-641,CIUDAD CAPITAL,ZONA 12,LICEO BILINGUE EN COMPUTACIÓN CIENCIA Y HUMANIDAD,"6A. AVENIDA 5-44, GUAJITOS",23143690,MILTON ALONSO ALVAREZ FUENTES,OSCAR OSVALDO OLIVA GONZALEZ,BASICO,PRIVADO,URBANA,ABIERTA,MONOLINGUE,DOBLE,FIN DE SEMANA,GUATEMALA SUR
00-12-0095-42,01-01-0150,CIUDAD CAPITAL,ZONA 12,"COLEGIO CRISTIANO ""CASA DEL ALFARERO""","17A. AVENIDA 49-18, COLONIA LA COLINA",24792484,VICTORIA ENCARNACIÓN CASTRO CASTELLANOS,JESSICA MARLENY YOC GIRÓN,PARVULOS,PRIVADO,URBANA,ABIERTA,MONOLINGUE,MATUTINA,DIARIO(REGULAR),GUATEMALA SUR
00-12-0096-43,01-01-0150,CIUDAD CAPITAL,ZONA 12,"COLEGIO CRISTIANO ""CASA DEL ALFARERO""","17A. AVENIDA 49-18, COLONIA LA COLINA",24792484,VICTORIA ENCARNACIÓN CASTRO CASTELLANOS,BRENDA LORENA FLORES DUARTE,PRIMARIA,PRIVADO,URBANA,ABIERTA,MONOLINGUE,MATUTINA,DIARIO(REGULAR),GUATEMALA SUR
00-12-0097-42,01-01-0150,CIUDAD CAPITAL,ZONA 12,COLEGIO IBEROAMERICANO,"35 CALLE 21-35, COLONIA SANTA ELISA",24763597,VICTORIA ENCARNACIÓN CASTRO CASTELLANOS,YESSICA LORENA SURUY CHITAY,PARVULOS,PRIVADO,URBANA,ABIERTA,MONOLINGUE,MATUTINA,DIARIO(REGULAR),GUATEMALA SUR
00-12-0098-43,01-01-0150,CIUDAD CAPITAL,ZONA 12,COLEGIO IBEROAMERICANO,"35 CALLE 21-35, COLONIA SANTA ELISA",24763597,VICTORIA ENCARNACIÓN CASTRO CASTELLANOS,TELMA JOVITA DE LEÓN MOSCOSO,PRIMARIA,PRIVADO,URBANA,ABIERTA,MONOLINGUE,MATUTINA,DIARIO(REGULAR),GUATEMALA SUR
00-12-0099-45,01-01-0150,CIUDAD CAPITAL,ZONA 12,COLEGIO IBEROAMERICANO,"35 CALLE 21-35, COLONIA SANTA ELISA",24763597,VICTORIA ENCARNACIÓN CASTRO CASTELLANOS,NORMA ELIZABETH SANTOS CHINCHILLA,BASICO,PRIVADO,URBANA,ABIERTA,MONOLINGUE,MATUTINA,DIARIO(REGULAR),GUATEMALA SUR
00-12-0100-43,01-99-0154,CIUDAD CAPITAL,ZONA 12,"INSTITUTO DE EDUCACIÓN A DISTANCIA ""LA ESCUELA EN SU CASA""","21A.  AVENIDA. 33-58, COLONIA SANTA ELISA ZONA 12",23873100,BYRON FERNANDO BÁMACA DE LA CRUZ,ISABEL CRISTINA BALCAZAR VÁSQUEZ,PRIMARIA,PRIVADO,URBANA,ABIERTA,MONOLINGUE,MATUTINA,A DISTANCIA,GUATEMALA SUR
00-12-0101-45,01-99-0154,CIUDAD CAPITAL,ZONA 12,"INSTITUTO DE EDUCACIÓN A DISTANCIA ""LA ESCUELA EN SU CASA""","21A.  AVENIDA. 33-58, COLONIA SANTA ELISA ZONA 12",23873100,BYRON FERNANDO BÁMACA DE LA CRUZ,ISABEL CRISTINA BALCAZAR VÁSQUEZ,BASICO,PRIVADO,URBANA,ABIERTA,MONOLINGUE,MATUTINA,A DISTANCIA,GUATEMALA SUR
00-12-0102-46,01-99-0154,CIUDAD CAPITAL,ZONA 12,"INSTITUTO DE EDUCACIÓN A DISTANCIA ""LA ESCUELA EN SU CASA""","21A.  AVENIDA. 33-58, COLONIA SANTA ELISA ZONA 12",23575200,BYRON FERNANDO BÁMACA DE LA CRUZ,ISABEL CRISTINA BALCAZAR VÁSQUEZ,DIVERSIFICADO,PRIVADO,URBANA,ABIERTA,MONOLINGUE,MATUTINA,A DISTANCIA,GUATEMALA SUR
00-12-0103-46,01-211,CIUDAD CAPITAL,ZONA 12,LICEO MIXTO JUAN APOSTOL,"4 AVENIDA 11-52 ZONA 12, COLONIA LA REFORMITA",24712442,ADRIANA FABIOLA BOLAÑOS ESTRADA,MAURI LUCÍA PÉREZ IXCAYA,DIVERSIFICADO,PRIVADO,URBANA,ABIERTA,MONOLINGUE,VESPERTINA,DIARIO(REGULAR),GUATEMALA SUR
00-12-0104-46,01-210,CIUDAD CAPITAL,ZONA 12,DIRECCIÓN DEPARTAMENTAL DE EDUCACIÓN GUATEMALA SUR,"AVENIDA PETAPA 47-79, PLAZA GRECIA, SEGUNDO NIVEL",24628700,DINIZ ORALIA MORALES MUÑOZ,MARIA DEL ROSARIO LÓPEZ ESCOBAR,DIVERSIFICADO,PRIVADO,URBANA,CERRADA TEMPORALMENTE,MONOLINGUE,MATUTINA,DIARIO(REGULAR),GUATEMALA SUR
00-12-0105-45,01-218,CIUDAD CAPITAL,ZONA 12,COORDINACION DEPARTAMENTAL DE TELESECUNDARIA GUATEMALA SUR,"AVENIDA PETAPA 47-79, ZONA 12, PLAZA GRECIA",24628700,BENIGNO ISAIAS DE LEON OROZCO,BENIGNO ISAIAS DE LEON OROZCO,BASICO,OFICIAL,RURAL,ABIERTA,MONOLINGUE,VESPERTINA,DIARIO(REGULAR),GUATEMALA SUR
00-12-0106-44,01-99-0154,CIUDAD CAPITAL,ZONA 12,"COLEGIO MIXTO ""CIENCIA Y ARTE""","8 CALLE  16-30 ZONA 12, MUNICIPIO DE GUATEMALA , DEPARTAMENTO DE GUATEMALA",24755455,BYRON FERNANDO BÁMACA DE LA CRUZ,ALMA ALICIA OROZCO Y ORÓZCO,PRIMARIA DE ADULTOS,PRIVADO,URBANA,ABIERTA,MONOLINGUE,DOBLE,A DISTANCIA,GUATEMALA SUR
00-12-0107-45,01-99-0154,CIUDAD CAPITAL,ZONA 12,"COLEGIO MIXTO ""CIENCIA Y ARTE""","8 CALLE  16-30 ZONA 12, MUNICIPIO DE GUATEMALA , DEPARTAMENTO DE GUATEMALA",24755455,BYRON FERNANDO BÁMACA DE LA CRUZ,ALMA ALICIA OROZCO Y ORÓZCO,BASICO,PRIVADO,SIN ESPECIFICAR,ABIERTA,MONOLINGUE,DOBLE,A DISTANCIA,GUATEMALA SUR
00-12-0108-45,01-641,CIUDAD CAPITAL,ZONA 12,"COLEGIO MIXTO ""CIENCIA Y ARTE""","8 CALLE  16-30 ZONA 12, MUNICIPIO DE GUATEMALA , DEPARTAMENTO DE GUATEMALA",24755457,MILTON ALONSO ALVAREZ FUENTES,ROSIDALIA MARMITA OROZCO OROZCO,BASICO,PRIVADO,SIN ESPECIFICAR,ABIERTA,MONOLINGUE,DOBLE,A DISTANCIA,GUATEMALA SUR
00-12-0109-46,01-641,CIUDAD CAPITAL,ZONA 12,"COLEGIO MIXTO ""CIENCIA Y ARTE""","8 CALLE  16-30 ZONA 12, MUNICIPIO DE GUATEMALA , DEPARTAMENTO DE GUATEMALA",24755457,MILTON ALONSO ALVAREZ FUENTES,ROSIDALIA MARMITA OROZCO OROZCO,DIVERSIFICADO,PRIVADO,URBANA,CERRADA TEMPORALMENTE,MONOLINGUE,DOBLE,A DISTANCIA,GUATEMALA SUR
00-12-0110-45,01-640,CIUDAD CAPITAL,ZONA 12,"CENTRO DE EDUCACION EXTRAESCOLAR ""SINTUSAC""","CIUDAD UNIVERSITARIA, UNIVERSIDAD DE SAN CARLOS EDIFICIO ANTIGUO DE CALUSAC, SALÓN 5",49150419,ELISEO DANIEL ALVAREZ NATARENO,GUADALUPE  VÁSQUEZ LÓPEZ,BASICO,PRIVADO,URBANA,ABIERTA,MONOLINGUE,DOBLE,DIARIO(REGULAR),GUATEMALA SUR
00-12-0111-46,01-640,CIUDAD CAPITAL,ZONA 12,"CENTRO DE EDUCACION EXTRAESCOLAR ""SINTUSAC""","CIUDAD UNIVERSITARIA, UNIVERSIDAD DE SAN CARLOS EDIFICIO ANTIGUO DE CALUSAC, SALÓN 5 1089",49150469,ELISEO DANIEL ALVAREZ NATARENO,GUADALUPE  VÁSQUEZ LÓPEZ,DIVERSIFICADO,PRIVADO,URBANA,ABIERTA,MONOLINGUE,DOBLE,DIARIO(REGULAR),GUATEMALA SUR
00-12-0112-45,01-01-0150,CIUDAD CAPITAL,ZONA 12,LICEO NAZARENO,43A. CALLE 19-35 COLONIA LA COLINA,55832921,VICTORIA ENCARNACIÓN CASTRO CASTELLANOS,FRANCISCO  REVOLORIO LÓPEZ,BASICO,PRIVADO,URBANA,ABIERTA,MONOLINGUE,MATUTINA,DIARIO(REGULAR),GUATEMALA SUR
00-12-0113-45,01-99-0154,CIUDAD CAPITAL,ZONA 12,LICEO NAZARENO,43A. CALLE 19-35 COLONIA LA COLINA,55832921,BYRON FERNANDO BÁMACA DE LA CRUZ,FRANCISCO  REVOLORIO LÓPEZ,BASICO,PRIVADO,URBANA,ABIERTA,MONOLINGUE,DOBLE,FIN DE SEMANA,GUATEMALA SUR
00-12-0114-46,01-01-0150,CIUDAD CAPITAL,ZONA 12,LICEO NAZARENO,43A. CALLE 19-35 COLONIA LA COLINA,55832921,VICTORIA ENCARNACIÓN CASTRO CASTELLANOS,FRANCISCO  REVOLORIO LÓPEZ,DIVERSIFICADO,PRIVADO,URBANA,ABIERTA,MONOLINGUE,VESPERTINA,DIARIO(REGULAR),GUATEMALA SUR
00-12-0115-46,01-01-0150,CIUDAD CAPITAL,ZONA 12,LICEO NAZARENO,43A. CALLE 19-35 COLONIA LA COLINA,41719605,VICTORIA ENCARNACIÓN CASTRO CASTELLANOS,FRANCISCO  REVOLORIO LÓPEZ,DIVERSIFICADO,PRIVADO,URBANA,ABIERTA,MONOLINGUE,DOBLE,DIARIO(REGULAR),GUATEMALA SUR
00-12-0116-46,01-99-0154,CIUDAD CAPITAL,ZONA 12,LICEO NAZARENO,43A. CALLE 19-35 COLONIA LA COLINA,22149922,BYRON FERNANDO BÁMACA DE LA CRUZ,FRANCISCO  REVOLORIO LÓPEZ,DIVERSIFICADO,PRIVADO,URBANA,ABIERTA,MONOLINGUE,DOBLE,FIN DE SEMANA,GUATEMALA SUR
00-12-0117-46,01-99-0156,CIUDAD CAPITAL,ZONA 12,COLEGIO EL MUNDO DE LOS NIÑOS (KIDS WORLD),"24 AVENIDA LOTE NO. 24 Y 24 AVENIDA ""A"" LOTES 50 Y 51, COLONIA MORSE",59172006,NATALY FABIOLA SOTO ESPAÑA,MARYSOL  MEDINA LEMUS,DIVERSIFICADO,PRIVADO,URBANA,ABIERTA,MONOLINGUE,MATUTINA,DIARIO(REGULAR),GUATEMALA SUR
00-12-0118-46,01-211,CIUDAD CAPITAL,ZONA 12,"LICEO MIXTO ""JUAN APÓSTOL""",4A. AVENIDA 11-52 ZONA 12,24712442,ADRIANA FABIOLA BOLAÑOS ESTRADA,MAURI LUCÍA PÉREZ IXCAYA,DIVERSIFICADO,PRIVADO,URBANA,ABIERTA,MONOLINGUE,MATUTINA,DIARIO(REGULAR),GUATEMALA SUR
00-12-0119-46,01-640,CIUDAD CAPITAL,ZONA 12,"PROGRAMA NACIONAL DE EDUCACIÓN ALTERNATIVA, PRONEA","AVENIDA PETAPA 47-79, ZONA 12, PLAZA GRECIA",24628700,ELISEO DANIEL ALVAREZ NATARENO,ELISEO DANIEL ALVAREZ NATARENO,DIVERSIFICADO,OFICIAL,URBANA,ABIERTA,MONOLINGUE,DOBLE,A DISTANCIA,GUATEMALA SUR
00-12-0120-46,01-210,CIUDAD CAPITAL,ZONA 12,COLEGIO CLAUSURADO DIRECCIÓN DEPARTAMENTAL DE EDUCACIÓN GUATEMALA SUR,"AVENIDA PETAPA 47-79, ZONA 12, PLAZA GRECIA 02/01/1997",24628700,DINIZ ORALIA MORALES MUÑOZ,MARIA DEL ROSARIO LOPEZ ESCOBAR,DIVERSIFICADO,PRIVADO,URBANA,CERRADA TEMPORALMENTE,MONOLINGUE,MATUTINA,DIARIO(REGULAR),GUATEMALA SUR
00-12-0121-42,01-211,CIUDAD CAPITAL,ZONA 12,COLEGIO MIXTO CIENCIA Y ARTE,8 CALLE 16-30 ZONA 12 GUATEMALA,24755456,ADRIANA FABIOLA BOLAÑOS ESTRADA,SUCELY ANDREA GIRÓN GARCÍA,PARVULOS,PRIVADO,URBANA,ABIERTA,MONOLINGUE,MATUTINA,VIRTUAL A DISTANCIA,GUATEMALA SUR
00-12-0122-43,01-01-0150,CIUDAD CAPITAL,ZONA 12,COLEGIO MIXTO CIENCIA Y ARTE,8 CALLE 16-30 ZONA 12 GUATEMALA,24755456,VICTORIA ENCARNACIÓN CASTRO CASTELLANOS,REBECA RAQUEL OROZCO OROZCO,PRIMARIA,PRIVADO,URBANA,ABIERTA,MONOLINGUE,MATUTINA,VIRTUAL A DISTANCIA,GUATEMALA SUR
00-12-0123-45,01-01-0150,CIUDAD CAPITAL,ZONA 12,COLEGIO MIXTO CIENCIA Y ARTE,8 CALLE 16-30 ZONA 12 GUATEMALA,24755456,VICTORIA ENCARNACIÓN CASTRO CASTELLANOS,ALMA ALICIA OROZCO Y ORÓZCO,BASICO,PRIVADO,URBANA,ABIERTA,MONOLINGUE,MATUTINA,VIRTUAL A DISTANCIA,GUATEMALA SUR
00-12-0124-45,01-211,CIUDAD CAPITAL,ZONA 12,COLEGIO MIXTO CIENCIA Y ARTE,8 CALLE 16-30 ZONA 12 GUATEMALA,24755456,ADRIANA FABIOLA BOLAÑOS ESTRADA,ALMA ALICIA OROZCO Y ORÓZCO,BASICO,PRIVADO,URBANA,ABIERTA,MONOLINGUE,VESPERTINA,VIRTUAL A DISTANCIA,GUATEMALA SUR
00-12-0125-46,01-01-0150,CIUDAD CAPITAL,ZONA 12,COLEGIO MIXTO CIENCIA Y ARTE,8 CALLE 16-30 ZONA 12 GUATEMALA,24755456,VICTORIA ENCARNACIÓN CASTRO CASTELLANOS,ALMA ALICIA OROZCO Y ORÓZCO,DIVERSIFICADO,PRIVADO,URBANA,ABIERTA,MONOLINGUE,MATUTINA,VIRTUAL A DISTANCIA,GUATEMALA SUR
00-12-0126-42,01-220,CIUDAD CAPITAL,ZONA 12,COLEGIO MIXTO CIENCIA Y ARTE,LOTE 2 MANZANA M SECTOR 9 PRADOS DE VILLA HERMOSA SAN MIGUEL PETAPA,24646034,GRELDER ARCELI AGUILAR AVILA,SARA PATRICIA IBAÑEZ BIN,PARVULOS,PRIVADO,URBANA,ABIERTA,MONOLINGUE,MATUTINA,VIRTUAL A DISTANCIA,GUATEMALA SUR
00-12-0127-46,01-211,CIUDAD CAPITAL,ZONA 12,COLEGIO MIXTO CIENCIA Y ARTE,8 CALLE 16-30 ZONA 12 GUATEMALA,24755455,ADRIANA FABIOLA BOLAÑOS ESTRADA,ALMA ALICIA OROZCO Y ORÓZCO,DIVERSIFICADO,PRIVADO,URBANA,ABIERTA,MONOLINGUE,VESPERTINA,VIRTUAL A DISTANCIA,GUATEMALA SUR
00-12-0128-45,01-01-0150,CIUDAD CAPITAL,ZONA 12,INSTITUTO TÉCNICO VOCACIONAL PRIVADO EMILIANI,"31A. CALLE 20-47, COLONIA SANTA ELISA",22967684,VICTORIA ENCARNACIÓN CASTRO CASTELLANOS,CLAUDIA JOHANA GARCÍA AGUILAR,BASICO,PRIVADO,URBANA,ABIERTA,MONOLINGUE,MATUTINA,DIARIO(REGULAR),GUATEMALA SUR
00-12-0129-45,01-99-0151,CIUDAD CAPITAL,ZONA 12,COLEGIO MIXTO VALLE REAL,"11A. AVENIDA 30-63, ZONA 12, SANTA ROSA II",24422030,MARÍA EUGENIA LOBOS ELÍAS,GLADYS GENOVEVA TEJEDA SOLARES,BASICO,PRIVADO,URBANA,ABIERTA,MONOLINGUE,VESPERTINA,DIARIO(REGULAR),GUATEMALA SUR
00-12-0130-45,01-641,CIUDAD CAPITAL,ZONA 12,COLEGIO IMB-PC,"CALZADA RAUL AGUILAR BATRÉS 29-41 Y 1A. AVENIDA 29-26, COLONIA EL CARMEN",23045800,MILTON ALONSO ALVAREZ FUENTES,JOSELIN CRISTINA MEJIA GONZÁLEZ,BASICO,PRIVADO,URBANA,ABIERTA,MONOLINGUE,DOBLE,A DISTANCIA,GUATEMALA SUR
00-12-0131-46,01-641,CIUDAD CAPITAL,ZONA 12,COLEGIO IMB-PC,"CALZADA RAUL AGUILAR BATRÉS 29-41 Y 1A. AVENIDA 29-26, COLONIA EL CARMEN",23045800,MILTON ALONSO ALVAREZ FUENTES,JOSELIN CRISTINA MEJIA GONZÁLEZ,DIVERSIFICADO,PRIVADO,URBANA,ABIERTA,MONOLINGUE,DOBLE,A DISTANCIA,GUATEMALA SUR
00-12-0132-46,01-640,CIUDAD CAPITAL,ZONA 12,CENTRO DE EDUCACIÓN EXTRAESCOLAR MODALIDADES FLEXIBLES CEEX-DEPARTAMENTAL,"AVENIDA PETAPA 47-79, ZONA 12",41993137,ELISEO DANIEL ALVAREZ NATARENO,IRMA DAMARIS ESCOBAR GARCIA,DIVERSIFICADO,OFICIAL,URBANA,ABIERTA,MONOLINGUE,DOBLE,SEMIPRESENCIAL,GUATEMALA SUR
00-12-0133-45,01-640,CIUDAD CAPITAL,ZONA 12,CENTRO DE EDUCACION EXTRAESCOLAR MODALIDADES FLEXIBLES -CEEX- DEPARTAMENTAL,AVENIDA PETAPA 47-79,41993137,ELISEO DANIEL ALVAREZ NATARENO,IRMA DAMARIS ESCOBAR GARCIA,BASICO,OFICIAL,URBANA,ABIERTA,MONOLINGUE,SIN JORNADA,SEMIPRESENCIAL (UN DÍA A LA SEMANA),GUATEMALA SUR
00-12-0134-45,01-99-0154,CIUDAD CAPITAL,ZONA 12,LICEO CANADIENSE SOCIEDAD ANÓNIMA,DIAGONAL 19 40-54,55154365,BYRON FERNANDO BÁMACA DE LA CRUZ,ROSAURA  GUDIEL ROSALES,BASICO,PRIVADO,URBANA,ABIERTA,MONOLINGUE,SIN JORNADA,SEMIPRESENCIAL (FIN DE SEMANA),GUATEMALA SUR
00-12-0135-46,01-99-0154,CIUDAD CAPITAL,ZONA 12,LICEO CANADIENSE SOCIEDAD ANONIMA,DIAGONAL 19 40-54,55154365,BYRON FERNANDO BÁMACA DE LA CRUZ,ROSAURA  GUDIEL ROSALES,DIVERSIFICADO,PRIVADO,URBANA,ABIERTA,MONOLINGUE,SIN JORNADA,SEMIPRESENCIAL (FIN DE SEMANA),GUATEMALA SUR
00-12-0136-45,01-641,CIUDAD CAPITAL,ZONA 12,LICEO CANADIENSE SUR,CALZADA AGUILAR BATRES 30-67,23750065,MILTON ALONSO ALVAREZ FUENTES,MARLON ANTONIO SOLARES SÁNCHEZ,BASICO,PRIVADO,URBANA,ABIERTA,MONOLINGUE,SIN JORNADA,SEMIPRESENCIAL (FIN DE SEMANA),GUATEMALA SUR
00-12-0137-46,01-99-0154,CIUDAD CAPITAL,ZONA 12,LICEO CANADIENSE SUR,CALZADA AGUILAR BATRES 30-67,23750057,BYRON FERNANDO BÁMACA DE LA CRUZ,MARLON ANTONIO SOLARES SÁNCHEZ,DIVERSIFICADO,PRIVADO,URBANA,ABIERTA,MONOLINGUE,SIN JORNADA,SEMIPRESENCIAL (FIN DE SEMANA),GUATEMALA SUR
00-12-0138-45,01-99-0154,CIUDAD CAPITAL,ZONA 12,COLEGIO DE INFORMATICA IMB-PC NO. 2,AVENIDA PETAPA 30-64,23043211,BYRON FERNANDO BÁMACA DE LA CRUZ,BRENDA FELICITA BOBADILLA ROCA,BASICO,PRIVADO,URBANA,ABIERTA,MONOLINGUE,SIN JORNADA,SEMIPRESENCIAL (FIN DE SEMANA),GUATEMALA SUR
00-12-0139-46,01-99-0154,CIUDAD CAPITAL,ZONA 12,COLEGIO DE INFORMATICA IMB-PC NO. 2,AVENIDA PETAPA 30-64,23043211,BYRON FERNANDO BÁMACA DE LA CRUZ,BRENDA FELICITA BOBADILLA ROCA,DIVERSIFICADO,PRIVADO,URBANA,ABIERTA,MONOLINGUE,SIN JORNADA,SEMIPRESENCIAL (FIN DE SEMANA),GUATEMALA SUR
00-12-0140-46,01-99-0151,CIUDAD CAPITAL,ZONA 12,"COLEGIO PARROQUIAL ""PADRE ELOY SUAREZ COBIAN""",26 CALLE 7-10,24770712,MARÍA EUGENIA LOBOS ELÍAS,MASSIEL  ZAVALA CASTRO,DIVERSIFICADO,PRIVADO,URBANA,ABIERTA,MONOLINGUE,MATUTINA,DIARIO(REGULAR),GUATEMALA SUR
00-12-0141-46,01-99-0154,CIUDAD CAPITAL,ZONA 12,"COLEGIO BILINGUE DE COMPUTACION C.B.C. ""EL CARMEN""",31 CALLE 00-52 COLONIA EL CARMEN,56924159,BYRON FERNANDO BÁMACA DE LA CRUZ,SANDRA MARITZA IZQUIERDO ZAPATA,DIVERSIFICADO,PRIVADO,URBANA,ABIERTA,MONOLINGUE,SIN JORNADA,SEMIPRESENCIAL (FIN DE SEMANA),GUATEMALA SUR
00-12-0142-45,01-99-0154,CIUDAD CAPITAL,ZONA 12,LICEO SIN FRONTERAS,4A. AVENIDA 11-52,36083900,BYRON FERNANDO BÁMACA DE LA CRUZ,LUISA FERNANDA FAJARDO MARMOL,BASICO,PRIVADO,URBANA,ABIERTA,MONOLINGUE,SIN JORNADA,SEMIPRESENCIAL (FIN DE SEMANA),GUATEMALA SUR
00-12-0143-46,01-99-0154,CIUDAD CAPITAL,ZONA 12,LICEO SIN FRONTERAS GUATEMALA,4A. AVENIDA 11-52 COLONIA LA REFORMITA,36083900,BYRON FERNANDO BÁMACA DE LA CRUZ,LUISA FERNANDA FAJARDO MARMOL,DIVERSIFICADO,PRIVADO,URBANA,ABIERTA,MONOLINGUE,SIN JORNADA,SEMIPRESENCIAL (FIN DE SEMANA),GUATEMALA SUR
00-12-0144-45,01-99-0154,CIUDAD CAPITAL,ZONA 12,"INEB INSTITUTO NACIONAL DE EDUCACION BASICA Y BACHILLERATO EN CIENCIAS Y LETRAS POR MADUREZ ""LICDA. MATILDE ROUGE""",BOULEVARD LIBERACION 13-19,42299311,BYRON FERNANDO BÁMACA DE LA CRUZ,JOSE LUIS OROZCO MIRANDA,BASICO,OFICIAL,URBANA,ABIERTA,MONOLINGUE,SIN JORNADA,SEMIPRESENCIAL (FIN DE SEMANA),GUATEMALA SUR
00-12-0145-46,01-99-0154,CIUDAD CAPITAL,ZONA 12,"INSTITUTO NACIONAL DE EDUCACION BASICA Y BACHILLERATO EN CIENCIAS Y LETRAS POR MADUREZ ""LICDA. MATILDE ROUGE""",BOULEVARD LIBERACION 13-19,42299311,BYRON FERNANDO BÁMACA DE LA CRUZ,JOSE LUIS OROZCO MIRANDA,DIVERSIFICADO,OFICIAL,URBANA,ABIERTA,MONOLINGUE,SIN JORNADA,SEMIPRESENCIAL (FIN DE SEMANA),GUATEMALA SUR
00-12-0146-45,01-99-0154,CIUDAD CAPITAL,ZONA 12,"INSTITUTO NACIONAL DE EDUCACION BASICA Y BACHILLERATO EN CIENCIAS Y LETRAS POR MADUREZ ""LICDA. MATILDE ROUGE""",BOULEVARD LIBERACION 13-19,44652813,BYRON FERNANDO BÁMACA DE LA CRUZ,JOSE LUIS OROZCO MIRANDA,BASICO,OFICIAL,URBANA,ABIERTA,MONOLINGUE,NOCTURNA,DIARIO(REGULAR),GUATEMALA SUR
00-12-0147-46,01-99-0154,CIUDAD CAPITAL,ZONA 12,"INSTITUTO NACIONAL DE EDUCACION BASICA Y BACHILLERATO EN CIENCIAS Y LETRAS POR MADUREZ ""LICDA. MATILDE ROUGE""",BOULEVARD LIBERACION 13-19,42299311,BYRON FERNANDO BÁMACA DE LA CRUZ,JOSE LUIS OROZCO MIRANDA,DIVERSIFICADO,OFICIAL,URBANA,ABIERTA,MONOLINGUE,NOCTURNA,DIARIO(REGULAR),GUATEMALA SUR
00-12-0148-45,01-641,CIUDAD CAPITAL,ZONA 12,INEB INSTITUTO NACIONAL DE EDUCACION BASICA,19 AVENIDA B Y 12CALLE FINAL,55102714,MILTON ALONSO ALVAREZ FUENTES,CLAUDIA FANNI BORRAYO LUCERO DE BARRIENTOS,BASICO,OFICIAL,URBANA,CERRADA DEFINITIVAMENTE,MONOLINGUE,NOCTURNA,DIARIO(REGULAR),GUATEMALA SUR
00-12-0149-46,01-641,CIUDAD CAPITAL,ZONA 12,INSTITUTO NACIONAL DE EDUCACION DIVERSIFICADA,19 AVENIDA B Y 12CALLE FINAL,55102714,MILTON ALONSO ALVAREZ FUENTES,CLAUDIA FANNI BORRAYO LUCERO DE BARRIENTOS,DIVERSIFICADO,OFICIAL,URBANA,CERRADA DEFINITIVAMENTE,MONOLINGUE,NOCTURNA,DIARIO(REGULAR),GUATEMALA SUR
00-12-0150-45,01-99-0154,CIUDAD CAPITAL,ZONA 12,"COLEGIO MIXTO ""CIENCIA Y ARTE""",8A. CALLE 16-30,24720924,BYRON FERNANDO BÁMACA DE LA CRUZ,ALMA ALICIA OROZCO Y ORÓZCO,BASICO,PRIVADO,URBANA,ABIERTA,MONOLINGUE,SIN JORNADA,A DISTANCIA,GUATEMALA SUR
00-12-0151-46,01-99-0154,CIUDAD CAPITAL,ZONA 12,"COLEGIO MIXTO ""CIENCIA Y ARTE""",8A. CALLE 16-30,24755455,BYRON FERNANDO BÁMACA DE LA CRUZ,ALMA ALICIA OROZCO Y ORÓZCO,DIVERSIFICADO,PRIVADO,URBANA,ABIERTA,MONOLINGUE,SIN JORNADA,A DISTANCIA,GUATEMALA SUR
00-12-0152-45,01-99-0154,CIUDAD CAPITAL,ZONA 12,"COLEGIO MIXTO ""VALLE REAL""","11A. AVENIDA 30-63, SANTA ROSA II",24333333,BYRON FERNANDO BÁMACA DE LA CRUZ,GLADYS GENOVEVA TEJEDA SOLARES,BASICO,PRIVADO,URBANA,ABIERTA,MONOLINGUE,SIN JORNADA,SEMIPRESENCIAL (FIN DE SEMANA),GUATEMALA SUR
00-12-0153-46,01-99-0154,CIUDAD CAPITAL,ZONA 12,"COLEGIO MIXTO ""VALLE REAL""","11A. AVENIDA 30-63, SANTA ROSA II",24333333,BYRON FERNANDO BÁMACA DE LA CRUZ,GLADYS GENOVEVA TEJEDA SOLARES,DIVERSIFICADO,PRIVADO,URBANA,ABIERTA,MONOLINGUE,SIN JORNADA,SEMIPRESENCIAL (FIN DE SEMANA),GUATEMALA SUR
00-12-0154-45,01-99-0154,CIUDAD CAPITAL,ZONA 12,INSTITUTO DE EDUCACION A DISTANCIA LA ESCUELA EN SU CASA,"21A. AVENIDA 33-58,COLONIA SANTA ELISA",23873100,BYRON FERNANDO BÁMACA DE LA CRUZ,ISABEL CRISTINA BALCAZAR VÁSQUEZ,BASICO,PRIVADO,URBANA,ABIERTA,MONOLINGUE,SIN JORNADA,A DISTANCIA,GUATEMALA SUR
00-12-0155-46,01-99-0154,CIUDAD CAPITAL,ZONA 12,INSTITUTO DE EDUCACION A DISTANCIA LA ESCUELA EN SU CASA,"21A. AVENIDA 33-58,COLONIA SANTA ELISA",23575200,BYRON FERNANDO BÁMACA DE LA CRUZ,ISABEL CRISTINA BALCAZAR VÁSQUEZ,DIVERSIFICADO,PRIVADO,URBANA,ABIERTA,MONOLINGUE,SIN JORNADA,A DISTANCIA,GUATEMALA SUR
00-12-0156-46,01-99-0154,CIUDAD CAPITAL,ZONA 12,COLEGIO IMB-PC,CALZADA AGUILAR BATRES 29-41 Y 1A. AVENIDA 29-26 COLONIA EL CARMEN,23045800,BYRON FERNANDO BÁMACA DE LA CRUZ,YASLIN MARLENI RODRIGUEZ ESTEBAN,DIVERSIFICADO,PRIVADO,URBANA,ABIERTA,MONOLINGUE,SIN JORNADA,SEMIPRESENCIAL (FIN DE SEMANA),GUATEMALA SUR
00-12-0157-45,01-99-0154,CIUDAD CAPITAL,ZONA 12,"COLEGIO MIXTO ""CIENCIA Y ARTE""",8A. CALLE 16-30 ZONA 12,24755455,BYRON FERNANDO BÁMACA DE LA CRUZ,ROSIDALIA MARMITA OROZCO OROZCO,BASICO,PRIVADO,URBANA,ABIERTA,MONOLINGUE,SIN JORNADA,SEMIPRESENCIAL (UN DÍA A LA SEMANA),GUATEMALA SUR
00-12-0158-46,01-99-0154,CIUDAD CAPITAL,ZONA 12,"COLEGIO MIXTO ""CIENCIA Y ARTE""",8A. CALLE 16-30 ZONA 12,24755455,BYRON FERNANDO BÁMACA DE LA CRUZ,ROSIDALIA MARMITA OROZCO OROZCO,DIVERSIFICADO,PRIVADO,URBANA,ABIERTA,MONOLINGUE,SIN JORNADA,SEMIPRESENCIAL (UN DÍA A LA SEMANA),GUATEMALA SUR
00-12-0159-45,01-99-0154,CIUDAD CAPITAL,ZONA 12,LICEO COMPUTEX,"5A. AVENIDA 21-77, LA REFORMITA",22142346,BYRON FERNANDO BÁMACA DE LA CRUZ,GENCIS YOHANA SOLÍS ORTIZ,BASICO,PRIVADO,URBANA,ABIERTA,MONOLINGUE,SIN JORNADA,SEMIPRESENCIAL (FIN DE SEMANA),GUATEMALA SUR
00-12-0160-46,01-99-0154,CIUDAD CAPITAL,ZONA 12,LICEO COMPUTEX,"5A. AVENIDA 21-77, LA REFORMITA",22142346,BYRON FERNANDO BÁMACA DE LA CRUZ,GENCIS YOHANA SOLÍS ORTIZ,DIVERSIFICADO,PRIVADO,URBANA,ABIERTA,MONOLINGUE,SIN JORNADA,SEMIPRESENCIAL (FIN DE SEMANA),GUATEMALA SUR
00-12-0161-46,01-01-0150,CIUDAD CAPITAL,ZONA 12,"INSTITUTO TÉCNICO VOCACIONAL PRIVADO ""EMILIANI""",31 CALLE 20-47 COLONIA SANTA ELISA,22967684,VICTORIA ENCARNACIÓN CASTRO CASTELLANOS,CLAUDIA JOHANA GARCÍA AGUILAR,DIVERSIFICADO,PRIVADO,URBANA,ABIERTA,MONOLINGUE,MATUTINA,DIARIO(REGULAR),GUATEMALA SUR
00-12-0162-43,01-210,CIUDAD CAPITAL,ZONA 12,LICEO NAZARENO,43A. CALLE 19-35 COLONIA LA COLINA,41419605,DINIZ ORALIA MORALES MUÑOZ,FRANCISCO  REVOLORIO LÓPEZ,PRIMARIA,PRIVADO,URBANA,ABIERTA,MONOLINGUE,MATUTINA,VIRTUAL A DISTANCIA,GUATEMALA SUR
00-12-0163-45,01-210,CIUDAD CAPITAL,ZONA 12,LICEO NAZARENO,43A. CALLE 19-35 COLONIA LA COLINA,41719605,DINIZ ORALIA MORALES MUÑOZ,FRANCISCO REVOLORIO LOPEZ,BASICO,PRIVADO,URBANA,ABIERTA,MONOLINGUE,MATUTINA,VIRTUAL A DISTANCIA,GUATEMALA SUR
00-12-0164-46,01-01-0150,CIUDAD CAPITAL,ZONA 12,LICEO NAZARENO,43A. CALLE 19-35 COLONIA LA COLINA,41719605,VICTORIA ENCARNACIÓN CASTRO CASTELLANOS,FRANCISCO  REVOLORIO LÓPEZ,DIVERSIFICADO,PRIVADO,URBANA,ABIERTA,MONOLINGUE,MATUTINA,VIRTUAL A DISTANCIA,GUATEMALA SUR
00-12-0165-46,01-99-0154,CIUDAD CAPITAL,ZONA 12,LICEO NAZARENO,43A. CALLE 19-35 COLONIA LA COLINA,41719605,BYRON FERNANDO BÁMACA DE LA CRUZ,FRANCISCO REVOLORIO LOPEZ,DIVERSIFICADO,PRIVADO,URBANA,ABIERTA,MONOLINGUE,VESPERTINA,VIRTUAL A DISTANCIA,GUATEMALA SUR
00-12-0166-46,01-210,CIUDAD CAPITAL,ZONA 12,LICEO NAZARENO,43A. CALLE 19-35 COLONIA LA COLINA,41719605,DINIZ ORALIA MORALES MUÑOZ,FRANCISCO REVOLORIO LOPEZ,DIVERSIFICADO,PRIVADO,URBANA,ABIERTA,MONOLINGUE,DOBLE,VIRTUAL A DISTANCIA,GUATEMALA SUR
00-12-0167-46,01-641,CIUDAD CAPITAL,ZONA 12,COLEGIO MIXTO VALLE REAL,11A. AVENIDA 30-63 COLONIA SANTA ROSA II,24422030,MILTON ALONSO ALVAREZ FUENTES,GLADYS GENOVEVA TEJEDA SOLARES DE RODAS,DIVERSIFICADO,PRIVADO,URBANA,ABIERTA,MONOLINGUE,DOBLE,FIN DE SEMANA,GUATEMALA SUR
00-12-0168-46,01-210,CIUDAD CAPITAL,ZONA 12,"INED  INSTITUTO NACIONAL DE EDUCACIÓN DIVERSIFICADA, METROPOLITANO DEL SUR NO.2",29 AVE 18-18 ZONA 12 COLOCNIA MILLES ROCK,55108160,DINIZ ORALIA MORALES MUÑOZ,,DIVERSIFICADO,OFICIAL,URBANA,TEMPORAL NOMBRAMIENTO,MONOLINGUE,MATUTINA,DIARIO(REGULAR),GUATEMALA SUR
00-12-0169-46,01-01-0150,CIUDAD CAPITAL,ZONA 12,"INED  INSTITUTO NACIONAL DE EDUCACIÓN DIVERSIFICADA, METROPOLITANO DEL SUR NO.2",29 AVE 18-18 ZONA 12 COLOCNIA MILLES ROCK,34664844,VICTORIA ENCARNACIÓN CASTRO CASTELLANOS,,DIVERSIFICADO,OFICIAL,URBANA,ABIERTA,MONOLINGUE,MATUTINA,DIARIO(REGULAR),GUATEMALA SUR
00-12-0170-46,01-99-0154,CIUDAD CAPITAL,ZONA 12,INSTITUTO NACIONAL DE EDUCACION DIVERSIFICADA,6A. CALLE 3-47 ZONA 12 CIUDAD REAL II,24794259,BYRON FERNANDO BÁMACA DE LA CRUZ,VERÓNICA MARÍA AGUILAR POSADAS,DIVERSIFICADO,OFICIAL,URBANA,ABIERTA,MONOLINGUE,NOCTURNA,DIARIO(REGULAR),GUATEMALA SUR
00-12-0171-46,01-99-0154,CIUDAD CAPITAL,ZONA 12,INSTITUTO NACIONAL DE EDUCACION DIVERSIFICADA,6A. CALLE 3-47 ZONA 12 CIUDAD REAL II,24794259,BYRON FERNANDO BÁMACA DE LA CRUZ,VERÓNICA MARÍA AGUILAR POSADAS,DIVERSIFICADO,OFICIAL,URBANA,ABIERTA,MONOLINGUE,NOCTURNA,DIARIO(REGULAR),GUATEMALA SUR
00-12-0172-43,01-99-0151,CIUDAD CAPITAL,ZONA 12,COLEGIO REY CARLOS II,11 AVENIDA 31-80 ZONA 12 UNIVERSIDAD SAN CARLOS DE GUATEMALA,24189514,MARÍA EUGENIA LOBOS ELÍAS,SKARLET AMÉRICA BONILLA VARGAS,PRIMARIA,PRIVADO,URBANA,ABIERTA,MONOLINGUE,MATUTINA,DIARIO(REGULAR),GUATEMALA SUR
00-12-0173-46,,CIUDAD CAPITAL,ZONA 12,"PROGRAMA NACIONAL DE EDUCACIÓN ALTERNATIVA, PRONEA, SEDE 2",AVENIDA PETAPA 47-79 ZONA 12 CENTRO COMERCIAL PLAZA GRECIA,24628723,,MAYRA ARACELY MARTÍNEZ Y MARTÍNEZ,DIVERSIFICADO,OFICIAL,URBANA,ABIERTA,MONOLINGUE,DOBLE,A DISTANCIA,GUATEMALA SUR
00-12-0174-45,,CIUDAD CAPITAL,ZONA 12,"PROGRAMA NACIONAL DE EDUCACIÓN ALTERNATIVA, PRONEA, SEDE 2",AVENIDA PETAPA 47-79 ZONA 12 CENTRO COMERCIAL PLAZA GRECIA,24628723,,MAYRA ARACELY MARTÍNEZ Y MARTÍNEZ,BASICO,OFICIAL,URBANA,ABIERTA,MONOLINGUE,SIN JORNADA,A DISTANCIA,GUATEMALA SUR
00-12-0863-42,01-01-0150,CIUDAD CAPITAL,ZONA 12,EODP NO.45 'FUERZA AEREA GUATEMALTECA',29 AVE. 18-18 COLONIA MILLER ROCK,24727674,VICTORIA ENCARNACIÓN CASTRO CASTELLANOS,LUCRECIA  MACZ HERNANDEZ,PARVULOS,OFICIAL,URBANA,ABIERTA,MONOLINGUE,MATUTINA,DIARIO(REGULAR),GUATEMALA SUR
00-12-0864-42,01-01-0150,CIUDAD CAPITAL,ZONA 12,EODP NO.11 MARIA CHINCHILLA,BOULEVARD LIBERACION 13-19,22419594,VICTORIA ENCARNACIÓN CASTRO CASTELLANOS,GLORIBELLA IXCHEL LÓPEZ PINEDA,PARVULOS,OFICIAL,URBANA,ABIERTA,MONOLINGUE,MATUTINA,DIARIO(REGULAR),GUATEMALA SUR
00-12-0865-42,,CIUDAD CAPITAL,ZONA 12,COLEGIO 'NUEVOS HORIZONTES EDUCACION ESPECIAL',22 AVE. 34-80 COLONIA SANTA ELISA ZONA 12,,,,PARVULOS,PRIVADO,URBANA,CERRADA DEFINITIVAMENTE,MONOLINGUE,MATUTINA,DIARIO(REGULAR),GUATEMALA SUR
00-12-0866-42,,CIUDAD CAPITAL,ZONA 12,EPDP 'ASI ES MI MUNDO',29 CALLE 1-56 ZONA 12,,,,PARVULOS,PRIVADO,URBANA,CERRADA DEFINITIVAMENTE,MONOLINGUE,MATUTINA,DIARIO(REGULAR),GUATEMALA SUR
00-12-0869-42,01-211,CIUDAD CAPITAL,ZONA 12,"LICEO MIXTO ""JUAN APOSTOL""",4A. AVENIDA 11-52,24712442,ADRIANA FABIOLA BOLAÑOS ESTRADA,MAURI LUCÍA PÉREZ IXCAYA,PARVULOS,PRIVADO,URBANA,CERRADA TEMPORALMENTE,MONOLINGUE,MATUTINA,DIARIO(REGULAR),GUATEMALA SUR
00-12-0870-42,01-210,CIUDAD CAPITAL,ZONA 12,COLEGIO MIXTO BILINGUE  FREDA PETERSON,FINAL ANILLO PERIFERICO 2-78,24764534,DINIZ ORALIA MORALES MUÑOZ,ESPERANZA OFELIA HERNÁNDEZ TÓRTOLA,PARVULOS,PRIVADO,URBANA,ABIERTA,MONOLINGUE,MATUTINA,DIARIO(REGULAR),GUATEMALA SUR
00-12-0871-42,01-99-0151,CIUDAD CAPITAL,ZONA 12,"COLEGIO PARROQUIAL ""PADRE ELOY SUAREZ COBIAN""",26 CALLE 7-10,24770712,MARÍA EUGENIA LOBOS ELÍAS,BLANDINA MIREYA ORÓZCO CASTILLO,PARVULOS,PRIVADO,URBANA,ABIERTA,MONOLINGUE,MATUTINA,DIARIO(REGULAR),GUATEMALA SUR
00-12-0872-42,01-01-0150,CIUDAD CAPITAL,ZONA 12,COLEGIO PRIVADO '12 DE OCTUBRE',10 AVENIDA 15-71,24730788,VICTORIA ENCARNACIÓN CASTRO CASTELLANOS,JENIFFER JOHANA POL AVENDAÑO,PARVULOS,PRIVADO,URBANA,ABIERTA,MONOLINGUE,MATUTINA,DIARIO(REGULAR),GUATEMALA SUR
00-12-0873-42,,CIUDAD CAPITAL,ZONA 12,EPDP ANEXA A COLEGIO MIXTO 'LOS CEDROS',49 CALLE 25-90 COLONIA LOS CEDROS ZONA 12,,,,PARVULOS,PRIVADO,URBANA,CERRADA TEMPORALMENTE,MONOLINGUE,MATUTINA,DIARIO(REGULAR),GUATEMALA SUR
00-12-0874-42,,CIUDAD CAPITAL,ZONA 12,EPDP ANEXA A 'JARDIN INFANTIL GUATEMALA',AVE. PETAPA 50-20 ZONA 12,,,,PARVULOS,PRIVADO,URBANA,CERRADA DEFINITIVAMENTE,MONOLINGUE,MATUTINA,DIARIO(REGULAR),GUATEMALA SUR
00-12-0875-42,01-211,CIUDAD CAPITAL,ZONA 12,EPDP ANEXA A COLEGIO MIXTO 'CIENCIA Y ARTE',8A CALLE 16-30 ZONA 12,24722245,ADRIANA FABIOLA BOLAÑOS ESTRADA,,PARVULOS,PRIVADO,URBANA,CERRADA DEFINITIVAMENTE,MONOLINGUE,MATUTINA,DIARIO(REGULAR),GUATEMALA SUR
00-12-0876-42,01-01-0150,CIUDAD CAPITAL,ZONA 12,"COLEGIO  MIXTO  ""EMAUS""",3A AVENIDA 26-83 COLONIA LA REFORMITA,24762754,VICTORIA ENCARNACIÓN CASTRO CASTELLANOS,ENMA ORQUÍDEA PRADO GARCÍA,PARVULOS,PRIVADO,URBANA,ABIERTA,MONOLINGUE,MATUTINA,DIARIO(REGULAR),GUATEMALA SUR
00-12-0877-42,01-01-0150,CIUDAD CAPITAL,ZONA 12,COLEGIO NUESTRA SEÑORA DE LOS ANGELES SANTA ELISA,48 CALLE 17-60,22171200,VICTORIA ENCARNACIÓN CASTRO CASTELLANOS,EDITH DEL CARMEN OLIVA FLORES,PARVULOS,PRIVADO,URBANA,ABIERTA,MONOLINGUE,MATUTINA,DIARIO(REGULAR),GUATEMALA SUR
00-12-0878-42,01-99-0151,CIUDAD CAPITAL,ZONA 12,COLEGIO MIXTO VALLE REAL,"11A. AVENIDA 30-63, ZONA 12, SANTA ROSA II",24422030,MARÍA EUGENIA LOBOS ELÍAS,GLADYS GENOVEVA TEJEDA SOLARES,PARVULOS,PRIVADO,URBANA,ABIERTA,MONOLINGUE,MATUTINA,DIARIO(REGULAR),GUATEMALA SUR
00-12-0879-42,01-210,CIUDAD CAPITAL,ZONA 12,EPDP ANEXA A ESCUELA CRISTIANA JEHOVA SHALOM,17 AVENIDA 50-51,24792057,DINIZ ORALIA MORALES MUÑOZ,,PARVULOS,PRIVADO,URBANA,CERRADA DEFINITIVAMENTE,MONOLINGUE,MATUTINA,DIARIO(REGULAR),GUATEMALA SUR
00-12-0880-43,01-01-0150,CIUDAD CAPITAL,ZONA 12,EOUV NO.74 ORDEN DE MALTA,29 AVENIDA 18-18,42583308,VICTORIA ENCARNACIÓN CASTRO CASTELLANOS,ANA MARÍA ARROYAVE GARCÍA,PRIMARIA,OFICIAL,URBANA,ABIERTA,MONOLINGUE,VESPERTINA,DIARIO(REGULAR),GUATEMALA SUR
00-12-0881-43,01-01-0150,CIUDAD CAPITAL,ZONA 12,EOUM NO.75 FUERZA AEREA GUATEMALTECA,29 AVENIDA 18-18,36358868,VICTORIA ENCARNACIÓN CASTRO CASTELLANOS,LILIAN JEANNETTE URBINA LÓPEZ,PRIMARIA,OFICIAL,URBANA,ABIERTA,MONOLINGUE,MATUTINA,DIARIO(REGULAR),GUATEMALA SUR
00-12-0882-43,01-01-0150,CIUDAD CAPITAL,ZONA 12,EOUM NO.127 EUREKA,46 CALLE Y AVENIDA PETAPA,24774803,VICTORIA ENCARNACIÓN CASTRO CASTELLANOS,INGRID ADELAIDA MARTINEZ CORONADO,PRIMARIA,OFICIAL,URBANA,ABIERTA,MONOLINGUE,MATUTINA,DIARIO(REGULAR),GUATEMALA SUR
00-12-0883-43,01-01-0150,CIUDAD CAPITAL,ZONA 12,COLEGIO NUESTRA SEÑORA DE LOS ANGELES (SANTA ELISA),48 CALLE 17-60,22171200,VICTORIA ENCARNACIÓN CASTRO CASTELLANOS,EDITH DEL CARMEN OLIVA FLORES,PRIMARIA,PRIVADO,URBANA,ABIERTA,MONOLINGUE,MATUTINA,DIARIO(REGULAR),GUATEMALA SUR
00-12-0884-43,01-210,CIUDAD CAPITAL,ZONA 12,EPUM ESCUELA CRISTIANA JEHOVA SHALOM,17 AVENIDA 52-54,24792057,DINIZ ORALIA MORALES MUÑOZ,,PRIMARIA,PRIVADO,URBANA,CERRADA DEFINITIVAMENTE,MONOLINGUE,MATUTINA,DIARIO(REGULAR),GUATEMALA SUR
00-12-0886-43,01-211,CIUDAD CAPITAL,ZONA 12,"LICEO MIXTO ""JUAN APOSTOL""",4A. AVENIDA 11-52,24712442,ADRIANA FABIOLA BOLAÑOS ESTRADA,ANA DEL ROSARIO DÍAZ NAVAS,PRIMARIA,PRIVADO,URBANA,CERRADA TEMPORALMENTE,MONOLINGUE,MATUTINA,DIARIO(REGULAR),GUATEMALA SUR
00-12-0887-43,,CIUDAD CAPITAL,ZONA 12,EPUM 'JARDIN INFANTIL GUATEMALA',AVE. PETAPA 50-20 ZONA 12,,,,PRIMARIA,PRIVADO,URBANA,CERRADA DEFINITIVAMENTE,MONOLINGUE,MATUTINA,DIARIO(REGULAR),GUATEMALA SUR
00-12-0888-43,,CIUDAD CAPITAL,ZONA 12,COLEGIO 'LOS CEDROS',49 CALLE 25-90 COLONIA LOS CEDROS ZONA 12,,,,PRIMARIA,PRIVADO,URBANA,CERRADA DEFINITIVAMENTE,MONOLINGUE,MATUTINA,DIARIO(REGULAR),GUATEMALA SUR
00-12-0889-43,01-01-0150,CIUDAD CAPITAL,ZONA 12,"COLEGIO MIXTO ""EMAUS""",3A. AVENIDA 26-83 COLONIA LA REFORMITA,24762754,VICTORIA ENCARNACIÓN CASTRO CASTELLANOS,SILVIA MICHELLE PÉREZ ESQUITE,PRIMARIA,PRIVADO,URBANA,ABIERTA,MONOLINGUE,MATUTINA,DIARIO(REGULAR),GUATEMALA SUR
00-12-0890-43,01-210,CIUDAD CAPITAL,ZONA 12,COLEGIO BILINGUE  FREDA PETERSON,FINAL ANILLO PERIFERICO 2-78,24764534,DINIZ ORALIA MORALES MUÑOZ,ESPERANZA OFELIA HERNÁNDEZ TÓRTOLA,PRIMARIA,PRIVADO,URBANA,ABIERTA,MONOLINGUE,MATUTINA,DIARIO(REGULAR),GUATEMALA SUR
00-12-0891-43,01-99-0151,CIUDAD CAPITAL,ZONA 12,COLEGIO MIXTO VALLE REAL,"11A. AVENIDA 30-63, ZONA 12, SANTA ROSA II",24422030,MARÍA EUGENIA LOBOS ELÍAS,GLADYS GENOVEVA TEJEDA SOLARES,PRIMARIA,PRIVADO,URBANA,ABIERTA,MONOLINGUE,MATUTINA,DIARIO(REGULAR),GUATEMALA SUR
00-12-0892-43,01-501,CIUDAD CAPITAL,ZONA 12,COLEGIO 'CIENCIA Y ARTE',2A AV. 2-50 ZONA 13,24720008,JULIO JACOBO GIL URBINA,,PRIMARIA,PRIVADO,URBANA,CERRADA DEFINITIVAMENTE,MONOLINGUE,MATUTINA,DIARIO(REGULAR),GUATEMALA SUR
00-12-0894-43,01-99-0151,CIUDAD CAPITAL,ZONA 12,COLEGIO PARROQUIAL  ELOY SUAREZ COBIAN,26 CALLE 7-10,24770712,MARÍA EUGENIA LOBOS ELÍAS,MASSIEL  ZAVALA CASTRO,PRIMARIA,PRIVADO,URBANA,ABIERTA,MONOLINGUE,MATUTINA,DIARIO(REGULAR),GUATEMALA SUR
00-12-0895-43,01-01-0150,CIUDAD CAPITAL,ZONA 12,COLEGIO PRIVADO  '12 DE OCTUBRE',10A. AVENIDA 15-71,24730788,VICTORIA ENCARNACIÓN CASTRO CASTELLANOS,ANDREA NINETH LOPEZ ORANTES,PRIMARIA,PRIVADO,URBANA,ABIERTA,MONOLINGUE,MATUTINA,DIARIO(REGULAR),GUATEMALA SUR
00-12-0896-44,,CIUDAD CAPITAL,ZONA 12,EOPA 'AMADO LOPEZ ORTIZ',"CIUDAD UNIVERSITARIA ZONA 12, GUATEMALA",,,,PRIMARIA DE ADULTOS,OFICIAL,URBANA,CERRADA DEFINITIVAMENTE,MONOLINGUE,NOCTURNA,DIARIO(REGULAR),GUATEMALA SUR
00-12-0897-44,01-99-0154,CIUDAD CAPITAL,ZONA 12,EOPA NO. 18 CARMEN YDIGORAS FUENTES,13 AVENIDA 24-00,42693610,BYRON FERNANDO BÁMACA DE LA CRUZ,BILLBY JANNETH GRAMAJO DE LEÓN,PRIMARIA DE ADULTOS,OFICIAL,URBANA,ABIERTA,MONOLINGUE,NOCTURNA,DIARIO(REGULAR),GUATEMALA SUR
00-12-0898-44,01-99-0154,CIUDAD CAPITAL,ZONA 12,EOPA NO.19 FRAY PAYO ENRIQUEZ DE RIVERA,11 AVENIDA 12-08 LA REFORMITA,47652831,BYRON FERNANDO BÁMACA DE LA CRUZ,MIRNA NINETH DIMAS CASTELLANOS,PRIMARIA DE ADULTOS,OFICIAL,URBANA,ABIERTA,MONOLINGUE,NOCTURNA,DIARIO(REGULAR),GUATEMALA SUR
00-12-0899-44,01-99-0154,CIUDAD CAPITAL,ZONA 12,EOPA NO.17  7 DE MAYO DE 1948,BOULEVARD LIBERACION PAMPLONA,59685909,BYRON FERNANDO BÁMACA DE LA CRUZ,RAÚL LEONEL MAZARIEGOS ARIZANDIETA,PRIMARIA DE ADULTOS,OFICIAL,URBANA,ABIERTA,MONOLINGUE,NOCTURNA,DIARIO(REGULAR),GUATEMALA SUR
00-12-0900-45,01-01-0150,CIUDAD CAPITAL,ZONA 12,"ESCUELA DE APLICACION JM, "" DR. CARLOS MARTÍNEZ DURÁN """,AVENIDA PETAPA Y 32 CALLE,24424115,VICTORIA ENCARNACIÓN CASTRO CASTELLANOS,SANDRA JEANNETTE BALDIZÓN DÍAZ,BASICO,OFICIAL,URBANA,ABIERTA,MONOLINGUE,MATUTINA,DIARIO(REGULAR),GUATEMALA SUR
00-12-0901-45,01-01-0150,CIUDAD CAPITAL,ZONA 12,COLEGIO  NUESTRA SEÑORA DE LOS ANGELES  (SANTA ELISA),48 CALLE 17-60,22171200,VICTORIA ENCARNACIÓN CASTRO CASTELLANOS,EDITH DEL CARMEN OLIVA FLORES,BASICO,PRIVADO,URBANA,ABIERTA,MONOLINGUE,MATUTINA,DIARIO(REGULAR),GUATEMALA SUR
00-12-0902-45,01-210,CIUDAD CAPITAL,ZONA 12,IPMB ESCUELA CRISTIANA 'JEHOVA SHALOM',17 AVENIDA 52-54,24792057,DINIZ ORALIA MORALES MUÑOZ,,BASICO,PRIVADO,URBANA,CERRADA DEFINITIVAMENTE,MONOLINGUE,MATUTINA,DIARIO(REGULAR),GUATEMALA SUR
00-12-0902-46,01-210,CIUDAD CAPITAL,ZONA 12,ESCUELA JEHOVA SHALOM,17 AVE. 52-54,24774956,DINIZ ORALIA MORALES MUÑOZ,,DIVERSIFICADO,PRIVADO,URBANA,CERRADA DEFINITIVAMENTE,MONOLINGUE,MATUTINA,DIARIO(REGULAR),GUATEMALA SUR
00-12-0903-45,01-01-0150,CIUDAD CAPITAL,ZONA 12,"COLEGIO MIXTO ""EMAUS""",3A. AVENIDA 26-83 COLONIA LA REFORMITA,24762754,VICTORIA ENCARNACIÓN CASTRO CASTELLANOS,ENMA ORQUÍDEA PRADO GARCÍA,BASICO,PRIVADO,URBANA,ABIERTA,MONOLINGUE,MATUTINA,DIARIO(REGULAR),GUATEMALA SUR
00-12-0905-45,01-211,CIUDAD CAPITAL,ZONA 12,"LICEO MIXTO ""JUAN APOSTOL""",4A. AVENIDA 11-52,24712442,ADRIANA FABIOLA BOLAÑOS ESTRADA,MAURI LUCÍA PÉREZ IXCAYÁ,BASICO,PRIVADO,URBANA,CERRADA TEMPORALMENTE,MONOLINGUE,VESPERTINA,DIARIO(REGULAR),GUATEMALA SUR
00-12-0906-46,01-01-0150,CIUDAD CAPITAL,ZONA 12,INSTITUTO TECNICO DIVERSIFICADO DE BACHILLERATO EN CONSTRUCCION,AVE. PETAPA Y 32 CALLE,24765745,VICTORIA ENCARNACIÓN CASTRO CASTELLANOS,LUIS ALBERTO REYES AGUILAR,DIVERSIFICADO,OFICIAL,URBANA,ABIERTA,MONOLINGUE,VESPERTINA,DIARIO(REGULAR),GUATEMALA SUR
00-12-0907-45,01-01-0150,CIUDAD CAPITAL,ZONA 12,COLEGIO MIXTO CIENCIA Y ARTE,8A CALLE 16-30,24755456,VICTORIA ENCARNACIÓN CASTRO CASTELLANOS,ROSIDALIA MARMITA OROZCO OROZCO,BASICO,PRIVADO,URBANA,ABIERTA,MONOLINGUE,MATUTINA,DIARIO(REGULAR),GUATEMALA SUR
00-12-0907-46,01-01-0150,CIUDAD CAPITAL,ZONA 12,COLEGIO MIXTO CIENCIA Y ARTE,8A CALLE 16-30,24755456,VICTORIA ENCARNACIÓN CASTRO CASTELLANOS,ROSIDALIA MARMITA OROZCO OROZCO,DIVERSIFICADO,PRIVADO,URBANA,ABIERTA,MONOLINGUE,MATUTINA,DIARIO(REGULAR),GUATEMALA SUR
00-12-0908-45,01-210,CIUDAD CAPITAL,ZONA 12,IPMB COLEGIO 'FREDA PETERSON',FINAL ANILLO PERIFERICO 2-78,24764534,DINIZ ORALIA MORALES MUÑOZ,,BASICO,PRIVADO,URBANA,CERRADA TEMPORALMENTE,MONOLINGUE,MATUTINA,DIARIO(REGULAR),GUATEMALA SUR
00-12-0908-46,01-210,CIUDAD CAPITAL,ZONA 12,INSTITUTO PRIVADO MIXTO DE EDUCACION DIVERSIFICADA COLEGIO FREDA PETERSON,FINAL ANILLO PERIFERICO 2-78,24764534,DINIZ ORALIA MORALES MUÑOZ,,DIVERSIFICADO,PRIVADO,URBANA,TEMPORAL TITULOS,MONOLINGUE,MATUTINA,DIARIO(REGULAR),GUATEMALA SUR
00-12-0909-45,01-01-0150,CIUDAD CAPITAL,ZONA 12,COLEGIO PRIVADO MIXTO '12 DE OCTUBRE',10A. AVENIDA 15-71,23489642,VICTORIA ENCARNACIÓN CASTRO CASTELLANOS,HUGO VALDEMAR CIFUENTES SALGUERO,BASICO,PRIVADO,URBANA,ABIERTA,MONOLINGUE,MATUTINA,DIARIO(REGULAR),GUATEMALA SUR
00-12-0909-46,,CIUDAD CAPITAL,ZONA 12,INSTITUTO PRIVADO MIXTO DE EDUCACION DIVERSIFICADA COLEGIO 'FRANCISCANO 12 DE OCTUBRE',10A AVE. 15-71 ZONA 12,,,,DIVERSIFICADO,PRIVADO,URBANA,CERRADA DEFINITIVAMENTE,MONOLINGUE,MATUTINA,DIARIO(REGULAR),GUATEMALA SUR
00-12-0910-45,01-210,CIUDAD CAPITAL,ZONA 12,INSTITUTO PRIVADO TECNICO MIXTO MARCO POLO,AVE. PETAPA 48-24,24775133,DINIZ ORALIA MORALES MUÑOZ,,BASICO,PRIVADO,URBANA,CERRADA DEFINITIVAMENTE,MONOLINGUE,MATUTINA,DIARIO(REGULAR),GUATEMALA SUR
00-12-0910-46,01-210,CIUDAD CAPITAL,ZONA 12,INSTITUTO PRIVADO MIXTO DE EDUCACION DIVERSIFICADA TECNICO  MARCO POLO,AVE. PETAPA 48-24,,DINIZ ORALIA MORALES MUÑOZ,-----,DIVERSIFICADO,PRIVADO,URBANA,CERRADA DEFINITIVAMENTE,MONOLINGUE,MATUTINA,DIARIO(REGULAR),GUATEMALA SUR
00-12-0911-45,01-01-0150,CIUDAD CAPITAL,ZONA 12,COLEGIO MIXTO CIENCIA Y ARTE,8A CALLE 16-30,24755456,VICTORIA ENCARNACIÓN CASTRO CASTELLANOS,ROSIDALIA MARMITA OROZCO OROZCO,BASICO,PRIVADO,URBANA,ABIERTA,MONOLINGUE,VESPERTINA,DIARIO(REGULAR),GUATEMALA SUR
00-12-0911-46,01-01-0150,CIUDAD CAPITAL,ZONA 12,COLEGIO MIXTO CIENCIA Y ARTE,8A CALLE 16-30 ZONA 12,24755456,VICTORIA ENCARNACIÓN CASTRO CASTELLANOS,ROSIDALIA MARMITA OROZCO OROZCO,DIVERSIFICADO,PRIVADO,URBANA,ABIERTA,MONOLINGUE,VESPERTINA,DIARIO(REGULAR),GUATEMALA SUR
00-12-0912-45,01-641,CIUDAD CAPITAL,ZONA 12,"INSTITUTO NACIONAL DE EDUCACION BASICA Y BACHILLERATO EN CIENCIAS Y LETRAS POR MADUREZ ""LICDA. MATILDE ROUGE""",BOULEVARD LIBERACIÓN 13-19,24424265,MILTON ALONSO ALVAREZ FUENTES,JUAN LUIS PUAC SAJCHE,BASICO,OFICIAL,URBANA,CERRADA TEMPORALMENTE,MONOLINGUE,NOCTURNA,DIARIO(REGULAR),GUATEMALA SUR
00-12-0912-46,01-641,CIUDAD CAPITAL,ZONA 12,"INSTITUTO NACIONAL DE EDUCACION BASICA Y BACHILLERATO EN CIENCIAS Y LETRAS POR MADUREZ ""LICDA. MATILDE ROUGE""",BOULEVARD LIBERACIÓN 13-19,44652813,MILTON ALONSO ALVAREZ FUENTES,JUAN LUIS PUAC SAJCHE,DIVERSIFICADO,OFICIAL,URBANA,CERRADA TEMPORALMENTE,MONOLINGUE,NOCTURNA,DIARIO(REGULAR),GUATEMALA SUR
00-12-1231-43,01-208,CIUDAD CAPITAL,ZONA 12,COLEGIO MIXTO 'JUAN MARCOS',8a. CALLE 3-75 ZONA 12 COLONIA GUAJITOS,,LILIAN NINETH TEOS REYES,,PRIMARIA,PRIVADO,URBANA,CERRADA DEFINITIVAMENTE,MONOLINGUE,MATUTINA,DIARIO(REGULAR),GUATEMALA SUR
00-12-1235-43,,CIUDAD CAPITAL,ZONA 12,CENTRO EDUCATIVO 'GENESIS',2da. CALLE 2-25 COL. GUAJITOS ZONA 12,,,,PRIMARIA,PRIVADO,RURAL,CERRADA DEFINITIVAMENTE,MONOLINGUE,MATUTINA,DIARIO(REGULAR),GUATEMALA SUR
00-12-2171-45,,CIUDAD CAPITAL,ZONA 12,IPMB CENTRO EDUCATIVO 'DIDAKHE',26 CALLE 7-10 ZONA 12,,,,BASICO,PRIVADO,URBANA,CERRADA DEFINITIVAMENTE,MONOLINGUE,VESPERTINA,DIARIO(REGULAR),GUATEMALA SUR
00-12-2273-42,,CIUDAD CAPITAL,ZONA 12,EPDP ANEXA A CENTRO DE EDUCACION INTEGRAL 'AKANYA',16 AVE. 0-39 COLONIA MORSE ZONA 12,,,,PARVULOS,PRIVADO,URBANA,CERRADA DEFINITIVAMENTE,MONOLINGUE,MATUTINA,DIARIO(REGULAR),GUATEMALA SUR
00-12-2274-42,01-211,CIUDAD CAPITAL,ZONA 12,EPDP ANEXA A 'LICEO LOURDES MARIA',16 AVE. 5-59,24721619,ADRIANA FABIOLA BOLAÑOS ESTRADA,,PARVULOS,PRIVADO,URBANA,CERRADA TEMPORALMENTE,MONOLINGUE,MATUTINA,DIARIO(REGULAR),GUATEMALA SUR
00-12-2276-42,,CIUDAD CAPITAL,ZONA 12,EOUV TIPO FEDERACION 'JOSE JOAQUIN PALMA',"BOULEVARD LIBERACION ZONA 12, GUATEMALA",24723455,,,PARVULOS,OFICIAL,URBANA,CERRADA DEFINITIVAMENTE,MONOLINGUE,VESPERTINA,DIARIO(REGULAR),GUATEMALA SUR
00-12-2276-43,01-01-0150,CIUDAD CAPITAL,ZONA 12,EOUM TIPO FEDERACION JOSE JOAQUIN PALMA,BOULEVARD LIBERACION 13-19,41521075,VICTORIA ENCARNACIÓN CASTRO CASTELLANOS,JASMIN LIMAIRY PINEDA SALAZAR,PRIMARIA,OFICIAL,URBANA,ABIERTA,MONOLINGUE,VESPERTINA,DIARIO(REGULAR),GUATEMALA SUR
00-12-2277-43,01-01-0150,CIUDAD CAPITAL,ZONA 12,EOUM NO.36 JACOBO DE VILLAURRUTIA,"11 AVE. 12-08, COLONIA LA REFORMITA",24751243,VICTORIA ENCARNACIÓN CASTRO CASTELLANOS,FLORA FRANCÍSCA PÉREZ MORALES,PRIMARIA,OFICIAL,URBANA,ABIERTA,MONOLINGUE,MATUTINA,DIARIO(REGULAR),GUATEMALA SUR
00-12-2278-42,,CIUDAD CAPITAL,ZONA 12,EOUN TIPO FEDERACION 'JOSE JOAQUIN PALMA',BOULEVARD LIBERACION PAMPLONA ZONA 12,24723455,,,PARVULOS,OFICIAL,URBANA,CERRADA DEFINITIVAMENTE,MONOLINGUE,MATUTINA,DIARIO(REGULAR),GUATEMALA SUR
00-12-2278-43,01-01-0150,CIUDAD CAPITAL,ZONA 12,EOUM TIPO FEDERACION JOSE JOAQUIN PALMA,BOULEVARD LIBERACION 13-19,24454251,VICTORIA ENCARNACIÓN CASTRO CASTELLANOS,BETSY LORENA MEDINA DONADO,PRIMARIA,OFICIAL,URBANA,ABIERTA,MONOLINGUE,MATUTINA,DIARIO(REGULAR),GUATEMALA SUR
00-12-2279-43,01-99-0151,CIUDAD CAPITAL,ZONA 12,EOUM NO.64  PUERTO RICO,13 AVE. 24-00 COLONIA LA REFORMITA,24769361,MARÍA EUGENIA LOBOS ELÍAS,LISBETH ESMERALDA TOJ JUCUB,PRIMARIA,OFICIAL,URBANA,ABIERTA,MONOLINGUE,MATUTINA,DIARIO(REGULAR),GUATEMALA SUR
00-12-2280-43,,CIUDAD CAPITAL,ZONA 12,EOUN 'JOSE FELIPE FLORES',"21 CALLE 7-09 COLONIA MARISCAL ZONA 11, GUATEMALA",,,,PRIMARIA,OFICIAL,URBANA,CERRADA DEFINITIVAMENTE,MONOLINGUE,MATUTINA,DIARIO(REGULAR),GUATEMALA SUR
00-12-2281-43,01-01-0150,CIUDAD CAPITAL,ZONA 12,EOUN NO.66 'SUSANA ILLESCAS DE PALOMO',11 AVE. 12-08,24719879,VICTORIA ENCARNACIÓN CASTRO CASTELLANOS,ANDREA CELESTE HERNÁNDEZ ALMIREZ,PRIMARIA,OFICIAL,URBANA,ABIERTA,MONOLINGUE,VESPERTINA,DIARIO(REGULAR),GUATEMALA SUR
00-12-2282-43,01-99-0151,CIUDAD CAPITAL,ZONA 12,EOUM NO.67 LIC. RICARDO CASTAÑEDA PAGANINI,29 CALLE A 10-65 COLONIA EL BOSQUE,42173392,MARÍA EUGENIA LOBOS ELÍAS,JUANA FLORIBELA HERNÁNDEZ HERNÁNDEZ,PRIMARIA,OFICIAL,URBANA,ABIERTA,MONOLINGUE,MATUTINA,DIARIO(REGULAR),GUATEMALA SUR
00-12-2283-42,01-99-0151,CIUDAD CAPITAL,ZONA 12,EODP,ESCUELA NO. 67 LICENCIADO RICARDO CASTAÑEDA PAGANINI,24425099,MARÍA EUGENIA LOBOS ELÍAS,SANDRA SOLEDAD MALTEZ SARAVIA,PARVULOS,OFICIAL,URBANA,ABIERTA,MONOLINGUE,VESPERTINA,DIARIO(REGULAR),GUATEMALA SUR
00-12-2283-43,01-99-0151,CIUDAD CAPITAL,ZONA 12,EOUM NO.67 LIC. RICARDO CASTAÑEDA PAGANINI,13A. AVENIDA Y 24 CALLE 0-00,55348457,MARÍA EUGENIA LOBOS ELÍAS,SUSANA  XUYA MORALES,PRIMARIA,OFICIAL,URBANA,ABIERTA,MONOLINGUE,VESPERTINA,DIARIO(REGULAR),GUATEMALA SUR
00-12-2284-43,01-99-0151,CIUDAD CAPITAL,ZONA 12,EOUM NO.67 RICARDO CASTAÑEDA PAGANINI,29 CALLE A 10-65 COLONIA EL BOSQUE,24425099,MARÍA EUGENIA LOBOS ELÍAS,SANDRA SOLEDAD MALTEZ SARAVIA,PRIMARIA,OFICIAL,URBANA,ABIERTA,MONOLINGUE,VESPERTINA,DIARIO(REGULAR),GUATEMALA SUR
00-12-2285-43,01-211,CIUDAD CAPITAL,ZONA 12,EPUM 'LICEO LOURDES MARIA',16 AVE. 5-59,24721619,ADRIANA FABIOLA BOLAÑOS ESTRADA,,PRIMARIA,PRIVADO,URBANA,CERRADA TEMPORALMENTE,MONOLINGUE,MATUTINA,DIARIO(REGULAR),GUATEMALA SUR
00-12-2286-43,,CIUDAD CAPITAL,ZONA 12,EPUM CENTRO DE EDUCACION INTEGRAL 'AKANYA',16 AVE. 0-39 COLONIA MORSE ZONA 12,,,,PRIMARIA,PRIVADO,URBANA,CERRADA DEFINITIVAMENTE,MONOLINGUE,MATUTINA,DIARIO(REGULAR),GUATEMALA SUR
00-12-2301-42,,CIUDAD CAPITAL,ZONA 12,EODP ANEXA A ESCUELA RURAL MIXTA 'VILLALOBOS SUR',"ALDEA VILLALOBOS KM 14 CARRETERA AL PACIFICO, GUATEMALA",,,,PARVULOS,OFICIAL,RURAL,CERRADA DEFINITIVAMENTE,MONOLINGUE,MATUTINA,DIARIO(REGULAR),GUATEMALA SUR
00-12-2540-43,,CIUDAD CAPITAL,ZONA 12,COLEGIO MIXTO BILINGUE 'DECROLY',GUATEMALA,,,,PRIMARIA,PRIVADO,URBANA,CERRADA DEFINITIVAMENTE,MONOLINGUE,MATUTINA,DIARIO(REGULAR),GUATEMALA SUR
00-12-2542-46,01-01-0150,CIUDAD CAPITAL,ZONA 12,COLEGIO DE INFORMATICA IMB-PC NO 2,AVENIDA PETAPA 30-64,23043211,VICTORIA ENCARNACIÓN CASTRO CASTELLANOS,BRENDA FELICITA BOBADILLA ROCA,DIVERSIFICADO,PRIVADO,URBANA,ABIERTA,MONOLINGUE,MATUTINA,DIARIO(REGULAR),GUATEMALA SUR
00-12-2543-42,01-210,CIUDAD CAPITAL,ZONA 12,INSTITUTO PRIVADO TECNICO MIXTO MARCO POLO,AVE PETAPA 48-24,24775133,DINIZ ORALIA MORALES MUÑOZ,,PARVULOS,PRIVADO,URBANA,CERRADA DEFINITIVAMENTE,MONOLINGUE,MATUTINA,DIARIO(REGULAR),GUATEMALA SUR
00-12-2544-43,01-210,CIUDAD CAPITAL,ZONA 12,INSTUTO PRIVADO TECNICO MIXTO MARCO POLO,AVE PETAPA 48-24,24775133,DINIZ ORALIA MORALES MUÑOZ,,PRIMARIA,PRIVADO,URBANA,CERRADA DEFINITIVAMENTE,MONOLINGUE,MATUTINA,DIARIO(REGULAR),GUATEMALA SUR
00-12-2545-45,,CIUDAD CAPITAL,ZONA 12,IPMB 'COLEGIO MONTE REAL',AV PETAPA 24-51 ZONA 12,,,,BASICO,PRIVADO,URBANA,CERRADA DEFINITIVAMENTE,MONOLINGUE,MATUTINA,DIARIO(REGULAR),GUATEMALA SUR
00-12-2546-42,01-01-0150,CIUDAD CAPITAL,ZONA 12,EODP ANEXA A EOUN NO.36  JACOBO DE VILLAURRUTIA,"11 AVE. 12-08, COLONIA LA REFORMITA",24751243,VICTORIA ENCARNACIÓN CASTRO CASTELLANOS,FLORA FRANCÍSCA PÉREZ MORALES,PARVULOS,OFICIAL,URBANA,ABIERTA,MONOLINGUE,MATUTINA,DIARIO(REGULAR),GUATEMALA SUR
00-12-2547-42,01-99-0151,CIUDAD CAPITAL,ZONA 12,EODP ANEXA A EOUM NO.64  PUERTO RICO,"13 AVENIDA 24-00, COLONIA LA REFORMITA",24769361,MARÍA EUGENIA LOBOS ELÍAS,LISBETH ESMERALDA TOJ JUCUB,PARVULOS,OFICIAL,URBANA,ABIERTA,MONOLINGUE,MATUTINA,DIARIO(REGULAR),GUATEMALA SUR
00-12-2548-42,,CIUDAD CAPITAL,ZONA 12,'COLEGIO LA MONTAYA',29 CALLE 1-46 ZONA 12 COLONIA EL CARMEN,,,,PARVULOS,PRIVADO,URBANA,CERRADA DEFINITIVAMENTE,MONOLINGUE,MATUTINA,DIARIO(REGULAR),GUATEMALA SUR
00-12-2549-43,,CIUDAD CAPITAL,ZONA 12,'COLEGIO LA MONTAYA',29 CALLE 1-46 ZONA 12 COLONIA EL CARMEN,,,,PRIMARIA,PRIVADO,URBANA,CERRADA DEFINITIVAMENTE,MONOLINGUE,MATUTINA,DIARIO(REGULAR),GUATEMALA SUR
00-12-2552-42,,CIUDAD CAPITAL,ZONA 12,'LICEO BERNA GUATEMALTECO',3A AVE 29-10 ZONA 12 COLONIA EL CARMEN,,,,PARVULOS,PRIVADO,URBANA,CERRADA DEFINITIVAMENTE,MONOLINGUE,MATUTINA,DIARIO(REGULAR),GUATEMALA SUR
00-12-2552-45,,CIUDAD CAPITAL,ZONA 12,LICEO BERNA GUATEMALTECO,"3AV 29-10 ZONA 12, COL. 'EL CARMEN'",24762624,,,BASICO,PRIVADO,URBANA,CERRADA DEFINITIVAMENTE,MONOLINGUE,MATUTINA,DIARIO(REGULAR),GUATEMALA SUR
00-12-2553-43,,CIUDAD CAPITAL,ZONA 12,'LICEO BERNA GUATEMALTECO',3A AVE 29-10 ZONA 12 COLONIA EL CARMEN,,,,PRIMARIA,PRIVADO,URBANA,CERRADA DEFINITIVAMENTE,MONOLINGUE,MATUTINA,DIARIO(REGULAR),GUATEMALA SUR
00-12-2554-42,01-208,CIUDAD CAPITAL,ZONA 12,CENTRO COEDUCACIONAL ALFA SIGMA,4A AVE 5-27,24775299,LILIAN NINETH TEOS REYES,MARTA YOLANDA ALFARO MALDONADO,PARVULOS,PRIVADO,URBANA,ABIERTA,MONOLINGUE,MATUTINA,DIARIO(REGULAR),GUATEMALA SUR
00-12-2555-45,01-208,CIUDAD CAPITAL,ZONA 12,COLEGIO CENTRO COEDUCACIONAL ALFA SIGMA,4A AV 5-27,24775299,LILIAN NINETH TEOS REYES,MARTA YOLANDA ALFARO MALDONADO,BASICO,PRIVADO,URBANA,ABIERTA,MONOLINGUE,MATUTINA,DIARIO(REGULAR),GUATEMALA SUR
00-12-2790-46,01-,CIUDAD CAPITAL,ZONA 12,COLEGIO MIXTO 'CIENCIA Y ARTE',8A CALLE 16-30 ZONA 12,24715517,MARIA FELICITA ROQUE CARRERA,--,DIVERSIFICADO,PRIVADO,URBANA,CERRADA TEMPORALMENTE,MONOLINGUE,INTERMEDIA,DIARIO(REGULAR),GUATEMALA SUR
00-12-2832-42,,CIUDAD CAPITAL,ZONA 12,COLEGIO EVANGELICO MIXTO EJERCITO DE SALVACION,7 CALLE 5-42,,,,PARVULOS,PRIVADO,URBANA,CERRADA DEFINITIVAMENTE,MONOLINGUE,MATUTINA,DIARIO(REGULAR),GUATEMALA SUR
00-12-2853-43,,CIUDAD CAPITAL,ZONA 12,COLEGIO EVANGELICO MIXTO EJERCITO DE SALVACION,7 CALLE 5-42,,,,PRIMARIA,PRIVADO,URBANA,CERRADA DEFINITIVAMENTE,MONOLINGUE,MATUTINA,DIARIO(REGULAR),GUATEMALA SUR
00-12-2887-45,01-99-0151,CIUDAD CAPITAL,ZONA 12,COLEGIO MIXTO VALLE REAL,"11A. AVENIDA 30-63, ZONA 12, SANTA ROSA II",24422030,MARÍA EUGENIA LOBOS ELÍAS,GLADYS GENOVEVA TEJEDA SOLARES,BASICO,PRIVADO,URBANA,ABIERTA,MONOLINGUE,MATUTINA,DIARIO(REGULAR),GUATEMALA SUR
00-12-2888-45,01-406,CIUDAD CAPITAL,ZONA 12,COLEGIO MIXTO Y ACADEMIA HALDA,7A. AVENIDA 18-66,24733689,MIGUEL ALVARO RODRIGUEZ PORTILLO,,BASICO,PRIVADO,URBANA,CERRADA TEMPORALMENTE,MONOLINGUE,NOCTURNA,DIARIO(REGULAR),GUATEMALA SUR
00-12-2917-46,01-210,CIUDAD CAPITAL,ZONA 12,COLEGIO MIXTO Y ACADEMIA  HALDA,7A. AVENIDA 18-66 ZONA 12,24733689,DINIZ ORALIA MORALES MUÑOZ,,DIVERSIFICADO,PRIVADO,URBANA,CERRADA TEMPORALMENTE,MONOLINGUE,MATUTINA,DIARIO(REGULAR),GUATEMALA SUR
00-12-2942-43,01-208,CIUDAD CAPITAL,ZONA 12,COLEGIO CENTRO COEDUCACIONAL ALFA SIGMA,"4A. AV. 5-27, GUAJITOS",41843211,LILIAN NINETH TEOS REYES,MARTA YOLANDA ALFARO MALDONADO,PRIMARIA,PRIVADO,URBANA,ABIERTA,MONOLINGUE,MATUTINA,DIARIO(REGULAR),GUATEMALA SUR
00-12-2948-45,01-211,CIUDAD CAPITAL,ZONA 12,"INSTITUTO PRIVADO ""AMADO LOPEZ ORTIZ""",EDIFICIO M-3 SEGUNDO NIVEL CIUDAD UNIVERSITARIA,47695492,ADRIANA FABIOLA BOLAÑOS ESTRADA,JENNY OLGA GORDILLO CASTILLO,BASICO,PRIVADO,URBANA,ABIERTA,MONOLINGUE,VESPERTINA,DIARIO(REGULAR),GUATEMALA SUR
00-12-2957-46,01-211,CIUDAD CAPITAL,ZONA 12,"INSTITUTO PRIVADO ""AMADO LOPEZ ORTIZ""",CIUDAD UNIVERSITARIA,47695492,ADRIANA FABIOLA BOLAÑOS ESTRADA,JENNY OLGA GORDILLO CASTILLO,DIVERSIFICADO,PRIVADO,URBANA,CERRADA TEMPORALMENTE,MONOLINGUE,VESPERTINA,DIARIO(REGULAR),GUATEMALA SUR
00-12-2970-42,01-211,CIUDAD CAPITAL,ZONA 12,COLEGIO DE PARVULOS 'LICEO GABRIELA MISTRAL',31 CALLE 20-50 SANTA ELISA,24760140,ADRIANA FABIOLA BOLAÑOS ESTRADA,,PARVULOS,PRIVADO,URBANA,CERRADA TEMPORALMENTE,MONOLINGUE,MATUTINA,DIARIO(REGULAR),GUATEMALA SUR
00-12-2994-42,01-211,CIUDAD CAPITAL,ZONA 12,COLEGIO MIXTO EVANGELICO EXTASIS,5A. AVENIDA 24-77 COLONIA REFORMITA,24731006,ADRIANA FABIOLA BOLAÑOS ESTRADA,,PARVULOS,PRIVADO,URBANA,CERRADA TEMPORALMENTE,MONOLINGUE,MATUTINA,DIARIO(REGULAR),GUATEMALA SUR
00-12-2994-43,01-211,CIUDAD CAPITAL,ZONA 12,COLEGIO MIXTO EVANGELICO 'EXTASIS',5A. AVENIDA 21-77 COLONIA REFORMITA,24731006,ADRIANA FABIOLA BOLAÑOS ESTRADA,,PRIMARIA,PRIVADO,URBANA,CERRADA TEMPORALMENTE,MONOLINGUE,MATUTINA,DIARIO(REGULAR),GUATEMALA SUR
00-12-3002-43,,CIUDAD CAPITAL,ZONA 12,COLEGIO PROFESIONAL EN COMPUTACION S.A.,"10 AVE. 10-33 ZONA 12, GUATEMALA",,,,PRIMARIA,PRIVADO,URBANA,CERRADA DEFINITIVAMENTE,MONOLINGUE,MATUTINA,DIARIO(REGULAR),GUATEMALA SUR
00-12-3002-45,,CIUDAD CAPITAL,ZONA 12,COLEGIO PROFESIONAL EN COMPUTACION S.A.,10 AV. 10-33 ZONA 12.,,,,BASICO,PRIVADO,URBANA,CERRADA DEFINITIVAMENTE,MONOLINGUE,MATUTINA,DIARIO(REGULAR),GUATEMALA SUR
00-12-3002-46,,CIUDAD CAPITAL,ZONA 12,COLEGIO PROFESIONAL EN COMPUTACION S.A.,10 AV. 10-33 ZONA 12,,,,DIVERSIFICADO,PRIVADO,URBANA,CERRADA DEFINITIVAMENTE,MONOLINGUE,MATUTINA,DIARIO(REGULAR),GUATEMALA SUR
00-12-3011-42,,CIUDAD CAPITAL,ZONA 12,COLEGIO EVANGELICO MIXTO 'AMISTAD',"CALLE CORONA MZ. 28 LOTE 15, COL.REAL I, ZONA 12, GUATEMALA",,,,PARVULOS,PRIVADO,URBANA,CERRADA DEFINITIVAMENTE,MONOLINGUE,MATUTINA,DIARIO(REGULAR),GUATEMALA SUR
00-12-3017-45,01-01-0150,CIUDAD CAPITAL,ZONA 12,LICEO NAZARENO,43 CALLE 19-35 COLONIA LA COLINA,41719605,VICTORIA ENCARNACIÓN CASTRO CASTELLANOS,FRANCISCO  REVOLORIO LÓPEZ,BASICO,PRIVADO,URBANA,ABIERTA,MONOLINGUE,VESPERTINA,DIARIO(REGULAR),GUATEMALA SUR
00-12-3018-45,,CIUDAD CAPITAL,ZONA 12,LICEO JOSE FRANCISCO BARRUNDIA,"CALLE CORONA, LOTE 109 MANZANA 29 CIUDAD REAL I,",24792525,,,BASICO,PRIVADO,URBANA,CERRADA TEMPORALMENTE,MONOLINGUE,MATUTINA,DIARIO(REGULAR),GUATEMALA SUR
00-12-3018-46,01-99-0152,CIUDAD CAPITAL,ZONA 12,LICEO JOSE FRANCISCO BARRUNDIA,"CALLE CORONA, LOTE 109 MANZANA 29, CIUDAD REAL I,",56422378,CLAUDIA ILEANA CRUZ SOLARES,JOSE STUARDO ALONZO PACHECO,DIVERSIFICADO,PRIVADO,URBANA,ABIERTA,MONOLINGUE,MATUTINA,DIARIO(REGULAR),GUATEMALA SUR
00-12-3023-45,01-01-0150,CIUDAD CAPITAL,ZONA 12,COLEGIO DE INFORMATICA IMB-PC NO.2,AVENIDA PETAPA 30-64,23043211,VICTORIA ENCARNACIÓN CASTRO CASTELLANOS,BRENDA FELICITA BOBADILLA ROCA,BASICO,PRIVADO,URBANA,ABIERTA,MONOLINGUE,MATUTINA,DIARIO(REGULAR),GUATEMALA SUR
00-12-3056-42,01-207,CIUDAD CAPITAL,ZONA 12,COLEGIO MIXTO BILINGUE  SANTA ELISA,3A AVE. 23-13 COLONIA VILLA LOBOS I,24797379,ELOÍSA MERCEDES GÓMEZ OROZCO DE FUENTES,DENYSSE DAMARIS SANTOS LARIOS,PARVULOS,PRIVADO,URBANA,ABIERTA,MONOLINGUE,MATUTINA,DIARIO(REGULAR),GUATEMALA SUR
00-12-3056-43,01-207,CIUDAD CAPITAL,ZONA 12,COLEGIO MIXTO BILINGUE  SANTA ELISA,3RA. AVE. 25-37 COLONIA VILLA LOBOS I,24797379,ELOÍSA MERCEDES GÓMEZ OROZCO DE FUENTES,LILIAN CAROLINA SANTOS LARIOS,PRIMARIA,PRIVADO,URBANA,ABIERTA,MONOLINGUE,MATUTINA,DIARIO(REGULAR),GUATEMALA SUR
00-12-3057-42,,CIUDAD CAPITAL,ZONA 12,COLEGIO HANS CRISTIAN ANDERSEN,"37 CALLE 'A' 19-66 ZONA 12, RESIDENCIALES SAN CARLOS",24765950,,,PARVULOS,PRIVADO,URBANA,CERRADA TEMPORALMENTE,MONOLINGUE,MATUTINA,DIARIO(REGULAR),GUATEMALA SUR
00-12-3057-43,,CIUDAD CAPITAL,ZONA 12,COLEGIO HANS CRISTIAN ANDERSEN,"37 CALLE 'AÑ19-66 ZONA 12, RESIDENCIALES SAN CARLOS",,,,PRIMARIA,PRIVADO,URBANA,CERRADA DEFINITIVAMENTE,MONOLINGUE,MATUTINA,DIARIO(REGULAR),GUATEMALA SUR
00-12-3069-43,01-210,CIUDAD CAPITAL,ZONA 12,COLEGIO MI PEQUEYO MUNDO,8A.CALLE 3-83 CIUDAD REAL II,24792111,DINIZ ORALIA MORALES MUÑOZ,,PRIMARIA,PRIVADO,URBANA,CERRADA TEMPORALMENTE,MONOLINGUE,MATUTINA,DIARIO(REGULAR),GUATEMALA SUR
00-12-3070-42,01-01-0150,CIUDAD CAPITAL,ZONA 12,EODP ANEXA A EOUV NO.74 ORDEN DE MALTA,29 AVENIDA 18-18,42583308,VICTORIA ENCARNACIÓN CASTRO CASTELLANOS,ANA MARÍA ARROYAVE GARCÍA,PARVULOS,OFICIAL,URBANA,ABIERTA,MONOLINGUE,VESPERTINA,DIARIO(REGULAR),GUATEMALA SUR
00-12-3072-43,,CIUDAD CAPITAL,ZONA 12,COLEGIO MIXTO 'ENSEÑANZA-APRENDIZAJE',8 AVE. 1-81 CIUDAD REAL ZONA 12,,,,PRIMARIA,PRIVADO,URBANA,CERRADA DEFINITIVAMENTE,MONOLINGUE,MATUTINA,DIARIO(REGULAR),GUATEMALA SUR
00-12-3090-45,,CIUDAD CAPITAL,ZONA 12,INSTITUTO 'JUVENTUD NUEVA',1 AVE ENTRE 5 Y 6 CALLE ZONA 12 COLONIA MEZQUITAL,,,,BASICO,PRIVADO,URBANA,CERRADA DEFINITIVAMENTE,MONOLINGUE,MATUTINA,DIARIO(REGULAR),GUATEMALA SUR
00-12-3091-42,,CIUDAD CAPITAL,ZONA 12,COLEGIO MIXTO 'ENSEÑANZA-APRENDIZAJE',"CALLE CORONA 1-15 CIUDAD REAL I, ZONA 12",24793126,,,PARVULOS,PRIVADO,URBANA,CERRADA DEFINITIVAMENTE,MONOLINGUE,MATUTINA,DIARIO(REGULAR),GUATEMALA SUR
00-12-3092-43,,CIUDAD CAPITAL,ZONA 12,EOUM,ASENTAMIENTO VILLA LOBOS II,,,,PRIMARIA,OFICIAL,URBANA,CERRADA TEMPORALMENTE,MONOLINGUE,MATUTINA,DIARIO(REGULAR),GUATEMALA SUR
00-12-3097-45,,CIUDAD CAPITAL,ZONA 12,INSTITUTO 'JUVENTUD NUEVA',"1A. AVE. 5 Y 6 CALLE ZONA 12, COL MEZQUITAL",,,,BASICO,PRIVADO,URBANA,CERRADA DEFINITIVAMENTE,MONOLINGUE,NOCTURNA,DIARIO(REGULAR),GUATEMALA SUR
00-12-3130-43,,CIUDAD CAPITAL,ZONA 12,COLEGIO PROFESIONAL EN COMPUTACION S. A.,10A. AV. 10-33 ZONA 12,,,,PRIMARIA,PRIVADO,URBANA,CERRADA DEFINITIVAMENTE,MONOLINGUE,MATUTINA,DIARIO(REGULAR),GUATEMALA SUR
00-12-3130-45,,CIUDAD CAPITAL,ZONA 12,COLEGIO PROFESIONAL EN COMPUTACION S. A.,10A. AV. 10-33 ZONA 12,,,,BASICO,PRIVADO,URBANA,CERRADA DEFINITIVAMENTE,MONOLINGUE,MATUTINA,DIARIO(REGULAR),GUATEMALA SUR
00-12-3130-46,,CIUDAD CAPITAL,ZONA 12,COLEGIO PROFESIONAL EN COMPUTACION S. A.,10A. AV. 10-33 ZONA 12,,,,DIVERSIFICADO,PRIVADO,URBANA,CERRADA DEFINITIVAMENTE,MONOLINGUE,MATUTINA,DIARIO(REGULAR),GUATEMALA SUR
00-12-3131-42,,CIUDAD CAPITAL,ZONA 12,COLEGIO MIXTO 'OSORIO SANDOVAL',"4A. AV. 6-30 ZONA 12, COLONIA VASQUEZ",,,,PARVULOS,PRIVADO,URBANA,CERRADA DEFINITIVAMENTE,MONOLINGUE,MATUTINA,DIARIO(REGULAR),GUATEMALA SUR
00-12-3132-44,,CIUDAD CAPITAL,ZONA 12,COLEGIO MIXTO 'OSORIO SANDOVAL',"4A. AV. 6-30 ZONA 12, COLONIA VASQUEZ",,,,PRIMARIA DE ADULTOS,PRIVADO,URBANA,CERRADA DEFINITIVAMENTE,MONOLINGUE,NOCTURNA,DIARIO(REGULAR),GUATEMALA SUR
00-12-3132-45,01-210,CIUDAD CAPITAL,ZONA 12,COLEGIO MIXTO 'OSORIO SANDOVAL',"4A. AV. 6-30 ZONA 12, COLONIA VASQUEZ",,DINIZ ORALIA MORALES MUÑOZ,,BASICO,PRIVADO,URBANA,CERRADA TEMPORALMENTE,MONOLINGUE,NOCTURNA,DIARIO(REGULAR),GUATEMALA SUR
00-12-3132-46,,CIUDAD CAPITAL,ZONA 12,COLEGIO MIXTO 'OSORIO SANDOVAL',"4A. AV. 6-30 ZONA 12, COLONIA VASQUEZ",,,,DIVERSIFICADO,PRIVADO,URBANA,CERRADA DEFINITIVAMENTE,MONOLINGUE,NOCTURNA,DIARIO(REGULAR),GUATEMALA SUR
00-12-3133-42,,CIUDAD CAPITAL,ZONA 12,COLEGIO MIXTO BILINGUE 'HANS CHRISTIAN ANDERSEN',"37 CALLE 'A' 19-66 ZONA 12, RESIDENCIALES SAN CARLOS",,,,PARVULOS,PRIVADO,URBANA,CERRADA DEFINITIVAMENTE,MONOLINGUE,MATUTINA,DIARIO(REGULAR),GUATEMALA SUR
00-12-3134-42,,CIUDAD CAPITAL,ZONA 12,COLEGIO INFANTIL BILINGUE 'VENEZOLANO',"5A. CALLE 16-66 ZONA 12, RESIDENCIALES EUREKA",,,,PARVULOS,PRIVADO,URBANA,CERRADA DEFINITIVAMENTE,MONOLINGUE,MATUTINA,DIARIO(REGULAR),GUATEMALA SUR
00-12-3136-45,01-210,CIUDAD CAPITAL,ZONA 12,COLEGIO MIXTO EVANGELICO 'EXTASIS',4A. AV. 20-11,,DINIZ ORALIA MORALES MUÑOZ,,BASICO,PRIVADO,URBANA,CERRADA TEMPORALMENTE,MONOLINGUE,VESPERTINA,DIARIO(REGULAR),GUATEMALA SUR
00-12-4072-42,01-210,CIUDAD CAPITAL,ZONA 12,COLEGIO PRIVADO DE PARVULOS LICEO NAZARENO,43A. CALLE 19-35 COLONIA LA COLINA,24793511,DINIZ ORALIA MORALES MUÑOZ,---,PARVULOS,PRIVADO,URBANA,CERRADA TEMPORALMENTE,MONOLINGUE,MATUTINA,DIARIO(REGULAR),GUATEMALA SUR
00-12-4073-43,01-01-0150,CIUDAD CAPITAL,ZONA 12,LICEO NAZARENO,43 CALLE 19-35 COLONIA LA COLINA,41719605,VICTORIA ENCARNACIÓN CASTRO CASTELLANOS,CARLOS ENRIQUE LAVARREDA MONZÓN,PRIMARIA,PRIVADO,URBANA,ABIERTA,MONOLINGUE,MATUTINA,DIARIO(REGULAR),GUATEMALA SUR
00-12-4307-46,01-01-0150,CIUDAD CAPITAL,ZONA 12,INSTITUTO TECNICO VOCACIONAL PRIVADO EMILIANI,31 CALLE 20-47,22967684,VICTORIA ENCARNACIÓN CASTRO CASTELLANOS,CLAUDIA JOHANA GARCÍA AGUILAR,DIVERSIFICADO,PRIVADO,URBANA,ABIERTA,MONOLINGUE,DOBLE,DIARIO(REGULAR),GUATEMALA SUR
00-12-4314-45,,CIUDAD CAPITAL,ZONA 12,IEBC 'REAL AMERICANO',"SECTOR D-1 ASENTAMIENTO LA ESPERANZA, MEZQUITAL ZONA 12",,,,BASICO,COOPERATIVA,URBANA,CERRADA TEMPORALMENTE,MONOLINGUE,VESPERTINA,DIARIO(REGULAR),GUATEMALA SUR
00-12-4315-45,01-630,CIUDAD CAPITAL,ZONA 12,COLEGIO MIXTO Y JARDIN INFANTIL 'CIUDAD REAL',8A. CALLE 1-50 COLONIA CIUDAD REAL,24793748,LUZ ANTONIA POCON CARRILLO,VERÓNICA MARÍA AGUILAR POSADAS,BASICO,PRIVADO,URBANA,CERRADA TEMPORALMENTE,MONOLINGUE,MATUTINA,DIARIO(REGULAR),GUATEMALA SUR
00-12-4385-42,,CIUDAD CAPITAL,ZONA 12,EODP ANEXA A ESCUELA OFICIAL URBANA MIXTA 'EL EXODO',"COLONIA EL EXODO,MEZQUITAL",,,,PARVULOS,OFICIAL,URBANA,CERRADA DEFINITIVAMENTE,MONOLINGUE,MATUTINA,DIARIO(REGULAR),GUATEMALA SUR
00-12-4398-42,,CIUDAD CAPITAL,ZONA 12,EPDP ANEXA A COLEGIO EVANGELICO 'EBEN EZER',"2A. AVENIDA 3-16 ZONA 12, COLONIA GUAJITOS",,,,PARVULOS,PRIVADO,URBANA,CERRADA DEFINITIVAMENTE,MONOLINGUE,MATUTINA,DIARIO(REGULAR),GUATEMALA SUR
00-12-4451-43,,CIUDAD CAPITAL,ZONA 12,ESCUELA PRIVADA URBANA MIXTA 'LICEO VENEZUELA',"5A. CALLE 16-66 ZONA 12, RESIDENCIALES EUREKA",,,,PRIMARIA,PRIVADO,URBANA,CERRADA DEFINITIVAMENTE,MONOLINGUE,MATUTINA,DIARIO(REGULAR),GUATEMALA SUR
00-12-4453-45,,CIUDAD CAPITAL,ZONA 12,COLEGIO PRIVADO MIXTO 'VENEZOLANO',"5A. CALLE 16-66 ZONA 12, RESIDENCIALES EUREKA",,,,BASICO,PRIVADO,URBANA,CERRADA DEFINITIVAMENTE,MONOLINGUE,MATUTINA,DIARIO(REGULAR),GUATEMALA SUR
00-12-4454-43,,CIUDAD CAPITAL,ZONA 12,COLEGIO 'PATRIA NUEVA',"6A. AVENIDA 0-85 CIUDAD REAL I, ZONA 12",,,,PRIMARIA,PRIVADO,URBANA,CERRADA DEFINITIVAMENTE,MONOLINGUE,MATUTINA,DIARIO(REGULAR),GUATEMALA SUR
00-12-4527-45,01-210,CIUDAD CAPITAL,ZONA 12,INSTITUTO PROFESIONAL AMERICANO 'ROBERT GREGG',7A. AVENIDA 18-66,24733689,DINIZ ORALIA MORALES MUÑOZ,,BASICO,PRIVADO,URBANA,CERRADA DEFINITIVAMENTE,MONOLINGUE,MATUTINA,DIARIO(REGULAR),GUATEMALA SUR
00-12-4626-46,01-99-0152,CIUDAD CAPITAL,ZONA 12,LICEO MIXTO CRISTIANO 'PIAGET'.,2 AVE 4-60 CIUDAD REAL I,42190100,CLAUDIA ILEANA CRUZ SOLARES,SILVIA ELIZABETH FLORES HERNÁNDEZ,DIVERSIFICADO,PRIVADO,URBANA,ABIERTA,MONOLINGUE,MATUTINA,DIARIO(REGULAR),GUATEMALA SUR
00-12-4658-45,01-211,CIUDAD CAPITAL,ZONA 12,COLEGIO MIXTO EVANGELICO EXTASIS,"5A. AVENIDA 21-77, COLONIA REFORMITA",24731006,ADRIANA FABIOLA BOLAÑOS ESTRADA,,BASICO,PRIVADO,URBANA,CERRADA TEMPORALMENTE,MONOLINGUE,MATUTINA,DIARIO(REGULAR),GUATEMALA SUR
00-12-4659-46,,CIUDAD CAPITAL,ZONA 12,COLEGIO MIXTO Y ACADEMIA 'HALDA',7A. AVENIDA 18-66 ZONA 12,,,,DIVERSIFICADO,PRIVADO,URBANA,CERRADA DEFINITIVAMENTE,MONOLINGUE,MATUTINA,DIARIO(REGULAR),GUATEMALA SUR
00-12-4672-42,01-99-0155,CIUDAD CAPITAL,ZONA 12,EODP NO.56,"4A. AVENIDA 'A' 4-36, COLONIA GUAJITOS",24776034,ADILIO RIVERA MELÉNDREZ,SILVIA NOHEMY VÁSQUEZ SANTOS,PARVULOS,OFICIAL,URBANA,ABIERTA,MONOLINGUE,MATUTINA,DIARIO(REGULAR),GUATEMALA SUR
00-12-6247-46,01-210,CIUDAD CAPITAL,ZONA 12,CENTRO INDUSTRIAL NO.3 ADSC. A EOUM NO.75 'FUERZA AEREA GUATEMALTECA',29 AVE. 18-18 ZONA 12,,DINIZ ORALIA MORALES MUÑOZ,,DIVERSIFICADO,OFICIAL,URBANA,CERRADA TEMPORALMENTE,MONOLINGUE,MATUTINA,DIARIO(REGULAR),GUATEMALA SUR
00-12-6937-42,,CIUDAD CAPITAL,ZONA 12,COLEGIO BILINGUE CELINA NAJERA,30 CALLE 2-80 ZONA 12 COLONIA EL CARMEN,,,,PARVULOS,PRIVADO,URBANA,CERRADA DEFINITIVAMENTE,MONOLINGUE,MATUTINA,DIARIO(REGULAR),GUATEMALA SUR
00-12-6939-46,01-01-0150,CIUDAD CAPITAL,ZONA 12,COLEGIO  NUESTRA SEÑORA DE LOS ANGELES  (SANTA ELISA),48 CALLE 17-60,24761428,VICTORIA ENCARNACIÓN CASTRO CASTELLANOS,EDITH DEL CARMEN OLIVA FLORES,DIVERSIFICADO,PRIVADO,URBANA,ABIERTA,MONOLINGUE,MATUTINA,DIARIO(REGULAR),GUATEMALA SUR
00-12-6960-45,01-99-0154,CIUDAD CAPITAL,ZONA 12,"INSTITUTO NACIONAL MIXTO NOCTURNO DE EDUCACION BASICA ""LICENCIADA MARIA DE JESUS GODINEZ DE LIMA""","6A. CALLE 3-47, CIUDAD REAL II",24794259,BYRON FERNANDO BÁMACA DE LA CRUZ,VERÓNICA MARÍA AGUILAR POSADAS,BASICO,OFICIAL,URBANA,ABIERTA,MONOLINGUE,NOCTURNA,DIARIO(REGULAR),GUATEMALA SUR
00-12-6961-45,01-408,CIUDAD CAPITAL,ZONA 12,COLEGIO MIXTO NOCTURNO 'AMERICA CENTRAL',"6TA AVE. 2-88, CIUDAD REAL I",22389154,MANUEL MARIA CANO CASTRO,,BASICO,PRIVADO,URBANA,CERRADA TEMPORALMENTE,MONOLINGUE,NOCTURNA,DIARIO(REGULAR),GUATEMALA SUR
00-12-6962-45,01-641,CIUDAD CAPITAL,ZONA 12,"INSTITUTO NACIONAL DE EDUCACION BASICA Y BACHILLERATO EN CIENCIAS Y LETRAS POR MADUREZ ""LICDA. MATILDE ROUGE""",BOULEVARD LIBERACIÓN 13-19,24424265,MILTON ALONSO ALVAREZ FUENTES,JOSE LUIS OROZCO MIRANDA,BASICO,OFICIAL,URBANA,CERRADA TEMPORALMENTE,MONOLINGUE,DOBLE,FIN DE SEMANA,GUATEMALA SUR
00-12-6963-46,,CIUDAD CAPITAL,ZONA 12,INSTITUTO DE EDUCACION BASICA Y BACHILLERATO EN CIENCIAS Y LETRAS POR MADUREZ,AVENIDA PETAPA Y 32 CALLE ZONA 12,,,,DIVERSIFICADO,PRIVADO,URBANA,CERRADA DEFINITIVAMENTE,MONOLINGUE,MATUTINA,SABATINO,GUATEMALA SUR
00-12-6964-46,01-408,CIUDAD CAPITAL,ZONA 12,INSTITUTO TECNICO VOCACIONAL PRIVADO EMILIANI,31 CALLE 20-47,56969992,MANUEL MARIA CANO CASTRO,,DIVERSIFICADO,PRIVADO,URBANA,TEMPORAL TITULOS,MONOLINGUE,NOCTURNA,DIARIO(REGULAR),GUATEMALA SUR
00-12-7006-43,01-211,CIUDAD CAPITAL,ZONA 12,COLEGIO BILINGUE GLENN DOMAN,46 CALLE 18-42 COLONIA PRADOS DE MONTE MARIA,24773806,ADRIANA FABIOLA BOLAÑOS ESTRADA,,PRIMARIA,PRIVADO,URBANA,CERRADA TEMPORALMENTE,MONOLINGUE,MATUTINA,DIARIO(REGULAR),GUATEMALA SUR
00-12-7013-43,01-99-0155,CIUDAD CAPITAL,ZONA 12,COLEGIO MIXTO CIENTIFICO CRISTIANO EMANUEL,CALZADA JUSTO RUFINO BARRIOS 32-91 GUAJITOS,24497744,ADILIO RIVERA MELÉNDREZ,LEOPOLDO  ESTRADA CASTELLANOS,PRIMARIA,PRIVADO,URBANA,ABIERTA,MONOLINGUE,MATUTINA,DIARIO(REGULAR),GUATEMALA SUR
00-12-7034-46,01-210,CIUDAD CAPITAL,ZONA 12,INSTITUTO PROFESIONAL AMERICANO  ROBERT GREGG,7A. AVENIDA 18-66,24733689,DINIZ ORALIA MORALES MUÑOZ,,DIVERSIFICADO,PRIVADO,URBANA,CERRADA DEFINITIVAMENTE,MONOLINGUE,MATUTINA,DIARIO(REGULAR),GUATEMALA SUR
00-12-7037-45,01-210,CIUDAD CAPITAL,ZONA 12,COLEGIO 'HANS CHRISTIAN ANDERSEN',37 CALLE 'A' 19-66 ZONA 12 RESIDENCIALES SAN CARLOS,,DINIZ ORALIA MORALES MUÑOZ,,BASICO,PRIVADO,URBANA,CERRADA TEMPORALMENTE,MONOLINGUE,MATUTINA,DIARIO(REGULAR),GUATEMALA SUR
00-12-7081-45,01-99-0152,CIUDAD CAPITAL,ZONA 12,LICEO MIXTO CRISTIANO 'PIAGET',2 AVE. 4-60 CIUDAD REAL 1,42190100,CLAUDIA ILEANA CRUZ SOLARES,SILVIA ELIZABETH FLORES HERNÁNDEZ,BASICO,PRIVADO,URBANA,ABIERTA,MONOLINGUE,MATUTINA,DIARIO(REGULAR),GUATEMALA SUR
00-12-7178-42,01-210,CIUDAD CAPITAL,ZONA 12,"COLEGIO ""AMANECER""",19 AVE. 34-81 COLONIA VILLA SOL,24770174,DINIZ ORALIA MORALES MUÑOZ,MATILDE BEATRIZ QUEZADA,PARVULOS,PRIVADO,URBANA,CERRADA DEFINITIVAMENTE,MONOLINGUE,MATUTINA,DIARIO(REGULAR),GUATEMALA SUR
00-12-7179-43,01-210,CIUDAD CAPITAL,ZONA 12,"COLEGIO ""AMANECER""",19 AVE. 34-81 COLONIA VILLA SOL,24770174,DINIZ ORALIA MORALES MUÑOZ,LUVIA MARIBEL AGUILAR MONTENEGRO,PRIMARIA,PRIVADO,URBANA,CERRADA DEFINITIVAMENTE,MONOLINGUE,MATUTINA,DIARIO(REGULAR),GUATEMALA SUR
00-12-7189-46,01-208,CIUDAD CAPITAL,ZONA 12,LICEO MIXTO  TECNICAS INTEGRALES,"9A. CALLE A, 06-80, RESIDENCIALES EUREKA",24491910,LILIAN NINETH TEOS REYES,OSCAR OVIDIO OCHOA ARGUETA,DIVERSIFICADO,PRIVADO,URBANA,CERRADA TEMPORALMENTE,MONOLINGUE,MATUTINA,DIARIO(REGULAR),GUATEMALA SUR
00-12-7195-45,01-210,CIUDAD CAPITAL,ZONA 12,ESCUELA CRISTIANA GUATEMALA FELIZ,AV.PETAPA LOTE 2 MANZANA 4 CIUDAD REAL I ZONA 12,24774786,DINIZ ORALIA MORALES MUÑOZ,,BASICO,PRIVADO,URBANA,CERRADA TEMPORALMENTE,MONOLINGUE,MATUTINA,DIARIO(REGULAR),GUATEMALA SUR
00-12-7204-46,01-206,CIUDAD CAPITAL,ZONA 12,INSTITUTO DIVERSIFICADO MIRNA MACK,1AV. ENTRE 5TA. Y 6TA. CALLE COL MEZQUITAL.,24772076,INGRID ELIZABETH PEÑA TRUJILLO,,DIVERSIFICADO,PRIVADO,URBANA,CERRADA DEFINITIVAMENTE,MONOLINGUE,MATUTINA,DIARIO(REGULAR),GUATEMALA SUR
00-12-7254-46,,CIUDAD CAPITAL,ZONA 12,INSTITUTO TECNICO VOCACIONAL PRIVADO EMILIANI,31 CALLE 17-57 ZONA 12,24760306,,,DIVERSIFICADO,PRIVADO,URBANA,CERRADA DEFINITIVAMENTE,MONOLINGUE,NOCTURNA,DIARIO(REGULAR),GUATEMALA SUR
00-12-7266-46,,CIUDAD CAPITAL,ZONA 12,COLEGIO CENTRO COEDUCACIONAL ALFA SIGMA,4 AV.5-27 GUAJITOS,24792904,,,DIVERSIFICADO,PRIVADO,URBANA,CERRADA DEFINITIVAMENTE,MONOLINGUE,MATUTINA,DIARIO(REGULAR),GUATEMALA SUR
00-12-7267-42,,CIUDAD CAPITAL,ZONA 12,CEES ANEXO A EOUN NO.36 JACOBO DE VILLA URRUTIA,11 AV.12-08 ZONA 12,,,,PARVULOS,OFICIAL,URBANA,CERRADA DEFINITIVAMENTE,MONOLINGUE,MATUTINA,DIARIO(REGULAR),GUATEMALA SUR
00-12-7276-42,,CIUDAD CAPITAL,ZONA 12,CEES ANEXO A EOP NO.11 MARIA CHINCHILLA,7A. AVE. 3-71 ZONA 12,,,,PARVULOS,OFICIAL,URBANA,CERRADA TEMPORALMENTE,MONOLINGUE,MATUTINA,DIARIO(REGULAR),GUATEMALA SUR
00-12-7286-42,01-99-0152,CIUDAD CAPITAL,ZONA 12,COLEGIO EVANGELICO MIXTO COMUNIDAD DE FE,AVENIDA PETAPA Y 51 CALLE 50-51,53158945,CLAUDIA ILEANA CRUZ SOLARES,JACKELINE XIOMARA ROSALES GARCÍA,PARVULOS,PRIVADO,URBANA,ABIERTA,MONOLINGUE,MATUTINA,DIARIO(REGULAR),GUATEMALA SUR
00-12-7287-43,01-99-0152,CIUDAD CAPITAL,ZONA 12,COLEGIO EVANGELICO MIXTO COMUNIDAD DE FE,AVENIDA PETAPA Y 51 CALLE 50-51,53158945,CLAUDIA ILEANA CRUZ SOLARES,ALBA SUSSELLY ALVAREZ HERNÁNDEZ,PRIMARIA,PRIVADO,URBANA,ABIERTA,MONOLINGUE,MATUTINA,DIARIO(REGULAR),GUATEMALA SUR
00-12-7311-42,01-211,CIUDAD CAPITAL,ZONA 12,COLEGIO EVANGELICO LUMINARES,16 AVE. 12-37,24405941,ADRIANA FABIOLA BOLAÑOS ESTRADA,,PARVULOS,PRIVADO,URBANA,CERRADA DEFINITIVAMENTE,MONOLINGUE,MATUTINA,DIARIO(REGULAR),GUATEMALA SUR
00-12-7312-43,01-211,CIUDAD CAPITAL,ZONA 12,COLEGIO EVANGELICO 'LUMINARES',16 AVE. 12-37,24405941,ADRIANA FABIOLA BOLAÑOS ESTRADA,,PRIMARIA,PRIVADO,URBANA,CERRADA DEFINITIVAMENTE,MONOLINGUE,MATUTINA,DIARIO(REGULAR),GUATEMALA SUR
00-12-7313-46,01-01-0150,CIUDAD CAPITAL,ZONA 12,LICEO NAZARENO,"43 CALLE 19-35, COLONIA LA COLINA",41719605,VICTORIA ENCARNACIÓN CASTRO CASTELLANOS,FRANCISCO  REVOLORIO LÓPEZ,DIVERSIFICADO,PRIVADO,URBANA,ABIERTA,MONOLINGUE,MATUTINA,DIARIO(REGULAR),GUATEMALA SUR
00-12-7345-42,01-01-0150,CIUDAD CAPITAL,ZONA 12,EODP ANEXA A EOUM NO.66 'SUSANA ILLESCAS DE PALOMO',11 AVENIDA 12-08,24719879,VICTORIA ENCARNACIÓN CASTRO CASTELLANOS,ANDREA CELESTE HERNÁNDEZ ALMIREZ,PARVULOS,OFICIAL,URBANA,ABIERTA,MONOLINGUE,VESPERTINA,DIARIO(REGULAR),GUATEMALA SUR
00-12-7387-43,,CIUDAD CAPITAL,ZONA 12,CENTRO ESCOLAR JESUS ES EL SEÑOR,5AV. 47-60 ZONA 12 MONTE MARIA,24772792,,,PRIMARIA,PRIVADO,URBANA,CERRADA DEFINITIVAMENTE,MONOLINGUE,VESPERTINA,DIARIO(REGULAR),GUATEMALA SUR
00-12-7409-42,01-99-0157,CIUDAD CAPITAL,ZONA 12,EODP ANEXA A EOUM  NUEVO AMANCER,ASENTAMIENTO NUEVO AMANECER SECTOR 3 AVENIDA PETAPA FINAL,56961215,LILIAN NINETH TEOS REYES,CATARINA  ACEYTUNO AGUILAR,PARVULOS,OFICIAL,URBANA,ABIERTA,MONOLINGUE,VESPERTINA,DIARIO(REGULAR),GUATEMALA SUR
00-12-7410-42,01-99-0156,CIUDAD CAPITAL,ZONA 12,EODP ANEXA A EOUM  LOMA BLANCA,18 CALLE 08-81 COLONIA LOMA BLANCA ZONA 21,,NATALY FABIOLA SOTO ESPAÑA,MIREYA JEANNETTE RAXÓN PÉREZ,PARVULOS,OFICIAL,URBANA,ABIERTA,MONOLINGUE,MATUTINA,DIARIO(REGULAR),GUATEMALA SUR
00-12-7411-42,,CIUDAD CAPITAL,ZONA 12,EODP ANEXA A NO.593 'A' VILLA LOBOS 1,,,,,PARVULOS,OFICIAL,URBANA,CERRADA TEMPORALMENTE,MONOLINGUE,MATUTINA,DIARIO(REGULAR),GUATEMALA SUR
00-12-7412-42,01-112,CIUDAD CAPITAL,ZONA 12,EODP ANEXA A NO.596 D VILLA LOBOS 1,,,JUAN CARLOS CHACÓN,,PARVULOS,OFICIAL,URBANA,CERRADA TEMPORALMENTE,MONOLINGUE,MATUTINA,DIARIO(REGULAR),GUATEMALA SUR
00-12-7414-42,01-99-0151,CIUDAD CAPITAL,ZONA 12,EODP NO. 62,3AV. 54-33 COLONIA CASTAÑAS,59581028,MARÍA EUGENIA LOBOS ELÍAS,ILEANA ROCIBEL SÁNCHEZ QUINTEROS,PARVULOS,OFICIAL,URBANA,ABIERTA,MONOLINGUE,MATUTINA,DIARIO(REGULAR),GUATEMALA SUR
00-12-7415-42,01-99-0152,CIUDAD CAPITAL,ZONA 12,EODP ANEXA A EOUM NO.77 RIGOBERTO BRAN AZMITIA,"6A. CALLE 3-48, CIUDAD REAL II",24491763,CLAUDIA ILEANA CRUZ SOLARES,ANA MARILÚ GONZÁLEZ PAZ,PARVULOS,OFICIAL,URBANA,ABIERTA,MONOLINGUE,MATUTINA,DIARIO(REGULAR),GUATEMALA SUR
00-12-7416-42,01-99-0152,CIUDAD CAPITAL,ZONA 12,EODP ANEXA A EOUM NO.113 QUIRINA TASSI DE AGOSTINI,"5A. AVENIDA Y 1A. CALLE, CIUDAD REAL I",24774386,CLAUDIA ILEANA CRUZ SOLARES,AÍDA CRISTINA LÓPEZ PÉREZ,PARVULOS,OFICIAL,URBANA,ABIERTA,MONOLINGUE,MATUTINA,DIARIO(REGULAR),GUATEMALA SUR
00-12-7417-42,01-99-0152,CIUDAD CAPITAL,ZONA 12,EODP ANEXA A EOUM NO.141 QUIRINA TASSI DE AGOSTINI,"1A. CALLE, CIUDAD REAL I",56861152,CLAUDIA ILEANA CRUZ SOLARES,BRENDA LETICIA MUÑOZ GONZÁLEZ,PARVULOS,OFICIAL,URBANA,ABIERTA,MONOLINGUE,VESPERTINA,DIARIO(REGULAR),GUATEMALA SUR
00-12-7418-42,,CIUDAD CAPITAL,ZONA 12,EODP #59 CIUDAD REAL 1,,,,,PARVULOS,OFICIAL,URBANA,CERRADA DEFINITIVAMENTE,MONOLINGUE,MATUTINA,DIARIO(REGULAR),GUATEMALA SUR
00-12-7421-43,01-99-0157,CIUDAD CAPITAL,ZONA 12,EOUM NUEVO AMANECER,ASENTAMIENTO NUEVO AMANECER SECTOR 3 AVENIDA PETAPA FINAL,56961215,LILIAN NINETH TEOS REYES,CATARINA  ACEYTUNO AGUILAR,PRIMARIA,OFICIAL,URBANA,ABIERTA,MONOLINGUE,VESPERTINA,DIARIO(REGULAR),GUATEMALA SUR
00-12-7422-43,01-99-0156,CIUDAD CAPITAL,ZONA 12,EOUM LOMA BLANCA,18 CALLE 08-81 COLONIA LOMA BLANCA ZONA 21,24628700,NATALY FABIOLA SOTO ESPAÑA,MIREYA JEANNETTE RAXÓN PÉREZ,PRIMARIA,OFICIAL,URBANA,ABIERTA,MONOLINGUE,MATUTINA,DIARIO(REGULAR),GUATEMALA SUR
00-12-7423-43,,CIUDAD CAPITAL,ZONA 12,EORM NO. 593 'A' VILLA LOBOS 1,,,,,PRIMARIA,OFICIAL,URBANA,CERRADA DEFINITIVAMENTE,MONOLINGUE,MATUTINA,DIARIO(REGULAR),GUATEMALA SUR
00-12-7424-43,,CIUDAD CAPITAL,ZONA 12,EOUM NO. 595 'C' VILLA LOBOS 1,,,,,PRIMARIA,OFICIAL,URBANA,CERRADA DEFINITIVAMENTE,MONOLINGUE,MATUTINA,DIARIO(REGULAR),GUATEMALA SUR
00-12-7425-43,,CIUDAD CAPITAL,ZONA 12,EOUM NO. 596 'D' VILLA LOBOS 1,,,,,PRIMARIA,OFICIAL,URBANA,CERRADA DEFINITIVAMENTE,MONOLINGUE,MATUTINA,DIARIO(REGULAR),GUATEMALA SUR
00-12-7426-43,,CIUDAD CAPITAL,ZONA 12,EOUM SOL NACIENTE,ASENT. LA ESPERANZA MEX.,,,,PRIMARIA,OFICIAL,URBANA,CERRADA DEFINITIVAMENTE,MONOLINGUE,MATUTINA,DIARIO(REGULAR),GUATEMALA SUR
00-12-7427-43,,CIUDAD CAPITAL,ZONA 12,EOUM MONTE LOS OLIVOS,ASENT. EL ESFUERZO,,,,PRIMARIA,OFICIAL,URBANA,CERRADA DEFINITIVAMENTE,MONOLINGUE,MATUTINA,DIARIO(REGULAR),GUATEMALA SUR
00-12-7428-43,,CIUDAD CAPITAL,ZONA 12,EOUM 'MEZQUITAL II',10A. CALLE 7-60 COLONIA MEZQUITAL,,,,PRIMARIA,OFICIAL,URBANA,CERRADA DEFINITIVAMENTE,MONOLINGUE,MATUTINA,DIARIO(REGULAR),GUATEMALA SUR
00-12-7429-43,,CIUDAD CAPITAL,ZONA 12,EOUM 'MEZQUITAL II',10A. CALLE 7-60 COLONIA EL MEZQUITAL,,,,PRIMARIA,OFICIAL,URBANA,CERRADA TEMPORALMENTE,MONOLINGUE,VESPERTINA,DIARIO(REGULAR),GUATEMALA SUR
00-12-7430-43,,CIUDAD CAPITAL,ZONA 12,EOUM,MEZQUITAL 1,,,,PRIMARIA,OFICIAL,URBANA,CERRADA DEFINITIVAMENTE,MONOLINGUE,MATUTINA,DIARIO(REGULAR),GUATEMALA SUR
00-12-7431-43,,CIUDAD CAPITAL,ZONA 12,EOUM,MEZQUITAL 1,,,,PRIMARIA,OFICIAL,URBANA,CERRADA DEFINITIVAMENTE,MONOLINGUE,VESPERTINA,DIARIO(REGULAR),GUATEMALA SUR
00-12-7432-43,,CIUDAD CAPITAL,ZONA 12,EOUM NO. 594 'B' VILLA LOBOS 1,,,,,PRIMARIA,OFICIAL,URBANA,CERRADA DEFINITIVAMENTE,MONOLINGUE,MATUTINA,DIARIO(REGULAR),GUATEMALA SUR
00-12-7434-43,,CIUDAD CAPITAL,ZONA 12,EOUM NO.597 VILLA LOBOS 1,,,,,PRIMARIA,OFICIAL,URBANA,CERRADA DEFINITIVAMENTE,MONOLINGUE,VESPERTINA,DIARIO(REGULAR),GUATEMALA SUR
00-12-7435-43,,CIUDAD CAPITAL,ZONA 12,EOUM NO. 598 VILLA LOBOS 1,,,,,PRIMARIA,OFICIAL,URBANA,CERRADA DEFINITIVAMENTE,MONOLINGUE,VESPERTINA,DIARIO(REGULAR),GUATEMALA SUR
00-12-7436-43,,CIUDAD CAPITAL,ZONA 12,EOUM NO. 599 VILLA LOBOS 1,,,,,PRIMARIA,OFICIAL,URBANA,CERRADA DEFINITIVAMENTE,MONOLINGUE,VESPERTINA,DIARIO(REGULAR),GUATEMALA SUR
00-12-7437-43,,CIUDAD CAPITAL,ZONA 12,EOUM NO.600 'VILLA LOBOS I',,,,,PRIMARIA,OFICIAL,URBANA,CERRADA TEMPORALMENTE,MONOLINGUE,VESPERTINA,DIARIO(REGULAR),GUATEMALA SUR
00-12-7438-43,,CIUDAD CAPITAL,ZONA 12,EOUM,VILLA LOBOS 2,,,,PRIMARIA,OFICIAL,URBANA,CERRADA DEFINITIVAMENTE,MONOLINGUE,MATUTINA,DIARIO(REGULAR),GUATEMALA SUR
00-12-7439-43,,CIUDAD CAPITAL,ZONA 12,EOUM,VILLA LOBOS 2,,,,PRIMARIA,OFICIAL,URBANA,CERRADA DEFINITIVAMENTE,MONOLINGUE,VESPERTINA,DIARIO(REGULAR),GUATEMALA SUR
00-12-7440-43,,CIUDAD CAPITAL,ZONA 12,EORM,LOMAS DE VILLA LOBOS,,,,PRIMARIA,OFICIAL,URBANA,CERRADA DEFINITIVAMENTE,MONOLINGUE,MATUTINA,DIARIO(REGULAR),GUATEMALA SUR
00-12-7441-43,,CIUDAD CAPITAL,ZONA 12,EOUM NO.99 CONFEDERACION SUIZA,,,,,PRIMARIA,OFICIAL,URBANA,CERRADA DEFINITIVAMENTE,MONOLINGUE,MATUTINA,DIARIO(REGULAR),GUATEMALA SUR
00-12-7442-43,,CIUDAD CAPITAL,ZONA 12,EOUM NO. 138 CONFEDERACION SUIZA,,,,,PRIMARIA,OFICIAL,URBANA,CERRADA TEMPORALMENTE,MONOLINGUE,MATUTINA,DIARIO(REGULAR),GUATEMALA SUR
00-12-7443-43,,CIUDAD CAPITAL,ZONA 12,EOUM MARCO ANTONIO MENDEZ,,,,,PRIMARIA,OFICIAL,URBANA,CERRADA DEFINITIVAMENTE,MONOLINGUE,MATUTINA,DIARIO(REGULAR),GUATEMALA SUR
00-12-7444-43,,CIUDAD CAPITAL,ZONA 12,EOUM NO. 824 PERONIA,CIUDAD PERONIA,,,,PRIMARIA,OFICIAL,URBANA,CERRADA DEFINITIVAMENTE,MONOLINGUE,MATUTINA,DIARIO(REGULAR),GUATEMALA SUR
00-12-7445-43,,CIUDAD CAPITAL,ZONA 12,EOUM NO. 825 PERONIA,CIUDAD PERONIA,,,,PRIMARIA,OFICIAL,URBANA,CERRADA DEFINITIVAMENTE,MONOLINGUE,VESPERTINA,DIARIO(REGULAR),GUATEMALA SUR
00-12-7446-43,,CIUDAD CAPITAL,ZONA 12,EOUM PERONIA 2,ASENT. GRAN MIRADOR,,,,PRIMARIA,OFICIAL,URBANA,CERRADA DEFINITIVAMENTE,MONOLINGUE,VESPERTINA,DIARIO(REGULAR),GUATEMALA SUR
00-12-7447-43,01-99-0152,CIUDAD CAPITAL,ZONA 12,EOUM NO.141 QUIRINA TASSI DE AGOSTINI,"1A. CALLE, CIUDAD REAL I",56861152,CLAUDIA ILEANA CRUZ SOLARES,BRENDA LETICIA MUÑOZ GONZÁLEZ,PRIMARIA,OFICIAL,URBANA,ABIERTA,MONOLINGUE,VESPERTINA,DIARIO(REGULAR),GUATEMALA SUR
00-12-7448-43,01-99-0152,CIUDAD CAPITAL,ZONA 12,EOUM NO.50 LEONIDAS MENCOS AVILA,6A CALLE 3-48 CIUDAD REAL II,24777171,CLAUDIA ILEANA CRUZ SOLARES,RODRIGO  AMBROCIO,PRIMARIA,OFICIAL,URBANA,ABIERTA,MONOLINGUE,VESPERTINA,DIARIO(REGULAR),GUATEMALA SUR
00-12-7449-43,01-99-0152,CIUDAD CAPITAL,ZONA 12,EOUM NO.113 QUIRINA TASSI DE AGOSTINI,5A. AVENIDA Y 1A. CALLE CIUDAD REAL I,24774386,CLAUDIA ILEANA CRUZ SOLARES,AÍDA CRISTINA LÓPEZ PÉREZ,PRIMARIA,OFICIAL,URBANA,ABIERTA,MONOLINGUE,MATUTINA,DIARIO(REGULAR),GUATEMALA SUR
00-12-7450-43,,CIUDAD CAPITAL,ZONA 12,EOUM NO. 77 RIGOBERTO BRAN AZMITIA,"12 AV. ENTRE 3A. Y 2A. CALLES, CIUDAD REAL II",,,,PRIMARIA,OFICIAL,URBANA,CERRADA DEFINITIVAMENTE,MONOLINGUE,MATUTINA,DIARIO(REGULAR),GUATEMALA SUR
00-12-7451-43,,CIUDAD CAPITAL,ZONA 12,EOUM 'SONIA JUDITH CORDON GUZMAN,COLONIA AGUILAR HERNANDEZ AV. PETAPA FINAL ZONA 12,,,,PRIMARIA,OFICIAL,URBANA,CERRADA DEFINITIVAMENTE,MONOLINGUE,MATUTINA,DIARIO(REGULAR),GUATEMALA SUR
00-12-7452-43,,CIUDAD CAPITAL,ZONA 12,EOUM 'REPUBLICA DE CANADA',,,,,PRIMARIA,OFICIAL,URBANA,CERRADA DEFINITIVAMENTE,MONOLINGUE,VESPERTINA,DIARIO(REGULAR),GUATEMALA SUR
00-12-7453-43,01-99-0155,CIUDAD CAPITAL,ZONA 12,EOUM FELIX HERNANDEZ ANDRINO,"3A. CALLE 8-61, COLONIA GUAJITOS",59716561,ADILIO RIVERA MELÉNDREZ,RICARDA  JUÁREZ CHÁVEZ,PRIMARIA,OFICIAL,URBANA,ABIERTA,MONOLINGUE,MATUTINA,DIARIO(REGULAR),GUATEMALA SUR
00-12-7522-42,01-210,CIUDAD CAPITAL,ZONA 12,COLEGIO IBEROAMERICANO,35 CALLE 21-35 COLONIA SANTA ELISA,24423807,DINIZ ORALIA MORALES MUÑOZ,IMELDA LISSETTE CRUZ GALVEZ,PARVULOS,PRIVADO,URBANA,CERRADA DEFINITIVAMENTE,MONOLINGUE,MATUTINA,DIARIO(REGULAR),GUATEMALA SUR
00-12-7523-43,01-210,CIUDAD CAPITAL,ZONA 12,COLEGIO IBEROAMERICANO,35 CALLE 21-35 COLONIA SANTA ELISA,24423807,DINIZ ORALIA MORALES MUÑOZ,TELMA JOVITA DE LEÓN MOSCOSO,PRIMARIA,PRIVADO,URBANA,CERRADA DEFINITIVAMENTE,MONOLINGUE,MATUTINA,DIARIO(REGULAR),GUATEMALA SUR
00-12-7536-45,01-210,CIUDAD CAPITAL,ZONA 12,COLEGIO  PANAMERICANO  NO.3,45 CALLE 19-02 ZONA 12 GUATEMALA,24420778,DINIZ ORALIA MORALES MUÑOZ,LUISA FERNANDA FAJARDO MARMOL,BASICO,PRIVADO,URBANA,ABIERTA,MONOLINGUE,MATUTINA,DIARIO(REGULAR),GUATEMALA SUR
00-12-7537-46,01-210,CIUDAD CAPITAL,ZONA 12,COLEGIO PANAMERICANO NO.3,45 CALLE 19-02 ZONA 12 GUATEMALA,24762707,DINIZ ORALIA MORALES MUÑOZ,LUISA FERNANDA FAJARDO MARMOL,DIVERSIFICADO,PRIVADO,URBANA,ABIERTA,MONOLINGUE,MATUTINA,DIARIO(REGULAR),GUATEMALA SUR
00-12-7546-45,01-207,CIUDAD CAPITAL,ZONA 12,COLEGIO MIXTO SANTA ELISA,3A. AVE. 25-37 COLONIA VILLALOBOS I,41146319,ELOÍSA MERCEDES GÓMEZ OROZCO DE FUENTES,LILIAM ELIZABETH LARIOS TOVAR,BASICO,PRIVADO,URBANA,ABIERTA,MONOLINGUE,VESPERTINA,DIARIO(REGULAR),GUATEMALA SUR
00-12-7560-42,01-99-0152,CIUDAD CAPITAL,ZONA 12,COLEGIO MONTESQUIEU,17 AVENIDA 52-54,45115049,CLAUDIA ILEANA CRUZ SOLARES,MARTA HELEN GARCÍA MANZO,PARVULOS,PRIVADO,URBANA,ABIERTA,MONOLINGUE,MATUTINA,DIARIO(REGULAR),GUATEMALA SUR
00-12-7561-43,01-99-0152,CIUDAD CAPITAL,ZONA 12,COLEGIO MONTESQUIEU,17 AVENIDA 52-54,45115049,CLAUDIA ILEANA CRUZ SOLARES,MARTA HELEN GARCÍA MANZO,PRIMARIA,PRIVADO,URBANA,ABIERTA,MONOLINGUE,MATUTINA,DIARIO(REGULAR),GUATEMALA SUR
00-12-7563-43,01-99-0152,CIUDAD CAPITAL,ZONA 12,COLEGIO INTEGRAL REAL PETAPA EN INFORMATICA,AVENIDA PETAPA 0-54 CIUDAD REAL I,24490998,CLAUDIA ILEANA CRUZ SOLARES,LEYDA MAYBELY MARTINEZ ESPINA,PRIMARIA,PRIVADO,URBANA,ABIERTA,MONOLINGUE,MATUTINA,DIARIO(REGULAR),GUATEMALA SUR
00-12-7633-42,01-99-0155,CIUDAD CAPITAL,ZONA 12,LICEO BILINGUE EN COMPUTACION CIENCIA Y HUMANIDAD,6AV. 5-44 GUAJITOS,59018618,ADILIO RIVERA MELÉNDREZ,MARÍA DE LOS ANGELES OLIVA MARROQUÍN,PARVULOS,PRIVADO,URBANA,ABIERTA,MONOLINGUE,MATUTINA,DIARIO(REGULAR),GUATEMALA SUR
00-12-7634-43,01-99-0155,CIUDAD CAPITAL,ZONA 12,LICEO BILINGUE EN COMPUTACION CIENCIA Y HUMANIDAD,6AV. 5-44 GUAJITOS,59018618,ADILIO RIVERA MELÉNDREZ,ALVARO ARNOLDO OLIVA GONZÁLEZ,PRIMARIA,PRIVADO,URBANA,ABIERTA,MONOLINGUE,MATUTINA,DIARIO(REGULAR),GUATEMALA SUR
00-12-7636-42,,CIUDAD CAPITAL,ZONA 12,COLEGIO TIEC,29 CALLE 13-14 COLONIA SANTA ROSA II,24760382,,,PARVULOS,PRIVADO,URBANA,CERRADA DEFINITIVAMENTE,MONOLINGUE,MATUTINA,DIARIO(REGULAR),GUATEMALA SUR
00-12-7637-43,,CIUDAD CAPITAL,ZONA 12,COLEGIO TIEC,29 CALLE 13-14 COLONIA SANTA ROSA II,24760382,,,PRIMARIA,PRIVADO,URBANA,CERRADA DEFINITIVAMENTE,MONOLINGUE,MATUTINA,DIARIO(REGULAR),GUATEMALA SUR
00-12-7638-45,,CIUDAD CAPITAL,ZONA 12,COLEGIO TIEC,29 CALLE 13-14 COLONIA SANTA ROSA II,24760382,,,BASICO,PRIVADO,URBANA,CERRADA DEFINITIVAMENTE,MONOLINGUE,MATUTINA,DIARIO(REGULAR),GUATEMALA SUR
00-12-7639-46,01-210,CIUDAD CAPITAL,ZONA 12,COLEGIO TIEC,29 CALLE 13-14 COLONIA SANTA ROSA II,24760382,DINIZ ORALIA MORALES MUÑOZ,,DIVERSIFICADO,PRIVADO,URBANA,CERRADA TEMPORALMENTE,MONOLINGUE,MATUTINA,DIARIO(REGULAR),GUATEMALA SUR
00-12-7687-43,,CIUDAD CAPITAL,ZONA 12,EOUM,ASENTAMIENTO VILLA LOBOS III,,,,PRIMARIA,OFICIAL,URBANA,CERRADA DEFINITIVAMENTE,MONOLINGUE,MATUTINA,DIARIO(REGULAR),GUATEMALA SUR
00-12-7690-42,,CIUDAD CAPITAL,ZONA 12,EODP ANEXA A EORM,ALDEA CERRO GORDO ZONA 12 GUATEMALA,,,,PARVULOS,OFICIAL,RURAL,CERRADA DEFINITIVAMENTE,MONOLINGUE,MATUTINA,DIARIO(REGULAR),GUATEMALA SUR
00-12-7731-42,,CIUDAD CAPITAL,ZONA 12,COLEGIO NUEVA IDEOLOGIA DIDACTICA,35 CALLE 23-20 ZONA 12 COLONIA SANTA ELISA,24761535,,,PARVULOS,PRIVADO,URBANA,CERRADA TEMPORALMENTE,MONOLINGUE,MATUTINA,DIARIO(REGULAR),GUATEMALA SUR
00-12-7732-43,,CIUDAD CAPITAL,ZONA 12,COLEGIO NUEVA IDEOLOGIA DIDACTICA,35 CALLE 23-20 ZONA 12 COLONIA SANTA ELISA,,,,PRIMARIA,PRIVADO,URBANA,CERRADA TEMPORALMENTE,MONOLINGUE,MATUTINA,DIARIO(REGULAR),GUATEMALA SUR
00-12-7737-45,01-211,CIUDAD CAPITAL,ZONA 12,COLEGIO EVANGELICO LUMINARES,16 AVE. 12-37,24405941,ADRIANA FABIOLA BOLAÑOS ESTRADA,,BASICO,PRIVADO,URBANA,CERRADA DEFINITIVAMENTE,MONOLINGUE,MATUTINA,DIARIO(REGULAR),GUATEMALA SUR
00-12-7771-45,01-641,CIUDAD CAPITAL,ZONA 12,COLEGIO MIXTO  CIENCIA Y ARTE,8A. CALLE 16-30,24755457,MILTON ALONSO ALVAREZ FUENTES,ROSIDALIA MARMITA OROZCO OROZCO,BASICO,PRIVADO,URBANA,CERRADA TEMPORALMENTE,MONOLINGUE,DOBLE,FIN DE SEMANA,GUATEMALA SUR
00-12-7772-46,01-641,CIUDAD CAPITAL,ZONA 12,COLEGIO MIXTO  CIENCIA Y ARTE,8A CALLE 16-30,24755457,MILTON ALONSO ALVAREZ FUENTES,ROSIDALIA MARMITA OROZCO OROZCO,DIVERSIFICADO,PRIVADO,URBANA,CERRADA TEMPORALMENTE,MONOLINGUE,DOBLE,FIN DE SEMANA,GUATEMALA SUR
00-12-7794-43,,CIUDAD CAPITAL,ZONA 12,EOUM NUEVO AMANECER,ASENTAMIENTO NUEVO AMANECER AV. PETAPA FINAL,,,,PRIMARIA,OFICIAL,URBANA,CERRADA DEFINITIVAMENTE,MONOLINGUE,VESPERTINA,DIARIO(REGULAR),GUATEMALA SUR
00-12-7795-42,01-208,CIUDAD CAPITAL,ZONA 12,EODP ANEXA EOUM NUEVO AMANECER EN FORMACION,ASENTAMIENTO NUEVO AMANECER SECTOR 3 AVE. PETAPA,56635414,LILIAN NINETH TEOS REYES,,PARVULOS,OFICIAL,URBANA,CERRADA DEFINITIVAMENTE,MONOLINGUE,MATUTINA,DIARIO(REGULAR),GUATEMALA SUR
00-12-7796-42,,CIUDAD CAPITAL,ZONA 12,EODP ANEXA EORM,MEZQUITAL II,,,,PARVULOS,OFICIAL,URBANA,CERRADA TEMPORALMENTE,MONOLINGUE,VESPERTINA,DIARIO(REGULAR),GUATEMALA SUR
00-12-7797-42,01-99-0151,CIUDAD CAPITAL,ZONA 12,EODP ANEXA EOUM NO. 67 LIC. RICARDO CASTAÑEDA PAGANINI,29 CALLE A 10-65 COL. EL BOSQUE,42173392,MARÍA EUGENIA LOBOS ELÍAS,JUANA FLORIBELA HERNÁNDEZ HERNÁNDEZ,PARVULOS,OFICIAL,URBANA,ABIERTA,MONOLINGUE,MATUTINA,DIARIO(REGULAR),GUATEMALA SUR
00-12-7879-42,01-99-0151,CIUDAD CAPITAL,ZONA 12,CEIN CENTRO DE EDUCACION INICIAL PAIN,12A. AVENIDA 24-01 COLONIA LA REFORMITA,24769316,MARÍA EUGENIA LOBOS ELÍAS,NAYCEE JANETH VILLAGRAN,PARVULOS,OFICIAL,URBANA,ABIERTA,MONOLINGUE,MATUTINA,DIARIO(REGULAR),GUATEMALA SUR
00-12-7925-42,01-211,CIUDAD CAPITAL,ZONA 12,COLEGIO EXPERIMENTAL CRISTIANO VERBO NO.5,"6A. AVENIDA 4-87, COLONIA GUAJITOS",24794330,ADRIANA FABIOLA BOLAÑOS ESTRADA,,PARVULOS,PRIVADO,URBANA,CERRADA TEMPORALMENTE,MONOLINGUE,MATUTINA,DIARIO(REGULAR),GUATEMALA SUR
00-12-7926-43,01-211,CIUDAD CAPITAL,ZONA 12,ESCUELA PARTICULAR EXPERIMENTAL CRISTIANA  EL VERBO,"6A. AVENIDA 4-87, COLONIA GUAJITOS",24794330,ADRIANA FABIOLA BOLAÑOS ESTRADA,,PRIMARIA,PRIVADO,URBANA,CERRADA TEMPORALMENTE,MONOLINGUE,MATUTINA,DIARIO(REGULAR),GUATEMALA SUR
00-12-8015-42,,CIUDAD CAPITAL,ZONA 12,UNIDAD EDUCATIVA NUEVO SIGLO,16 AVE. 'A' 32-12,,,,PARVULOS,PRIVADO,URBANA,CERRADA TEMPORALMENTE,MONOLINGUE,MATUTINA,DIARIO(REGULAR),GUATEMALA SUR
00-12-8016-43,,CIUDAD CAPITAL,ZONA 12,UNIDAD EDUCATIVA NUEVO SIGLO,16 AVE. 'A' 32-12,,,,PRIMARIA,PRIVADO,URBANA,CERRADA TEMPORALMENTE,MONOLINGUE,MATUTINA,DIARIO(REGULAR),GUATEMALA SUR
00-12-8023-45,01-208,CIUDAD CAPITAL,ZONA 12,LICEO BILINGUE EN COMPUTACION CIENCIA Y HUMANIDAD,6A. AV. 5-44 GUAJITOS,24498177,LILIAN NINETH TEOS REYES,,BASICO,PRIVADO,URBANA,CERRADA TEMPORALMENTE,MONOLINGUE,VESPERTINA,DIARIO(REGULAR),GUATEMALA SUR
00-12-8041-42,,CIUDAD CAPITAL,ZONA 12,EODP ANEXA EORM,ASENTAMIENTO UNIDOS POR LA PAZ VILLA LOBOS I,,,,PARVULOS,OFICIAL,URBANA,CERRADA DEFINITIVAMENTE,MONOLINGUE,MATUTINA,DIARIO(REGULAR),GUATEMALA SUR
00-12-8042-43,,CIUDAD CAPITAL,ZONA 12,EORM,"ASENTAMIENTO UNIDOS POR LA PAZ, VILLALOBOS I",,,,PRIMARIA,OFICIAL,URBANA,CERRADA TEMPORALMENTE,MONOLINGUE,MATUTINA,DIARIO(REGULAR),GUATEMALA SUR
00-12-8114-45,01-207,CIUDAD CAPITAL,ZONA 12,COLEGIO EN COMPUTACION VILLALOBOS,3A. AVENIDA 24-12 VILLALOBOS I,54132908,ELOÍSA MERCEDES GÓMEZ OROZCO DE FUENTES,----,BASICO,PRIVADO,URBANA,ABIERTA,MONOLINGUE,MATUTINA,DIARIO(REGULAR),GUATEMALA SUR
00-12-8115-46,01-207,CIUDAD CAPITAL,ZONA 12,COLEGIO EN COMPUTACION VILLALOBOS,3A. AVENIDA 24-12 VILLA LOBOS I,54132908,ELOÍSA MERCEDES GÓMEZ OROZCO DE FUENTES,-----,DIVERSIFICADO,PRIVADO,URBANA,ABIERTA,MONOLINGUE,MATUTINA,DIARIO(REGULAR),GUATEMALA SUR
00-12-8116-45,01-641,CIUDAD CAPITAL,ZONA 12,COLEGIO EN COMPUTACION VILLALOBOS,3A. AV. 25-12 COL. VILLALOBOS I,24771390,MILTON ALONSO ALVAREZ FUENTES,------,BASICO,PRIVADO,URBANA,ABIERTA,MONOLINGUE,NOCTURNA,DIARIO(REGULAR),GUATEMALA SUR
00-12-8117-46,01-641,CIUDAD CAPITAL,ZONA 12,COLEGIO EN COMPUTACION VILLALOBOS,3A. 25-12 COL. VILLALOBOS I,24771390,MILTON ALONSO ALVAREZ FUENTES,------,DIVERSIFICADO,PRIVADO,URBANA,CERRADA DEFINITIVAMENTE,MONOLINGUE,NOCTURNA,DIARIO(REGULAR),GUATEMALA SUR
00-12-8219-45,01-641,CIUDAD CAPITAL,ZONA 12,COLEGIO DE INFORMATICA IMB-PC NO.2,AVENIDA PETAPA 30-64,23043211,MILTON ALONSO ALVAREZ FUENTES,BRENDA FELICITA BOBADILLA ROCA,BASICO,PRIVADO,URBANA,CERRADA TEMPORALMENTE,MONOLINGUE,DOBLE,FIN DE SEMANA,GUATEMALA SUR
00-12-8220-46,01-641,CIUDAD CAPITAL,ZONA 12,COLEGIO DE INFORMATICA IMB-PC NO.2,AVENIDA PETAPA 30-64,23043211,MILTON ALONSO ALVAREZ FUENTES,BRENDA FELICITA BOBADILLA ROCA,DIVERSIFICADO,PRIVADO,URBANA,CERRADA TEMPORALMENTE,MONOLINGUE,DOBLE,FIN DE SEMANA,GUATEMALA SUR
00-12-8274-45,01-210,CIUDAD CAPITAL,ZONA 12,INSTITUTO TECNICO VOCACIONAL PRIVADO EMILIANI,31 CALLE 17-57,4760306-4421742,DINIZ ORALIA MORALES MUÑOZ,,BASICO,PRIVADO,URBANA,CERRADA TEMPORALMENTE,MONOLINGUE,MATUTINA,DIARIO(REGULAR),GUATEMALA SUR
00-12-8327-43,01-208,CIUDAD CAPITAL,ZONA 12,EOUM 'NUEVO AMANECER EN FORMACION',ASENTAMIENTO NUEVO AMANECER SECTOR 3 AVENIDA PETAPA FINAL,56635414,LILIAN NINETH TEOS REYES,,PRIMARIA,OFICIAL,URBANA,CERRADA DEFINITIVAMENTE,MONOLINGUE,MATUTINA,DIARIO(REGULAR),GUATEMALA SUR
00-12-8347-42,01-211,CIUDAD CAPITAL,ZONA 12,COLEGIO PARROQUIAL PADRE 'ELOY SUAREZ COBIAN',26 CALLE 7-10,,ADRIANA FABIOLA BOLAÑOS ESTRADA,,PARVULOS,PRIVADO,URBANA,CERRADA TEMPORALMENTE,MONOLINGUE,VESPERTINA,DIARIO(REGULAR),GUATEMALA SUR
00-12-8348-43,01-211,CIUDAD CAPITAL,ZONA 12,COLEGIO PARROQUIAL PADRE ELOY SUAREZ COBIAN,26 CALLE 7-10,24770712,ADRIANA FABIOLA BOLAÑOS ESTRADA,,PRIMARIA,PRIVADO,URBANA,CERRADA TEMPORALMENTE,MONOLINGUE,VESPERTINA,DIARIO(REGULAR),GUATEMALA SUR
00-12-8349-46,01-99-0151,CIUDAD CAPITAL,ZONA 12,COLEGIO MIXTO VALLE REAL,"11A. AVENIDA 30-63, ZONA 12, SANTA ROSA II",24422030,MARÍA EUGENIA LOBOS ELÍAS,GLADYS GENOVEVA TEJEDA SOLARES,DIVERSIFICADO,PRIVADO,URBANA,ABIERTA,MONOLINGUE,MATUTINA,DIARIO(REGULAR),GUATEMALA SUR
00-12-8362-43,,CIUDAD CAPITAL,ZONA 12,EOUM,4AV.A 4-36 ZONA 12,,,,PRIMARIA,OFICIAL,URBANA,CERRADA DEFINITIVAMENTE,MONOLINGUE,MATUTINA,DIARIO(REGULAR),GUATEMALA SUR
00-12-8364-45,01-99-0152,CIUDAD CAPITAL,ZONA 12,COLEGIO 'INTEGRAL REAL PETAPA EN INFORMATICA',AV. PETAPA 0-54 CIUDAD REAL I,24490999,CLAUDIA ILEANA CRUZ SOLARES,MARYLLA ARMINDA REYES VALDÉS,BASICO,PRIVADO,URBANA,ABIERTA,MONOLINGUE,MATUTINA,DIARIO(REGULAR),GUATEMALA SUR
00-12-8412-43,01-211,CIUDAD CAPITAL,ZONA 12,CENTRO DE APRENDIZAJE MIXTO OCUPACIONAL 'RENACER',12 AVENIDA 7-15,24722269,ADRIANA FABIOLA BOLAÑOS ESTRADA,,PRIMARIA,PRIVADO,URBANA,CERRADA TEMPORALMENTE,MONOLINGUE,MATUTINA,DIARIO(REGULAR),GUATEMALA SUR
00-12-8419-42,01-01-0150,CIUDAD CAPITAL,ZONA 12,COLEGIO DE INFORMATICA IMB-PC NO. 2,AVENIDA PETAPA 30-64,23043211,VICTORIA ENCARNACIÓN CASTRO CASTELLANOS,BRENDA FELICITA BOBADILLA ROCA,PARVULOS,PRIVADO,URBANA,ABIERTA,MONOLINGUE,MATUTINA,DIARIO(REGULAR),GUATEMALA SUR
00-12-8420-43,01-01-0150,CIUDAD CAPITAL,ZONA 12,COLEGIO EN INFORMATICA IMB-PC NO. 2,AVENIDA PETAPA 30-64,23043211,VICTORIA ENCARNACIÓN CASTRO CASTELLANOS,BRENDA FELICITA BOBADILLA ROCA,PRIMARIA,PRIVADO,URBANA,ABIERTA,MONOLINGUE,MATUTINA,DIARIO(REGULAR),GUATEMALA SUR
00-12-8421-45,01-99-0154,CIUDAD CAPITAL,ZONA 12,COLEGIO DE INFORMATICA IMB-PC NO. 2,AVENIDA PETAPA 30-64,23043211,BYRON FERNANDO BÁMACA DE LA CRUZ,BRENDA FELICITA BOBADILLA ROCA,BASICO,PRIVADO,URBANA,ABIERTA,MONOLINGUE,DOBLE,FIN DE SEMANA,GUATEMALA SUR
00-12-8422-46,01-99-0154,CIUDAD CAPITAL,ZONA 12,COLEGIO DE INFORMATICA IMB-PC NO. 2,AVENIDA PETAPA 30-64,23043211,BYRON FERNANDO BÁMACA DE LA CRUZ,BRENDA FELICITA BOBADILLA ROCA,DIVERSIFICADO,PRIVADO,URBANA,ABIERTA,MONOLINGUE,DOBLE,FIN DE SEMANA,GUATEMALA SUR
00-12-8430-45,01-210,CIUDAD CAPITAL,ZONA 12,COLEGIO GLENN DOMAN,46 CALLE 18-42 COLONIA PRADOS DE MONTE MARIA,24773806,DINIZ ORALIA MORALES MUÑOZ,,BASICO,PRIVADO,URBANA,CERRADA TEMPORALMENTE,MONOLINGUE,MATUTINA,DIARIO(REGULAR),GUATEMALA SUR
00-12-8474-46,01-207,CIUDAD CAPITAL,ZONA 12,COLEGIO MIXTO  SANTA ELISA,3A. AV. 25-37 COLONIA VILLALOBOS I,41146319,ELOÍSA MERCEDES GÓMEZ OROZCO DE FUENTES,LILIAM ELIZABETH LARIOS TOVAR,DIVERSIFICADO,PRIVADO,URBANA,ABIERTA,MONOLINGUE,MATUTINA,DIARIO(REGULAR),GUATEMALA SUR
00-12-8545-45,01-206,CIUDAD CAPITAL,ZONA 12,IEBC,2A. AVENIDA Y 8A. CALLE COLONIA MEZQUITAL,24800874,INGRID ELIZABETH PEÑA TRUJILLO,,BASICO,COOPERATIVA,URBANA,CERRADA DEFINITIVAMENTE,MONOLINGUE,MATUTINA,DIARIO(REGULAR),GUATEMALA SUR
00-12-8556-42,,CIUDAD CAPITAL,ZONA 12,JARDIN INFANTIL LA CASITA,1A. AV. 45-76 COLONIA MONTE MARIA I,24773879,,,PARVULOS,PRIVADO,URBANA,CERRADA TEMPORALMENTE,MONOLINGUE,MATUTINA,DIARIO(REGULAR),GUATEMALA SUR
00-12-8567-46,01-406,CIUDAD CAPITAL,ZONA 12,INSTITUTO DIVERSIFICADO  MIRNA MACK,1A. AV. ENTRE 5A. Y 6A. CALLE COLONIA MESQUITAL,,MIGUEL ALVARO RODRIGUEZ PORTILLO,,DIVERSIFICADO,PRIVADO,URBANA,CERRADA TEMPORALMENTE,MONOLINGUE,NOCTURNA,DIARIO(REGULAR),GUATEMALA SUR
00-12-8605-46,01-406,CIUDAD CAPITAL,ZONA 12,LICEO MIXTO 'JUAN APOSTOL',4A. AV. 11-52,24712442,MIGUEL ALVARO RODRIGUEZ PORTILLO,-----,DIVERSIFICADO,PRIVADO,URBANA,CERRADA TEMPORALMENTE,MONOLINGUE,VESPERTINA,FIN DE SEMANA,GUATEMALA SUR
00-12-8626-42,01-216,CIUDAD CAPITAL,ZONA 12,ESCUELA EXPERIMENTAL DE APLICACION 'MARIO ALIOTO LOPEZ SANCHEZ',EDIFICIO S-11 DEL CAMPUS UNIVERSITARIO,,ANNY VICTORIA PERDOMO VILLATORO,,PARVULOS,OFICIAL,URBANA,CERRADA TEMPORALMENTE,MONOLINGUE,DOBLE,SABATINO,GUATEMALA SUR
00-12-8627-43,01-216,CIUDAD CAPITAL,ZONA 12,ESCUELA EXPERIMENTAL DE APLICACION 'MARIO ALIOTO LOPEZ SANCHEZ',EDIFICIO S-11 DEL CAMPUS UNIVERSITARIO,,ANNY VICTORIA PERDOMO VILLATORO,,PRIMARIA,OFICIAL,URBANA,CERRADA TEMPORALMENTE,MONOLINGUE,DOBLE,SABATINO,GUATEMALA SUR
00-12-8646-46,01-641,CIUDAD CAPITAL,ZONA 12,"INSTITUTO NACIONAL DE EDUCACION BASICA Y BACHILLERATO EN CIENCIAS Y LETRAS POR MADUREZ ""LICDA. MATILDE ROUGE""",BOULEVARD LIBERACIÓN 13-19,42299311,MILTON ALONSO ALVAREZ FUENTES,JOSE LUIS OROZCO MIRANDA,DIVERSIFICADO,OFICIAL,URBANA,CERRADA TEMPORALMENTE,MONOLINGUE,DOBLE,FIN DE SEMANA,GUATEMALA SUR
00-12-8656-46,01-210,CIUDAD CAPITAL,ZONA 12,LICEO MIXTO 'JUAN APOSTOL',4A. AVENIDA 11-52 REFORMITA,"24712442, 24404722",DINIZ ORALIA MORALES MUÑOZ,,DIVERSIFICADO,PRIVADO,URBANA,CERRADA TEMPORALMENTE,MONOLINGUE,MATUTINA,DIARIO(REGULAR),GUATEMALA SUR
00-12-8657-45,01-406,CIUDAD CAPITAL,ZONA 12,LICEO MIXTO 'JUAN APOSTOL',4A. AVENIDA 11-52,"24712442, 24404722",MIGUEL ALVARO RODRIGUEZ PORTILLO,,BASICO,PRIVADO,URBANA,CERRADA TEMPORALMENTE,MONOLINGUE,VESPERTINA,FIN DE SEMANA,GUATEMALA SUR
00-12-8779-42,01-99-0156,CIUDAD CAPITAL,ZONA 12,COLEGIO  EL MUNDO DE LOS NIÑOS  (KIDS WORLD),5A. AVENIDA 5-76 COLONIA MORSE,59172006,NATALY FABIOLA SOTO ESPAÑA,JOSELINE ALEJANDRA SOLARES GIRÓN,PARVULOS,PRIVADO,URBANA,ABIERTA,MONOLINGUE,MATUTINA,DIARIO(REGULAR),GUATEMALA SUR
00-12-8780-43,01-99-0156,CIUDAD CAPITAL,ZONA 12,COLEGIO  EL MUNDO DE LOS NIÑOS  (KIDS WORLD),5A. AVENIDA 5-76 COLONIA MORSE,24776961,NATALY FABIOLA SOTO ESPAÑA,INGRID LIZET FLORIAN ORELLANA DE SANDOVAL,PRIMARIA,PRIVADO,URBANA,ABIERTA,MONOLINGUE,MATUTINA,DIARIO(REGULAR),GUATEMALA SUR
00-12-8785-42,01-99-0155,CIUDAD CAPITAL,ZONA 12,EODP ANEXA A EOUM NO.456 CANADA,3A. CALLE 2-61 COLONIA GUAJITOS,24774332,ADILIO RIVERA MELÉNDREZ,MIRIAM JANETH CUX PAZ,PARVULOS,OFICIAL,URBANA,ABIERTA,MONOLINGUE,VESPERTINA,DIARIO(REGULAR),GUATEMALA SUR
00-12-8792-42,01-01-0150,CIUDAD CAPITAL,ZONA 12,EODP ANEXA A EOUM NO.127 'EUREKA',46 CALLE Y AVENIDA PETAPA,24774803,VICTORIA ENCARNACIÓN CASTRO CASTELLANOS,INGRID ADELAIDA MARTINEZ CORONADO,PARVULOS,OFICIAL,URBANA,ABIERTA,MONOLINGUE,MATUTINA,DIARIO(REGULAR),GUATEMALA SUR
00-12-8818-45,01-99-0151,CIUDAD CAPITAL,ZONA 12,LICEO CANADIENSE SUR,CALZADA AGUILAR BATRES 30-67,23750065,MARÍA EUGENIA LOBOS ELÍAS,MARLON ANTONIO SOLARES SÁNCHEZ,BASICO,PRIVADO,URBANA,ABIERTA,MONOLINGUE,MATUTINA,DIARIO(REGULAR),GUATEMALA SUR
00-12-8819-46,01-99-0151,CIUDAD CAPITAL,ZONA 12,LICEO CANADIENSE SUR,CALZADA AGUILAR BATRES 30-67,23750057,MARÍA EUGENIA LOBOS ELÍAS,MARLON ANTONIO SOLARES SÁNCHEZ,DIVERSIFICADO,PRIVADO,URBANA,ABIERTA,MONOLINGUE,MATUTINA,DIARIO(REGULAR),GUATEMALA SUR
00-12-8820-45,01-211,CIUDAD CAPITAL,ZONA 12,LICEO CANADIENSE SUR,CALZADA AGUILAR BATRES 30-67,23750065,ADRIANA FABIOLA BOLAÑOS ESTRADA,ALICIA NOEMY GÁLVEZ JIMÉNEZ,BASICO,PRIVADO,URBANA,ABIERTA,MONOLINGUE,VESPERTINA,DIARIO(REGULAR),GUATEMALA SUR
00-12-8821-46,01-211,CIUDAD CAPITAL,ZONA 12,LICEO CANADIENSE SUR,CALZADA AGUILAR BATRES 30-67,23750057,ADRIANA FABIOLA BOLAÑOS ESTRADA,MARLON ANTONIO SOLARES SÁNCHEZ,DIVERSIFICADO,PRIVADO,URBANA,ABIERTA,MONOLINGUE,VESPERTINA,DIARIO(REGULAR),GUATEMALA SUR
00-12-8822-45,01-641,CIUDAD CAPITAL,ZONA 12,LICEO CANADIENSE SUR,CALZADA AGUILAR BATRES 30-67,23750065,MILTON ALONSO ALVAREZ FUENTES,ALICIA NOEMY GÁLVEZ JIMÉNEZ,BASICO,PRIVADO,URBANA,ABIERTA,MONOLINGUE,DOBLE,FIN DE SEMANA,GUATEMALA SUR
00-12-8823-45,01-99-0154,CIUDAD CAPITAL,ZONA 12,LICEO CANADIENSE SUR,CALZADA AGUILAR BATRES 30-67,23750057,BYRON FERNANDO BÁMACA DE LA CRUZ,MARLON ANTONIO SOLARES SÁNCHEZ,BASICO,PRIVADO,URBANA,ABIERTA,MONOLINGUE,DOBLE,FIN DE SEMANA,GUATEMALA SUR
00-12-8824-46,01-641,CIUDAD CAPITAL,ZONA 12,LICEO CANADIENSE SUR,CALZADA AGUILAR BATRES 30-67,23750065,MILTON ALONSO ALVAREZ FUENTES,ALICIA NOEMY GÁLVEZ JIMÉNEZ,DIVERSIFICADO,PRIVADO,URBANA,ABIERTA,MONOLINGUE,DOBLE,FIN DE SEMANA,GUATEMALA SUR
00-12-8825-46,01-99-0154,CIUDAD CAPITAL,ZONA 12,LICEO CANADIENSE SUR,CALZADA AGUILAR BATRES 30-67,23750057,BYRON FERNANDO BÁMACA DE LA CRUZ,MARLON ANTONIO SOLARES SÁNCHEZ,DIVERSIFICADO,PRIVADO,URBANA,ABIERTA,MONOLINGUE,DOBLE,FIN DE SEMANA,GUATEMALA SUR
00-12-8826-42,01-99-0152,CIUDAD CAPITAL,ZONA 12,COLEGIO MIXTO 'LUZ DE AMERICA',1A. AV. LOTE 75 CIUDAD REAL II,24793636,CLAUDIA ILEANA CRUZ SOLARES,MAYRA JUDITH GARCIA RIVERA,PARVULOS,PRIVADO,URBANA,ABIERTA,MONOLINGUE,MATUTINA,DIARIO(REGULAR),GUATEMALA SUR
00-12-8827-43,01-99-0152,CIUDAD CAPITAL,ZONA 12,COLEGIO MIXTO 'LUZ DE AMERICA',1A. AV. LOTE 75 CIUDAD REAL II,24793636,CLAUDIA ILEANA CRUZ SOLARES,KIMBERLY MARINA RUIZ CASTRO,PRIMARIA,PRIVADO,URBANA,ABIERTA,MONOLINGUE,MATUTINA,DIARIO(REGULAR),GUATEMALA SUR
00-12-8871-45,01-211,CIUDAD CAPITAL,ZONA 12,ESCUELA PARTICULAR EXPERIMENTAL CRISTIANA  EL VERBO,6A. AVENIDA 4-87 GUAJITOS,24794330,ADRIANA FABIOLA BOLAÑOS ESTRADA,,BASICO,PRIVADO,URBANA,CERRADA TEMPORALMENTE,MONOLINGUE,MATUTINA,DIARIO(REGULAR),GUATEMALA SUR
00-12-8903-42,01-207,CIUDAD CAPITAL,ZONA 12,COLEGIO PEDAGOGICO MODERNO,3A. AV. 2-48 MEZQUITAL,56026228,ELOÍSA MERCEDES GÓMEZ OROZCO DE FUENTES,,PARVULOS,PRIVADO,URBANA,CERRADA DEFINITIVAMENTE,MONOLINGUE,MATUTINA,DIARIO(REGULAR),GUATEMALA SUR
00-12-8904-43,01-207,CIUDAD CAPITAL,ZONA 12,COLEGIO PEDAGOGICO MODERNO,3A. AV. 2-48 MEXQUITAL,56026228,ELOÍSA MERCEDES GÓMEZ OROZCO DE FUENTES,,PRIMARIA,PRIVADO,URBANA,CERRADA DEFINITIVAMENTE,MONOLINGUE,MATUTINA,DIARIO(REGULAR),GUATEMALA SUR
00-12-8905-45,01-207,CIUDAD CAPITAL,ZONA 12,COLEGIO PEDAGOGICO MODERNO,3A. AV. 2-48 MEXQUITAL,56026228,ELOÍSA MERCEDES GÓMEZ OROZCO DE FUENTES,,BASICO,PRIVADO,URBANA,CERRADA DEFINITIVAMENTE,MONOLINGUE,VESPERTINA,DIARIO(REGULAR),GUATEMALA SUR
00-12-8916-46,01-406,CIUDAD CAPITAL,ZONA 12,COLEGIO PEDAGOGICO MODERNO,3A. AV. 2-48 MEXQUITAL,79167646,MIGUEL ALVARO RODRIGUEZ PORTILLO,,DIVERSIFICADO,PRIVADO,URBANA,CERRADA DEFINITIVAMENTE,MONOLINGUE,DOBLE,FIN DE SEMANA,GUATEMALA SUR
00-12-8917-45,01-406,CIUDAD CAPITAL,ZONA 12,COLEGIO PEDAGOGICO MODERNO,3A. AVENIDA 2-48 MEZQUITAL,24771487,MIGUEL ALVARO RODRIGUEZ PORTILLO,,BASICO,PRIVADO,URBANA,CERRADA TEMPORALMENTE,MONOLINGUE,DOBLE,FIN DE SEMANA,GUATEMALA SUR
00-12-8953-45,01-211,CIUDAD CAPITAL,ZONA 12,COLEGIO PSICOPEDAGOGICO INDIVIDUAL SALVADOR HUGUET,AVENIDA PETAPA 29-74,24760287,ADRIANA FABIOLA BOLAÑOS ESTRADA,AMILCAR DUARTE HERNANDEZ,BASICO,PRIVADO,URBANA,CERRADA TEMPORALMENTE,MONOLINGUE,MATUTINA,DIARIO(REGULAR),GUATEMALA SUR
00-12-8954-46,01-211,CIUDAD CAPITAL,ZONA 12,COLEGIO PSICOPEDAGOGICO INDIVIDUAL SALVADOR HUGUET,AVENIDA PETAPA 29-74,24760287,ADRIANA FABIOLA BOLAÑOS ESTRADA,AMILCAR DUARTE HERNANDEZ,DIVERSIFICADO,PRIVADO,URBANA,CERRADA TEMPORALMENTE,MONOLINGUE,MATUTINA,DIARIO(REGULAR),GUATEMALA SUR
00-12-8972-43,01-211,CIUDAD CAPITAL,ZONA 12,COLEGIO MIXTO CRISTIANO 'LA PERSEVERANCIA',"14 AVENIDA 22-77, COLONIA LA REFORMITA",24768665,ADRIANA FABIOLA BOLAÑOS ESTRADA,,PRIMARIA,PRIVADO,URBANA,CERRADA TEMPORALMENTE,MONOLINGUE,MATUTINA,DIARIO(REGULAR),GUATEMALA SUR
00-12-9002-45,01-99-0151,CIUDAD CAPITAL,ZONA 12,COLEGIO BILINGUE DE COMPUTACION C.B.C EL CARMEN,"31 CALLE 00-52, COLONIA EL CARMEN",24762418,MARÍA EUGENIA LOBOS ELÍAS,SANDRA MARITZA IZQUIERDO ZAPATA,BASICO,PRIVADO,URBANA,ABIERTA,MONOLINGUE,MATUTINA,DIARIO(REGULAR),GUATEMALA SUR
00-12-9003-46,01-99-0151,CIUDAD CAPITAL,ZONA 12,COLEGIO BILINGUE DE COMPUTACION C.B.C. EL CARMEN,31 CALLE 0-52 COLONIA EL CARMEN,24762418,MARÍA EUGENIA LOBOS ELÍAS,SANDRA MARITZA IZQUIERDO ZAPATA,DIVERSIFICADO,PRIVADO,URBANA,ABIERTA,MONOLINGUE,MATUTINA,DIARIO(REGULAR),GUATEMALA SUR
00-12-9004-46,01-99-0151,CIUDAD CAPITAL,ZONA 12,COLEGIO BILINGUE DE COMPUTACION C.B.C EL CARMEN,"31 CALLE 00-52, COLONIA EL CARMEN",24762418,MARÍA EUGENIA LOBOS ELÍAS,SANDRA MARITZA IZQUIERDO ZAPATA,DIVERSIFICADO,PRIVADO,URBANA,ABIERTA,MONOLINGUE,VESPERTINA,DIARIO(REGULAR),GUATEMALA SUR
00-12-9005-45,01-99-0154,CIUDAD CAPITAL,ZONA 12,COLEGIO BILINGUE DE COMPUTACION C.B.C.  EL CARMEN,"31 CALLE 00-52, COLONIA EL CARMEN",56924159,BYRON FERNANDO BÁMACA DE LA CRUZ,SANDRA MARITZA IZQUIERDO ZAPATA,BASICO,PRIVADO,URBANA,ABIERTA,MONOLINGUE,DOBLE,FIN DE SEMANA,GUATEMALA SUR
00-12-9006-46,01-99-0154,CIUDAD CAPITAL,ZONA 12,COLEGIO BILINGUE DE COMPUTACION C.B.C.  EL CARMEN,"31 CALLE 00-52, COLONIA EL CARMEN",56924159,BYRON FERNANDO BÁMACA DE LA CRUZ,SANDRA MARITZA IZQUIERDO ZAPATA,DIVERSIFICADO,PRIVADO,URBANA,ABIERTA,MONOLINGUE,DOBLE,FIN DE SEMANA,GUATEMALA SUR
00-12-9007-46,01-641,CIUDAD CAPITAL,ZONA 12,COLEGIO BILINGUE DE COMPUTACION C.B.C  EL CARMEN,"31 CALLE 0-52, COLONIA EL CARMEN",24762418,MILTON ALONSO ALVAREZ FUENTES,GLENNDA IVONNE ESCOBAR MORALES,DIVERSIFICADO,PRIVADO,URBANA,CERRADA TEMPORALMENTE,MONOLINGUE,DOBLE,FIN DE SEMANA,GUATEMALA SUR
00-12-9039-43,01-01-0150,CIUDAD CAPITAL,ZONA 12,EOUM EUREKA,46 CALLE Y AVENIDA PETAPA,24793314,VICTORIA ENCARNACIÓN CASTRO CASTELLANOS,YANELI EDITH PIRIR BOLAÑOS,PRIMARIA,OFICIAL,URBANA,ABIERTA,MONOLINGUE,VESPERTINA,DIARIO(REGULAR),GUATEMALA SUR
00-12-9053-43,01-211,CIUDAD CAPITAL,ZONA 12,CENTRO EDUCATIVO 'LOS CEDROS DEL SUR',"4A. AVENIDA 25-65, COLONIA REFORMITA",24768320,ADRIANA FABIOLA BOLAÑOS ESTRADA,,PRIMARIA,PRIVADO,URBANA,CERRADA TEMPORALMENTE,MONOLINGUE,MATUTINA,DIARIO(REGULAR),GUATEMALA SUR
00-12-9054-45,01-211,CIUDAD CAPITAL,ZONA 12,CENTRO EDUCATIVO LOS CEDROS DEL SUR,"4A. AVENIDA 26-65, COLONIA REFORMITA",24768320,ADRIANA FABIOLA BOLAÑOS ESTRADA,,BASICO,PRIVADO,URBANA,CERRADA TEMPORALMENTE,MONOLINGUE,MATUTINA,DIARIO(REGULAR),GUATEMALA SUR
00-12-9055-46,01-210,CIUDAD CAPITAL,ZONA 12,CENTRO EDUCATIVO LOS CEDROS DEL SUR,"4A. AVENIDA 26-65, COLONIA REFORMITA",24768320,DINIZ ORALIA MORALES MUÑOZ,,DIVERSIFICADO,PRIVADO,URBANA,TEMPORAL TITULOS,MONOLINGUE,MATUTINA,DIARIO(REGULAR),GUATEMALA SUR
00-12-9056-42,01-211,CIUDAD CAPITAL,ZONA 12,CENTRO EDUCATIVO 'LOS CEDROS DEL SUR',"4A. AVENIDA 26-65, COLONIA REFORMITA",24768320,ADRIANA FABIOLA BOLAÑOS ESTRADA,,PARVULOS,PRIVADO,URBANA,CERRADA TEMPORALMENTE,MONOLINGUE,MATUTINA,DIARIO(REGULAR),GUATEMALA SUR
00-12-9074-42,01-99-0157,CIUDAD CAPITAL,ZONA 12,CENTRO EDUCATIVO CEIBAL,"25 AVENIDA  B  LOTE 50, COLONIA MORSE",24776551,LILIAN NINETH TEOS REYES,STEFFANNY CAROLINA PAZ RODRÍGUEZ,PARVULOS,PRIVADO,URBANA,ABIERTA,MONOLINGUE,MATUTINA,DIARIO(REGULAR),GUATEMALA SUR
00-12-9075-43,01-99-0157,CIUDAD CAPITAL,ZONA 12,CENTRO EDUCATIVO CEIBAL,"25 AVENIDA  B  LOTE 50, COLONIA MORSE",24776551,LILIAN NINETH TEOS REYES,MANUEL DE JESÚS PARADA AROCHE,PRIMARIA,PRIVADO,URBANA,ABIERTA,MONOLINGUE,MATUTINA,DIARIO(REGULAR),GUATEMALA SUR
00-12-9076-46,01-211,CIUDAD CAPITAL,ZONA 12,COLEGIO PSICOPEDAGOGICO INDIVIDUAL SALVADOR HUGUET,AVENIDA PETAPA 29-74,24760287,ADRIANA FABIOLA BOLAÑOS ESTRADA,MARIO MOISES PALMA CHINCHILLA,DIVERSIFICADO,PRIVADO,URBANA,CERRADA TEMPORALMENTE,MONOLINGUE,VESPERTINA,DIARIO(REGULAR),GUATEMALA SUR
00-12-9078-42,01-211,CIUDAD CAPITAL,ZONA 12,CENTRO EDUCATIVO VERAPAZ,2A. AVE. 34-26,24422243,ADRIANA FABIOLA BOLAÑOS ESTRADA,GUSTAVO ADOLFO RECINOS,PARVULOS,PRIVADO,URBANA,ABIERTA,MONOLINGUE,MATUTINA,DIARIO(REGULAR),GUATEMALA SUR
00-12-9079-43,01-211,CIUDAD CAPITAL,ZONA 12,CENTRO EDUCATIVO VERAPAZ,"2A. AVE. 34-26, COLONIA EL CARMEN",24422243,ADRIANA FABIOLA BOLAÑOS ESTRADA,LILIAN AIDA MORALES VARGAS,PRIMARIA,PRIVADO,URBANA,ABIERTA,MONOLINGUE,MATUTINA,DIARIO(REGULAR),GUATEMALA SUR
00-12-9096-44,01-99-0154,CIUDAD CAPITAL,ZONA 12,LICEO MIXTO EVANGELICO DE ORDEN DIVINO,3A. AV. 25-18 COLONIA VILLA LOBOS I,55347792,BYRON FERNANDO BÁMACA DE LA CRUZ,ANA JUDITH DE LA CRUZ GONZÁLEZ,PRIMARIA DE ADULTOS,PRIVADO,URBANA,ABIERTA,MONOLINGUE,NOCTURNA,DIARIO(REGULAR),GUATEMALA SUR
00-12-9097-45,01-408,CIUDAD CAPITAL,ZONA 12,LICEO MIXTO EVANGELICO DE ORDEN DIVINO,3A. AV. 25-18 COLONIA VILLA LOBOS I,24771449,MANUEL MARIA CANO CASTRO,,BASICO,PRIVADO,URBANA,CERRADA TEMPORALMENTE,MONOLINGUE,NOCTURNA,DIARIO(REGULAR),GUATEMALA SUR
00-12-9098-46,01-408,CIUDAD CAPITAL,ZONA 12,LICEO MIXTO EVANGELICO DE ORDEN DIVINO,3A. AV. 25-18 COLONIA VILLA LOBOS I,24771449,MANUEL MARIA CANO CASTRO,,DIVERSIFICADO,PRIVADO,URBANA,CERRADA TEMPORALMENTE,MONOLINGUE,NOCTURNA,DIARIO(REGULAR),GUATEMALA SUR
00-12-9099-45,01-641,CIUDAD CAPITAL,ZONA 12,LICEO MIXTO EVANGELICO DE ORDEN DIVINO,3A. AV. 25-18 COLONIA VILLA LOBOS I,40093606,MILTON ALONSO ALVAREZ FUENTES,GILMA MAGALY BOLAÑOS POLANCO,BASICO,PRIVADO,URBANA,CERRADA TEMPORALMENTE,MONOLINGUE,DOBLE,FIN DE SEMANA,GUATEMALA SUR
00-12-9100-46,01-641,CIUDAD CAPITAL,ZONA 12,LICEO MIXTO EVANGELICO DE ORDEN DIVINO,3A. AV. 25-18 COLONIA VILLA LOBOS I,55260917,MILTON ALONSO ALVAREZ FUENTES,GILMA MAGALY BOLAÑOS POLANCO,DIVERSIFICADO,PRIVADO,URBANA,CERRADA TEMPORALMENTE,MONOLINGUE,DOBLE,FIN DE SEMANA,GUATEMALA SUR
00-12-9101-46,01-641,CIUDAD CAPITAL,ZONA 12,LICEO MIXTO EVANGELICO DE ORDEN DIVINO,3A. AV. 25-18 COLONIA VILLA LOBOS I,55260917,MILTON ALONSO ALVAREZ FUENTES,GILMA MAGALY BOLAÑOS POLANCO,DIVERSIFICADO,PRIVADO,URBANA,CERRADA TEMPORALMENTE,MONOLINGUE,DOBLE,FIN DE SEMANA,GUATEMALA SUR
00-12-9102-42,01-207,CIUDAD CAPITAL,ZONA 12,COLEGIO MIXTO LOS OSITOS,12 AV. 23-73 VILLA LOBOS I,51176163,ELOÍSA MERCEDES GÓMEZ OROZCO DE FUENTES,JOHANNA CARLOTA MORALES VELA,PARVULOS,PRIVADO,URBANA,ABIERTA,MONOLINGUE,MATUTINA,DIARIO(REGULAR),GUATEMALA SUR
00-12-9119-42,01-99-0152,CIUDAD CAPITAL,ZONA 12,COLEGIO INTEGRAL REAL PETAPA EN INFORMATICA,"AVENIDA PETAPA 0-54, CIUDAD REAL I",24490999,CLAUDIA ILEANA CRUZ SOLARES,BEBELIN ALINA MARTINEZ SERRANO,PARVULOS,PRIVADO,URBANA,ABIERTA,MONOLINGUE,MATUTINA,DIARIO(REGULAR),GUATEMALA SUR
00-12-9146-44,01-99-0154,CIUDAD CAPITAL,ZONA 12,INSTITUTO DE EDUCACION A DISTANCIA  LA ESCUELA EN SU CASA,"21A.  AVENIDA. 33-58, COLONIA SANTA ELISA ZONA 12",23873100,BYRON FERNANDO BÁMACA DE LA CRUZ,ISABEL CRISTINA BALCAZAR VÁSQUEZ,PRIMARIA DE ADULTOS,PRIVADO,URBANA,ABIERTA,MONOLINGUE,DOBLE,FIN DE SEMANA,GUATEMALA SUR
00-12-9147-45,01-411,CIUDAD CAPITAL,ZONA 12,INSTITUTO DE EDUCACION A DISTANCIA  LA ESCUELA EN SU CASA,"21A.  AVENIDA. 33-58, COLONIA SANTA ELISA ZONA 12",23873100,JUAN ENRIQUE MARTINEZ SOLANO,ISABEL CRISTINA BALCAZAR VÁSQUEZ,BASICO,PRIVADO,URBANA,ABIERTA,MONOLINGUE,DOBLE,FIN DE SEMANA,GUATEMALA SUR
00-12-9148-45,01-411,CIUDAD CAPITAL,ZONA 12,INSTITUTO DE EDUCACION A DISTANCIA  LA ESCUELA EN SU CASA,"21A.  AVENIDA. 33-58, COLONIA SANTA ELISA ZONA 12",23873100,JUAN ENRIQUE MARTINEZ SOLANO,ISABEL CRISTINA BALCAZAR VÁSQUEZ,BASICO,PRIVADO,URBANA,CERRADA TEMPORALMENTE,MONOLINGUE,DOBLE,FIN DE SEMANA,GUATEMALA SUR
00-12-9149-46,01-411,CIUDAD CAPITAL,ZONA 12,INSTITUTO DE EDUCACION A DISTANCIA  LA ESCUELA EN SU CASA,"21A.  AVENIDA. 33-58, COLONIA SANTA ELISA ZONA 12",23873100,JUAN ENRIQUE MARTINEZ SOLANO,ISABEL CRISTINA BALCAZAR VÁSQUEZ,DIVERSIFICADO,PRIVADO,URBANA,ABIERTA,MONOLINGUE,DOBLE,FIN DE SEMANA,GUATEMALA SUR
00-12-9152-43,01-208,CIUDAD CAPITAL,ZONA 12,COLEGIO EVANGELICO JAMED,UBICADO EN 2A. AVENIDA 2-23 COLONIA GUAJITOS,24793304,LILIAN NINETH TEOS REYES,,PRIMARIA,PRIVADO,URBANA,CERRADA TEMPORALMENTE,MONOLINGUE,MATUTINA,DIARIO(REGULAR),GUATEMALA SUR
00-12-9156-42,27-001,CIUDAD CAPITAL,ZONA 12,EODP,CALLE PRINCIPAL LOS OLIVOS 0-14 LOMA BLANCA,22325802,LESVIA AMPARO VELASQUEZ GOMEZ,,PARVULOS,OFICIAL,URBANA,CERRADA TEMPORALMENTE,MONOLINGUE,DOBLE,DIARIO(REGULAR),GUATEMALA SUR
00-12-9234-42,01-15-0128,CIUDAD CAPITAL,ZONA 12,EODP,6AV. 4-51,22535262,INGRID ELIZABETH PEÑA TRUJILLO,LESLIE LISBETH TOJA LONE,PARVULOS,OFICIAL,URBANA,ABIERTA,MONOLINGUE,DOBLE,DIARIO(REGULAR),GUATEMALA SUR
00-12-9243-46,01-208,CIUDAD CAPITAL,ZONA 12,LICEO BILINGUE EN COMPUTACION 'CIENCIA Y HUMANIDAD',"6A. AVENIDA 5-44, GUAJITOS",24498177,LILIAN NINETH TEOS REYES,,DIVERSIFICADO,PRIVADO,URBANA,CERRADA TEMPORALMENTE,MONOLINGUE,VESPERTINA,DIARIO(REGULAR),GUATEMALA SUR
00-12-9248-42,01-15-0128,CIUDAD CAPITAL,ZONA 12,COLEGIO EL PANALITO,1A. AV. ENTRE 5A. Y 6A. CALLE NUEVO MEZQUITAL,41442868,INGRID ELIZABETH PEÑA TRUJILLO,CYNTHIA ELOÍSA MONROY CAHUEX,PARVULOS,PRIVADO,URBANA,ABIERTA,MONOLINGUE,MATUTINA,DIARIO(REGULAR),GUATEMALA SUR
00-12-9277-43,01-207,CIUDAD CAPITAL,ZONA 12,COLEGIO MIXTO LURSSEN,11AV. 23-66 VILLA LOBOS I,34248065,ELOÍSA MERCEDES GÓMEZ OROZCO DE FUENTES,CELESTINA ELIZABETH CIFUENTES SANTIZO,PRIMARIA,PRIVADO,URBANA,ABIERTA,MONOLINGUE,MATUTINA,DIARIO(REGULAR),GUATEMALA SUR
00-12-9294-42,01-99-0155,CIUDAD CAPITAL,ZONA 12,COLEGIO MIXTO CIENTIFICO CRISTIANO EMANUEL,CALZADA JUSTO RUFINO BARRIOS 32-91 COLONIA GUAJITOS,24497744,ADILIO RIVERA MELÉNDREZ,SHIRLEY GOSVÁMI ORTÍZ URRUELA,PARVULOS,PRIVADO,URBANA,ABIERTA,MONOLINGUE,MATUTINA,DIARIO(REGULAR),GUATEMALA SUR
00-12-9295-45,01-99-0155,CIUDAD CAPITAL,ZONA 12,COLEGIO MIXTO CIENTIFICO CRISTIANO EMANUEL,CALZADA JUSTO RUFINO BARRIOS 32-91 COLONIA GUAJITOS,24497744,ADILIO RIVERA MELÉNDREZ,LAURA JOHANA GONZÁLEZ MEJÍA,BASICO,PRIVADO,URBANA,ABIERTA,MONOLINGUE,MATUTINA,DIARIO(REGULAR),GUATEMALA SUR
00-12-9302-42,01-211,CIUDAD CAPITAL,ZONA 12,COLEGIO 'LA PAZ',"11 AVENIDA 29-46, COLONIA EL BOSQUE",24770968,ADRIANA FABIOLA BOLAÑOS ESTRADA,,PARVULOS,PRIVADO,URBANA,CERRADA DEFINITIVAMENTE,MONOLINGUE,MATUTINA,DIARIO(REGULAR),GUATEMALA SUR
00-12-9303-43,01-211,CIUDAD CAPITAL,ZONA 12,COLEGIO 'LA PAZ',"11 AVENIDA 29-46, COLONIA EL BOSQUE",24770968,ADRIANA FABIOLA BOLAÑOS ESTRADA,,PRIMARIA,PRIVADO,URBANA,CERRADA DEFINITIVAMENTE,MONOLINGUE,MATUTINA,DIARIO(REGULAR),GUATEMALA SUR
00-12-9331-45,01-99-0151,CIUDAD CAPITAL,ZONA 12,COLEGIO PARROQUIAL PADRE ELOY SUAREZ COBIAN,26 CALLE 7-10,24770712,MARÍA EUGENIA LOBOS ELÍAS,MASSIEL  ZAVALA CASTRO,BASICO,PRIVADO,URBANA,ABIERTA,MONOLINGUE,MATUTINA,DIARIO(REGULAR),GUATEMALA SUR
00-12-9336-50,,CIUDAD CAPITAL,ZONA 12,UNIVERSIDAD DE SAN CARLOS DE GUATEMALA,AVENIDA PETAPA Y 36 CALLE,,,,UNIVERSIDAD,OFICIAL,RURAL,CERRADA DEFINITIVAMENTE,MONOLINGUE,DOBLE,DIARIO(REGULAR),GUATEMALA SUR
00-12-9353-45,01-403,CIUDAD CAPITAL,ZONA 12,COLEGIO VALVERDE NO.2,"25 AVENIDA 53-64, COLONIA MORSE",22321011,CARLOS HUMBERTO GONZÁLEZ DE LEÓN,,BASICO,PRIVADO,URBANA,CERRADA TEMPORALMENTE,MONOLINGUE,MATUTINA,DIARIO(REGULAR),GUATEMALA SUR
00-12-9354-46,01-317,CIUDAD CAPITAL,ZONA 12,COLEGIO VALVERDE NO.2,"25 AVENIDA 53-64, COLONIA MORSE",22321011,MARIANO DOMINGO ESTRADA TELETOR,,DIVERSIFICADO,PRIVADO,URBANA,CERRADA DEFINITIVAMENTE,MONOLINGUE,VESPERTINA,DIARIO(REGULAR),GUATEMALA SUR
00-12-9355-46,01-317,CIUDAD CAPITAL,ZONA 12,COLEGIO VALVERDE NO.2,"25 AVENIDA 53-64, COLONIA MORSE",22321011,MARIANO DOMINGO ESTRADA TELETOR,,DIVERSIFICADO,PRIVADO,URBANA,CERRADA DEFINITIVAMENTE,MONOLINGUE,DOBLE,DIARIO(REGULAR),GUATEMALA SUR
00-12-9356-45,01-403,CIUDAD CAPITAL,ZONA 12,COLEGIO VALVERDE NO.2,"25 AVENIDA 53-64, COLONIA MORSE",22321011,CARLOS HUMBERTO GONZÁLEZ DE LEÓN,,BASICO,PRIVADO,URBANA,CERRADA TEMPORALMENTE,MONOLINGUE,DOBLE,FIN DE SEMANA,GUATEMALA SUR
00-12-9357-46,01-403,CIUDAD CAPITAL,ZONA 12,COLEGIO VALVERDE NO.2,"25 AVENIDA 53-64, COLONIA MORSE",22321011,CARLOS HUMBERTO GONZÁLEZ DE LEÓN,,DIVERSIFICADO,PRIVADO,URBANA,CERRADA DEFINITIVAMENTE,MONOLINGUE,DOBLE,FIN DE SEMANA,GUATEMALA SUR
00-12-9391-46,01-641,CIUDAD CAPITAL,ZONA 12,COLEGIO MIXTO CRISTIANO JOSUE (POR MADUREZ),6AV. 0-85 CIUDAD REAL 1,24774953,MILTON ALONSO ALVAREZ FUENTES,ALEXIA MEROISA RAMIREZ JUAREZ,DIVERSIFICADO,PRIVADO,URBANA,CERRADA TEMPORALMENTE,MONOLINGUE,DOBLE,FIN DE SEMANA,GUATEMALA SUR
00-12-9392-45,01-641,CIUDAD CAPITAL,ZONA 12,COLEGIO MIXTO CRISTIANO JOSUE (POR MADUREZ),6A. AVENIDA 0-85 CIUDAD REAL I,52299282,MILTON ALONSO ALVAREZ FUENTES,ALEXIA MEROISA RAMIREZ JUAREZ,BASICO,PRIVADO,URBANA,CERRADA TEMPORALMENTE,MONOLINGUE,DOBLE,FIN DE SEMANA,GUATEMALA SUR
00-12-9394-45,01-210,CIUDAD CAPITAL,ZONA 12,LICEO DE EDUCACION BASICA 'GENERACION MODERNA',16 AVENIDA 5-59,24721619,DINIZ ORALIA MORALES MUÑOZ,,BASICO,PRIVADO,URBANA,CERRADA TEMPORALMENTE,MONOLINGUE,MATUTINA,DIARIO(REGULAR),GUATEMALA SUR
00-12-9399-45,01-210,CIUDAD CAPITAL,ZONA 12,COLEGIO AMANECER,19AV. 34-81 COLONIA VILLA SOL,24770174,DINIZ ORALIA MORALES MUÑOZ,AMANDILIA EDIT RIVERA PORREZ,BASICO,PRIVADO,URBANA,CERRADA DEFINITIVAMENTE,MONOLINGUE,MATUTINA,DIARIO(REGULAR),GUATEMALA SUR
00-12-9412-42,01-211,CIUDAD CAPITAL,ZONA 12,COLEGIO MIXTO CRISTIANO LA PERSEVERANCIA,14AV. 22-77 COLONIA REFORMITA,24768565,ADRIANA FABIOLA BOLAÑOS ESTRADA,THELMA JANNETTE MENA APLICANO,PARVULOS,PRIVADO,URBANA,CERRADA TEMPORALMENTE,MONOLINGUE,MATUTINA,DIARIO(REGULAR),GUATEMALA SUR
00-12-9413-45,01-211,CIUDAD CAPITAL,ZONA 12,COLEGIO MIXTO CRISTIANO LA PERSEVERANCIA,14AV. 22-77 COLONIA LA REFORMITA,24768565,ADRIANA FABIOLA BOLAÑOS ESTRADA,HÉCTOR HUGO LIMA CONDE,BASICO,PRIVADO,URBANA,CERRADA TEMPORALMENTE,MONOLINGUE,VESPERTINA,DIARIO(REGULAR),GUATEMALA SUR
00-12-9425-45,01-311,CIUDAD CAPITAL,ZONA 12,INEB EXPERIMENTAL CON ORIENTACION OCUPACIONAL,2A. AV. 8A. CALLE COLONIA EL MEZQUITAL ZONA 12,24800874,REBECA DARDON CASTILLO,,BASICO,OFICIAL,URBANA,CERRADA DEFINITIVAMENTE,MONOLINGUE,MATUTINA,DIARIO(REGULAR),GUATEMALA SUR
00-12-9448-45,01-99-0155,CIUDAD CAPITAL,ZONA 12,LICEO BILINGUE EN COMPUTACION CIENCIA Y HUMANIDAD,6A. AV. 5-44 COLONIA GUAJITOS,59018618,ADILIO RIVERA MELÉNDREZ,ZORAIDA JUDITH OLIVA GONZALEZ,BASICO,PRIVADO,URBANA,ABIERTA,MONOLINGUE,MATUTINA,DIARIO(REGULAR),GUATEMALA SUR
00-12-9449-45,01-15-0128,CIUDAD CAPITAL,ZONA 12,INSTITUTO CATOLICO FRANCISCANO  FRAY LUIS RAMA,"5A. CALLE FINAL 00-04, COLONIA EL MEZQUITAL",24804664,INGRID ELIZABETH PEÑA TRUJILLO,HILDA ANABELLY CALÍ MUX,BASICO,PRIVADO,URBANA,ABIERTA,MONOLINGUE,MATUTINA,DIARIO(REGULAR),GUATEMALA SUR
00-12-9450-46,01-206,CIUDAD CAPITAL,ZONA 12,INSTITUTO CATOLICO FRANCISCANO 'FRAY LUIS RAMA',"5A. CALLE FINAL 00-04, COLONIA EL MEZQUITAL",24772076,INGRID ELIZABETH PEÑA TRUJILLO,,DIVERSIFICADO,PRIVADO,URBANA,CERRADA TEMPORALMENTE,MONOLINGUE,MATUTINA,DIARIO(REGULAR),GUATEMALA SUR
00-12-9503-42,01-211,CIUDAD CAPITAL,ZONA 12,COLEGIO VIDA Y ESPERANZA GUATEMALA (HOPE WORLDWIDE GUATEMALA),LINEA FERREA LOTE 1 SECTOR 1,55712371,ADRIANA FABIOLA BOLAÑOS ESTRADA,,PARVULOS,PRIVADO,URBANA,CERRADA DEFINITIVAMENTE,MONOLINGUE,MATUTINA,DIARIO(REGULAR),GUATEMALA SUR
00-12-9504-43,01-211,CIUDAD CAPITAL,ZONA 12,COLEGIO VIDA Y ESPERANZA GUATEMALA (HOPE WORLDWIDE GUATEMALA),LINEA FERREA LOTE 1 SECTOR 1,24733052,ADRIANA FABIOLA BOLAÑOS ESTRADA,,PRIMARIA,PRIVADO,URBANA,CERRADA DEFINITIVAMENTE,MONOLINGUE,MATUTINA,DIARIO(REGULAR),GUATEMALA SUR
00-12-9506-42,01-206,CIUDAD CAPITAL,ZONA 12,LICEO MAKADESH (DIOS SANTIFICA),3A. AV. 4-39 MEZQUITAL,53126618,INGRID ELIZABETH PEÑA TRUJILLO,,PARVULOS,PRIVADO,URBANA,CERRADA DEFINITIVAMENTE,MONOLINGUE,MATUTINA,DIARIO(REGULAR),GUATEMALA SUR
00-12-9507-43,01-206,CIUDAD CAPITAL,ZONA 12,LICEO MAKADESH (DIOS SANTIFICA),3A. AV. 4-39 MEZQUITAL,53126618,INGRID ELIZABETH PEÑA TRUJILLO,,PRIMARIA,PRIVADO,URBANA,CERRADA DEFINITIVAMENTE,MONOLINGUE,MATUTINA,DIARIO(REGULAR),GUATEMALA SUR
00-12-9508-45,01-206,CIUDAD CAPITAL,ZONA 12,LICEO MAKADESH (DIOS SANTIFICA),3A. AV. 4-39 MEZQUITAL,53126618,INGRID ELIZABETH PEÑA TRUJILLO,,BASICO,PRIVADO,URBANA,CERRADA DEFINITIVAMENTE,MONOLINGUE,MATUTINA,DIARIO(REGULAR),GUATEMALA SUR
00-12-9554-46,01-210,CIUDAD CAPITAL,ZONA 12,COLEGIO MIXTO CRISTIANO JOSUE,3A. AVENIDA 0-99 CIUDAD REAL,41182530,DINIZ ORALIA MORALES MUÑOZ,ALEXIA MEROISA RAMIREZ JUAREZ,DIVERSIFICADO,PRIVADO,URBANA,ABIERTA,MONOLINGUE,VESPERTINA,DIARIO(REGULAR),GUATEMALA SUR
00-12-9555-45,01-211,CIUDAD CAPITAL,ZONA 12,CENTRO EDUCATIVO VERAPAZ,2A. AVENIDA 34-26 COLONIA EL CARMEN,24422243,ADRIANA FABIOLA BOLAÑOS ESTRADA,GUSTAVO ADOLFO RECINOS,BASICO,PRIVADO,URBANA,ABIERTA,MONOLINGUE,MATUTINA,DIARIO(REGULAR),GUATEMALA SUR
00-12-9584-45,01-641,CIUDAD CAPITAL,ZONA 12,COLEGIO MIXTO VALLE REAL,"11A. AVENIDA 30-63, ZONA 12, SANTA ROSA II",24422030,MILTON ALONSO ALVAREZ FUENTES,GLADYS GENOVEVA TEJEDA SOLARES,BASICO,PRIVADO,URBANA,ABIERTA,MONOLINGUE,DOBLE,FIN DE SEMANA,GUATEMALA SUR
00-12-9585-46,01-641,CIUDAD CAPITAL,ZONA 12,COLEGIO MIXTO VALLE REAL,"11A. AVENIDA 30-63, ZONA 12, SANTA ROSA II",24422030,MILTON ALONSO ALVAREZ FUENTES,GLADYS GENOVEVA TEJEDA SOLARES,DIVERSIFICADO,PRIVADO,URBANA,CERRADA TEMPORALMENTE,MONOLINGUE,DOBLE,FIN DE SEMANA,GUATEMALA SUR
00-12-9637-45,01-411,CIUDAD CAPITAL,ZONA 12,LICEO MIXTO CRISTIANO PIAGET,2A. AVENIDA 4-60 CIUDAD REAL I,42190100,JUAN ENRIQUE MARTINEZ SOLANO,,BASICO,PRIVADO,URBANA,CERRADA TEMPORALMENTE,MONOLINGUE,DOBLE,FIN DE SEMANA,GUATEMALA SUR
00-12-9638-46,01-411,CIUDAD CAPITAL,ZONA 12,LICEO MIXTO CRISTIANO PIAGET,2A. AVENIDA 4-60 CIUDAD REAL I,42190100,JUAN ENRIQUE MARTINEZ SOLANO,SILVIA ELIZABETH FLORES HERNÁNDEZ,DIVERSIFICADO,PRIVADO,URBANA,CERRADA TEMPORALMENTE,MONOLINGUE,DOBLE,FIN DE SEMANA,GUATEMALA SUR
00-12-9649-45,01-218,CIUDAD CAPITAL,ZONA 12,LICEO LIVINGSTON,3A. AVENIDA 34-98 COLONIA VILLA LOBOS I,58633363,BENIGNO ISAIAS DE LEON OROZCO,-----,BASICO,PRIVADO,URBANA,CERRADA TEMPORALMENTE,MONOLINGUE,MATUTINA,DIARIO(REGULAR),GUATEMALA SUR
00-12-9650-46,01-207,CIUDAD CAPITAL,ZONA 12,LICEO LIVINGSTON,3A. AVENIDA 34-98 COLONIA VILLA LOBOS I,58633363,ELOÍSA MERCEDES GÓMEZ OROZCO DE FUENTES,,DIVERSIFICADO,PRIVADO,URBANA,TEMPORAL TITULOS,MONOLINGUE,MATUTINA,DIARIO(REGULAR),GUATEMALA SUR
00-12-9652-45,01-99-0152,CIUDAD CAPITAL,ZONA 12,COLEGIO MONTESQUIEU,17 AVENIDA 52-54,45115049,CLAUDIA ILEANA CRUZ SOLARES,YOLANDA NOEMI BELTRAN CANTE,BASICO,PRIVADO,URBANA,ABIERTA,MONOLINGUE,MATUTINA,DIARIO(REGULAR),GUATEMALA SUR
00-12-9653-46,01-99-0152,CIUDAD CAPITAL,ZONA 12,COLEGIO MONTESQUIEU,17 AVENIDA 52-54,45115040,CLAUDIA ILEANA CRUZ SOLARES,YOLANDA NOEMI BELTRAN CANTE,DIVERSIFICADO,PRIVADO,URBANA,ABIERTA,MONOLINGUE,MATUTINA,DIARIO(REGULAR),GUATEMALA SUR
00-12-9680-42,01-99-0151,CIUDAD CAPITAL,ZONA 12,COLEGIO REY CARLOS II,CIUDAD UNIVERSITARIA,47444522,MARÍA EUGENIA LOBOS ELÍAS,ANA SILVIA LÓPEZ BARRIENTOS,PARVULOS,PRIVADO,URBANA,ABIERTA,MONOLINGUE,MATUTINA,DIARIO(REGULAR),GUATEMALA SUR
00-12-9681-42,01-211,CIUDAD CAPITAL,ZONA 12,COLEGIO REY CARLOS II,CIUDAD UNIVERSITARIA,24439514,ADRIANA FABIOLA BOLAÑOS ESTRADA,,PARVULOS,PRIVADO,URBANA,CERRADA TEMPORALMENTE,MONOLINGUE,VESPERTINA,DIARIO(REGULAR),GUATEMALA SUR
00-12-9697-45,01-208,CIUDAD CAPITAL,ZONA 12,LICEO MIXTO PRE-UNIVERSITARIO  SAN CARLOS,2A. CALLE 3-55 ZONA 12 GUAJITOS,24793304,LILIAN NINETH TEOS REYES,,BASICO,PRIVADO,URBANA,CERRADA TEMPORALMENTE,MONOLINGUE,VESPERTINA,DIARIO(REGULAR),GUATEMALA SUR
00-12-9698-46,01-317,CIUDAD CAPITAL,ZONA 12,COLEGIO VALVERDE NO.2,"25 AVENIDA 53-64, COLONIA MORSE",22321011,MARIANO DOMINGO ESTRADA TELETOR,,DIVERSIFICADO,PRIVADO,URBANA,CERRADA DEFINITIVAMENTE,MONOLINGUE,MATUTINA,DIARIO(REGULAR),GUATEMALA SUR
00-12-9739-43,01-15-0128,CIUDAD CAPITAL,ZONA 12,INSTITUTO CATOLICO FRANCISCANO  FRAY LUIS RAMA,"5A. CALLE FINAL 00-04, COLONIA EL MEZQUITAL",24804664,INGRID ELIZABETH PEÑA TRUJILLO,CARMEN AURORA CONTRERAS BÚCARO,PRIMARIA,PRIVADO,URBANA,ABIERTA,MONOLINGUE,MATUTINA,DIARIO(REGULAR),GUATEMALA SUR
00-12-9750-42,01-99-0151,CIUDAD CAPITAL,ZONA 12,COLEGIO IMB-PC,CALZADA AGUILAR BATRES 29-41 Y 1A. AVENIDA 29-26 COLONIA EL CARMEN,23045800,MARÍA EUGENIA LOBOS ELÍAS,YASLIN MARLENI RODRIGUEZ ESTEBAN,PARVULOS,PRIVADO,URBANA,ABIERTA,MONOLINGUE,MATUTINA,DIARIO(REGULAR),GUATEMALA SUR
00-12-9751-43,01-99-0151,CIUDAD CAPITAL,ZONA 12,COLEGIO IMB-PC,CALZADA AGUILAR BATRES 29-41 Y 1A. AVENIDA 29-26 COLONIA EL CARMEN,23045800,MARÍA EUGENIA LOBOS ELÍAS,JOSELIN CRISTINA MEJIA GONZÁLEZ,PRIMARIA,PRIVADO,URBANA,ABIERTA,MONOLINGUE,MATUTINA,DIARIO(REGULAR),GUATEMALA SUR
00-12-9752-45,01-99-0151,CIUDAD CAPITAL,ZONA 12,COLEGIO IMB-PC,CALZADA AGUILAR BATRES 29-41 Y 1A. AVENIDA 29-26 COLONIA EL CARMEN,23045800,MARÍA EUGENIA LOBOS ELÍAS,YASLIN MARLENI RODRIGUEZ ESTEBAN,BASICO,PRIVADO,URBANA,ABIERTA,MONOLINGUE,MATUTINA,DIARIO(REGULAR),GUATEMALA SUR
00-12-9753-46,01-99-0151,CIUDAD CAPITAL,ZONA 12,COLEGIO IMB-PC,CALZADA AGUILAR BATRES 29-41 Y 1A. AVENIDA 29-26 COLONIA EL CARMEN,23045800,MARÍA EUGENIA LOBOS ELÍAS,YASLIN MARLENI RODRIGUEZ ESTEBAN,DIVERSIFICADO,PRIVADO,URBANA,ABIERTA,MONOLINGUE,MATUTINA,DIARIO(REGULAR),GUATEMALA SUR
00-12-9757-45,01-630,CIUDAD CAPITAL,ZONA 12,COLEGIO IMB-PC,CALZADA AGUILAR BATRES 29-41 Y 1A. AVENIDA 29-26 COLONIA EL CARMEN,57026899,LUZ ANTONIA POCON CARRILLO,,BASICO,PRIVADO,URBANA,CERRADA TEMPORALMENTE,MONOLINGUE,DOBLE,FIN DE SEMANA,GUATEMALA SUR
00-12-9758-46,01-99-0154,CIUDAD CAPITAL,ZONA 12,COLEGIO IMB-PC,CALZADA AGUILAR BATRES 29-41 Y 1A. AVENIDA 29-26 COLONIA EL CARMEN,23045800,BYRON FERNANDO BÁMACA DE LA CRUZ,YASLIN MARLENI RODRIGUEZ ESTEBAN,DIVERSIFICADO,PRIVADO,URBANA,ABIERTA,MONOLINGUE,DOBLE,FIN DE SEMANA,GUATEMALA SUR
00-12-9759-46,01-641,CIUDAD CAPITAL,ZONA 12,COLEGIO IMB-PC,CALZADA AGUILAR BATRES 29-41 Y 1A. AVENIDA 29-26 COLONIA EL CARMEN,23045800,MILTON ALONSO ALVAREZ FUENTES,NANCY ANNABELLA MENDOZA REYES,DIVERSIFICADO,PRIVADO,URBANA,CERRADA TEMPORALMENTE,MONOLINGUE,DOBLE,FIN DE SEMANA,GUATEMALA SUR
00-12-9760-45,01-641,CIUDAD CAPITAL,ZONA 12,COLEGIO PANAMERICANO NO. 3,45 CALLE 19-05 ZONA 12 GUATEMALA,24420778,MILTON ALONSO ALVAREZ FUENTES,LUISA FERNANDA FAJARDO MARMOL,BASICO,PRIVADO,URBANA,ABIERTA,MONOLINGUE,DOBLE,FIN DE SEMANA,GUATEMALA SUR
00-12-9761-45,01-641,CIUDAD CAPITAL,ZONA 12,COLEGIO PANAMERICANO NO. 3,45 CALLE 19-05 ZONA 12 GUATEMALA,24762707,MILTON ALONSO ALVAREZ FUENTES,LUISA FERNANDA FAJARDO MARMOL,BASICO,PRIVADO,URBANA,ABIERTA,MONOLINGUE,DOBLE,FIN DE SEMANA,GUATEMALA SUR
00-12-9762-46,01-641,CIUDAD CAPITAL,ZONA 12,COLEGIO PANAMERICANO NO. 3,45 CALLE 19-05 ZONA 12 GUATEMALA,24420778,MILTON ALONSO ALVAREZ FUENTES,LUISA FERNANDA FAJARDO MARMOL,DIVERSIFICADO,PRIVADO,URBANA,ABIERTA,MONOLINGUE,DOBLE,FIN DE SEMANA,GUATEMALA SUR
00-12-9763-46,01-641,CIUDAD CAPITAL,ZONA 12,COLEGIO PANAMERICANO NO. 3,45 CALLE 19-05 ZONA 12 GUATEMALA,24762707,MILTON ALONSO ALVAREZ FUENTES,LUISA FERNANDA FAJARDO MARMOL,DIVERSIFICADO,PRIVADO,URBANA,ABIERTA,MONOLINGUE,DOBLE,FIN DE SEMANA,GUATEMALA SUR
00-12-9852-43,01-99-0151,CIUDAD CAPITAL,ZONA 12,COLEGIO BILINGUE MAHANAIM C.E.F.E.A.,"12 AVENIDA 27-61, COLONIA LA REFORMITA",55772994,MARÍA EUGENIA LOBOS ELÍAS,SLOANIA ALBISIA GALINDO DÍAZ,PRIMARIA,PRIVADO,URBANA,ABIERTA,MONOLINGUE,MATUTINA,DIARIO(REGULAR),GUATEMALA SUR
00-12-9853-42,01-99-0151,CIUDAD CAPITAL,ZONA 12,COLEGIO BILINGUE MAHANAIM C.E.F.E.A.,"12 AVENIDA 27-61, COLONIA LA REFORMITA",55772994,MARÍA EUGENIA LOBOS ELÍAS,MARÍA JOSÉ ESCOBAR DE LEÓN,PARVULOS,PRIVADO,URBANA,ABIERTA,MONOLINGUE,MATUTINA,DIARIO(REGULAR),GUATEMALA SUR
00-13-0001-45,01-99-0166,CIUDAD CAPITAL,ZONA 13,COLEGIO MIXTO EVANGELICO CAPULLITOS ROSAMEN,"29 CALLE A 11-21, COLONIA SANTA FE",54928621,JULIO JACOBO GIL URBINA,FABIO PATRICIO MAZARIEGOS OCHOA,BASICO,PRIVADO,URBANA,ABIERTA,MONOLINGUE,MATUTINA,DIARIO(REGULAR),GUATEMALA ORIENTE
00-13-0002-42,01-99-0173,CIUDAD CAPITAL,ZONA 13,COLEGIO MONARCH GUATEMALA,15 AVENIDA 12-61,23339607,YAKELIN ESTHER VASQUEZ HERNANDEZ,MAYRA FABIOLA GARCÍA CHÁVEZ,PARVULOS,PRIVADO,URBANA,ABIERTA,MONOLINGUE,MATUTINA,DIARIO(REGULAR),GUATEMALA ORIENTE
00-13-0003-43,01-99-0173,CIUDAD CAPITAL,ZONA 13,COLEGIO MONARCH GUATEMALA,15 AVENIDA 12-61,23339607,YAKELIN ESTHER VASQUEZ HERNANDEZ,OLGA RENATA RIVERA NUILA,PRIMARIA,PRIVADO,URBANA,ABIERTA,MONOLINGUE,MATUTINA,DIARIO(REGULAR),GUATEMALA ORIENTE
00-13-0004-45,01-99-0173,CIUDAD CAPITAL,ZONA 13,COLEGIO MONARCH GUATEMALA,15 AVENIDA 12-61,23339607,YAKELIN ESTHER VASQUEZ HERNANDEZ,MAYRA FABIOLA GARCÍA CHÁVEZ,BASICO,PRIVADO,URBANA,ABIERTA,MONOLINGUE,MATUTINA,DIARIO(REGULAR),GUATEMALA ORIENTE
00-13-0005-46,01-99-0173,CIUDAD CAPITAL,ZONA 13,COLEGIO MONARCH GUATEMALA,15 AVENIDA 12-61,23339607,YAKELIN ESTHER VASQUEZ HERNANDEZ,MAYRA FABIOLA GARCÍA CHÁVEZ,DIVERSIFICADO,PRIVADO,URBANA,ABIERTA,MONOLINGUE,MATUTINA,DIARIO(REGULAR),GUATEMALA ORIENTE
00-13-0006-46,01-501,CIUDAD CAPITAL,ZONA 13,CENTRO EDUCATIVO SAN JUDAS TADEO,"13 AVENIDA ""B"" 26-45 COLONIA LA LIBERTAD",22908800,JULIO JACOBO GIL URBINA,DIEGO ARNOLDO GÓMEZ OVANDO,DIVERSIFICADO,PRIVADO,URBANA,CERRADA DEFINITIVAMENTE,MONOLINGUE,DOBLE,DIARIO(REGULAR),GUATEMALA ORIENTE
00-13-0007-45,01-99-0166,CIUDAD CAPITAL,ZONA 13,"INEB ""RABINDRANATH TAGORE""","6A. AVENIDA ""B"" 17-36",42001193,JULIO JACOBO GIL URBINA,LESLY ETELVINA SANTOS ALVAREZ,BASICO,OFICIAL,RURAL,ABIERTA,MONOLINGUE,VESPERTINA,DIARIO(REGULAR),GUATEMALA ORIENTE
00-13-0008-46,01-99-0166,CIUDAD CAPITAL,ZONA 13,INSTITUTO NACIONAL DE EDUCACION DIVERSIFICADA,5A. CALLE 8-06,24720491,JULIO JACOBO GIL URBINA,MARCO ANTONIO TEPÁZ YUMÁN,DIVERSIFICADO,OFICIAL,URBANA,ABIERTA,MONOLINGUE,MATUTINA,DIARIO(REGULAR),GUATEMALA ORIENTE
00-13-0009-45,01-99-0166,CIUDAD CAPITAL,ZONA 13,ESCUELA DE COMUNICACIONES Y ELECTRONICA DEL EJERCITO DE GUATEMALA,21 CALLE 9-40 AURORA II,56943703,JULIO JACOBO GIL URBINA,HERLINDA DAMARIS RAMOS GUTIÉRREZ,BASICO,OFICIAL,URBANA,ABIERTA,MONOLINGUE,MATUTINA,DIARIO(REGULAR),GUATEMALA ORIENTE
00-13-0010-46,01-409,CIUDAD CAPITAL,ZONA 13,INSTITUTO DE BACHILLERATO CENTROAMERICANO -IBCA-,"15 AVENIDA ""A"" 5-64",22692279-23314041,IDALIA DEL ROSARIO LOPEZ SANDOVAL DE PAIZ,VILMA PATRICIA CARRILLO GARCIA SALAS DE ORANTES,DIVERSIFICADO,PRIVADO,URBANA,CERRADA TEMPORALMENTE,MONOLINGUE,DOBLE,FIN DE SEMANA,GUATEMALA ORIENTE
00-13-0011-45,01-504,CIUDAD CAPITAL,ZONA 13,INSTITUTO DE BACHILLERATO EN COMPUTACION IBC,6A. AVENIDA 0-20,24720829,DAVID SOTOJ SANCHEZ,FRANCISCO JAVIER GODOY VARGAS,BASICO,PRIVADO,URBANA,CERRADA TEMPORALMENTE,MONOLINGUE,MATUTINA,DIARIO(REGULAR),GUATEMALA ORIENTE
00-13-0012-45,01-501,CIUDAD CAPITAL,ZONA 13,INSTITUTO DE BACHILLERATO EN COMPUTACION,6A. AVENIDA 0-20,24720829,JULIO JACOBO GIL URBINA,ZULMA LILIANA VARGAS SIERRA DE GODOY,BASICO,PRIVADO,URBANA,CERRADA DEFINITIVAMENTE,MONOLINGUE,MATUTINA,DIARIO(REGULAR),GUATEMALA ORIENTE
00-13-0013-43,01-501,CIUDAD CAPITAL,ZONA 13,COLEGIO VILLA REAL INTERNACIONAL,"6A. AVENIDA 15-07, COLONIA AURORA I",22612542,JULIO JACOBO GIL URBINA,ANA MARIA BOLAÑOS MORALES,PRIMARIA,PRIVADO,URBANA,CERRADA TEMPORALMENTE,MONOLINGUE,MATUTINA,DIARIO(REGULAR),GUATEMALA ORIENTE
00-13-0014-45,01-501,CIUDAD CAPITAL,ZONA 13,CENTRO DE EDUCACION CREATIVA (TOSCANA),15 AVENIDA 19-52 GUATEMALA,23326867,JULIO JACOBO GIL URBINA,VIVIAN GERTRUDIS MEJÍA MARÍN,BASICO,PRIVADO,URBANA,CERRADA DEFINITIVAMENTE,MONOLINGUE,MATUTINA,DIARIO(REGULAR),GUATEMALA ORIENTE
00-13-0015-42,01-501,CIUDAD CAPITAL,ZONA 13,COLEGIO VILLA REAL INTERNACIONAL,"6A. AVENIDA 15-07, COLONIA AURORA I",22612542,JULIO JACOBO GIL URBINA,ANA MARIA BOLAÑOS MORALES,PARVULOS,PRIVADO,URBANA,CERRADA TEMPORALMENTE,MONOLINGUE,MATUTINA,DIARIO(REGULAR),GUATEMALA ORIENTE
00-13-0016-46,01-99-0166,CIUDAD CAPITAL,ZONA 13,INSTITUTO ADOLFO V. HALL CENTRAL,7A. AVENIDA FINCA LA AURORA,35735437,JULIO JACOBO GIL URBINA,EBIN NOÉ SOLARES SANTOS,DIVERSIFICADO,OFICIAL,URBANA,ABIERTA,MONOLINGUE,MATUTINA,DIARIO(REGULAR),GUATEMALA ORIENTE
00-13-0017-45,01-501,CIUDAD CAPITAL,ZONA 13,CENTRO EDUCATIVO MARANATHA,3A. AVENIDA 10-94,24751743,JULIO JACOBO GIL URBINA,DAVID MACABEO SILVA JIMENEZ,BASICO,PRIVADO,URBANA,CERRADA DEFINITIVAMENTE,MONOLINGUE,MATUTINA,DIARIO(REGULAR),GUATEMALA ORIENTE
00-13-0018-46,01-99-0166,CIUDAD CAPITAL,ZONA 13,CENTRO EDUCATIVO MARANATHA,3A. AVENIDA 10-94,47397746,JULIO JACOBO GIL URBINA,DAVID MACABEO SILVA JIMÉNEZ,DIVERSIFICADO,PRIVADO,URBANA,ABIERTA,MONOLINGUE,MATUTINA,DIARIO(REGULAR),GUATEMALA ORIENTE
00-13-0019-42,01-99-0173,CIUDAD CAPITAL,ZONA 13,COLEGIO CRISTIANO ARKOLORES,"28 CALLE A, 12-88, COLONIA SANTA FE",58084889,YAKELIN ESTHER VASQUEZ HERNANDEZ,MARIA ANGELA CASTAÑEDA OVANDO,PARVULOS,PRIVADO,URBANA,ABIERTA,MONOLINGUE,MATUTINA,DIARIO(REGULAR),GUATEMALA ORIENTE
00-13-0020-42,01-99-0173,CIUDAD CAPITAL,ZONA 13,CENTRO EDUCATIVO GRACIA Y AMOR,30 CALLE 12-45 Y 12-47 COLONIA SANTA FE,56667286,YAKELIN ESTHER VASQUEZ HERNANDEZ,BETZABÉ MARCELA GARCÍA GIRÓN,PARVULOS,PRIVADO,URBANA,ABIERTA,MONOLINGUE,MATUTINA,DIARIO(REGULAR),GUATEMALA ORIENTE
00-13-0021-43,01-99-0173,CIUDAD CAPITAL,ZONA 13,CENTRO EDUCATIVO GRACIA Y AMOR,30 CALLE 12-45 Y 12-47 COLONIA SANTA FE,58654477,YAKELIN ESTHER VASQUEZ HERNANDEZ,BETZABÉ MARCELA GARCÍA GIRÓN,PRIMARIA,PRIVADO,URBANA,ABIERTA,MONOLINGUE,MATUTINA,DIARIO(REGULAR),GUATEMALA ORIENTE
00-13-0022-44,01-504,CIUDAD CAPITAL,ZONA 13,INSTITUTO DE BACHILLERATO EN COMPUTACION,6A AVENIDA 0-20,24720004,DAVID SOTOJ SANCHEZ,FRANCISCO JAVIER GODOY VARGAS,PRIMARIA DE ADULTOS,PRIVADO,URBANA,CERRADA TEMPORALMENTE,MONOLINGUE,MATUTINA,FIN DE SEMANA,GUATEMALA ORIENTE
00-13-0023-45,01-504,CIUDAD CAPITAL,ZONA 13,INSTITUTO DE BACHILLERATO EN COMPUTACION,6A AVENIDA 0-20,24720004,DAVID SOTOJ SANCHEZ,ZULMA LILIANA VARGAS SIERRA,BASICO,PRIVADO,URBANA,CERRADA TEMPORALMENTE,MONOLINGUE,MATUTINA,FIN DE SEMANA,GUATEMALA ORIENTE
00-13-0024-46,01-504,CIUDAD CAPITAL,ZONA 13,INSTITUTO DE BACHILLERATO EN COMPUTACION,6A AVENIDA 0-20,24720004,DAVID SOTOJ SANCHEZ,ZULMA LILIANA VARGAS SIERRA DE GODOY,DIVERSIFICADO,PRIVADO,URBANA,CERRADA TEMPORALMENTE,MONOLINGUE,MATUTINA,FIN DE SEMANA,GUATEMALA ORIENTE
00-13-0025-46,01-504,CIUDAD CAPITAL,ZONA 13,INSTITUTO DE BACHILLERATO EN COMPUTACION,6A AVENIDA 0-20,24720004,DAVID SOTOJ SANCHEZ,FRANCISCO JAVIER GODOY VARGAS,DIVERSIFICADO,PRIVADO,URBANA,CERRADA TEMPORALMENTE,MONOLINGUE,MATUTINA,FIN DE SEMANA,GUATEMALA ORIENTE
00-13-0026-42,01-501,CIUDAD CAPITAL,ZONA 13,EODP ANEXA A EOUM REPUBLICA DE PANAMA,AVENIDA HINCAPIE 27-00,23608585,JULIO JACOBO GIL URBINA,---,PARVULOS,OFICIAL,URBANA,CERRADA DEFINITIVAMENTE,MONOLINGUE,VESPERTINA,DIARIO(REGULAR),GUATEMALA ORIENTE
00-13-0027-42,01-501,CIUDAD CAPITAL,ZONA 13,EODP ANEXA A EOUM REPUBLICA DE PANAMA,AVENIDA HINCAPIE 27-00,23608585,JULIO JACOBO GIL URBINA,---,PARVULOS,OFICIAL,URBANA,CERRADA DEFINITIVAMENTE,MONOLINGUE,VESPERTINA,DIARIO(REGULAR),GUATEMALA ORIENTE
00-13-0028-42,01-99-0173,CIUDAD CAPITAL,ZONA 13,EODP ANEXA A EOUM REPUBLICA DE PANAMA,AVENIDA HINCAPIE 27-00,38041691,YAKELIN ESTHER VASQUEZ HERNANDEZ,MILAGRO YESENIA GUDIEL FLORES,PARVULOS,OFICIAL,URBANA,ABIERTA,MONOLINGUE,VESPERTINA,DIARIO(REGULAR),GUATEMALA ORIENTE
00-13-0029-45,01-99-0173,CIUDAD CAPITAL,ZONA 13,ACADEMIA DE ESTUDIOS AVANZADOS F-15,"15 AV. ""A"" 24-08",23322290,YAKELIN ESTHER VASQUEZ HERNANDEZ,ALMA ILEANA BARRIOS BARRIOS,BASICO,PRIVADO,URBANA,ABIERTA,MONOLINGUE,MATUTINA,DIARIO(REGULAR),GUATEMALA ORIENTE
00-13-0030-45,01-504,CIUDAD CAPITAL,ZONA 13,INSTITUTO DE BACHILLERATO EN COMPUTACIÓN,6A. AVENIDA 0-20,24720829,DAVID SOTOJ SANCHEZ,SULMA LILIANA VARGAS SIERRA DE GODOY,BASICO,PRIVADO,URBANA,CERRADA TEMPORALMENTE,MONOLINGUE,DOBLE,FIN DE SEMANA,GUATEMALA ORIENTE
00-13-0031-46,01-405,CIUDAD CAPITAL,ZONA 13,ESCUELA TÉCNICA MILITAR DE AVIACIÓN,AVENIDA HINCAPIE 21-14,23317481,BLANCA SARAI GUTIERREZ PINEDA,DORIS LEONOR ZUNÚN CARRERA,DIVERSIFICADO,OFICIAL,URBANA,CERRADA TEMPORALMENTE,MONOLINGUE,INTERMEDIA,DIARIO(REGULAR),GUATEMALA ORIENTE
00-13-0032-43,01-99-0173,CIUDAD CAPITAL,ZONA 13,COLEGIO MIXTO LA COLINA ENCANTADA,14 AVENIDA (AVENIDA HINCAPIÉ) 8-15,22219079,YAKELIN ESTHER VASQUEZ HERNANDEZ,RITA MAGALI ARCHILA CRUZ,PRIMARIA,PRIVADO,URBANA,ABIERTA,MONOLINGUE,MATUTINA,DIARIO(REGULAR),GUATEMALA ORIENTE
00-13-0033-42,01-99-0173,CIUDAD CAPITAL,ZONA 13,COLEGIO MIXTO LA COLINA ENCANTADA,14 AVENIDA (AVENIDA HINCAPIÉ) 8-15,22219079,YAKELIN ESTHER VASQUEZ HERNANDEZ,HEDLY VANESSA AGUILAR ARCHILA,PARVULOS,PRIVADO,URBANA,ABIERTA,MONOLINGUE,MATUTINA,DIARIO(REGULAR),GUATEMALA ORIENTE
00-13-0034-45,01-501,CIUDAD CAPITAL,ZONA 13,INSTITUTO DE TURISMO Y AVIACIÓN (ITA),"6A. AVENIDA 14-98, AURORA I",22613788,JULIO JACOBO GIL URBINA,ESGAR AMILCAR LUCH CANEL,BASICO,PRIVADO,URBANA,CERRADA TEMPORALMENTE,MONOLINGUE,MATUTINA,DIARIO(REGULAR),GUATEMALA ORIENTE
00-13-0035-45,01-501,CIUDAD CAPITAL,ZONA 13,ESCUELA TÉCNICA DE HOTELERÍA Y HOGAR ZUNIL NO. 2,23 CALLE 15-25,23311868,JULIO JACOBO GIL URBINA,ALMA DADIANY URETA VALDEZ,BASICO,PRIVADO,URBANA,CERRADA TEMPORALMENTE,MONOLINGUE,DOBLE,DIARIO(REGULAR),GUATEMALA ORIENTE
00-13-0036-46,01-501,CIUDAD CAPITAL,ZONA 13,ESCUELA TÉCNICA DE HOTELERÍA Y HOGAR ZUNIL NO. 2,23 CALLE 15-25,23311868,JULIO JACOBO GIL URBINA,ALMA DADIANY URETA VALDEZ,DIVERSIFICADO,PRIVADO,URBANA,CERRADA TEMPORALMENTE,MONOLINGUE,DOBLE,DIARIO(REGULAR),GUATEMALA ORIENTE
00-13-0037-42,01-99-0173,CIUDAD CAPITAL,ZONA 13,COLEGIO THE ORCHARD CARÉ LA PAZ,23 CALLE 15-45,23723330,YAKELIN ESTHER VASQUEZ HERNANDEZ,IDANIA MARISOL AJCALÓN LÓPEZ,PARVULOS,PRIVADO,URBANA,ABIERTA,MONOLINGUE,MATUTINA,DIARIO(REGULAR),GUATEMALA ORIENTE
00-13-0038-43,01-99-0173,CIUDAD CAPITAL,ZONA 13,COLEGIO THE ORCHARD CARÉ LA PAZ,23 CALLE 15-45,23723330,YAKELIN ESTHER VASQUEZ HERNANDEZ,CINTIA MICHELLE HERRERA LÓPEZ,PRIMARIA,PRIVADO,URBANA,ABIERTA,MONOLINGUE,MATUTINA,DIARIO(REGULAR),GUATEMALA ORIENTE
00-13-0039-45,01-99-0173,CIUDAD CAPITAL,ZONA 13,COLEGIO THE ORCHARD CARÉ LA PAZ,23 CALLE 15-45,23609560,YAKELIN ESTHER VASQUEZ HERNANDEZ,DIANA LUCÍA VENDRELL VILLAVICENCIO,BASICO,PRIVADO,URBANA,ABIERTA,MONOLINGUE,MATUTINA,DIARIO(REGULAR),GUATEMALA ORIENTE
00-13-0040-46,01-99-0173,CIUDAD CAPITAL,ZONA 13,COLEGIO THE ORCHARD CARÉ LA PAZ,23 CALLE 15-45,23609560,YAKELIN ESTHER VASQUEZ HERNANDEZ,DIANA LUCÍA VENDRELL VILLAVICENCIO,DIVERSIFICADO,PRIVADO,URBANA,ABIERTA,MONOLINGUE,MATUTINA,DIARIO(REGULAR),GUATEMALA ORIENTE
00-13-0041-45,01-501,CIUDAD CAPITAL,ZONA 13,COORDINACIÓN DEPARTAMENTAL DE TELESECUNDARIA GUATEMALA ORIENTE,6A. AVENIVA 0-20,22999696,JULIO JACOBO GIL URBINA,ABDY SULENY LÓPEZ BARRIOS DE MEOÑO,BASICO,OFICIAL,URBANA,TEMPORAL NOMBRAMIENTO,MONOLINGUE,VESPERTINA,DIARIO(REGULAR),GUATEMALA ORIENTE
00-13-0042-42,01-99-0166,CIUDAD CAPITAL,ZONA 13,EODP JARDIN INFANTIL NUESTRA SEÑORA DE FATIMA,7A. AVENIDA FINCA NACIONAL LA AURORA,41285476,JULIO JACOBO GIL URBINA,RUTH MAGALÍ MORALES CARÍAS,PARVULOS,OFICIAL,URBANA,ABIERTA,MONOLINGUE,DOBLE,DIARIO(REGULAR),GUATEMALA ORIENTE
00-13-0043-46,01-99-0161,CIUDAD CAPITAL,ZONA 13,ESCUELA NORMAL PARA MAESTRAS DE EDUCACIÓN PARA EL HOGAR MARION G. BOCK,5A. CALLE 6-12,41175147,GEOFFERY ANTONIO CU PEREZ,MARIA EUGENIA SAN JOSE MENENDEZ,DIVERSIFICADO,OFICIAL,URBANA,ABIERTA,MONOLINGUE,MATUTINA,DIARIO(REGULAR),GUATEMALA ORIENTE
00-13-0044-45,01-99-0166,CIUDAD CAPITAL,ZONA 13,CENTRO DE EDUCACIÓN EXTRAESCOLAR-CEEX-DIRECCIÓN GENERAL DE CAMINOS,7AV. FINCA NACIONAL LA AURORA . 01,40767651,JULIO JACOBO GIL URBINA,MARVIN GIOVANNY ESTRADA PÉREZ,BASICO,OFICIAL,URBANA,ABIERTA,MONOLINGUE,MATUTINA,DIARIO(REGULAR),GUATEMALA ORIENTE
00-13-0045-43,01-99-0173,CIUDAD CAPITAL,ZONA 13,COLEGIO CIENTIFICO INTEGRAL CCI,"29 CALLE ""A""  12-49 ZONA 13 COLONIA SANTA FE GUATEMALA",55754808,YAKELIN ESTHER VASQUEZ HERNANDEZ,WENDY YANETH REYES GÁLVEZ,PRIMARIA,PRIVADO,URBANA,ABIERTA,MONOLINGUE,MATUTINA,DIARIO(REGULAR),GUATEMALA ORIENTE
00-13-0046-42,01-99-0173,CIUDAD CAPITAL,ZONA 13,"ESCUELA OFICIAL DE PARVULOS, ANEXA A LA ESCUELA OFICIAL URBANA MIXTA  NO.142 REPÚBLICA DE  PANAMÁ",AVENIDA HINCAPIE 27-00 ZONA 13,56762329,YAKELIN ESTHER VASQUEZ HERNANDEZ,LUCY ANABELLA DIGHERO LÓPEZ,PARVULOS,OFICIAL,URBANA,ABIERTA,MONOLINGUE,MATUTINA,DIARIO(REGULAR),GUATEMALA ORIENTE
00-13-0047-46,01-99-0166,CIUDAD CAPITAL,ZONA 13,"PROGRAMA NACIONAL DE EDUCACIÓN ALTERNATIVA, PRONEA",6A.  AVENIDA 0-20 ZONA 13. GUATEMALA,22999696,JULIO JACOBO GIL URBINA,ESMERALDA HERNANDEZ GUEVARA DE CABRERA,DIVERSIFICADO,OFICIAL,URBANA,ABIERTA,MONOLINGUE,DOBLE,A DISTANCIA,GUATEMALA ORIENTE
00-13-0048-45,01-501,CIUDAD CAPITAL,ZONA 13,COLEGIO THE ORCHARD CARÉ LA PAZ,"23 CALLE 15-45 ZONA 13 GUATEMALA, GUATEMALA GUATEMALA",23723330,JULIO JACOBO GIL URBINA,DIANA LUCÍA VENDRELL VILLAVICENCIO,BASICO,PRIVADO,URBANA,ABIERTA,MONOLINGUE,VESPERTINA,A DISTANCIA,GUATEMALA ORIENTE
00-13-0049-43,01-501,CIUDAD CAPITAL,ZONA 13,COLEGIO THE ORCHARD CARÉ LA PAZ,23 CALLE 15-45 ZONA 13 GUATEMALA,23723330,JULIO JACOBO GIL URBINA,MIGUELITO GABRIEL COTA SILVESTRE,PRIMARIA,PRIVADO,URBANA,ABIERTA,MONOLINGUE,VESPERTINA,A DISTANCIA,GUATEMALA ORIENTE
00-13-0050-46,01-501,CIUDAD CAPITAL,ZONA 13,COLEGIO THE ORCHARD CARÉ LA PAZ,23 CALLE 15-45 ZONA 13 GUATEMALA,23723330,JULIO JACOBO GIL URBINA,DIANA LUCÍA VENDRELL VILLAVICENCIO,DIVERSIFICADO,PRIVADO,URBANA,ABIERTA,MONOLINGUE,VESPERTINA,A DISTANCIA,GUATEMALA ORIENTE
00-13-0051-46,01-99-0166,CIUDAD CAPITAL,ZONA 13,CENTRO DE EDUCACIÓN EXTRAESCOLAR -CEEX - DEPARTAMENTAL,6A.  AVENIDA 0-20 ZONA 13 GUATEMALA,22999595,JULIO JACOBO GIL URBINA,MELANIE ZULIETH DEL ROSARIO SIÁN SOLÍS,DIVERSIFICADO,OFICIAL,URBANA,ABIERTA,MONOLINGUE,MATUTINA,SEMIPRESENCIAL,GUATEMALA ORIENTE
00-13-0052-45,01-99-0173,CIUDAD CAPITAL,ZONA 13,COLEGIO HOMESCHOOL AT MY TIME,AVENIDA LAS AMERICAS 8-42 ZONA 13 CONDOMINIO AMÉRICAS 10 NIVEL 11 OFICINA 1105,30318928,YAKELIN ESTHER VASQUEZ HERNANDEZ,GLADYS NOEMI PINEDA CABRERA,BASICO,PRIVADO,URBANA,ABIERTA,MONOLINGUE,VESPERTINA,VIRTUAL A DISTANCIA,GUATEMALA ORIENTE
00-13-0053-42,01-99-0173,CIUDAD CAPITAL,ZONA 13,CENTRO ESCOLAR LA VILLA NO. 2,23 CALLE 15-25 GUATEMALA,24136130,YAKELIN ESTHER VASQUEZ HERNANDEZ,MIRNA NINETH NAVICHOQUE ORANTES,PARVULOS,PRIVADO,URBANA,ABIERTA,MONOLINGUE,MATUTINA,DIARIO(REGULAR),GUATEMALA ORIENTE
00-13-0054-45,01-405,CIUDAD CAPITAL,ZONA 13,COLEGIO  THE ORCHARD CARE LA PAZ,23 CALLE  15-45 ZONA 13 CIUDAD DE GUATEMALA 01/01/20,23609560,BLANCA SARAI GUTIERREZ PINEDA,RODOLFO GERARDO FONSECA SARMIENTO,BASICO,PRIVADO,URBANA,CERRADA DEFINITIVAMENTE,MONOLINGUE,VESPERTINA,A DISTANCIA,GUATEMALA ORIENTE
00-13-0055-46,01-405,CIUDAD CAPITAL,ZONA 13,COLEGIO THE ORCHARD CARE LA PAZ,23 CALLE 15-45 ZONA 13 CIUDAD DE GUATEMALA GUATEMALA,23609560,BLANCA SARAI GUTIERREZ PINEDA,RODOLFO GERARDO FONSECA SARMIENTOS,DIVERSIFICADO,PRIVADO,URBANA,CERRADA DEFINITIVAMENTE,MONOLINGUE,VESPERTINA,A DISTANCIA,GUATEMALA ORIENTE
00-13-0056-43,01-501,CIUDAD CAPITAL,ZONA 13,COLEGIO THE ORCHARD CARÉ LA PAZ,23 CALLE 15-45,23609560,JULIO JACOBO GIL URBINA,MIGUELITO GABRIEL COTA SILVESTRE,PRIMARIA,PRIVADO,URBANA,ABIERTA,MONOLINGUE,VESPERTINA,A DISTANCIA,GUATEMALA ORIENTE
00-13-0057-45,01-405,CIUDAD CAPITAL,ZONA 13,"INSTITUTO EVANGÉLICO ""AMÉRICA LATINA""",3A. AVENIDA 1-44,36356887,BLANCA SARAI GUTIERREZ PINEDA,NANCY AYDELI SABAN CORTEZ,BASICO,PRIVADO,URBANA,ABIERTA,MONOLINGUE,SIN JORNADA,SEMIPRESENCIAL (FIN DE SEMANA),GUATEMALA ORIENTE
00-13-0058-46,01-405,CIUDAD CAPITAL,ZONA 13,"INSTITUTO EVANGÉLICO ""AMÉRICA LATINA""",3A. AVENIDA 1-44,36356887,BLANCA SARAI GUTIERREZ PINEDA,NANCY AYDELI SABAN CORTEZ,DIVERSIFICADO,PRIVADO,URBANA,ABIERTA,MONOLINGUE,SIN JORNADA,SEMIPRESENCIAL (FIN DE SEMANA),GUATEMALA ORIENTE
00-13-0059-45,01-99-0166,CIUDAD CAPITAL,ZONA 13,CENTRO DE EDUCACIÓN EXTRAESCOLAR -CEEX- DIDEDUC GUATEMALA ORIENTE,6A. AVENIDA 0-20 GUATEMALA,22969999,JULIO JACOBO GIL URBINA,MELANIE ZULIETH DEL ROSARIO SIÁN SOLÍS,BASICO,OFICIAL,URBANA,ABIERTA,MONOLINGUE,DOBLE,SEMIPRESENCIAL,GUATEMALA ORIENTE
00-13-0060-42,01-501,CIUDAD CAPITAL,ZONA 13,"EODP NO. 525 ""MAHATMA GHANDI""","13 AVENIDA ""B"" 26-44 COLONIA LA LIBERTAD",23338365,JULIO JACOBO GIL URBINA,NIDIA ELIZABETH RAMÍREZ PINZÓN DE ANLEU,PARVULOS,OFICIAL,URBANA,CERRADA DEFINITIVAMENTE,MONOLINGUE,MATUTINA,DIARIO(REGULAR),GUATEMALA ORIENTE
00-13-0061-45,01-501,CIUDAD CAPITAL,ZONA 13,"INEB ""RABINDRANATH TAGORE""","6A. AVENIDA ""B"" 17-36 COLONIA REYNA BARRIOS",58368140,JULIO JACOBO GIL URBINA,GLADYS LORENA LARIOS GUILLEN,BASICO,OFICIAL,URBANA,CERRADA DEFINITIVAMENTE,MONOLINGUE,VESPERTINA,DIARIO(REGULAR),GUATEMALA ORIENTE
00-13-0062-45,01-405,CIUDAD CAPITAL,ZONA 13,COLEGIO THE ORCHARD CARÉ LA PAZ,23 CALLE 15-45,23609560,BLANCA SARAI GUTIERREZ PINEDA,RODOLFO GERARDO FONSECA SARMIENTO,BASICO,PRIVADO,URBANA,ABIERTA,MONOLINGUE,SIN JORNADA,A DISTANCIA,GUATEMALA ORIENTE
00-13-0063-46,01-405,CIUDAD CAPITAL,ZONA 13,COLEGIO THE ORCHARD CARÉ LA PAZ,23 CALLE 15-45,23609560,BLANCA SARAI GUTIERREZ PINEDA,RODOLFO GERARDO FONSECA SARMIENTO,DIVERSIFICADO,PRIVADO,URBANA,ABIERTA,MONOLINGUE,SIN JORNADA,A DISTANCIA,GUATEMALA ORIENTE
00-13-0064-43,01-99-0166,CIUDAD CAPITAL,ZONA 13,"JARDIN INFANTIL ""NUESTRA SEÑORA DE FATIMA""",7A. AVENIDA FINCA NACIONAL LA AURORA,43952780,JULIO JACOBO GIL URBINA,MARÍA ALEJANDRA PUNTÍ MARTÍNEZ,PRIMARIA,OFICIAL,URBANA,ABIERTA,MONOLINGUE,DOBLE,DIARIO(REGULAR),GUATEMALA ORIENTE
00-13-0065-45,01-405,CIUDAD CAPITAL,ZONA 13,"ESCUELA TECNICA MILITAR DE AVIACION, PROGRAMA EDUCATIVO INTEGRADO DEL SOLDADO -PEISOL-, DE LA FUERZA AEREA GUATEMALTECA",AVENIDA HINCAPIE 21-14,56928291,BLANCA SARAI GUTIERREZ PINEDA,JOSÉ MANUEL MÉNDEZ MORALES,BASICO,OFICIAL,URBANA,CERRADA DEFINITIVAMENTE,MONOLINGUE,VESPERTINA,DIARIO(REGULAR),GUATEMALA ORIENTE
00-13-0066-46,01-405,CIUDAD CAPITAL,ZONA 13,"ESCUELA TECNICA MILITAR DE AVIACION, PROGRAMA EDUCATIVO INTEGRADO DEL SOLDADO -PEISOL-, DE LA FUERZA AEREA GUATEMALTECA",AVENIDA HINCAPIE 21-14,56928291,BLANCA SARAI GUTIERREZ PINEDA,JOSÉ MANUEL MÉNDEZ MORALES,DIVERSIFICADO,OFICIAL,URBANA,CERRADA DEFINITIVAMENTE,MONOLINGUE,VESPERTINA,DIARIO(REGULAR),GUATEMALA ORIENTE
00-13-0067-42,01-99-0173,CIUDAD CAPITAL,ZONA 13,COLEGIO CIENTIFICO INTEGRAL,"29 CALLE ""A"" 12-49 COLONIA SANTA FE",55449521,YAKELIN ESTHER VASQUEZ HERNANDEZ,STEPHANIE BEATRIZ RIVERA VÁSQUEZ,PARVULOS,PRIVADO,URBANA,ABIERTA,MONOLINGUE,MATUTINA,DIARIO(REGULAR),GUATEMALA ORIENTE
00-13-0068-45,01-99-0173,CIUDAD CAPITAL,ZONA 13,COLEGIO CIENTIFICO INTEGRAL,"29 CALLE ""A"" 12-49 COLONIA SANTA FE",55449521,YAKELIN ESTHER VASQUEZ HERNANDEZ,JÉNIFER PAOLA PINEDA REYES,BASICO,PRIVADO,URBANA,ABIERTA,MONOLINGUE,MATUTINA,DIARIO(REGULAR),GUATEMALA ORIENTE
00-13-0069-43,01-99-0173,CIUDAD CAPITAL,ZONA 13,COLEGIO HOMESCHOOL AT MY TIME,AVENIDA LAS AMÉRICAS 8-42 CONDOMINIO AMÉRICAS 10 NIVEL 11 OFICINA 1105,52100571,YAKELIN ESTHER VASQUEZ HERNANDEZ,GLADYS NOEMI PINEDA CABRERA,PRIMARIA,PRIVADO,URBANA,ABIERTA,MONOLINGUE,VESPERTINA,VIRTUAL A DISTANCIA,GUATEMALA ORIENTE
00-13-0070-46,01-99-0173,CIUDAD CAPITAL,ZONA 13,COLEGIO HOMESCHOOL AT MY TIME,AVENIDA LAS AMERICAS 8-42 EDIFICIO AMÉRICAS 10 NIVEL 11 OFICINA 1105,52100571,YAKELIN ESTHER VASQUEZ HERNANDEZ,GLADYS NOEMI PINEDA CABRERA,DIVERSIFICADO,PRIVADO,URBANA,ABIERTA,MONOLINGUE,VESPERTINA,VIRTUAL A DISTANCIA,GUATEMALA ORIENTE
00-13-0071-42,01-99-0166,CIUDAD CAPITAL,ZONA 13,INSTITUTO EVANGELICO  AMERICA LATINA,01 CALLE 03-02 PAMPLONA,24279400,JULIO JACOBO GIL URBINA,NANCY AYDELI SABAN CORTEZ,PARVULOS,PRIVADO,URBANA,ABIERTA,MONOLINGUE,MATUTINA,VIRTUAL A DISTANCIA,GUATEMALA ORIENTE
00-13-0072-43,01-99-0166,CIUDAD CAPITAL,ZONA 13,INSTITUTO EVANGELICO  AMERICA LATINA,01 CALLE 03-02 PAMPLONA,24279400,JULIO JACOBO GIL URBINA,MAYRA LORENA PANIAGUA TURCIOS,PRIMARIA,PRIVADO,URBANA,ABIERTA,MONOLINGUE,MATUTINA,VIRTUAL A DISTANCIA,GUATEMALA ORIENTE
00-13-0073-45,01-99-0166,CIUDAD CAPITAL,ZONA 13,INSTITUTO EVANGELICO  AMERICA LATINA,01 CALLE 03-02 PAMPLONA,24279400,JULIO JACOBO GIL URBINA,NANCY AYDELI SABAN CORTEZ,BASICO,PRIVADO,URBANA,ABIERTA,MONOLINGUE,MATUTINA,VIRTUAL A DISTANCIA,GUATEMALA ORIENTE
00-13-0074-46,01-99-0166,CIUDAD CAPITAL,ZONA 13,INSTITUTO EVANGELICO  AMERICA LATINA,01 CALLE 03-02 PAMPLONA,24279400,JULIO JACOBO GIL URBINA,NANCY AYDELI SABAN CORTEZ,DIVERSIFICADO,PRIVADO,URBANA,ABIERTA,MONOLINGUE,MATUTINA,VIRTUAL A DISTANCIA,GUATEMALA ORIENTE
00-13-0075-42,01-99-0166,CIUDAD CAPITAL,ZONA 13,INSTITUTO EVANGELICO  AMERICA LATINA,01 CALLE 03-02 PAMPLONA,24279400,JULIO JACOBO GIL URBINA,VERONICA MARIZA RAMIREZ DE LEON,PARVULOS,PRIVADO,URBANA,ABIERTA,MONOLINGUE,VESPERTINA,VIRTUAL A DISTANCIA,GUATEMALA ORIENTE
00-13-0076-43,01-99-0166,CIUDAD CAPITAL,ZONA 13,INSTITUTO EVANGELICO  AMERICA LATINA,01 CALLE 03-02 PAMPLONA,24279400,JULIO JACOBO GIL URBINA,GLADYS LORENA LARIOS GUILLEN,PRIMARIA,PRIVADO,URBANA,ABIERTA,MONOLINGUE,VESPERTINA,VIRTUAL A DISTANCIA,GUATEMALA ORIENTE
00-13-0077-45,01-99-0166,CIUDAD CAPITAL,ZONA 13,INSTITUTO EVANGELICO  AMERICA LATINA,01 CALLE 03-02 PAMPLONA,24279400,JULIO JACOBO GIL URBINA,NANCY AYDELI SABAN CORTEZ DE MUÑOZ,BASICO,PRIVADO,URBANA,ABIERTA,MONOLINGUE,VESPERTINA,VIRTUAL A DISTANCIA,GUATEMALA ORIENTE
00-13-0078-46,01-99-0166,CIUDAD CAPITAL,ZONA 13,INSTITUTO EVANGELICO  AMERICA LATINA,01 CALLE 03-02 PAMPLONA,24279400,JULIO JACOBO GIL URBINA,NANCY AYDELI SABAN CORTEZ DE MUÑOZ,DIVERSIFICADO,PRIVADO,URBANA,ABIERTA,MONOLINGUE,VESPERTINA,VIRTUAL A DISTANCIA,GUATEMALA ORIENTE
00-13-0079-42,01-99-0166,CIUDAD CAPITAL,ZONA 13,CENTRO ESCOLAR VIRGEN DEL CAMINO,15 CALLE 7-47,22271954,JULIO JACOBO GIL URBINA,MARÍA LUISA SULIN MEDA,PARVULOS,PRIVADO,URBANA,ABIERTA,MONOLINGUE,MATUTINA,DIARIO(REGULAR),GUATEMALA ORIENTE
00-13-0080-46,01-99-0173,CIUDAD CAPITAL,ZONA 13,LICEO CRISTIANO ELOHIM,"13 AVENIDA ""A"" 26-64",58551762,YAKELIN ESTHER VASQUEZ HERNANDEZ,ROCIO BERENICE VELIZ GILROY,DIVERSIFICADO,PRIVADO,URBANA,ABIERTA,MONOLINGUE,MATUTINA,DIARIO(REGULAR),GUATEMALA ORIENTE
00-13-0081-42,01-99-0173,CIUDAD CAPITAL,ZONA 13,INSTITUTO EDUABA GUATEMALA,8 CALLE 15-20,31065008,YAKELIN ESTHER VASQUEZ HERNANDEZ,MARIA LOURDES GALINDO SOLARES,PARVULOS,PRIVADO,URBANA,ABIERTA,MONOLINGUE,MATUTINA,DIARIO(REGULAR),GUATEMALA ORIENTE
00-13-0082-45,01-99-0173,CIUDAD CAPITAL,ZONA 13,"ESCUELA TECNICA MILITAR DE AVIACION, PROGRAMA EDUCATIVO INTEGRADO DEL SOLDADO -PEISOL-, DE LA FUERZA AEREA GUATEMALTECA",AVENIDA HINCAPIE 21-14,57160162,YAKELIN ESTHER VASQUEZ HERNANDEZ,NELSON ANTONIO CHITAY OSORIO,BASICO,OFICIAL,URBANA,ABIERTA,MONOLINGUE,SIN JORNADA,SEMIPRESENCIAL (FIN DE SEMANA),GUATEMALA ORIENTE
00-13-0083-46,01-99-0173,CIUDAD CAPITAL,ZONA 13,"ESCUELA TECNICA MILITAR DE AVIACION, PROGRAMA EDUCATIVO INTEGRADO DEL SOLDADO -PEISOL-, DE LA FUERZA AEREA GUATEMALTECA",AVENIDA HINCAPIE 21-14,56928291,YAKELIN ESTHER VASQUEZ HERNANDEZ,NELSON ANTONIO CHITAY OSORIO,DIVERSIFICADO,OFICIAL,URBANA,ABIERTA,MONOLINGUE,SIN JORNADA,SEMIPRESENCIAL (FIN DE SEMANA),GUATEMALA ORIENTE
00-13-0084-43,01-99-0173,CIUDAD CAPITAL,ZONA 13,CENTRO ESCOLAR LA VILLA NO. 2,23 CALLE 15-25,24136130,YAKELIN ESTHER VASQUEZ HERNANDEZ,BYRON ARMANDO TORRES SANTIAGO,PRIMARIA,PRIVADO,URBANA,ABIERTA,MONOLINGUE,MATUTINA,DIARIO(REGULAR),GUATEMALA ORIENTE
00-13-0691-46,01-504,CIUDAD CAPITAL,ZONA 13,INSTITUTO DE BACHILLERATO EN COMPUTACION -IBC-,6A. AVENIVA 0-20,24720829,DAVID SOTOJ SANCHEZ,FRANCISCO JAVIER GODOY VARGAS,DIVERSIFICADO,PRIVADO,URBANA,CERRADA TEMPORALMENTE,MONOLINGUE,MATUTINA,DIARIO(REGULAR),GUATEMALA ORIENTE
00-13-0913-42,01-501,CIUDAD CAPITAL,ZONA 13,EODP NO.37 DEL CENTRO DE BIENESTAR SOCIAL 'PAMPLONA',AVENIDA DEL FERROCARRIL 2-62,24720480,JULIO JACOBO GIL URBINA,,PARVULOS,OFICIAL,URBANA,CERRADA DEFINITIVAMENTE,MONOLINGUE,MATUTINA,DIARIO(REGULAR),GUATEMALA ORIENTE
00-13-0914-42,01-99-0166,CIUDAD CAPITAL,ZONA 13,EODP NO.26  WALT DISNEY,5A. CALLE 8-53,58338335,JULIO JACOBO GIL URBINA,ROSA DEL CARMEN GONZÁLEZ GUERRA,PARVULOS,OFICIAL,URBANA,ABIERTA,MONOLINGUE,MATUTINA,DIARIO(REGULAR),GUATEMALA ORIENTE
00-13-0915-42,,CIUDAD CAPITAL,ZONA 13,EPDP 'TOYLAND',AVE. LAS AMERICAS 8-42 ZONA 13,,,,PARVULOS,PRIVADO,URBANA,CERRADA DEFINITIVAMENTE,MONOLINGUE,MATUTINA,DIARIO(REGULAR),GUATEMALA ORIENTE
00-13-0916-42,,CIUDAD CAPITAL,ZONA 13,EPDP 'AMERICAN CENTER Y KINDER MUNDO',AVE. LAS AMERICAS 6-38 ZONA 13,,,,PARVULOS,PRIVADO,URBANA,CERRADA DEFINITIVAMENTE,MONOLINGUE,MATUTINA,DIARIO(REGULAR),GUATEMALA ORIENTE
00-13-0917-42,,CIUDAD CAPITAL,ZONA 13,EPDP ANEXA A COLEGIO 'VILLA VERDE',7A AVE. 3-34 ZONA 13,,,,PARVULOS,PRIVADO,URBANA,CERRADA TEMPORALMENTE,MONOLINGUE,MATUTINA,DIARIO(REGULAR),GUATEMALA ORIENTE
00-13-0918-43,01-113,CIUDAD CAPITAL,ZONA 13,EOUN DOLORES AQUINO,1A AVE. 1-51 ZONA 13,,MARÍA ROXANA PELÁEZ HERRERA,,PRIMARIA,OFICIAL,URBANA,CERRADA TEMPORALMENTE,MONOLINGUE,MATUTINA,DIARIO(REGULAR),GUATEMALA ORIENTE
00-13-0919-43,01-99-0166,CIUDAD CAPITAL,ZONA 13,EOUM DE APLICACION NO.16  REPUBLICA DE BOLIVIA,5A CALLE 8-53,51232267,JULIO JACOBO GIL URBINA,BÉLGICA JANETH REVOLORIO SANDOVAL,PRIMARIA,OFICIAL,URBANA,ABIERTA,MONOLINGUE,MATUTINA,DIARIO(REGULAR),GUATEMALA ORIENTE
00-13-0920-43,01-99-0166,CIUDAD CAPITAL,ZONA 13,"EOUM NO.98 "" GENERAL JOSE MARIA REYNA BARRIOS """,COLONIA REYNA BARRIOS,56354242,JULIO JACOBO GIL URBINA,MAYRA PATRICIA PORÓN HERNÁNDEZ,PRIMARIA,OFICIAL,URBANA,ABIERTA,MONOLINGUE,MATUTINA,DIARIO(REGULAR),GUATEMALA ORIENTE
00-13-0921-43,01-99-0173,CIUDAD CAPITAL,ZONA 13,EOUM NO. 93 'MÉLIDA MONTENEGRO VIUDA DE MÉNDEZ',"30 CALLE  ""A"" Y 13 AVENIDA, COLONIA SANTA FE",42885242,YAKELIN ESTHER VASQUEZ HERNANDEZ,MILDRED DEL ROSARIO CASTILLO MALDONADO,PRIMARIA,OFICIAL,URBANA,ABIERTA,MONOLINGUE,MATUTINA,DIARIO(REGULAR),GUATEMALA ORIENTE
00-13-0922-43,,CIUDAD CAPITAL,ZONA 13,EOUM NO.142 'LA LIBERTAD',"13 AVE. 'B' 26-45 ZONA 13, GUATEMALA",,,,PRIMARIA,OFICIAL,URBANA,CERRADA TEMPORALMENTE,MONOLINGUE,VESPERTINA,DIARIO(REGULAR),GUATEMALA ORIENTE
00-13-0923-43,01-99-0173,CIUDAD CAPITAL,ZONA 13,EOUM REPUBLICA DE PANAMA,AV. HINCAPIE 27-00,38041691,YAKELIN ESTHER VASQUEZ HERNANDEZ,MILAGRO YESENIA GUDIEL FLORES,PRIMARIA,OFICIAL,URBANA,ABIERTA,MONOLINGUE,VESPERTINA,DIARIO(REGULAR),GUATEMALA ORIENTE
00-13-0924-43,01-501,CIUDAD CAPITAL,ZONA 13,EOUM DE APLICACION NO.79 REPUBLICA DE BOLIVIA,5A CALLE 8-53,24753875,JULIO JACOBO GIL URBINA,JORGE ANIBAL SANDOVAL MARTINEZ,PRIMARIA,OFICIAL,URBANA,CERRADA TEMPORALMENTE,MONOLINGUE,VESPERTINA,DIARIO(REGULAR),GUATEMALA ORIENTE
00-13-0925-43,,CIUDAD CAPITAL,ZONA 13,EPUM 'COLEGIO VILLA VERDE',7A AVE. 3-34 ZONA 13,,,,PRIMARIA,PRIVADO,URBANA,CERRADA TEMPORALMENTE,MONOLINGUE,MATUTINA,DIARIO(REGULAR),GUATEMALA ORIENTE
00-13-0926-43,01-501,CIUDAD CAPITAL,ZONA 13,INSTITUTO EVANGELICO  AMERICA LATINA,3A AVE. 5-78 INTERIOR 27,24279400,JULIO JACOBO GIL URBINA,GLADYS LORENA LARIOS GUILLEN,PRIMARIA,PRIVADO,URBANA,CERRADA TEMPORALMENTE,MONOLINGUE,MATUTINA,DIARIO(REGULAR),GUATEMALA ORIENTE
00-13-0927-43,01-204,CIUDAD CAPITAL,ZONA 13,INSTITUTO PRIVADO MIXTO 'VICTORINA SOLORZANO MOLINA',28 CALLE 13-23 COLONIA SANTA FE ZONA 13,,ALFREDO NOHELI TEMAJ MORALES,,PRIMARIA,PRIVADO,URBANA,CERRADA DEFINITIVAMENTE,MONOLINGUE,MATUTINA,DIARIO(REGULAR),GUATEMALA ORIENTE
00-13-0928-43,01-99-0166,CIUDAD CAPITAL,ZONA 13,COLEGIO GUATEMALA DE LA ASUNCION,4A CALLE 6-45,24720521,JULIO JACOBO GIL URBINA,ANA MARÍA VALENZUELA SARAVIA,PRIMARIA,PRIVADO,URBANA,ABIERTA,MONOLINGUE,MATUTINA,DIARIO(REGULAR),GUATEMALA ORIENTE
00-13-0929-43,,CIUDAD CAPITAL,ZONA 13,COLEGIO 'IBEROAMERICANO',3A AVE. 8-87 LOMAS DE PAMPLONA ZONA 13,,,,PRIMARIA,PRIVADO,URBANA,CERRADA DEFINITIVAMENTE,MONOLINGUE,MATUTINA,DIARIO(REGULAR),GUATEMALA ORIENTE
00-13-0930-43,,CIUDAD CAPITAL,ZONA 13,COLEGIO 'HEBRON',9A AVE. 29-00 COLONIA SANTA FE ZONA 13,,,,PRIMARIA,PRIVADO,URBANA,CERRADA TEMPORALMENTE,MONOLINGUE,MATUTINA,DIARIO(REGULAR),GUATEMALA ORIENTE
00-13-0931-43,01-504,CIUDAD CAPITAL,ZONA 13,COLEGIO 'JESUCRISTO ES EL SEÑOR',3A. AVENIDA 5-78,,DAVID SOTOJ SANCHEZ,,PRIMARIA,PRIVADO,URBANA,CERRADA DEFINITIVAMENTE,MONOLINGUE,MATUTINA,DIARIO(REGULAR),GUATEMALA ORIENTE
00-13-0932-43,01-501,CIUDAD CAPITAL,ZONA 13,COLEGIO  LEHNSEN,15 AVENIDA 3-01,23904500,JULIO JACOBO GIL URBINA,XIOMARA ISABEL MARTÍNEZ DÍAZ,PRIMARIA,PRIVADO,URBANA,CERRADA DEFINITIVAMENTE,MONOLINGUE,MATUTINA,DIARIO(REGULAR),GUATEMALA ORIENTE
00-13-0933-44,01-409,CIUDAD CAPITAL,ZONA 13,EOPA NO.29,13 AVE. B 26-45 LA LIBERTAD,23371649,IDALIA DEL ROSARIO LOPEZ SANDOVAL DE PAIZ,,PRIMARIA DE ADULTOS,OFICIAL,URBANA,CERRADA TEMPORALMENTE,MONOLINGUE,NOCTURNA,DIARIO(REGULAR),GUATEMALA ORIENTE
00-13-0934-44,,CIUDAD CAPITAL,ZONA 13,EOPA INSTITUTO EVANGELICO 'AMERICA LATINA',3A AVE. 1-44 ZONA 13,,,,PRIMARIA DE ADULTOS,PRIVADO,URBANA,CERRADA DEFINITIVAMENTE,MONOLINGUE,INTERMEDIA,DIARIO(REGULAR),GUATEMALA ORIENTE
00-13-0935-44,01-405,CIUDAD CAPITAL,ZONA 13,INSTITUTO EVANGELICO  AMERICA LATINA (CURSOS DE EXTENSION),3A AVE. 1-44,24279400,BLANCA SARAI GUTIERREZ PINEDA,JESÚS ÁNGEL TOLEDO ESTRADA,PRIMARIA DE ADULTOS,PRIVADO,URBANA,ABIERTA,MONOLINGUE,VESPERTINA,FIN DE SEMANA,GUATEMALA ORIENTE
00-13-0936-45,01-406,CIUDAD CAPITAL,ZONA 13,INSTITUTO PRIVADO MIXTO DE EDUCACION BASICA 'KARL FRIEDRICH GAUSS',1ERA. CALLE 4-74 BOCA DEL MONTE,,MIGUEL ALVARO RODRIGUEZ PORTILLO,,BASICO,PRIVADO,URBANA,CERRADA TEMPORALMENTE,MONOLINGUE,VESPERTINA,DIARIO(REGULAR),GUATEMALA ORIENTE
00-13-0937-46,01-99-0173,CIUDAD CAPITAL,ZONA 13,ESCUELA TECNICA MILITAR DE AVIACION,AVENIDA HINCAPIE 21-14,56301522,YAKELIN ESTHER VASQUEZ HERNANDEZ,NELSON ANTONIO CHITAY OSORIO,DIVERSIFICADO,OFICIAL,URBANA,ABIERTA,MONOLINGUE,MATUTINA,DIARIO(REGULAR),GUATEMALA ORIENTE
00-13-0938-46,01-99-0161,CIUDAD CAPITAL,ZONA 13,INSTITUTO TECNICO VOCACIONAL DR. IMRICH FISCHMANN,7A AVE. 5-80,24720154,GEOFFERY ANTONIO CU PEREZ,ALDO JONAS GUEVARA CISNEROS,DIVERSIFICADO,OFICIAL,URBANA,ABIERTA,MONOLINGUE,DOBLE,DIARIO(REGULAR),GUATEMALA ORIENTE
00-13-0939-46,01-99-0161,CIUDAD CAPITAL,ZONA 13,ESCUELA NORMAL PARA MAESTRAS DE EDUCACIÓN PARA EL HOGAR MARION G. BOCK,5A CALLE 6-12,41175147,GEOFFERY ANTONIO CU PEREZ,MARIA EUGENIA SAN JOSE MENENDEZ,DIVERSIFICADO,OFICIAL,URBANA,ABIERTA,MONOLINGUE,DOBLE,DIARIO(REGULAR),GUATEMALA ORIENTE
00-13-0940-45,01-99-0166,CIUDAD CAPITAL,ZONA 13,INSTITUTO ADOLFO V. HALL CENTRAL,7A AVE. FINCA LA AURORA GUATEMALA,35735437,JULIO JACOBO GIL URBINA,EBIN NOÉ SOLARES SANTOS,BASICO,OFICIAL,URBANA,ABIERTA,MONOLINGUE,DOBLE,DIARIO(REGULAR),GUATEMALA ORIENTE
00-13-0940-46,01-99-0166,CIUDAD CAPITAL,ZONA 13,INSTITUTO ADOLFO V. HALL CENTRAL,7A AVE. FINCA LA AURORA,35735437,JULIO JACOBO GIL URBINA,EBIN NOÉ SOLARES SANTOS,DIVERSIFICADO,OFICIAL,URBANA,ABIERTA,MONOLINGUE,DOBLE,DIARIO(REGULAR),GUATEMALA ORIENTE
00-13-0941-45,01-99-0166,CIUDAD CAPITAL,ZONA 13,INEB ADSCRITO A ESCUELA NORMAL CENTRAL PARA VARONES,5A CALLE 8-06 ZONA 13,54604839,JULIO JACOBO GIL URBINA,MARCO ANTONIO TEPÁZ YUMÁN,BASICO,OFICIAL,URBANA,ABIERTA,MONOLINGUE,MATUTINA,DIARIO(REGULAR),GUATEMALA ORIENTE
00-13-0941-46,01-99-0166,CIUDAD CAPITAL,ZONA 13,ESCUELA NORMAL CENTRAL PARA VARONES,5A CALLE 8-06,54604839,JULIO JACOBO GIL URBINA,MARCO ANTONIO TEPÁZ YUMÁN,DIVERSIFICADO,OFICIAL,URBANA,ABIERTA,MONOLINGUE,MATUTINA,DIARIO(REGULAR),GUATEMALA ORIENTE
00-13-0942-45,01-501,CIUDAD CAPITAL,ZONA 13,INSTITUTO EVANGELICO  AMERICA LATINA,3A AVE. 1-44,24279400,JULIO JACOBO GIL URBINA,JESÚS ÁNGEL TOLEDO ESTRADA,BASICO,PRIVADO,URBANA,CERRADA TEMPORALMENTE,MONOLINGUE,MATUTINA,DIARIO(REGULAR),GUATEMALA ORIENTE
00-13-0942-46,01-501,CIUDAD CAPITAL,ZONA 13,INSTITUTO EVANGELICO  AMERICA LATINA,3A AVE. 1-44,24279400,JULIO JACOBO GIL URBINA,JESÚS ÁNGEL TOLEDO ESTRADA,DIVERSIFICADO,PRIVADO,URBANA,ABIERTA,MONOLINGUE,MATUTINA,DIARIO(REGULAR),GUATEMALA ORIENTE
00-13-0943-45,01-405,CIUDAD CAPITAL,ZONA 13,INSTITUTO EVANGELICO  AMERICA LATINA  (CURSOS DE EXTENSION),3A AVE. 1-44 (PAMPLONA),24279400,BLANCA SARAI GUTIERREZ PINEDA,NANCY AYDELI SABAN CORTEZ,BASICO,PRIVADO,URBANA,ABIERTA,MONOLINGUE,VESPERTINA,DIARIO(REGULAR),GUATEMALA ORIENTE
00-13-0943-46,01-405,CIUDAD CAPITAL,ZONA 13,INSTITUTO EVANGELICO  AMERICA LATINA  (CURSOS DE EXTENSION),3A AVE. 1-44 (PAMPLONA),24279400,BLANCA SARAI GUTIERREZ PINEDA,NANCY AYDELI SABAN CORTEZ,DIVERSIFICADO,PRIVADO,URBANA,ABIERTA,MONOLINGUE,VESPERTINA,DIARIO(REGULAR),GUATEMALA ORIENTE
00-13-0944-45,01-99-0166,CIUDAD CAPITAL,ZONA 13,COLEGIO GUATEMALA DE LA  ASUNCIÓN,4A CALLE 6-58,24723536,JULIO JACOBO GIL URBINA,SANDRA ELIZABETH ESCOBAR SOSA,BASICO,PRIVADO,URBANA,ABIERTA,MONOLINGUE,MATUTINA,DIARIO(REGULAR),GUATEMALA ORIENTE
00-13-0944-46,01-99-0166,CIUDAD CAPITAL,ZONA 13,COLEGIO GUATEMALA DE LA  ASUNCIÓN,4A CALLE 6-58,24723536,JULIO JACOBO GIL URBINA,SANDRA ELIZABETH ESCOBAR SOSA,DIVERSIFICADO,PRIVADO,URBANA,ABIERTA,MONOLINGUE,MATUTINA,DIARIO(REGULAR),GUATEMALA ORIENTE
00-13-0945-45,01-501,CIUDAD CAPITAL,ZONA 13,COLEGIO  LEHNSEN,15 AVE. 3-01,23904500,JULIO JACOBO GIL URBINA,XIOMARA ISABEL MARTÍNEZ DÍAZ,BASICO,PRIVADO,URBANA,CERRADA DEFINITIVAMENTE,MONOLINGUE,MATUTINA,DIARIO(REGULAR),GUATEMALA ORIENTE
00-13-0945-46,01-501,CIUDAD CAPITAL,ZONA 13,COLEGIO  LEHNSEN,15 AVE. 3-01,23904500,JULIO JACOBO GIL URBINA,XIOMARA ISABEL MARTÍNEZ DÍAZ,DIVERSIFICADO,PRIVADO,URBANA,CERRADA DEFINITIVAMENTE,MONOLINGUE,MATUTINA,DIARIO(REGULAR),GUATEMALA ORIENTE
00-13-0946-45,,CIUDAD CAPITAL,ZONA 13,INSTITUTO PRIVADO MIXTO DE EDUCACION BASICA COLEGIO 'HEBRON',9A AVE. 29-00 COLONIA SANTA FE ZONA 13,23332618,,,BASICO,PRIVADO,URBANA,CERRADA DEFINITIVAMENTE,MONOLINGUE,MATUTINA,DIARIO(REGULAR),GUATEMALA ORIENTE
00-13-0946-46,,CIUDAD CAPITAL,ZONA 13,INSTITUTO PRIVADO MIXTO DE EDUCACION DIVERSIFICADA COLEGIO 'HEBRON',9A AVE. 29-00 COLONIA SANTA FE ZONA 13,23332618,,,DIVERSIFICADO,PRIVADO,URBANA,CERRADA DEFINITIVAMENTE,MONOLINGUE,MATUTINA,DIARIO(REGULAR),GUATEMALA ORIENTE
00-13-0947-45,,CIUDAD CAPITAL,ZONA 13,INSTITUTO OFICIAL MIXTO DE EDUCACION BASICA 'ESCUELA TECNICA MILITAR DE AVIACION',"AVE. HINCAPIE 21-14 ZONA 13, GUATEMALA",23623921,,,BASICO,OFICIAL,URBANA,CERRADA TEMPORALMENTE,MONOLINGUE,INTERMEDIA,DIARIO(REGULAR),GUATEMALA ORIENTE
00-13-0947-46,,CIUDAD CAPITAL,ZONA 13,INSTITUTO DE BACHILLERATO POR MADUREZ ADSC. A ESCUELA TECNICA DE AVIACION,AVE. HINCAPIE 21-14 ZONA 13 GUATEMALA,,,,DIVERSIFICADO,OFICIAL,URBANA,CERRADA TEMPORALMENTE,MONOLINGUE,INTERMEDIA,DIARIO(REGULAR),GUATEMALA ORIENTE
00-13-0948-45,01-502,CIUDAD CAPITAL,ZONA 13,INSTITUTO PRIVADO MIXTO DE EDUCACION BASICA EVANGELICO 'AMERICA LATINA',3A AVE. 1-44,24754141,JULIA ENECON ROCA MORAN,,BASICO,PRIVADO,URBANA,CERRADA TEMPORALMENTE,MONOLINGUE,VESPERTINA,DIARIO(REGULAR),GUATEMALA ORIENTE
00-13-0948-46,01-502,CIUDAD CAPITAL,ZONA 13,INSTITUTO PRIVADO MIXTO DE EDUCACION DIVERSIFICADA EVANGELICO AMERICA LATINA,3A AVE. 1-44,24754141,JULIA ENECON ROCA MORAN,PEM. JESÚS ÁNGEL TOLEDO,DIVERSIFICADO,PRIVADO,URBANA,CERRADA TEMPORALMENTE,MONOLINGUE,INTERMEDIA,DIARIO(REGULAR),GUATEMALA ORIENTE
00-13-2244-46,01-501,CIUDAD CAPITAL,ZONA 13,COLEGIO  ROSEMONT,15 AV. 2-02,23319802,JULIO JACOBO GIL URBINA,SIN DATOS  ( TEMPORAL TITULOS ),DIVERSIFICADO,PRIVADO,URBANA,CERRADA TEMPORALMENTE,MONOLINGUE,MATUTINA,DIARIO(REGULAR),GUATEMALA ORIENTE
00-13-2287-42,01-99-0173,CIUDAD CAPITAL,ZONA 13,"EODP NO. 525 ""MAHATMA GANDHI""",13 AVENIDA  B  26-44 COLONIA LA LIBERTAD,23338365,YAKELIN ESTHER VASQUEZ HERNANDEZ,NIDIA ELIZABETH RAMIREZ PINZÓN,PARVULOS,OFICIAL,URBANA,ABIERTA,MONOLINGUE,MATUTINA,DIARIO(REGULAR),GUATEMALA ORIENTE
00-13-2288-42,01-501,CIUDAD CAPITAL,ZONA 13,EPDP ANEXA A COLEGIO 'HEBRON',9A AVE. 29-00 COLONIA SANTA FE,23332618,JULIO JACOBO GIL URBINA,,PARVULOS,PRIVADO,URBANA,CERRADA TEMPORALMENTE,MONOLINGUE,MATUTINA,DIARIO(REGULAR),GUATEMALA ORIENTE
00-13-2289-42,01-99-0166,CIUDAD CAPITAL,ZONA 13,COLEGIO  GUATEMALA DE LA ASUNCION,4A CALLE 6-45,24720521,JULIO JACOBO GIL URBINA,NORA ADRIANA RUIZ CASTRO,PARVULOS,PRIVADO,URBANA,ABIERTA,MONOLINGUE,MATUTINA,DIARIO(REGULAR),GUATEMALA ORIENTE
00-13-2290-42,,CIUDAD CAPITAL,ZONA 13,EPDP ANEXA A COLEGIO 'JESUCRISTO ES EL SEÑOR',5A CALLE 1-68 ZONA 13,,,,PARVULOS,PRIVADO,URBANA,CERRADA TEMPORALMENTE,MONOLINGUE,MATUTINA,DIARIO(REGULAR),GUATEMALA ORIENTE
00-13-2291-42,,CIUDAD CAPITAL,ZONA 13,EPDP ANEXA A COLEGIO 'IBEROAMERICANO',3A AVE. 8-87 COLONIA LOMAS DE PAMPLONA ZONA 13,,,,PARVULOS,PRIVADO,URBANA,CERRADA DEFINITIVAMENTE,MONOLINGUE,MATUTINA,DIARIO(REGULAR),GUATEMALA ORIENTE
00-13-2292-42,01-501,CIUDAD CAPITAL,ZONA 13,COLEGIO  LEHNSEN,15 AVE. 3-01,23904500,JULIO JACOBO GIL URBINA,XIOMARA ISABEL MARTÍNEZ DÍAZ,PARVULOS,PRIVADO,URBANA,CERRADA DEFINITIVAMENTE,MONOLINGUE,MATUTINA,DIARIO(REGULAR),GUATEMALA ORIENTE
00-13-2293-42,01-99-0166,CIUDAD CAPITAL,ZONA 13,"COLEGIO MIXTO EVANGELICO ""CAPULLITOS ROSAMEN""",29 CALLE A 11-21 COLONIA SANTA FE,54928621,JULIO JACOBO GIL URBINA,MARLENNE DEL CARMEN FIGUEROA QUEVEDO,PARVULOS,PRIVADO,URBANA,ABIERTA,MONOLINGUE,MATUTINA,DIARIO(REGULAR),GUATEMALA ORIENTE
00-13-2294-42,01-501,CIUDAD CAPITAL,ZONA 13,INSTITUTO EVANGÉLICO AMERICA LATINA,3A AVE. 5-78 INTERIOR 27,24279400,JULIO JACOBO GIL URBINA,VERÓNICA MARIZA RAMÍREZ DE LEÓN,PARVULOS,PRIVADO,URBANA,CERRADA TEMPORALMENTE,MONOLINGUE,MATUTINA,DIARIO(REGULAR),GUATEMALA ORIENTE
00-13-2295-42,,CIUDAD CAPITAL,ZONA 13,EPDP ANEXA A COLEGIO 'IBEROAMERICANO',3A AVE. 8-87 LOMAS DE PAMPLONA ZONA 13,,,,PARVULOS,PRIVADO,URBANA,CERRADA DEFINITIVAMENTE,MONOLINGUE,MATUTINA,DIARIO(REGULAR),GUATEMALA ORIENTE
00-13-2296-43,01-99-0173,CIUDAD CAPITAL,ZONA 13,EOUM NO.109 LA LIBERTAD,13 AVE. B 26-45 COLONIA LA LIBERTAD,55854066,YAKELIN ESTHER VASQUEZ HERNANDEZ,JUAN ROBERTO ARTIGA MARROQUIN,PRIMARIA,OFICIAL,URBANA,ABIERTA,MONOLINGUE,MATUTINA,DIARIO(REGULAR),GUATEMALA ORIENTE
00-13-2297-43,01-99-0166,CIUDAD CAPITAL,ZONA 13,"COLEGIO MIXTO EVANGELICO ""CAPULLITOS ROSAMEN""",29 CALLE A 11-21 COLONIA SANTA FE,23333011,JULIO JACOBO GIL URBINA,AURA MARINA RODRIGUEZ ROSALES,PRIMARIA,PRIVADO,URBANA,ABIERTA,MONOLINGUE,MATUTINA,DIARIO(REGULAR),GUATEMALA ORIENTE
00-13-2556-43,01-501,CIUDAD CAPITAL,ZONA 13,'COLEGIO SAN NICOLAS',7A AVE 1-72,24720460,JULIO JACOBO GIL URBINA,,PRIMARIA,PRIVADO,URBANA,CERRADA TEMPORALMENTE,MONOLINGUE,MATUTINA,DIARIO(REGULAR),GUATEMALA ORIENTE
00-13-2557-42,01-113,CIUDAD CAPITAL,ZONA 13,EODP ANEXA A EOUM MELIDA MONTENEGRO V. DE MENDEZ,30 CALLE A Y 13 AVENIDA COLONIA SANTA FE ZONA 13,,MARÍA ROXANA PELÁEZ HERRERA,,PARVULOS,OFICIAL,URBANA,CERRADA TEMPORALMENTE,MONOLINGUE,MATUTINA,DIARIO(REGULAR),GUATEMALA ORIENTE
00-13-2558-46,,CIUDAD CAPITAL,ZONA 13,INSTITUTO PRIVADO MIXTO DE EDUCACION DIVERSIFICADA 'COLEGIO KARL FRIEDRICH GAUSS',28 CALLE 13-23 ZONA 13 SANTA FE,,,,DIVERSIFICADO,PRIVADO,URBANA,CERRADA TEMPORALMENTE,MONOLINGUE,VESPERTINA,DIARIO(REGULAR),GUATEMALA ORIENTE
00-13-2559-42,,CIUDAD CAPITAL,ZONA 13,'COLEGIO BRITANICO',AVENIDA DE LAS AMERICAS 18-26 ZONA 13,,,,PARVULOS,PRIVADO,URBANA,CERRADA DEFINITIVAMENTE,MONOLINGUE,MATUTINA,DIARIO(REGULAR),GUATEMALA ORIENTE
00-13-2560-42,01-501,CIUDAD CAPITAL,ZONA 13,CENTRO EDUCATIVO INFANTIL DE SISTEMA DE TEMPRANA EST. PSICOMOTRIZ S. Y DEL LENGUAJE  (STEPS),15 AVENIDA 14-63,23319840,JULIO JACOBO GIL URBINA,PATRICIA INÉS PÉREZ LUCAS,PARVULOS,PRIVADO,URBANA,CERRADA TEMPORALMENTE,MONOLINGUE,MATUTINA,DIARIO(REGULAR),GUATEMALA ORIENTE
00-13-2561-42,,CIUDAD CAPITAL,ZONA 13,EPDP 'KINDERGARTEN KIOSCO INFANTIL',11 CALLE 15-24 ZONA 13,,,,PARVULOS,PRIVADO,URBANA,CERRADA DEFINITIVAMENTE,MONOLINGUE,MATUTINA,DIARIO(REGULAR),GUATEMALA ORIENTE
00-13-2562-45,01-501,CIUDAD CAPITAL,ZONA 13,IEBC DE ENSEÑANZA 'SANTA FE',13 AV 'B' 26-45 COLONIA LIBERTAD,,JULIO JACOBO GIL URBINA,,BASICO,COOPERATIVA,URBANA,CERRADA DEFINITIVAMENTE,MONOLINGUE,VESPERTINA,DIARIO(REGULAR),GUATEMALA ORIENTE
00-13-2563-45,,CIUDAD CAPITAL,ZONA 13,INSTITUTO PRIVADO MIXTO DE EDUCACION BASICA 'AMERICA LATINA',3A AVENIDA 1-44 ZONA 13,,,,BASICO,PRIVADO,URBANA,CERRADA TEMPORALMENTE,MONOLINGUE,NOCTURNA,DIARIO(REGULAR),GUATEMALA ORIENTE
00-13-2564-42,01-99-0166,CIUDAD CAPITAL,ZONA 13,EODP ANEXA A EOUM NO.98 GENERAL JOSE MARIA REYNA BARRIOS,COLONIA REYNA BARRIOS,48929220,JULIO JACOBO GIL URBINA,MAYRA PATRICIA PORÓN HERNÁNDEZ,PARVULOS,OFICIAL,URBANA,ABIERTA,MONOLINGUE,MATUTINA,DIARIO(REGULAR),GUATEMALA ORIENTE
00-13-2565-42,,CIUDAD CAPITAL,ZONA 13,EPDP 'CENTRO DE ESTUDIOS AMERICANO',AV LAS AMERICAS 6-38,23631659,,,PARVULOS,PRIVADO,URBANA,CERRADA DEFINITIVAMENTE,MONOLINGUE,MATUTINA,DIARIO(REGULAR),GUATEMALA ORIENTE
00-13-2566-43,,CIUDAD CAPITAL,ZONA 13,EPUM 'CENTRO DE ESTUDIOS AMERICANO',AV LAS AMERICAS 6-38,,,,PRIMARIA,PRIVADO,URBANA,CERRADA DEFINITIVAMENTE,MONOLINGUE,MATUTINA,DIARIO(REGULAR),GUATEMALA ORIENTE
00-13-2567-42,,CIUDAD CAPITAL,ZONA 13,EODP ANEXA A ESCUELA OFICIAL URBANA MIXTA NO. 142 'ELGIN SUR',AV HINCAPIE 27-00 ZONA 13,,,,PARVULOS,OFICIAL,URBANA,CERRADA TEMPORALMENTE,MONOLINGUE,MATUTINA,DIARIO(REGULAR),GUATEMALA ORIENTE
00-13-2568-43,01-99-0173,CIUDAD CAPITAL,ZONA 13,EOUM NO.142 REPUBLICA DE PANAMA,AV HINCAPIE 27-00,56762329,YAKELIN ESTHER VASQUEZ HERNANDEZ,LUCY ANABELLA DIGHERO LÓPEZ,PRIMARIA,OFICIAL,URBANA,ABIERTA,MONOLINGUE,MATUTINA,DIARIO(REGULAR),GUATEMALA ORIENTE
00-13-2569-42,01-99-0173,CIUDAD CAPITAL,ZONA 13,COLEGIO EVANGELICO MIXTO SANTISTEBAN,29 CALLE  A  12-63 ZONA 13 SANTA FE,57736514,YAKELIN ESTHER VASQUEZ HERNANDEZ,ABIGAÍL  RODAS SALDARRIAGA,PARVULOS,PRIVADO,URBANA,ABIERTA,MONOLINGUE,MATUTINA,DIARIO(REGULAR),GUATEMALA ORIENTE
00-13-2570-43,01-99-0173,CIUDAD CAPITAL,ZONA 13,COLEGIO EVANGELICO MIXTO SANTISTEBAN,29 CALLE  A  12-63 SANTA FE,57736514,YAKELIN ESTHER VASQUEZ HERNANDEZ,LILIANA  LEIVA MIGUEL,PRIMARIA,PRIVADO,URBANA,ABIERTA,MONOLINGUE,MATUTINA,DIARIO(REGULAR),GUATEMALA ORIENTE
00-13-2571-42,01-504,CIUDAD CAPITAL,ZONA 13,COLEGIO PARTICULAR MIXTO  MARIA GORETTI,29 CALLE  A  12-49 COLONIA SANTA FE,23332176,DAVID SOTOJ SANCHEZ,REYNA  MORALES GUERRA,PARVULOS,PRIVADO,URBANA,CERRADA TEMPORALMENTE,MONOLINGUE,MATUTINA,DIARIO(REGULAR),GUATEMALA ORIENTE
00-13-2572-43,01-504,CIUDAD CAPITAL,ZONA 13,CPMI MARIA GORETTI,29 CALLE  A  12-49 COLONIA SANTA FE,23332176,DAVID SOTOJ SANCHEZ,ROXANA MARISOL CHACÓN GIRÓN,PRIMARIA,PRIVADO,URBANA,CERRADA TEMPORALMENTE,MONOLINGUE,MATUTINA,DIARIO(REGULAR),GUATEMALA ORIENTE
00-13-2573-42,01-501,CIUDAD CAPITAL,ZONA 13,'COLEGIO SAN NICOLAS',7A AVE 1-72,24720460,JULIO JACOBO GIL URBINA,,PARVULOS,PRIVADO,URBANA,CERRADA TEMPORALMENTE,MONOLINGUE,MATUTINA,DIARIO(REGULAR),GUATEMALA ORIENTE
00-13-2889-45,,CIUDAD CAPITAL,ZONA 13,EPUM 'COLEGIO JESUCRISTO EL SEÑOR',"3 AVE 5-78 INTERIOR 27, ZONA 13 PAMPLONA",720801 Y 720946,,,BASICO,PRIVADO,URBANA,CERRADA TEMPORALMENTE,MONOLINGUE,MATUTINA,DIARIO(REGULAR),GUATEMALA ORIENTE
00-13-2962-45,,CIUDAD CAPITAL,ZONA 13,INSTITUTO 'KARL F. GAUSS',28 CALLE 13-23 COL. SANTA FE,,,,BASICO,PRIVADO,URBANA,CERRADA TEMPORALMENTE,MONOLINGUE,MATUTINA,DIARIO(REGULAR),GUATEMALA ORIENTE
00-13-2966-44,,CIUDAD CAPITAL,ZONA 13,INSTITUTO VICTORIA SOLORZANO,GUATEMALA,,,,PRIMARIA DE ADULTOS,PRIVADO,URBANA,CERRADA TEMPORALMENTE,MONOLINGUE,MATUTINA,DIARIO(REGULAR),GUATEMALA ORIENTE
00-13-3009-43,,CIUDAD CAPITAL,ZONA 13,"COLEGIO EVANGELICO MIXTO 'CAMINO, VERDAD Y VIDA'","29 CALLE 'A' 11-21 ZONA 13, COL. SANTA FE, GUATEMALA.",,,,PRIMARIA,PRIVADO,URBANA,CERRADA TEMPORALMENTE,MONOLINGUE,MATUTINA,DIARIO(REGULAR),GUATEMALA ORIENTE
00-13-3058-43,,CIUDAD CAPITAL,ZONA 13,EOUM ELGIN SUR,"AVENIDA HINCAPIE 27-00 ZONA 13, GUATEMALA",,,,PRIMARIA,OFICIAL,URBANA,CERRADA DEFINITIVAMENTE,MONOLINGUE,VESPERTINA,DIARIO(REGULAR),GUATEMALA ORIENTE
00-13-3059-45,01-99-0166,CIUDAD CAPITAL,ZONA 13,"COLEGIO EVANGELICO MIXTO  CAMINO, VERDAD Y VIDA",29 CALLE  A  9-79 COLONIA SANTA FE,51775764,JULIO JACOBO GIL URBINA,FABIO PATRICIO MAZARIEGOS OCHOA,BASICO,PRIVADO,URBANA,ABIERTA,MONOLINGUE,VESPERTINA,DIARIO(REGULAR),GUATEMALA ORIENTE
00-13-4014-45,,CIUDAD CAPITAL,ZONA 13,INSTITUTO PRIVADO MIXTO 'KARL FRIEDRICH GAUSS',28 CALLE 13-23 ZONA 13 COL. SANTA FE,,,,BASICO,PRIVADO,URBANA,CERRADA TEMPORALMENTE,MONOLINGUE,DOBLE,DIARIO(REGULAR),GUATEMALA ORIENTE
00-13-7012-42,,CIUDAD CAPITAL,ZONA 13,LICEO MIXTO SISTEMA DE FORMACION SUPERVISADA (S.F.S.),29 CALLE B 12-85 ZONA 13,23332740,,,PARVULOS,PRIVADO,URBANA,CERRADA TEMPORALMENTE,MONOLINGUE,MATUTINA,DIARIO(REGULAR),GUATEMALA ORIENTE
00-13-7021-43,01-99-0173,CIUDAD CAPITAL,ZONA 13,LICEO CRISTIANO ELOHIM,"13 AVENIDA A 26-64, COLONIA LA LIBERTAD",30285422,YAKELIN ESTHER VASQUEZ HERNANDEZ,GOLDI JEMIMA GILROY LÓPEZ,PRIMARIA,PRIVADO,URBANA,ABIERTA,MONOLINGUE,MATUTINA,DIARIO(REGULAR),GUATEMALA ORIENTE
00-13-7022-43,01-504,CIUDAD CAPITAL,ZONA 13,LICEO MIXTO SISTEMA DE INFORMACION SUPERVISADO,29 CALLE B 12-85,23332740,DAVID SOTOJ SANCHEZ,,PRIMARIA,PRIVADO,URBANA,CERRADA TEMPORALMENTE,MONOLINGUE,MATUTINA,DIARIO(REGULAR),GUATEMALA ORIENTE
00-13-7078-45,01-504,CIUDAD CAPITAL,ZONA 13,COLEGIO PARTICULAR MIXTO  MARIA GORETTI,29 CALLE  A  12-49 COLONIA SANTA FE,23332176,DAVID SOTOJ SANCHEZ,REYNA  MORALES GUERRA,BASICO,PRIVADO,URBANA,CERRADA TEMPORALMENTE,MONOLINGUE,MATUTINA,DIARIO(REGULAR),GUATEMALA ORIENTE
00-13-7105-42,01-504,CIUDAD CAPITAL,ZONA 13,CENTRO EDUCATIVO 'TERRA NOVA',15 AVENIDA 17-20,"3318770, 3603062",DAVID SOTOJ SANCHEZ,,PARVULOS,PRIVADO,URBANA,CERRADA TEMPORALMENTE,MONOLINGUE,MATUTINA,DIARIO(REGULAR),GUATEMALA ORIENTE
00-13-7106-43,01-504,CIUDAD CAPITAL,ZONA 13,CENTRO EDUCATIVO 'TERRA NOVA',15 AVENIDA 17-20,23318770,DAVID SOTOJ SANCHEZ,,PRIMARIA,PRIVADO,URBANA,CERRADA TEMPORALMENTE,MONOLINGUE,MATUTINA,DIARIO(REGULAR),GUATEMALA ORIENTE
00-13-7156-41,,CIUDAD CAPITAL,ZONA 13,COLEGIO 'MIRALPRADO',15 AV. 6-36 ZONA 13,23313773,,,PREPRIMARIA BILINGUE,PRIVADO,URBANA,CERRADA DEFINITIVAMENTE,BILINGUE,MATUTINA,DIARIO(REGULAR),GUATEMALA ORIENTE
00-13-7157-42,01-501,CIUDAD CAPITAL,ZONA 13,COLEGIO 'MIRALPRADO',15 AV. 6-36,23313773,JULIO JACOBO GIL URBINA,,PARVULOS,PRIVADO,URBANA,CERRADA TEMPORALMENTE,MONOLINGUE,MATUTINA,DIARIO(REGULAR),GUATEMALA ORIENTE
00-13-7170-46,01-99-0173,CIUDAD CAPITAL,ZONA 13,ACADEMIA DE ESTUDIOS AVANZADOS  F-15,15 AVENIDA A 24-08,23322290,YAKELIN ESTHER VASQUEZ HERNANDEZ,ALMA ILEANA BARRIOS BARRIOS,DIVERSIFICADO,PRIVADO,URBANA,ABIERTA,MONOLINGUE,MATUTINA,DIARIO(REGULAR),GUATEMALA ORIENTE
00-13-7171-46,01-504,CIUDAD CAPITAL,ZONA 13,ACADEMIA DE ESTUDIOS AVANZADOS 'F-15',AVENIDA HINCAPIE 16-72,23345705,DAVID SOTOJ SANCHEZ,,DIVERSIFICADO,PRIVADO,URBANA,CERRADA TEMPORALMENTE,MONOLINGUE,VESPERTINA,DIARIO(REGULAR),GUATEMALA ORIENTE
00-13-7233-45,01-504,CIUDAD CAPITAL,ZONA 13,CENTRO DE ESTUDIOS AMERICANO,AVENIDA LAS AMERICAS 6-38,23631659,DAVID SOTOJ SANCHEZ,,BASICO,PRIVADO,URBANA,CERRADA DEFINITIVAMENTE,MONOLINGUE,MATUTINA,DIARIO(REGULAR),GUATEMALA ORIENTE
00-13-7281-43,,CIUDAD CAPITAL,ZONA 13,EORM NO.128 ZOOLOGICO LA AURORA,"ZONA 13, GUATEMALA",,,,PRIMARIA,OFICIAL,URBANA,CERRADA DEFINITIVAMENTE,MONOLINGUE,MATUTINA,DIARIO(REGULAR),GUATEMALA ORIENTE
00-13-7282-46,01-,CIUDAD CAPITAL,ZONA 13,ACADEMIA DEPORTIVA,7A. AVENIDA 6-31 ZONA 13,24400298,MARIA FELICITA ROQUE CARRERA,SIN DATO,DIVERSIFICADO,PRIVADO,URBANA,CERRADA DEFINITIVAMENTE,MONOLINGUE,VESPERTINA,DIARIO(REGULAR),GUATEMALA ORIENTE
00-13-7283-46,,CIUDAD CAPITAL,ZONA 13,ACADEMIA DEPORTIVA,7A. AVENIDA 6-31 ZONA 13,24400298,,,DIVERSIFICADO,PRIVADO,URBANA,CERRADA DEFINITIVAMENTE,MONOLINGUE,DOBLE,DIARIO(REGULAR),GUATEMALA ORIENTE
00-13-7354-42,01-99-0173,CIUDAD CAPITAL,ZONA 13,CENTRO EDUCATIVO SAN JUDAS TADEO,13 AVENIDA B 26-81 COLONIA LA LIBERTAD,22908800,YAKELIN ESTHER VASQUEZ HERNANDEZ,KARLA HAYDEE VELÁSQUEZ ROSALES,PARVULOS,PRIVADO,URBANA,ABIERTA,MONOLINGUE,MATUTINA,DIARIO(REGULAR),GUATEMALA ORIENTE
00-13-7355-42,,CIUDAD CAPITAL,ZONA 13,ESCUELA PRIVADA SAN JUDAS TADEO,13 AV. B26-45 ZONA 13,3383435-3383436,,,PARVULOS,PRIVADO,URBANA,CERRADA DEFINITIVAMENTE,MONOLINGUE,VESPERTINA,DIARIO(REGULAR),GUATEMALA ORIENTE
00-13-7356-43,01-99-0173,CIUDAD CAPITAL,ZONA 13,CENTRO EDUCATIVO SAN JUDAS TADEO,13 AVENIDA B 26-81 COLONIA LA LIBERTAD,22908800,YAKELIN ESTHER VASQUEZ HERNANDEZ,MIRZA ALEJANDRA HERRERA CASTELLANOS,PRIMARIA,PRIVADO,URBANA,ABIERTA,MONOLINGUE,MATUTINA,DIARIO(REGULAR),GUATEMALA ORIENTE
00-13-7357-43,,CIUDAD CAPITAL,ZONA 13,ESCUELA PRIVADA SAN JUDAS TADEO,13AV. B 26-45 ZONA 13,3383435-3383436,,,PRIMARIA,PRIVADO,URBANA,CERRADA DEFINITIVAMENTE,MONOLINGUE,VESPERTINA,DIARIO(REGULAR),GUATEMALA ORIENTE
00-13-7455-43,,CIUDAD CAPITAL,ZONA 13,EOUM NO.142 'REPUBLICA DE PANAMA',,,,,PRIMARIA,OFICIAL,URBANA,CERRADA DEFINITIVAMENTE,MONOLINGUE,MATUTINA,DIARIO(REGULAR),GUATEMALA ORIENTE
00-13-7456-43,,CIUDAD CAPITAL,ZONA 13,EOUM NO. 79 APLICACION REP. DE BOLIVIA,"5A. CALLE 8-53 ZONA 13, GUATEMALA",,,,PRIMARIA,OFICIAL,URBANA,CERRADA DEFINITIVAMENTE,MONOLINGUE,VESPERTINA,DIARIO(REGULAR),GUATEMALA ORIENTE
00-13-7554-45,01-99-0166,CIUDAD CAPITAL,ZONA 13,ESCUELA EXPERIMENTAL CON ORIENTACION OCUPACIONAL VILLA DE LOS NIÑOS,5TA. CALLE 5-90,42546976,JULIO JACOBO GIL URBINA,KARIM YURIDIA RODRÍGUEZ CHOC,BASICO,PRIVADO,URBANA,ABIERTA,MONOLINGUE,DOBLE,DIARIO(REGULAR),GUATEMALA ORIENTE
00-13-7718-42,01-501,CIUDAD CAPITAL,ZONA 13,"COLEGIO MIXTO CRISTIANO ""CRISTO VIENE""",28 CALLE B 11-61 COLONIA SANTA FE,40268626,JULIO JACOBO GIL URBINA,REYNA ISABEL BARILLAS MONZÓN,PARVULOS,PRIVADO,URBANA,CERRADA TEMPORALMENTE,MONOLINGUE,MATUTINA,DIARIO(REGULAR),GUATEMALA ORIENTE
00-13-7719-43,01-501,CIUDAD CAPITAL,ZONA 13,COLEGIO MIXTO CRISTIANO 'CRISTO VIENE',28 CALLE B 11-61 COLONIA SANTA FE,23337918,JULIO JACOBO GIL URBINA,REYNA ISABEL BARILLAS MONZÓN,PRIMARIA,PRIVADO,URBANA,CERRADA TEMPORALMENTE,MONOLINGUE,MATUTINA,DIARIO(REGULAR),GUATEMALA ORIENTE
00-13-7833-43,01-204,CIUDAD CAPITAL,ZONA 13,COLEGIO MONACO RIVERA,7AV. 2-10 ZONA 13 RIVERA DEL RIO,6290273-6290294,ALFREDO NOHELI TEMAJ MORALES,,PRIMARIA,PRIVADO,URBANA,CERRADA DEFINITIVAMENTE,MONOLINGUE,MATUTINA,DIARIO(REGULAR),GUATEMALA ORIENTE
00-13-7834-42,01-204,CIUDAD CAPITAL,ZONA 13,COLEGIO MONACO RIVERA,7AV. 2-10 ZONA 13 RIVERA DEL RIO,6290273-6290294,ALFREDO NOHELI TEMAJ MORALES,,PARVULOS,PRIVADO,URBANA,CERRADA DEFINITIVAMENTE,MONOLINGUE,MATUTINA,DIARIO(REGULAR),GUATEMALA ORIENTE
00-13-7899-42,01-504,CIUDAD CAPITAL,ZONA 13,COLEGIO 'COLINA EN PRIMAVERA',5A. CALLE 4-75,24713586,DAVID SOTOJ SANCHEZ,,PARVULOS,PRIVADO,URBANA,CERRADA TEMPORALMENTE,MONOLINGUE,MATUTINA,DIARIO(REGULAR),GUATEMALA ORIENTE
00-13-7902-46,01-99-0166,CIUDAD CAPITAL,ZONA 13,ESCUELA DE COMUNICACIONES Y ELECTRONICA DEL EJERCITO DE GUATEMALA,21 CALLE 9-40 COLONIA AURORA II,56943703,JULIO JACOBO GIL URBINA,HERLINDA DAMARIS RAMOS GUTIÉRREZ,DIVERSIFICADO,OFICIAL,URBANA,ABIERTA,MONOLINGUE,MATUTINA,DIARIO(REGULAR),GUATEMALA ORIENTE
00-13-7903-46,01-504,CIUDAD CAPITAL,ZONA 13,ESCUELA DE COMUNICACIONES Y ELECTRONICA,"21 CALLE 9-40, COLONIA AURORA II","331-2247,332-4301 FAX 331-2247",DAVID SOTOJ SANCHEZ,,DIVERSIFICADO,OFICIAL,URBANA,CERRADA DEFINITIVAMENTE,MONOLINGUE,VESPERTINA,DIARIO(REGULAR),GUATEMALA ORIENTE
00-13-7914-45,,CIUDAD CAPITAL,ZONA 13,COLEGIO MIXTO CIENTIFICO GUATEMALTECO,29 CALLE 'B' 12-98 COLONIA SANTA FE,23383528,,,BASICO,PRIVADO,URBANA,CERRADA DEFINITIVAMENTE,MONOLINGUE,MATUTINA,DIARIO(REGULAR),GUATEMALA ORIENTE
00-13-7915-45,,CIUDAD CAPITAL,ZONA 13,COLEGIO MIXTO CIENTIFICO GUATEMALTECO,29 CALLE 'B' 12-98 COLONIA SANTA FE,23383528,,,BASICO,PRIVADO,URBANA,CERRADA DEFINITIVAMENTE,MONOLINGUE,VESPERTINA,DIARIO(REGULAR),GUATEMALA ORIENTE
00-13-7916-45,,CIUDAD CAPITAL,ZONA 13,COLEGIO MIXTO CIENTIFICO GUATEMALTECO,29 CALLE 'B' 12-98 COLONIA SANTA FE,23383528,,,BASICO,PRIVADO,URBANA,CERRADA DEFINITIVAMENTE,MONOLINGUE,NOCTURNA,DIARIO(REGULAR),GUATEMALA ORIENTE
00-13-8105-42,01-501,CIUDAD CAPITAL,ZONA 13,COLEGIO EDUCARE JIREH,15 AVE 24-27 ELGIN I,23608163,JULIO JACOBO GIL URBINA,,PARVULOS,PRIVADO,URBANA,CERRADA DEFINITIVAMENTE,MONOLINGUE,MATUTINA,DIARIO(REGULAR),GUATEMALA ORIENTE
00-13-8106-43,01-501,CIUDAD CAPITAL,ZONA 13,COLEGIO EDUCARE JIREH,15 AVE. 24-27 ELGIN I,23608163,JULIO JACOBO GIL URBINA,,PRIMARIA,PRIVADO,URBANA,CERRADA DEFINITIVAMENTE,MONOLINGUE,MATUTINA,DIARIO(REGULAR),GUATEMALA ORIENTE
00-13-8169-45,01-501,CIUDAD CAPITAL,ZONA 13,COLEGIO  ROSEMONT,15 AVENIDA 2-02,23319802,JULIO JACOBO GIL URBINA,CLARA LUZ ESPINOZA SOSA DE RECINOS,BASICO,PRIVADO,URBANA,CERRADA TEMPORALMENTE,MONOLINGUE,MATUTINA,DIARIO(REGULAR),GUATEMALA ORIENTE
00-13-8177-42,01-501,CIUDAD CAPITAL,ZONA 13,COLEGIO ARRAYANES,15 AVENIDA 12-20,23616791,JULIO JACOBO GIL URBINA,,PARVULOS,PRIVADO,URBANA,CERRADA DEFINITIVAMENTE,MONOLINGUE,MATUTINA,DIARIO(REGULAR),GUATEMALA ORIENTE
00-13-8178-43,01-501,CIUDAD CAPITAL,ZONA 13,COLEGIO ARRAYANES,15 AVENIDA 12-20,23616791,JULIO JACOBO GIL URBINA,,PRIMARIA,PRIVADO,URBANA,CERRADA DEFINITIVAMENTE,MONOLINGUE,MATUTINA,DIARIO(REGULAR),GUATEMALA ORIENTE
00-13-8179-45,01-501,CIUDAD CAPITAL,ZONA 13,COLEGIO ARRAYANES,15 AVENIDA 12-20,23616791,JULIO JACOBO GIL URBINA,,BASICO,PRIVADO,URBANA,CERRADA DEFINITIVAMENTE,MONOLINGUE,MATUTINA,DIARIO(REGULAR),GUATEMALA ORIENTE
00-13-8180-46,01-501,CIUDAD CAPITAL,ZONA 13,COLEGIO ARRAYANES,15 AVENIDA 12-20,23616791,JULIO JACOBO GIL URBINA,,DIVERSIFICADO,PRIVADO,URBANA,CERRADA DEFINITIVAMENTE,MONOLINGUE,MATUTINA,DIARIO(REGULAR),GUATEMALA ORIENTE
00-13-8246-42,01-501,CIUDAD CAPITAL,ZONA 13,COLEGIO EVANGELICO PIEDRA VIVA,30 CALLE 12-47 ZONA 13 COLONIA SANTA FE,23332981,JULIO JACOBO GIL URBINA,EDGAR RENE DE LEON VARGAS,PARVULOS,PRIVADO,URBANA,CERRADA TEMPORALMENTE,MONOLINGUE,MATUTINA,DIARIO(REGULAR),GUATEMALA ORIENTE
00-13-8247-43,01-501,CIUDAD CAPITAL,ZONA 13,COLEGIO EVANGELICO PIEDRA VIVA,30 CALLE 12-47 ZONA 13 COLONIA SANTA FE,23337938,JULIO JACOBO GIL URBINA,,PRIMARIA,PRIVADO,URBANA,CERRADA TEMPORALMENTE,MONOLINGUE,MATUTINA,DIARIO(REGULAR),GUATEMALA ORIENTE
00-13-8255-42,01-501,CIUDAD CAPITAL,ZONA 13,COLEGIO MIXTO BILINGUE JARDIN DE MARIA,3A. AV. 0-28,24721062-24755241,JULIO JACOBO GIL URBINA,,PARVULOS,PRIVADO,URBANA,CERRADA TEMPORALMENTE,MONOLINGUE,MATUTINA,DIARIO(REGULAR),GUATEMALA ORIENTE
00-13-8256-43,01-501,CIUDAD CAPITAL,ZONA 13,COLEGIO MIXTO BILINGUE 'JARDIN DE MARIA',3A. AV. 0-28,24721062-24755241,JULIO JACOBO GIL URBINA,,PRIMARIA,PRIVADO,URBANA,CERRADA TEMPORALMENTE,MONOLINGUE,MATUTINA,DIARIO(REGULAR),GUATEMALA ORIENTE
00-13-8278-45,,CIUDAD CAPITAL,ZONA 13,INEB DE TELESECUNDARIA,"2A. CALLE 1-32 ZONA 13, GAVIOTAS",,,,BASICO,OFICIAL,URBANA,CERRADA DEFINITIVAMENTE,MONOLINGUE,MATUTINA,DIARIO(REGULAR),GUATEMALA ORIENTE
00-13-8355-45,01-405,CIUDAD CAPITAL,ZONA 13,INSTITUTO EVANGELICO AMERICA LATINA CURSOS DE EXTENSION (POR MADUREZ),3A. AV. 01-44,24279400,BLANCA SARAI GUTIERREZ PINEDA,JESÚS ÁNGEL TOLEDO ESTRADA,BASICO,PRIVADO,URBANA,CERRADA DEFINITIVAMENTE,MONOLINGUE,VESPERTINA,FIN DE SEMANA,GUATEMALA ORIENTE
00-13-8356-46,01-405,CIUDAD CAPITAL,ZONA 13,INSTITUTO EVANGELICO AMERICA LATINA CURSOS DE EXTENSION (POR MADUREZ),3A. AV. 1-44,24279400,BLANCA SARAI GUTIERREZ PINEDA,JESÚS ÁNGEL TOLEDO ESTRADA,DIVERSIFICADO,PRIVADO,URBANA,ABIERTA,MONOLINGUE,VESPERTINA,FIN DE SEMANA,GUATEMALA ORIENTE
00-13-8380-46,01-501,CIUDAD CAPITAL,ZONA 13,COLEGIO MARKAM,15 AVE. 4-39,23606627-28,JULIO JACOBO GIL URBINA,SIN DATO,DIVERSIFICADO,PRIVADO,URBANA,CERRADA TEMPORALMENTE,MONOLINGUE,MATUTINA,DIARIO(REGULAR),GUATEMALA ORIENTE
00-13-8394-45,01-99-0161,CIUDAD CAPITAL,ZONA 13,INEB ADSC. A ESCUELA NACIONAL DE CIENCIAS COMERCIALES PRIMERO DE JULIO DE 1823,7A. AV. 5-80,55318425,GEOFFERY ANTONIO CU PEREZ,GLADYS MAGDALENA JUÁREZ JIMÉNEZ,BASICO,OFICIAL,URBANA,ABIERTA,MONOLINGUE,NOCTURNA,DIARIO(REGULAR),GUATEMALA ORIENTE
00-13-8395-46,01-99-0161,CIUDAD CAPITAL,ZONA 13,ESCUELA NACIONAL DE CIENCIAS COMERCIALES PRIMERO DE JULIO DE 1823,7A. AV. 5-80,55318425,GEOFFERY ANTONIO CU PEREZ,GLADYS MAGDALENA JUÁREZ JIMÉNEZ,DIVERSIFICADO,OFICIAL,URBANA,ABIERTA,MONOLINGUE,NOCTURNA,DIARIO(REGULAR),GUATEMALA ORIENTE
00-13-8402-46,01-501,CIUDAD CAPITAL,ZONA 13,CENTRO DE EDUCACION CREATIVA TOSCANA,15 AVENIDA 19-52,23326867,JULIO JACOBO GIL URBINA,VIVIAN GERTRUDIS MEJÍA MARÍN,DIVERSIFICADO,PRIVADO,URBANA,CERRADA DEFINITIVAMENTE,MONOLINGUE,MATUTINA,DIARIO(REGULAR),GUATEMALA ORIENTE
00-13-8415-42,01-501,CIUDAD CAPITAL,ZONA 13,COLEGIO LUTERANO AGUSTINO PADRE HORACIO CASTILLO,13 AVE. FINAL SECTOR 'B' LOTES # 12 Y 20 LA ISLA COLONIA SANTA FE,24481825,JULIO JACOBO GIL URBINA,,PARVULOS,PRIVADO,URBANA,CERRADA TEMPORALMENTE,MONOLINGUE,MATUTINA,DIARIO(REGULAR),GUATEMALA ORIENTE
00-13-8416-43,01-501,CIUDAD CAPITAL,ZONA 13,COLEGIO LUTERANO AGUSTINO PADRE HORACIO CASTILLO,13 AVE. FINAL SECTOR 'B' LOTES ' 12 Y 20 LA ISLA COLONIA SANTA FE,24481825,JULIO JACOBO GIL URBINA,,PRIMARIA,PRIVADO,URBANA,CERRADA TEMPORALMENTE,MONOLINGUE,MATUTINA,DIARIO(REGULAR),GUATEMALA ORIENTE
00-13-8468-45,01-501,CIUDAD CAPITAL,ZONA 13,COLEGIO EDUCARE JIREH,"15 AVENIDA 24-27, ELGIN 1","3608163, 3608173",JULIO JACOBO GIL URBINA,,BASICO,PRIVADO,URBANA,CERRADA DEFINITIVAMENTE,MONOLINGUE,MATUTINA,DIARIO(REGULAR),GUATEMALA ORIENTE
00-13-8601-45,01-99-0173,CIUDAD CAPITAL,ZONA 13,CENTRO EDUCATIVO SAN JUDAS TADEO,13 AVENIDA B 26-81 COLONIA LA LIBERTAD,22908800,YAKELIN ESTHER VASQUEZ HERNANDEZ,BRENDA ELIZABETH CASTILLO ARGUETA,BASICO,PRIVADO,URBANA,ABIERTA,MONOLINGUE,MATUTINA,DIARIO(REGULAR),GUATEMALA ORIENTE
00-13-8700-42,01-501,CIUDAD CAPITAL,ZONA 13,COLEGIO HEBRON,9A. AV. 29-00 COLONIA SANTA FE,23338392,JULIO JACOBO GIL URBINA,,PARVULOS,PRIVADO,URBANA,CERRADA TEMPORALMENTE,MONOLINGUE,MATUTINA,A DISTANCIA,GUATEMALA ORIENTE
00-13-8701-43,01-99-0166,CIUDAD CAPITAL,ZONA 13,COLEGIO HEBRON,"9A. AV. 28-98 COLONIA SANTA FE, INTERIOR 1, ZONA 13 CIUDAD DE GUATEMALA",22682909,JULIO JACOBO GIL URBINA,FRANCISCO  AGUILAR BERNARDO,PRIMARIA,PRIVADO,URBANA,ABIERTA,MONOLINGUE,MATUTINA,A DISTANCIA,GUATEMALA ORIENTE
00-13-8702-45,01-99-0166,CIUDAD CAPITAL,ZONA 13,COLEGIO HEBRON,"9A AV. 28-98 COLONIA SANTA FE, INTERIOR 1, ZONA 13. CIUDAD DE GUATEMALA  DEL MUNICIPIO DE GUATEMALA",22682909,JULIO JACOBO GIL URBINA,FRANCISCO  AGUILAR BERNARDO,BASICO,PRIVADO,URBANA,ABIERTA,MONOLINGUE,MATUTINA,A DISTANCIA,GUATEMALA ORIENTE
00-13-8703-46,01-99-0166,CIUDAD CAPITAL,ZONA 13,COLEGIO HEBRON,"9A. AV. 28-98 COLONIA SANTA FE, INTERIOR 1, ZONA 13 CIUDAD DE GUATEMALA  DEL MUNICIPIO DE GUATEMALA",22682909,JULIO JACOBO GIL URBINA,FRANCISCO  AGUILAR BERNARDO,DIVERSIFICADO,PRIVADO,URBANA,ABIERTA,MONOLINGUE,MATUTINA,A DISTANCIA,GUATEMALA ORIENTE
00-13-8707-46,01-99-0173,CIUDAD CAPITAL,ZONA 13,CENTRO EDUCATIVO SAN JUDAS TADEO,13 AVENIDA  B  26-81 COLONIA LA LIBERTAD,22908800,YAKELIN ESTHER VASQUEZ HERNANDEZ,BRENDA ELIZABETH CASTILLO ARGUETA,DIVERSIFICADO,PRIVADO,URBANA,ABIERTA,MONOLINGUE,MATUTINA,DIARIO(REGULAR),GUATEMALA ORIENTE
00-13-8870-46,,CIUDAD CAPITAL,ZONA 13,,,24720151-3,,,DIVERSIFICADO,OFICIAL,URBANA,CERRADA DEFINITIVAMENTE,MONOLINGUE,NOCTURNA,DIARIO(REGULAR),GUATEMALA ORIENTE
00-13-8872-45,01-405,CIUDAD CAPITAL,ZONA 13,INST BASICO INDUSTRIAL Y TECNICO EN UNA ESPECIALIDAD ADSCRITO AL INST TEC. VOC. DR. IMRICH FISCHMANN,7A. AVENIDA 5-80,55318425,BLANCA SARAI GUTIERREZ PINEDA,GLADYS MAGDALENA JUÁREZ JIMÉNEZ,BASICO,OFICIAL,URBANA,CERRADA TEMPORALMENTE,MONOLINGUE,NOCTURNA,DIARIO(REGULAR),GUATEMALA ORIENTE
00-13-8987-42,01-99-0166,CIUDAD CAPITAL,ZONA 13,CENTRO EDUCATIVO 'PRECIOSOS MOMENTOS',"29 CALLE 10-85, COLONIA SANTA FE",51102138,JULIO JACOBO GIL URBINA,KATHERINE ESTEPHANIA ORDOÑEZ FRANCO,PARVULOS,PRIVADO,URBANA,ABIERTA,MONOLINGUE,MATUTINA,DIARIO(REGULAR),GUATEMALA ORIENTE
00-13-8988-43,01-99-0166,CIUDAD CAPITAL,ZONA 13,CENTRO EDUCATIVO 'PRECIOSOS MOMENTOS',"29 CALLE 10-85, COLONIA SANTA FE",51102138,JULIO JACOBO GIL URBINA,MELISSA ELIZABETH ORDOÑEZ FRANCO,PRIMARIA,PRIVADO,URBANA,ABIERTA,MONOLINGUE,MATUTINA,DIARIO(REGULAR),GUATEMALA ORIENTE
00-13-9038-45,01-99-0173,CIUDAD CAPITAL,ZONA 13,LICEO CRISTIANO ELOHIM,"13 AVENIDA A 26-64, COLONIA LIBERTAD",51446359,YAKELIN ESTHER VASQUEZ HERNANDEZ,ROCIO BERENICE VELIZ GILROY,BASICO,PRIVADO,URBANA,ABIERTA,MONOLINGUE,MATUTINA,DIARIO(REGULAR),GUATEMALA ORIENTE
00-13-9063-43,01-501,CIUDAD CAPITAL,ZONA 13,COLEGIO MIXTO 'JEHOVA ES MI REFUGIO',"29 CALLE 'B' 12-98, COLONIA SANTA FE",23383447,JULIO JACOBO GIL URBINA,,PRIMARIA,PRIVADO,URBANA,CERRADA DEFINITIVAMENTE,MONOLINGUE,MATUTINA,DIARIO(REGULAR),GUATEMALA ORIENTE
00-13-9064-42,01-501,CIUDAD CAPITAL,ZONA 13,COLEGIO MIXTO 'JEHOVA ES MI REFUGIO',"29 CALLE 'B' 12-98, COLONIA SANTA FE",23383447,JULIO JACOBO GIL URBINA,,PARVULOS,PRIVADO,URBANA,CERRADA DEFINITIVAMENTE,MONOLINGUE,MATUTINA,DIARIO(REGULAR),GUATEMALA ORIENTE
00-13-9068-45,01-501,CIUDAD CAPITAL,ZONA 13,COLEGIO MIXTO 'JEHOVA ES MI REFUGIO',"29 CALLE 'B' 12-98, COLONIA SANTA FE",23383447,JULIO JACOBO GIL URBINA,,BASICO,PRIVADO,URBANA,CERRADA DEFINITIVAMENTE,MONOLINGUE,MATUTINA,DIARIO(REGULAR),GUATEMALA ORIENTE
00-13-9112-42,01-99-0173,CIUDAD CAPITAL,ZONA 13,COLEGIO MIXTO LAS AMERICAS,25 CALLE  A  13-33 COLONIA LA LIBERTAD,23333176,YAKELIN ESTHER VASQUEZ HERNANDEZ,ALMA ILEANA SALAZAR ALVAREZ,PARVULOS,PRIVADO,URBANA,ABIERTA,MONOLINGUE,MATUTINA,DIARIO(REGULAR),GUATEMALA ORIENTE
00-13-9113-43,01-99-0173,CIUDAD CAPITAL,ZONA 13,COLEGIO MIXTO LAS AMERICAS,25 CALLE  A  13-33 COLONIA LA LIBERTAD,23333176,YAKELIN ESTHER VASQUEZ HERNANDEZ,ALMA ILEANA SALAZAR ALVAREZ,PRIMARIA,PRIVADO,URBANA,ABIERTA,MONOLINGUE,MATUTINA,DIARIO(REGULAR),GUATEMALA ORIENTE
00-13-9126-46,01-99-0166,CIUDAD CAPITAL,ZONA 13,ESCUELA EXPERIMENTAL CON ORIENTACION OCUPACIONAL VILLA DE LOS NIÑOS,5A. CALLE 5-90,22253700,JULIO JACOBO GIL URBINA,KARIM YURIDIA RODRÍGUEZ CHOC,DIVERSIFICADO,PRIVADO,URBANA,ABIERTA,MONOLINGUE,DOBLE,DIARIO(REGULAR),GUATEMALA ORIENTE
00-13-9218-42,01-501,CIUDAD CAPITAL,ZONA 13,EODP COLEGIO ROSEMONT,15 AVE. 2-02,23319802,JULIO JACOBO GIL URBINA,EDGAR RENE DE LEON VARGAS,PARVULOS,PRIVADO,URBANA,CERRADA TEMPORALMENTE,MONOLINGUE,MATUTINA,DIARIO(REGULAR),GUATEMALA ORIENTE
00-13-9219-43,01-501,CIUDAD CAPITAL,ZONA 13,CPMI COLEGIO ROSEMONT,15AV. 2-02,23319802,JULIO JACOBO GIL URBINA,,PRIMARIA,PRIVADO,URBANA,CERRADA TEMPORALMENTE,MONOLINGUE,MATUTINA,DIARIO(REGULAR),GUATEMALA ORIENTE
00-13-9236-42,27-003,CIUDAD CAPITAL,ZONA 13,PROGRAMA HOGARES COMUNITARIOS (SOSEP),6TA. AVE. 4-54,,LESVIA AMPARO VELASQUEZ GOMEZ,,PARVULOS,OFICIAL,URBANA,CERRADA DEFINITIVAMENTE,MONOLINGUE,MATUTINA,DIARIO(REGULAR),GUATEMALA ORIENTE
00-13-9265-46,01-501,CIUDAD CAPITAL,ZONA 13,COLEGIO SECRETARIAL MARKAM,15 AVENIDA 4-39,23606627,JULIO JACOBO GIL URBINA,SIN DATO,DIVERSIFICADO,PRIVADO,URBANA,CERRADA DEFINITIVAMENTE,MONOLINGUE,MATUTINA,DIARIO(REGULAR),GUATEMALA ORIENTE
00-13-9278-46,01-99-0166,CIUDAD CAPITAL,ZONA 13,INSTITUTO DE TURISMO Y AVIACION (I.T.A.),"6A. AVENIDA 14-98, AURORA I",23016300,JULIO JACOBO GIL URBINA,IRENE  MENDEZ RODRIGUEZ,DIVERSIFICADO,PRIVADO,URBANA,ABIERTA,MONOLINGUE,MATUTINA,DIARIO(REGULAR),GUATEMALA ORIENTE
00-13-9333-43,01-501,CIUDAD CAPITAL,ZONA 13,COLEGIO MIXTO CIENCIA Y ARTE,2A. AVENIDA 2-50,24720008,JULIO JACOBO GIL URBINA,ROSIDALIA MARMITA OROZCO OROZCO,PRIMARIA,PRIVADO,URBANA,CERRADA TEMPORALMENTE,MONOLINGUE,MATUTINA,DIARIO(REGULAR),GUATEMALA ORIENTE
00-13-9423-42,01-99-0166,CIUDAD CAPITAL,ZONA 13,ESCUELA  OFICIAL DE PARVULOS,"7A. AVENIDA, COLONIA PLAZA DE TOROS",22066767,JULIO JACOBO GIL URBINA,MARÍA FERNANDA REYES RODRIGUEZ,PARVULOS,OFICIAL,URBANA,ABIERTA,MONOLINGUE,DOBLE,DIARIO(REGULAR),GUATEMALA ORIENTE
00-13-9439-42,01-501,CIUDAD CAPITAL,ZONA 13,COLEGIO MIXTO CIENCIA Y ARTE JARDIN INFANTIL,2A. AVENIDA 2-50,24720008,JULIO JACOBO GIL URBINA,LOURDES MICHELLE PEREIRA,PARVULOS,PRIVADO,URBANA,CERRADA TEMPORALMENTE,MONOLINGUE,MATUTINA,DIARIO(REGULAR),GUATEMALA ORIENTE
00-13-9463-46,01-501,CIUDAD CAPITAL,ZONA 13,"ESCUELA TECNICA MILITAR DE AVIACION, PROGRAMA EDUCATIVO INTEGRADO DEL SOLDADO PEISOL, DE LA FUERZA AEREA GUATEMALTECA",AVENIDA HINCAPIE 21-14,23615335,JULIO JACOBO GIL URBINA,JOSÉ MANUEL MÉNDEZ MORALES,DIVERSIFICADO,OFICIAL,URBANA,CERRADA DEFINITIVAMENTE,MONOLINGUE,VESPERTINA,DIARIO(REGULAR),GUATEMALA ORIENTE
00-13-9486-45,01-501,CIUDAD CAPITAL,ZONA 13,"ESCUELA TECNICA MILITAR DE AVIACION, PROGRAMA EDUCATIVO INTEGRADO DEL SOLDADO PEISOL, DE LA FUERZA AEREA GUATEMALTECA",AVENIDA HINCAPIE 21-14,59846978,JULIO JACOBO GIL URBINA,JOSÉ MANUEL MÉNDEZ MORALES,BASICO,OFICIAL,URBANA,CERRADA DEFINITIVAMENTE,MONOLINGUE,VESPERTINA,DIARIO(REGULAR),GUATEMALA ORIENTE
00-13-9640-43,01-501,CIUDAD CAPITAL,ZONA 13,CENTRO DE EDUCACION PERSONALIZADA CEP,15 AVENIDA 'A' 20-51,23311723,JULIO JACOBO GIL URBINA,,PRIMARIA,PRIVADO,URBANA,CERRADA TEMPORALMENTE,MONOLINGUE,DOBLE,DIARIO(REGULAR),GUATEMALA ORIENTE
00-13-9641-45,01-501,CIUDAD CAPITAL,ZONA 13,CENTRO DE EDUCACION PERSONALIZADA CEP,15 AVENIDA 'A' 20-51,23311723,JULIO JACOBO GIL URBINA,,BASICO,PRIVADO,URBANA,CERRADA TEMPORALMENTE,MONOLINGUE,DOBLE,DIARIO(REGULAR),GUATEMALA ORIENTE
00-13-9642-46,01-501,CIUDAD CAPITAL,ZONA 13,CENTRO DE EDUCACION PERSONALIZADA CEP,15 AVENIDA  A  20-51,23311723,JULIO JACOBO GIL URBINA,,DIVERSIFICADO,PRIVADO,URBANA,CERRADA TEMPORALMENTE,MONOLINGUE,DOBLE,DIARIO(REGULAR),GUATEMALA ORIENTE
00-13-9657-45,01-99-0166,CIUDAD CAPITAL,ZONA 13,CENTRO EDUCATIVO MARANATHA,3A. AVENIDA 10-94,47397746,JULIO JACOBO GIL URBINA,DAVID MACABEO SILVA JIMÉNEZ,BASICO,PRIVADO,URBANA,ABIERTA,MONOLINGUE,MATUTINA,DIARIO(REGULAR),GUATEMALA ORIENTE
00-13-9658-42,01-99-0166,CIUDAD CAPITAL,ZONA 13,CENTRO EDUCATIVO  MARANATHA,3A. AVENIDA 10-94,47397746,JULIO JACOBO GIL URBINA,KARLA ROSANNA GRAJEDA ESTEVEZ,PARVULOS,PRIVADO,URBANA,ABIERTA,MONOLINGUE,MATUTINA,DIARIO(REGULAR),GUATEMALA ORIENTE
00-13-9659-43,01-99-0166,CIUDAD CAPITAL,ZONA 13,CENTRO EDUCATIVO  MARANATHA,3A. AVENIDA 10-94,47397746,JULIO JACOBO GIL URBINA,DAVID MACABEO SILVA JIMÉNEZ,PRIMARIA,PRIVADO,URBANA,ABIERTA,MONOLINGUE,MATUTINA,DIARIO(REGULAR),GUATEMALA ORIENTE
00-13-9682-46,01-504,CIUDAD CAPITAL,ZONA 13,INSTITUTO DE BACHILLERATO EN COMPUTACION -IBC-,6A. AVENIDA 0-20,24720829-24720004,DAVID SOTOJ SANCHEZ,FRANCISCO JAVIER GODOY VARGAS,DIVERSIFICADO,PRIVADO,URBANA,CERRADA TEMPORALMENTE,MONOLINGUE,DOBLE,DIARIO(REGULAR),GUATEMALA ORIENTE
00-13-9696-42,01-501,CIUDAD CAPITAL,ZONA 13,COLEGIO PEQUEÑOS ARCOIRIS (LITTLE RAINBOWS),15 AVENIDA  A  21-23,23348407,JULIO JACOBO GIL URBINA,ZONIA DEL CARMEN NORIEGA SPILLARI,PARVULOS,PRIVADO,URBANA,CERRADA DEFINITIVAMENTE,MONOLINGUE,MATUTINA,DIARIO(REGULAR),GUATEMALA ORIENTE
00-13-9774-42,01-501,CIUDAD CAPITAL,ZONA 13,COLEGIO EDUCAVID,29 CALLE 10-15,59300934,JULIO JACOBO GIL URBINA,GLORIA PATRICIA ORDOÑEZ MATIAS DE GONZALEZ,PARVULOS,PRIVADO,URBANA,CERRADA TEMPORALMENTE,MONOLINGUE,MATUTINA,DIARIO(REGULAR),GUATEMALA ORIENTE
00-13-9775-43,01-501,CIUDAD CAPITAL,ZONA 13,COLEGIO EDUCAVID,29 CALLE 10-15,59300934,JULIO JACOBO GIL URBINA,GLORIA PATRICIA ORDOÑEZ MATIAS,PRIMARIA,PRIVADO,URBANA,CERRADA TEMPORALMENTE,MONOLINGUE,MATUTINA,DIARIO(REGULAR),GUATEMALA ORIENTE
00-13-9797-46,99-001,CIUDAD CAPITAL,ZONA 13,INSTITUTO MIXTO NOCTURNO  FLAVIO HERRERA,ZONA 13,,SILVIA EUGENIA VALDEZ MONTERROSO DE CARBALLO,,DIVERSIFICADO,PRIVADO,URBANA,TEMPORAL TITULOS,MONOLINGUE,NOCTURNA,DIARIO(REGULAR),GUATEMALA ORIENTE
00-13-9819-45,01-501,CIUDAD CAPITAL,ZONA 13,COLEGIO VILLA REAL INTERNACIONAL,"6A AVENIDA 15-07, COLONIA AURORA I",22612542,JULIO JACOBO GIL URBINA,SIVIA MARINA MALDONADO CUXUN,BASICO,PRIVADO,URBANA,CERRADA TEMPORALMENTE,MONOLINGUE,MATUTINA,DIARIO(REGULAR),GUATEMALA ORIENTE
00-13-9820-46,01-501,CIUDAD CAPITAL,ZONA 13,COLEGIO VILLA REAL DE OAKLAND,2A. CALLE 15-27,23603336,JULIO JACOBO GIL URBINA,SIN DATO,DIVERSIFICADO,PRIVADO,URBANA,CERRADA TEMPORALMENTE,MONOLINGUE,MATUTINA,DIARIO(REGULAR),GUATEMALA ORIENTE
00-13-9821-45,01-501,CIUDAD CAPITAL,ZONA 13,INEB DE TELESECUNDARIA,2A. CALLE 1-32,24720869,JULIO JACOBO GIL URBINA,-----,BASICO,OFICIAL,RURAL,CERRADA DEFINITIVAMENTE,MONOLINGUE,VESPERTINA,DIARIO(REGULAR),GUATEMALA ORIENTE
00-14-0001-45,01-99-0167,CIUDAD CAPITAL,ZONA 14,INEB,17 AVENIDA 6-95,58034917,DAVID SOTOJ SANCHEZ,BRENDA FELICITA BOBADILLA ROCA,BASICO,OFICIAL,URBANA,ABIERTA,MONOLINGUE,NOCTURNA,DIARIO(REGULAR),GUATEMALA ORIENTE
00-14-0002-42,01-501,CIUDAD CAPITAL,ZONA 14,"CENTRO ESCOLAR ""LA VILLA"" NO. 2","AVENIDA DE LAS AMERICAS, 21-51",23879700,JULIO JACOBO GIL URBINA,ANA KARYNA RAMÍREZ EQUITÉ,PARVULOS,PRIVADO,URBANA,ABIERTA,MONOLINGUE,MATUTINA,DIARIO(REGULAR),GUATEMALA ORIENTE
00-14-0003-42,01-99-0167,CIUDAD CAPITAL,ZONA 14,COLEGIO TYKES,11 AV. 12-35 LAS CONCHAS,23662453,DAVID SOTOJ SANCHEZ,BRENDA ALICIA RODAS ALVARADO,PARVULOS,PRIVADO,URBANA,ABIERTA,MONOLINGUE,MATUTINA,DIARIO(REGULAR),GUATEMALA ORIENTE
00-14-0004-42,01-99-0167,CIUDAD CAPITAL,ZONA 14,COLEGIO ADELANTE (AHEAD),2A. CALLE 8-36,23630107,DAVID SOTOJ SANCHEZ,LIGIA VERONICA SANCHINELLI GALINDO,PARVULOS,PRIVADO,URBANA,ABIERTA,MONOLINGUE,MATUTINA,DIARIO(REGULAR),GUATEMALA ORIENTE
00-14-0005-44,01-99-0167,CIUDAD CAPITAL,ZONA 14,"EOPA NO. 12 ""AURORA ANLEU""",17 AVENIDA 6-95,41170013,DAVID SOTOJ SANCHEZ,RENE  SAZO NAVICHOQUE,PRIMARIA DE ADULTOS,OFICIAL,URBANA,ABIERTA,MONOLINGUE,NOCTURNA,DIARIO(REGULAR),GUATEMALA ORIENTE
00-14-0006-42,01-501,CIUDAD CAPITAL,ZONA 14,COLEGIO HAN AL AMERICANO,9A. CALLE 28-74,23661602,JULIO JACOBO GIL URBINA,ANGELICA MARIA REYES MONTERROSO,PARVULOS,PRIVADO,URBANA,CERRADA DEFINITIVAMENTE,MONOLINGUE,MATUTINA,DIARIO(REGULAR),GUATEMALA ORIENTE
00-14-0007-43,01-501,CIUDAD CAPITAL,ZONA 14,COLEGIO HAN AL AMERICANO,9A. CALLE 28-74,23661600,JULIO JACOBO GIL URBINA,BRENDA LIGIA ZIMERI GIRÓN,PRIMARIA,PRIVADO,URBANA,CERRADA DEFINITIVAMENTE,MONOLINGUE,MATUTINA,DIARIO(REGULAR),GUATEMALA ORIENTE
00-14-0008-45,01-501,CIUDAD CAPITAL,ZONA 14,COLEGIO HAN AL AMERICANO,9A. CALLE 28-74,23661600,JULIO JACOBO GIL URBINA,BRENDA LIGIA ZIMERI GIRÓN,BASICO,PRIVADO,URBANA,CERRADA DEFINITIVAMENTE,MONOLINGUE,MATUTINA,DIARIO(REGULAR),GUATEMALA ORIENTE
00-14-0009-46,01-501,CIUDAD CAPITAL,ZONA 14,COLEGIO HAN AL AMERICANO,9A. CALLE 28-74,23661600,JULIO JACOBO GIL URBINA,BRENDA LIGIA ZIMERI GIRÓN,DIVERSIFICADO,PRIVADO,URBANA,CERRADA DEFINITIVAMENTE,MONOLINGUE,MATUTINA,DIARIO(REGULAR),GUATEMALA ORIENTE
00-14-0010-42,01-99-0167,CIUDAD CAPITAL,ZONA 14,EODP ANEXA A EOUM NO. 103 MIGUEL VASQUEZ,4A CALLE 25-53,23372493,DAVID SOTOJ SANCHEZ,DELIA ESPERANZA GARCIA LOPEZ,PARVULOS,OFICIAL,URBANA,ABIERTA,MONOLINGUE,MATUTINA,DIARIO(REGULAR),GUATEMALA ORIENTE
00-14-0011-46,01-99-0167,CIUDAD CAPITAL,ZONA 14,COLEGIO LA VILLA DEL SABER,14 AVENIDA 8-08,23683183,DAVID SOTOJ SANCHEZ,ROSSANA MARIBEL HERNÁNDEZ LÓPEZ,DIVERSIFICADO,PRIVADO,URBANA,ABIERTA,MONOLINGUE,MATUTINA,DIARIO(REGULAR),GUATEMALA ORIENTE
00-14-0012-42,01-99-0167,CIUDAD CAPITAL,ZONA 14,CENTRO DE DESARROLLO DEL POTENCIAL DEL NIÑO,11 CALLE 1-87,23887800,DAVID SOTOJ SANCHEZ,LORENA DEL ROSARIO BARRIENTOS TOBAR,PARVULOS,PRIVADO,URBANA,ABIERTA,MONOLINGUE,MATUTINA,DIARIO(REGULAR),GUATEMALA ORIENTE
00-14-0013-45,01-637,CIUDAD CAPITAL,ZONA 14,"CENTRO EDUCATIVO DE ANACAFÉ, FUNCAFÉ","5A.  CALLE 0-50 ZONA 14 GUATEMALA , GUATEMALA",42205813,JOSUE VINICIO ROMERO REYES,LIC. ARNELIO AGUILAR HERNÁNDEZ,BASICO,PRIVADO,URBANA,CERRADA TEMPORALMENTE,MONOLINGUE,DOBLE,FIN DE SEMANA,GUATEMALA ORIENTE
00-14-0014-46,01-637,CIUDAD CAPITAL,ZONA 14,"CENTRO EDUCATIVO DE ANACAFÉ, FUNCAFÉ","5A.  CALLE 0-50 ZONA 14 GUATEMALA , GUATEMALA",42205813,JOSUE VINICIO ROMERO REYES,LIC. ARNELIO AGUILAR HERNÁNDEZ,DIVERSIFICADO,PRIVADO,URBANA,CERRADA TEMPORALMENTE,MONOLINGUE,DOBLE,FIN DE SEMANA,GUATEMALA ORIENTE
00-14-0015-42,01-501,CIUDAD CAPITAL,ZONA 14,CENTRO ESCOLAR LA VILLA N. 2,AVENIDA LAS AMERICAS 21-51  ZONA 14 GUATEMALA,23879700,JULIO JACOBO GIL URBINA,ANA KARYNA RAMIREZ EQUITÉ,PARVULOS,PRIVADO,URBANA,CERRADA DEFINITIVAMENTE,MONOLINGUE,MATUTINA,DIARIO(REGULAR),GUATEMALA ORIENTE
00-14-0016-45,01-99-0167,CIUDAD CAPITAL,ZONA 14,CENTRO DE EDUCACIÓN CREATIVA TOSCANA,2AV 12-05 ZONA  14 GUATEMALA,43441119,DAVID SOTOJ SANCHEZ,VIVIAN GERTRUDIS MEJÍA MARÍN,BASICO,PRIVADO,URBANA,ABIERTA,MONOLINGUE,MATUTINA,DIARIO(REGULAR),GUATEMALA ORIENTE
00-14-0017-46,01-99-0167,CIUDAD CAPITAL,ZONA 14,CENTRO DE EDUCACIÓN CREATIVA TOSCANA,2 AVENIDA 12-05 ZONA 14 GUATEMALA,43441119,DAVID SOTOJ SANCHEZ,VIVIAN GERTRUDIS MEJÍA MARÍN,DIVERSIFICADO,PRIVADO,URBANA,ABIERTA,MONOLINGUE,MATUTINA,DIARIO(REGULAR),GUATEMALA ORIENTE
00-14-0018-42,01-99-0167,CIUDAD CAPITAL,ZONA 14,COLEGIO DESARROLLO DEL POTENCIAL INTELECTUAL VILLAGE,11 CALLE 1-87,42189949,DAVID SOTOJ SANCHEZ,TARYN NINOSCHKA SOTO ARZÚ,PARVULOS,PRIVADO,URBANA,ABIERTA,MONOLINGUE,MATUTINA,DIARIO(REGULAR),GUATEMALA ORIENTE
00-14-0019-43,01-99-0167,CIUDAD CAPITAL,ZONA 14,COLEGIO DESARROLLO DEL POTENCIAL INTELECTUAL VILLAGE,11 CALLE 1-87,42189949,DAVID SOTOJ SANCHEZ,KARIN PAOLA CARRANZA FIGUEROA,PRIMARIA,PRIVADO,URBANA,ABIERTA,MONOLINGUE,MATUTINA,DIARIO(REGULAR),GUATEMALA ORIENTE
00-14-0020-42,01-99-0167,CIUDAD CAPITAL,ZONA 14,COLEGIO INTERNACIONAL LA CUMBRE,"9 CALLE 28-74, CANTON 21",59445400,DAVID SOTOJ SANCHEZ,WENDY VERÓNICA GARCÍA MONTERROSO,PARVULOS,PRIVADO,URBANA,ABIERTA,MONOLINGUE,MATUTINA,DIARIO(REGULAR),GUATEMALA ORIENTE
00-14-0021-43,01-99-0167,CIUDAD CAPITAL,ZONA 14,COLEGIO INTERNACIONAL LA CUMBRE,"9 CALLE 28-74, CANTON 21",59445400,DAVID SOTOJ SANCHEZ,SUSAN GLORIANA SALAZAR FIGUEROA,PRIMARIA,PRIVADO,URBANA,ABIERTA,MONOLINGUE,MATUTINA,DIARIO(REGULAR),GUATEMALA ORIENTE
00-14-0022-45,01-99-0167,CIUDAD CAPITAL,ZONA 14,COLEGIO INTERNACIONAL LA CUMBRE,"9 CALLE 28-74, CANTON 21",59445400,DAVID SOTOJ SANCHEZ,SUSAN GLORIANA SALAZAR FIGUEROA,BASICO,PRIVADO,URBANA,ABIERTA,MONOLINGUE,MATUTINA,DIARIO(REGULAR),GUATEMALA ORIENTE
00-14-0023-46,01-99-0167,CIUDAD CAPITAL,ZONA 14,COLEGIO INTERNACIONAL LA CUMBRE,"9 CALLE 28-74, CANTON 21",59445400,DAVID SOTOJ SANCHEZ,SUSAN GLORIANA SALAZAR FIGUEROA,DIVERSIFICADO,PRIVADO,URBANA,ABIERTA,MONOLINGUE,MATUTINA,DIARIO(REGULAR),GUATEMALA ORIENTE
00-14-0024-43,01-99-0167,CIUDAD CAPITAL,ZONA 14,COLEGIO HÉLICE,8A. AVENIDA 6-70,47699669,DAVID SOTOJ SANCHEZ,ERMINIA  SAQUEC GÓMEZ,PRIMARIA,PRIVADO,URBANA,ABIERTA,MONOLINGUE,MATUTINA,DIARIO(REGULAR),GUATEMALA ORIENTE
00-14-0025-42,01-99-0167,CIUDAD CAPITAL,ZONA 14,PREESCOLAR NEST DE GUATEMALA,4A. AVENIDA 16-83,30095005,DAVID SOTOJ SANCHEZ,ANA KARYNA RAMÍREZ EQUITÉ,PARVULOS,PRIVADO,URBANA,ABIERTA,MONOLINGUE,MATUTINA,DIARIO(REGULAR),GUATEMALA ORIENTE
00-14-0026-42,,CIUDAD CAPITAL,ZONA 14,TRINUS,18 CALLE 3-50,47257645,,MARÍA ELENA VELA ESTRADA,PARVULOS,PRIVADO,URBANA,ABIERTA,MONOLINGUE,MATUTINA,DIARIO(REGULAR),GUATEMALA ORIENTE
00-14-0027-43,,CIUDAD CAPITAL,ZONA 14,TRINUS,18 CALLE 3-50,47257645,,ZURAMA JUDITH COUTIÑO CHÁVEZ DE MAGAÑA,PRIMARIA,PRIVADO,URBANA,ABIERTA,MONOLINGUE,MATUTINA,DIARIO(REGULAR),GUATEMALA ORIENTE
00-14-0028-45,,CIUDAD CAPITAL,ZONA 14,TRINUS,18 CALLE 3-50,47257645,,INGRID PATRICIA SEGURA ALVARADO,BASICO,PRIVADO,URBANA,ABIERTA,MONOLINGUE,MATUTINA,DIARIO(REGULAR),GUATEMALA ORIENTE
00-14-0029-46,,CIUDAD CAPITAL,ZONA 14,TRINUS,18 CALLE 3-50,47257645,,INGRID PATRICIA SEGURA ALVARADO,DIVERSIFICADO,PRIVADO,URBANA,ABIERTA,MONOLINGUE,MATUTINA,DIARIO(REGULAR),GUATEMALA ORIENTE
00-14-0704-42,01-99-0167,CIUDAD CAPITAL,ZONA 14,'JARDIN INFANTIL CAJITA DE SORPRESAS',20 AVE.  A  10-35 RESIDENCIALES DARUE,23631543,DAVID SOTOJ SANCHEZ,IRENE DEL ROSARIO ARIAS GRANADOS DE SIERRA,PARVULOS,PRIVADO,URBANA,ABIERTA,MONOLINGUE,MATUTINA,DIARIO(REGULAR),GUATEMALA ORIENTE
00-14-0712-42,01-99-0167,CIUDAD CAPITAL,ZONA 14,COLEGIO CRISTIANO BILINGUE  EL SHADDAI ZONA 14,4A CALLE 23-03,25061500,DAVID SOTOJ SANCHEZ,MARÍA REBECA MENDIZABAL RIVERA,PARVULOS,PRIVADO,URBANA,ABIERTA,MONOLINGUE,MATUTINA,DIARIO(REGULAR),GUATEMALA ORIENTE
00-14-0752-43,01-99-0167,CIUDAD CAPITAL,ZONA 14,COLEGIO CRISTIANO BILINGUE 'EL SHADDAI',4A CALLE 23-03,25061500,DAVID SOTOJ SANCHEZ,EVELYN SUSANA HERNÁNDEZ ARRAZOLA,PRIMARIA,PRIVADO,URBANA,ABIERTA,MONOLINGUE,MATUTINA,DIARIO(REGULAR),GUATEMALA ORIENTE
00-14-0949-42,01-99-0167,CIUDAD CAPITAL,ZONA 14,EODP ANEXA A EOUM NO.145  MIGUEL VASQUEZ,4A. CALLE 25-53,54821514,DAVID SOTOJ SANCHEZ,SELVIN EDMUNDO MONROY CETINO,PARVULOS,OFICIAL,URBANA,ABIERTA,MONOLINGUE,VESPERTINA,DIARIO(REGULAR),GUATEMALA ORIENTE
00-14-0950-42,01-99-0167,CIUDAD CAPITAL,ZONA 14,SOCIEDAD PROTECTORA DEL NIÑO CASA DEL NIÑO NO.5,17 AVE. 7-09,23682004,DAVID SOTOJ SANCHEZ,EVELYN ELIZABETH LUANGO PÉREZ,PARVULOS,PRIVADO,URBANA,ABIERTA,MONOLINGUE,MATUTINA,DIARIO(REGULAR),GUATEMALA ORIENTE
00-14-0951-42,,CIUDAD CAPITAL,ZONA 14,EPDP ANEXA A COLEGIO MIXTO 'HOREB',23 AVE. 4-50 ZONA 14,,,,PARVULOS,PRIVADO,URBANA,CERRADA DEFINITIVAMENTE,MONOLINGUE,MATUTINA,DIARIO(REGULAR),GUATEMALA ORIENTE
00-14-0952-43,01-99-0167,CIUDAD CAPITAL,ZONA 14,EOUM NO.146 LIC. EDUARDO CACERES LEHNHOFF,17 AVENIDA 6-95,23676612,DAVID SOTOJ SANCHEZ,ELEAZAR  HERNÁNDEZ GONZÁLEZ,PRIMARIA,OFICIAL,URBANA,ABIERTA,MONOLINGUE,MATUTINA,DIARIO(REGULAR),GUATEMALA ORIENTE
00-14-0953-43,01-99-0167,CIUDAD CAPITAL,ZONA 14,EOUM NO.103 MIGUEL VASQUEZ,4A CALLE 25-53,23372493,DAVID SOTOJ SANCHEZ,DELIA ESPERANZA GARCIA LOPEZ,PRIMARIA,OFICIAL,URBANA,ABIERTA,MONOLINGUE,MATUTINA,DIARIO(REGULAR),GUATEMALA ORIENTE
00-14-0954-43,01-99-0167,CIUDAD CAPITAL,ZONA 14,"EOUM NO.145  ""MIGUEL VÁSQUEZ""",4A CALLE 25-53,54821514,DAVID SOTOJ SANCHEZ,SELVIN EDMUNDO MONROY CETINO,PRIMARIA,OFICIAL,URBANA,ABIERTA,MONOLINGUE,VESPERTINA,DIARIO(REGULAR),GUATEMALA ORIENTE
00-14-0955-43,,CIUDAD CAPITAL,ZONA 14,COLEGIO 'PRESBITERIANO HOREB',23 AVE. 4-50 ZONA 14,,,,PRIMARIA,PRIVADO,URBANA,CERRADA DEFINITIVAMENTE,MONOLINGUE,MATUTINA,DIARIO(REGULAR),GUATEMALA ORIENTE
00-14-0956-43,,CIUDAD CAPITAL,ZONA 14,COLEGIO 'METROPOLITANO',10A AVE. 10-50 ZONA 14,,,,PRIMARIA,PRIVADO,URBANA,CERRADA DEFINITIVAMENTE,BILINGUE,MATUTINA,DIARIO(REGULAR),GUATEMALA ORIENTE
00-14-0957-43,,CIUDAD CAPITAL,ZONA 14,EPUM 'GUATEMALTECO BILINGUE',14 AVE. 7-12 ZONA 14,,,,PRIMARIA,PRIVADO,URBANA,CERRADA DEFINITIVAMENTE,MONOLINGUE,MATUTINA,DIARIO(REGULAR),GUATEMALA ORIENTE
00-14-0958-45,,CIUDAD CAPITAL,ZONA 14,IPMB BASICA COLEGIO 'GUATEMALTECO BILINGUE',14 AVE. 7-12 ZONA 14,,,,BASICO,PRIVADO,URBANA,CERRADA DEFINITIVAMENTE,MONOLINGUE,MATUTINA,DIARIO(REGULAR),GUATEMALA ORIENTE
00-14-0958-46,,CIUDAD CAPITAL,ZONA 14,INSTITUTO PRIVADO MIXTO DE EDUCACION DIVERSIFICADA COLEGIO 'GUATEMALTECO BILINGUE',14 AVE. 7-12 ZONA 14,,,,DIVERSIFICADO,PRIVADO,URBANA,CERRADA DEFINITIVAMENTE,MONOLINGUE,MATUTINA,DIARIO(REGULAR),GUATEMALA ORIENTE
00-14-0959-45,,CIUDAD CAPITAL,ZONA 14,IPMB COLEGIO 'METROPOLITANO',10A AVE. 10-50 ZONA 14,,,,BASICO,PRIVADO,URBANA,CERRADA DEFINITIVAMENTE,MONOLINGUE,MATUTINA,DIARIO(REGULAR),GUATEMALA ORIENTE
00-14-0959-46,,CIUDAD CAPITAL,ZONA 14,INSTITUTO PRIVADO MIXTO DE EDUCACION DIVERSIFICADA COLEGIO 'METROPOLITANO',10A AVE. 10-50 ZONA 14,,,,DIVERSIFICADO,PRIVADO,URBANA,CERRADA DEFINITIVAMENTE,MONOLINGUE,MATUTINA,DIARIO(REGULAR),GUATEMALA ORIENTE
00-14-2298-42,,CIUDAD CAPITAL,ZONA 14,COLEGIO 'EL PANALITO',14 AVE. 1-63 ZONA 14,,,,PARVULOS,PRIVADO,URBANA,CERRADA DEFINITIVAMENTE,MONOLINGUE,MATUTINA,DIARIO(REGULAR),GUATEMALA ORIENTE
00-14-2299-42,,CIUDAD CAPITAL,ZONA 14,EPDP ANEXA A COLEGIO 'GUATEMALTECO BILINGUE',14 AVE. 7-12 ZONA 14,,,,PARVULOS,PRIVADO,URBANA,CERRADA DEFINITIVAMENTE,MONOLINGUE,MATUTINA,DIARIO(REGULAR),GUATEMALA ORIENTE
00-14-2300-42,,CIUDAD CAPITAL,ZONA 14,EPDP ANEXA A COLEGIO 'METROPOLITANO',10A AVE. 10-50 ZONA 14,,,,PARVULOS,PRIVADO,URBANA,CERRADA DEFINITIVAMENTE,MONOLINGUE,MATUTINA,DIARIO(REGULAR),GUATEMALA ORIENTE
00-14-2414-43,,CIUDAD CAPITAL,ZONA 14,COLEGIO MIXTO PRESBITERIANO 'HOREB',23 AV 4-50 ZONA 14,,,,PRIMARIA,PRIVADO,URBANA,CERRADA TEMPORALMENTE,MONOLINGUE,VESPERTINA,DIARIO(REGULAR),GUATEMALA ORIENTE
00-14-2414-45,01-504,CIUDAD CAPITAL,ZONA 14,COLEGIO PRESBITERIANO 'HOREB',23 AVENIDA 4-50,,DAVID SOTOJ SANCHEZ,,BASICO,PRIVADO,URBANA,CERRADA TEMPORALMENTE,MONOLINGUE,VESPERTINA,DIARIO(REGULAR),GUATEMALA ORIENTE
00-14-2574-45,01-99-0167,CIUDAD CAPITAL,ZONA 14,COLEGIO CRISTIANO BILINGUE EL SHADDAI,4A CALLE 23-03,25061500,DAVID SOTOJ SANCHEZ,HEIDY XIOMARA SEIJAS MORALES,BASICO,PRIVADO,URBANA,ABIERTA,MONOLINGUE,MATUTINA,DIARIO(REGULAR),GUATEMALA ORIENTE
00-14-2575-42,,CIUDAD CAPITAL,ZONA 14,EPDP 'CENTRO DE ESTUDIOS LAS CUMBRES',4A AVE 12-96 ZONA 14,,,,PARVULOS,PRIVADO,URBANA,CERRADA DEFINITIVAMENTE,MONOLINGUE,MATUTINA,DIARIO(REGULAR),GUATEMALA ORIENTE
00-14-2576-43,,CIUDAD CAPITAL,ZONA 14,EPUM 'CENTRO DE ESTUDIOS LAS CUMBRES',4A AVE 12-96 ZONA 14,,,,PRIMARIA,PRIVADO,URBANA,CERRADA TEMPORALMENTE,MONOLINGUE,MATUTINA,DIARIO(REGULAR),GUATEMALA ORIENTE
00-14-2577-45,,CIUDAD CAPITAL,ZONA 14,IPMB 'CENTRO DE ESTUDIOS LAS CUMBRES',4A AVE 12-96 ZONA 14,,,,BASICO,PRIVADO,URBANA,CERRADA DEFINITIVAMENTE,MONOLINGUE,MATUTINA,DIARIO(REGULAR),GUATEMALA ORIENTE
00-14-2578-46,,CIUDAD CAPITAL,ZONA 14,INSTITUTO PRIVADO MIXTO DE EDUCACION DIVERSIFICADA 'TECNICO COMERCIAL BILINGUE',15 CALLE 2-64 ZONA 14,,,,DIVERSIFICADO,PRIVADO,URBANA,CERRADA DEFINITIVAMENTE,MONOLINGUE,MATUTINA,DIARIO(REGULAR),GUATEMALA ORIENTE
00-14-3146-42,01-504,CIUDAD CAPITAL,ZONA 14,COLEGIO 'NURSEY POOH CORNER',14 AV. 3-04,23680527,DAVID SOTOJ SANCHEZ,,PARVULOS,PRIVADO,URBANA,CERRADA DEFINITIVAMENTE,MONOLINGUE,MATUTINA,DIARIO(REGULAR),GUATEMALA ORIENTE
00-14-4455-46,01-99-0167,CIUDAD CAPITAL,ZONA 14,COLEGIO CRISTIANO BILINGUE EL SHADDAI,4A. CALLE 23-03,25061500,DAVID SOTOJ SANCHEZ,HEIDY XIOMARA SEIJAS MORALES,DIVERSIFICADO,PRIVADO,URBANA,ABIERTA,MONOLINGUE,MATUTINA,DIARIO(REGULAR),GUATEMALA ORIENTE
00-14-4456-43,01-99-0167,CIUDAD CAPITAL,ZONA 14,COLEGIO GUATEMALTECO INTEGRAL  LOS ALAMOS,9A. CALLE 19-29 CANTÓN 21,30485625,DAVID SOTOJ SANCHEZ,MARÍA TERESA LEIVA PÉREZ,PRIMARIA,PRIVADO,URBANA,ABIERTA,MONOLINGUE,MATUTINA,DIARIO(REGULAR),GUATEMALA ORIENTE
00-14-6940-42,01-99-0167,CIUDAD CAPITAL,ZONA 14,EODP ANEXA A EOUM NO.146  LIC. EDUARDO CACERES LENHOFF,17 AVENIDA 6-95,23676612,DAVID SOTOJ SANCHEZ,ELEAZAR  HERNÁNDEZ GONZÁLEZ,PARVULOS,OFICIAL,URBANA,ABIERTA,MONOLINGUE,MATUTINA,DIARIO(REGULAR),GUATEMALA ORIENTE
00-14-6941-42,01-99-0167,CIUDAD CAPITAL,ZONA 14,COLEGIO GUATEMALTECO INTEGRAL  LOS ALAMOS,9A CALLE 19-29 CANTÓN 21,30485625,DAVID SOTOJ SANCHEZ,MARÍA TERESA LEIVA PÉREZ,PARVULOS,PRIVADO,URBANA,ABIERTA,MONOLINGUE,MATUTINA,DIARIO(REGULAR),GUATEMALA ORIENTE
00-14-6942-42,,CIUDAD CAPITAL,ZONA 14,COLEGIO EXPERIMENTAL PARA EL DESARROLLO DEL POTENCIAL INTELECTUAL VILLAGE,7A. AV. 12-29 ZONA 14,23680762,,,PARVULOS,PRIVADO,URBANA,CERRADA DEFINITIVAMENTE,MONOLINGUE,MATUTINA,DIARIO(REGULAR),GUATEMALA ORIENTE
00-14-7005-42,,CIUDAD CAPITAL,ZONA 14,KINDERGARDEN KIOSKO INFANTIL,4A. AVENIDA 20-68 ZONA 14,,,,PARVULOS,PRIVADO,URBANA,CERRADA TEMPORALMENTE,MONOLINGUE,MATUTINA,DIARIO(REGULAR),GUATEMALA ORIENTE
00-14-7103-42,,CIUDAD CAPITAL,ZONA 14,COLEGIO BRITANICO GUATEMALTECO,5A. AVENIDA 12-26 ZONA 14,23681535,,,PARVULOS,PRIVADO,URBANA,CERRADA TEMPORALMENTE,MONOLINGUE,MATUTINA,DIARIO(REGULAR),GUATEMALA ORIENTE
00-14-7104-43,,CIUDAD CAPITAL,ZONA 14,COLEGIO BRITANICO GUATEMALTECO,5A AVENIDA 12-26 ZONA 14,23681535,,,PRIMARIA,PRIVADO,URBANA,CERRADA TEMPORALMENTE,MONOLINGUE,MATUTINA,DIARIO(REGULAR),GUATEMALA ORIENTE
00-14-7322-45,01-99-0167,CIUDAD CAPITAL,ZONA 14,IEBC OSCAR BERGER PERDOMO,17 AV. 6-95,31755260,DAVID SOTOJ SANCHEZ,IRMA ZULEMA ARCHILA GRANILLO,BASICO,COOPERATIVA,URBANA,ABIERTA,MONOLINGUE,VESPERTINA,DIARIO(REGULAR),GUATEMALA ORIENTE
00-14-7375-42,01-504,CIUDAD CAPITAL,ZONA 14,COLEGIO PEQUEÑITOS,12 CALLE 4-44,43564052,DAVID SOTOJ SANCHEZ,BRENDA ALICIA RODAS ALVARADO,PARVULOS,PRIVADO,URBANA,CERRADA DEFINITIVAMENTE,MONOLINGUE,MATUTINA,DIARIO(REGULAR),GUATEMALA ORIENTE
00-14-7379-42,,CIUDAD CAPITAL,ZONA 14,CENTRO EDUCATIVO CRISTIANO,21 AV. 3-35 ZONA 14,23681075,,,PARVULOS,PRIVADO,URBANA,CERRADA TEMPORALMENTE,MONOLINGUE,MATUTINA,DIARIO(REGULAR),GUATEMALA ORIENTE
00-14-7380-43,,CIUDAD CAPITAL,ZONA 14,CENTRO EDUCATIVO CRISTIANO,21 AV. 3-35 ZONA 14,23681075,,,PRIMARIA,PRIVADO,URBANA,CERRADA TEMPORALMENTE,MONOLINGUE,MATUTINA,DIARIO(REGULAR),GUATEMALA ORIENTE
00-14-7381-45,,CIUDAD CAPITAL,ZONA 14,CENTRO EDUCATIVO CRISTIANO,21 AV. 3-35 ZONA 14,23681075,,,BASICO,PRIVADO,URBANA,CERRADA TEMPORALMENTE,MONOLINGUE,MATUTINA,DIARIO(REGULAR),GUATEMALA ORIENTE
00-14-7382-46,,CIUDAD CAPITAL,ZONA 14,CENTRO EDUCATIVO CRISTIANO,21 AV. 3-35 ZONA 14,23681075,,,DIVERSIFICADO,PRIVADO,URBANA,CERRADA TEMPORALMENTE,MONOLINGUE,MATUTINA,DIARIO(REGULAR),GUATEMALA ORIENTE
00-14-7454-42,01-504,CIUDAD CAPITAL,ZONA 14,EODP ANEXA CASA DEL NIÑO NO.5,,,DAVID SOTOJ SANCHEZ,,PARVULOS,OFICIAL,URBANA,CERRADA DEFINITIVAMENTE,MONOLINGUE,MATUTINA,DIARIO(REGULAR),GUATEMALA ORIENTE
00-14-7542-42,01-99-0167,CIUDAD CAPITAL,ZONA 14,COLEGIO LA VILLA DEL SABER,14 AVENIDA 8-08,23683183,DAVID SOTOJ SANCHEZ,MARIA LUISA REYES TOLEDO,PARVULOS,PRIVADO,URBANA,ABIERTA,MONOLINGUE,MATUTINA,DIARIO(REGULAR),GUATEMALA ORIENTE
00-14-7544-43,01-99-0167,CIUDAD CAPITAL,ZONA 14,COLEGIO LA VILLA DEL SABER,14 AVENIDA 8-08,23683183,DAVID SOTOJ SANCHEZ,ROSSANA MARIBEL HERNÁNDEZ LÓPEZ,PRIMARIA,PRIVADO,URBANA,ABIERTA,MONOLINGUE,MATUTINA,DIARIO(REGULAR),GUATEMALA ORIENTE
00-14-7590-45,01-504,CIUDAD CAPITAL,ZONA 14,COLEGIO GUATEMALTECO INTEGRAL 'LOS ALAMOS',9A. CALLE 22-56,23632146,DAVID SOTOJ SANCHEZ,,BASICO,PRIVADO,URBANA,CERRADA TEMPORALMENTE,MONOLINGUE,MATUTINA,DIARIO(REGULAR),GUATEMALA ORIENTE
00-14-8014-45,01-99-0167,CIUDAD CAPITAL,ZONA 14,COLEGIO  LA VILLA DEL SABER,14 AVENIDA 8-08,23683183,DAVID SOTOJ SANCHEZ,ROSSANA MARIBEL HERNÁNDEZ LÓPEZ,BASICO,PRIVADO,URBANA,ABIERTA,MONOLINGUE,MATUTINA,DIARIO(REGULAR),GUATEMALA ORIENTE
00-14-8064-42,01-001,CIUDAD CAPITAL,ZONA 14,CEIN -PAIN-,CANTON 21,,SANDRA LIZZETH CRUZ IZAGUIRRE,,PARVULOS,OFICIAL,URBANA,CERRADA DEFINITIVAMENTE,MONOLINGUE,MATUTINA,DIARIO(REGULAR),GUATEMALA ORIENTE
00-14-8137-42,01-504,CIUDAD CAPITAL,ZONA 14,CENTRO DE ESTUDIOS AMERICANO,9A. CALLE 28-74 LA VILLA,23680886,DAVID SOTOJ SANCHEZ,,PARVULOS,PRIVADO,URBANA,CERRADA DEFINITIVAMENTE,MONOLINGUE,MATUTINA,DIARIO(REGULAR),GUATEMALA ORIENTE
00-14-8138-43,01-504,CIUDAD CAPITAL,ZONA 14,CENTRO DE ESTUDIOS AMERICANO,9A. CALLE 28-74 LA VILLA,23680886,DAVID SOTOJ SANCHEZ,,PRIMARIA,PRIVADO,URBANA,CERRADA DEFINITIVAMENTE,MONOLINGUE,MATUTINA,DIARIO(REGULAR),GUATEMALA ORIENTE
00-14-8139-45,01-504,CIUDAD CAPITAL,ZONA 14,CENTRO DE ESTUDIOS AMERICANO,9A. CALLE 28-74 LA VILLA,23680886,DAVID SOTOJ SANCHEZ,,BASICO,PRIVADO,URBANA,CERRADA DEFINITIVAMENTE,MONOLINGUE,MATUTINA,DIARIO(REGULAR),GUATEMALA ORIENTE
00-14-8140-46,01-504,CIUDAD CAPITAL,ZONA 14,CENTRO DE ESTUDIOS AMERICANO,9A. CALLE 28-74 LA VILLA,23680886,DAVID SOTOJ SANCHEZ,,DIVERSIFICADO,PRIVADO,URBANA,CERRADA DEFINITIVAMENTE,MONOLINGUE,MATUTINA,DIARIO(REGULAR),GUATEMALA ORIENTE
00-14-8143-42,,CIUDAD CAPITAL,ZONA 14,COLEGIO 'ADELANTE (AHEAD)',7A. AVE. 9-47,23664189-90,,,PARVULOS,PRIVADO,URBANA,CERRADA DEFINITIVAMENTE,MONOLINGUE,MATUTINA,DIARIO(REGULAR),GUATEMALA ORIENTE
00-14-8354-42,01-501,CIUDAD CAPITAL,ZONA 14,JARDIN INFANTIL CRECER,10A. CALLE  B  22-62 RESIDENCIALES DARUE,58799600,JULIO JACOBO GIL URBINA,MIRIAM ORBELINA MEDA ALVAREZ,PARVULOS,PRIVADO,URBANA,CERRADA TEMPORALMENTE,MONOLINGUE,MATUTINA,DIARIO(REGULAR),GUATEMALA ORIENTE
00-14-8519-46,01-505,CIUDAD CAPITAL,ZONA 14,COLEGIO VILLA REAL DE OAKLAND,9A. CALLE 19-45 INTERIOR ZONA 14,23310073,NANCY PAOLA MONTERROSO HERNÁNDEZ,,DIVERSIFICADO,PRIVADO,URBANA,CERRADA DEFINITIVAMENTE,MONOLINGUE,MATUTINA,DIARIO(REGULAR),GUATEMALA ORIENTE
00-14-8719-42,01-504,CIUDAD CAPITAL,ZONA 14,COLEGIO VILLA REAL DE OAKLAND,9A. CALLE 19-45,23683132,DAVID SOTOJ SANCHEZ,,PARVULOS,PRIVADO,URBANA,CERRADA TEMPORALMENTE,MONOLINGUE,MATUTINA,DIARIO(REGULAR),GUATEMALA ORIENTE
00-14-8720-43,01-501,CIUDAD CAPITAL,ZONA 14,COLEGIO VILLA REAL DE OAKLAND,9A. CALLE 19-45 INTERIOR,23683132,JULIO JACOBO GIL URBINA,,PRIMARIA,PRIVADO,URBANA,CERRADA DEFINITIVAMENTE,MONOLINGUE,MATUTINA,DIARIO(REGULAR),GUATEMALA ORIENTE
00-14-8721-45,01-505,CIUDAD CAPITAL,ZONA 14,COLEGIO VILLA REAL DE OAKLAND,9A. CALLE 19-45 INTERIOR,23683132,NANCY PAOLA MONTERROSO HERNÁNDEZ,,BASICO,PRIVADO,URBANA,CERRADA DEFINITIVAMENTE,MONOLINGUE,MATUTINA,DIARIO(REGULAR),GUATEMALA ORIENTE
00-14-8723-45,01-99-0167,CIUDAD CAPITAL,ZONA 14,LICEO CRISTIANO 'LA SABIDURIA',26 AVENIDA 10-10,23665549,DAVID SOTOJ SANCHEZ,INGRID YANETH LÓPEZ SANTIAGO,BASICO,PRIVADO,URBANA,ABIERTA,MONOLINGUE,MATUTINA,DIARIO(REGULAR),GUATEMALA ORIENTE
00-14-8724-46,01-99-0167,CIUDAD CAPITAL,ZONA 14,LICEO CRISTIANO  LA SABIDURIA,26 AV. 10-10,23665549,DAVID SOTOJ SANCHEZ,INGRID YANETH LÓPEZ SANTIAGO,DIVERSIFICADO,PRIVADO,URBANA,ABIERTA,MONOLINGUE,MATUTINA,DIARIO(REGULAR),GUATEMALA ORIENTE
00-14-8725-45,01-504,CIUDAD CAPITAL,ZONA 14,LICEO CRISTIANO 'LA SABIDURIA',26 AVENIDA 10-10,23665549,DAVID SOTOJ SANCHEZ,,BASICO,PRIVADO,URBANA,CERRADA TEMPORALMENTE,MONOLINGUE,VESPERTINA,DIARIO(REGULAR),GUATEMALA ORIENTE
00-14-8726-46,01-99-0167,CIUDAD CAPITAL,ZONA 14,LICEO CRISTIANO  LA SABIDURIA,26 AV. 10-10,23665549,DAVID SOTOJ SANCHEZ,INGRID YANETH LÓPEZ SANTIAGO,DIVERSIFICADO,PRIVADO,URBANA,ABIERTA,MONOLINGUE,VESPERTINA,DIARIO(REGULAR),GUATEMALA ORIENTE
00-14-8727-45,01-405,CIUDAD CAPITAL,ZONA 14,LICEO CRISTIANO 'LA SABIDURIA',26 AV. 10-10,23665549,BLANCA SARAI GUTIERREZ PINEDA,,BASICO,PRIVADO,URBANA,CERRADA TEMPORALMENTE,MONOLINGUE,MATUTINA,FIN DE SEMANA,GUATEMALA ORIENTE
00-14-8728-45,,CIUDAD CAPITAL,ZONA 14,LICEO CRISTIANO 'LA SABIDURIA',26 AV. 10-10,23665549,,,BASICO,PRIVADO,URBANA,CERRADA DEFINITIVAMENTE,MONOLINGUE,MATUTINA,FIN DE SEMANA,GUATEMALA ORIENTE
00-14-8729-46,01-405,CIUDAD CAPITAL,ZONA 14,LICEO CRISTIANO 'LA SABIDURIA',26 AV. 10-10,23665549,BLANCA SARAI GUTIERREZ PINEDA,,DIVERSIFICADO,PRIVADO,URBANA,CERRADA TEMPORALMENTE,MONOLINGUE,MATUTINA,FIN DE SEMANA,GUATEMALA ORIENTE
00-14-8730-46,,CIUDAD CAPITAL,ZONA 14,LICEO CRISTIANO 'LA SABIDURIA',26 AV. 10-10,23665549,,,DIVERSIFICADO,PRIVADO,URBANA,CERRADA DEFINITIVAMENTE,MONOLINGUE,MATUTINA,FIN DE SEMANA,GUATEMALA ORIENTE
00-14-8846-45,01-504,CIUDAD CAPITAL,ZONA 14,COLEGIO SAN IÑIGO,4A. AV. 21-63 ZONA 14,23682830,DAVID SOTOJ SANCHEZ,,BASICO,PRIVADO,URBANA,CERRADA TEMPORALMENTE,MONOLINGUE,MATUTINA,DIARIO(REGULAR),GUATEMALA ORIENTE
00-14-8847-46,01-504,CIUDAD CAPITAL,ZONA 14,COLEGIO SAN IÑIGO,4AV. 21-63 ZONA 14,23682830,DAVID SOTOJ SANCHEZ,,DIVERSIFICADO,PRIVADO,URBANA,CERRADA TEMPORALMENTE,MONOLINGUE,MATUTINA,DIARIO(REGULAR),GUATEMALA ORIENTE
00-14-8942-45,01-502,CIUDAD CAPITAL,ZONA 14,COLEGIO HERALDO DEL EVANGELIO,6A. AV. 1-60,23854610,JULIA ENECON ROCA MORAN,,BASICO,PRIVADO,URBANA,CERRADA TEMPORALMENTE,MONOLINGUE,VESPERTINA,DIARIO(REGULAR),GUATEMALA ORIENTE
00-14-8943-46,01-502,CIUDAD CAPITAL,ZONA 14,COLEGIO HERALDO DEL EVANGELIO,6A. AV. 1-60,23680708-23371824,JULIA ENECON ROCA MORAN,,DIVERSIFICADO,PRIVADO,URBANA,CERRADA TEMPORALMENTE,MONOLINGUE,VESPERTINA,DIARIO(REGULAR),GUATEMALA ORIENTE
00-14-8944-45,,CIUDAD CAPITAL,ZONA 14,COLEGIO HERALDO DEL EVANGELIO,6A. AV. 1-60,3680708-3371824,,,BASICO,PRIVADO,URBANA,CERRADA TEMPORALMENTE,MONOLINGUE,DOBLE,FIN DE SEMANA,GUATEMALA ORIENTE
00-14-8945-46,,CIUDAD CAPITAL,ZONA 14,COLEGIO HERALDO DEL EVANGELIO,6A. AV. 1-60,3680708-3371824,,,DIVERSIFICADO,PRIVADO,URBANA,CERRADA TEMPORALMENTE,MONOLINGUE,DOBLE,FIN DE SEMANA,GUATEMALA ORIENTE
00-14-8949-43,01-504,CIUDAD CAPITAL,ZONA 14,COLEGIO PROGRAMA EDUCATIVO SANTANDER,3A. AV. 17-52,23632198,DAVID SOTOJ SANCHEZ,JIMMI CELSO MUXÍN GARCÍA,PRIMARIA,PRIVADO,URBANA,CERRADA TEMPORALMENTE,MONOLINGUE,MATUTINA,DIARIO(REGULAR),GUATEMALA ORIENTE
00-14-8950-45,01-504,CIUDAD CAPITAL,ZONA 14,COLEGIO PROGRAMA EDUCATIVO SANTANDER,3A. AV. 17-52,23632198,DAVID SOTOJ SANCHEZ,OSCAR ALFREDO GARCIA MELGAR,BASICO,PRIVADO,URBANA,CERRADA TEMPORALMENTE,MONOLINGUE,MATUTINA,DIARIO(REGULAR),GUATEMALA ORIENTE
00-14-8951-46,01-504,CIUDAD CAPITAL,ZONA 14,COLEGIO PROGRAMA EDUCATIVO SANTANDER,3A. AV. 17-52,23632198,DAVID SOTOJ SANCHEZ,OSCAR ALFREDO GARCIA MELGAR,DIVERSIFICADO,PRIVADO,URBANA,CERRADA TEMPORALMENTE,MONOLINGUE,MATUTINA,DIARIO(REGULAR),GUATEMALA ORIENTE
00-14-8973-42,01-504,CIUDAD CAPITAL,ZONA 14,COLEGIO KINDERGARTEN 'EUROPEO ALEMAN',22 CALLE 5-14,23370234,DAVID SOTOJ SANCHEZ,,PARVULOS,PRIVADO,URBANA,CERRADA DEFINITIVAMENTE,MONOLINGUE,MATUTINA,DIARIO(REGULAR),GUATEMALA ORIENTE
00-14-9684-42,01-503,CIUDAD CAPITAL,ZONA 14,COLEGIO EVANGELICO  HOSANNA,4A. CALLE 23-22,23681038,NANCY CAROLINA NAVAS GONZÁLEZ,LOIDA ARACELY MARTÍNEZ ORTÌZ,PARVULOS,PRIVADO,URBANA,CERRADA TEMPORALMENTE,MONOLINGUE,MATUTINA,DIARIO(REGULAR),GUATEMALA ORIENTE
00-14-9685-43,01-503,CIUDAD CAPITAL,ZONA 14,COLEGIO EVANGELICO  HOSANNA,4A. CALLE 23-22,23681038,NANCY CAROLINA NAVAS GONZÁLEZ,LOIDA ARACELY MARTÍNEZ ORTÌZ,PRIMARIA,PRIVADO,URBANA,CERRADA TEMPORALMENTE,MONOLINGUE,MATUTINA,DIARIO(REGULAR),GUATEMALA ORIENTE
00-14-9686-45,01-503,CIUDAD CAPITAL,ZONA 14,COLEGIO EVANGELICO  HOSANNA,4A. CALLE 23-22,23681038,NANCY CAROLINA NAVAS GONZÁLEZ,LOIDA ARACELY MARTÍNEZ ORTÌZ,BASICO,PRIVADO,URBANA,CERRADA TEMPORALMENTE,MONOLINGUE,MATUTINA,DIARIO(REGULAR),GUATEMALA ORIENTE
00-14-9687-46,01-503,CIUDAD CAPITAL,ZONA 14,COLEGIO EVANGELICO HOSANNA,4A. CALLE 23-22,23681038,NANCY CAROLINA NAVAS GONZÁLEZ,,DIVERSIFICADO,PRIVADO,URBANA,CERRADA DEFINITIVAMENTE,MONOLINGUE,VESPERTINA,DIARIO(REGULAR),GUATEMALA ORIENTE
00-15-0001-43,01-505,CIUDAD CAPITAL,ZONA 15,COLEGIO HERALDOS DEL EVANGELIO INTERNACIONAL,BOULEVARD VISTA HERMOSA 2A. CALLE 20-03,23697326,NANCY PAOLA MONTERROSO HERNÁNDEZ,MERCEDES EUGENIA ROCA RUANO DE CASTILLO,PRIMARIA,PRIVADO,URBANA,CERRADA DEFINITIVAMENTE,MONOLINGUE,VESPERTINA,DIARIO(REGULAR),GUATEMALA ORIENTE
00-15-0002-45,01-505,CIUDAD CAPITAL,ZONA 15,COLEGIO HERALDOS DEL EVANGELIO INTERNACIONAL,BOULEVARD VISTA HERMOSA 2A. CALLE 20-03,23697326,NANCY PAOLA MONTERROSO HERNÁNDEZ,MIRIAM ARACELY MOREIRA CASTILLO,BASICO,PRIVADO,URBANA,CERRADA DEFINITIVAMENTE,MONOLINGUE,VESPERTINA,DIARIO(REGULAR),GUATEMALA ORIENTE
00-15-0003-46,01-505,CIUDAD CAPITAL,ZONA 15,COLEGIO HERALDOS DEL EVANGELIO INTENACIONAL,BOULEVARD VISTA HERMOSA 2A. CALLE 20-03,23697326,NANCY PAOLA MONTERROSO HERNÁNDEZ,MIRIAM ARACELY MOREIRA CASTILLO,DIVERSIFICADO,PRIVADO,URBANA,CERRADA DEFINITIVAMENTE,MONOLINGUE,VESPERTINA,DIARIO(REGULAR),GUATEMALA ORIENTE
00-15-0004-46,01-505,CIUDAD CAPITAL,ZONA 15,"INSTITUTO  "" BETHANIA ""","3A. CALLE 23-41, VISTA HERMOSA I",23690720,NANCY PAOLA MONTERROSO HERNÁNDEZ,MILVIAN CARIDAD MOLINA DE PAZ,DIVERSIFICADO,PRIVADO,URBANA,CERRADA DEFINITIVAMENTE,MONOLINGUE,MATUTINA,DIARIO(REGULAR),GUATEMALA ORIENTE
00-15-0005-42,01-505,CIUDAD CAPITAL,ZONA 15,COLEGIO LA LUZ - THE LIGHT SCHOOL,"16 AVENIDA 10-73, VISTA HERMOSA III",23640173,NANCY PAOLA MONTERROSO HERNÁNDEZ,CARMEN ALICIA MOLINA GARCIA DE CONTRERAS,PARVULOS,PRIVADO,URBANA,CERRADA TEMPORALMENTE,MONOLINGUE,MATUTINA,DIARIO(REGULAR),GUATEMALA ORIENTE
00-15-0006-43,01-505,CIUDAD CAPITAL,ZONA 15,COLEGIO LA LUZ - THE LIGHT SCHOOL,"16 AVENIDA 10-73, VISTA HERMOSA III",23640173,NANCY PAOLA MONTERROSO HERNÁNDEZ,AURORA EUGENIA MOLINA GARCIA DE CASTELLANOS,PRIMARIA,PRIVADO,URBANA,CERRADA TEMPORALMENTE,MONOLINGUE,MATUTINA,DIARIO(REGULAR),GUATEMALA ORIENTE
00-15-0007-43,01-314,CIUDAD CAPITAL,ZONA 15,"COLEGIO CENTRO INFANTIL ""DESCUBRIR""","18 AVENIDA ""A"" 4-02",23694411,PLINIO IVAN HERNANDEZ,ANITA LETICIA CANEK AYALA,PRIMARIA,PRIVADO,URBANA,CERRADA TEMPORALMENTE,MONOLINGUE,MATUTINA,DIARIO(REGULAR),GUATEMALA ORIENTE
00-15-0008-42,01-314,CIUDAD CAPITAL,ZONA 15,HILLTOP MONTESSORI SCHOOL (COLEGIO LA CIMA DE MONTESSORI),"2A. CALLE ""A"" 17-01",23695704,PLINIO IVAN HERNANDEZ,CARMEN LUCÍA PORRES QUEZADA,PARVULOS,PRIVADO,URBANA,CERRADA TEMPORALMENTE,MONOLINGUE,MATUTINA,DIARIO(REGULAR),GUATEMALA ORIENTE
00-15-0009-42,01-314,CIUDAD CAPITAL,ZONA 15,COLEGIO TECH DE GUATEMALA,19 AVENIDA 00-51,23657428,PLINIO IVAN HERNANDEZ,MARÍA TERESA OMEANY SANDOVAL DE ALGAZE,PARVULOS,PRIVADO,URBANA,CERRADA TEMPORALMENTE,MONOLINGUE,MATUTINA,DIARIO(REGULAR),GUATEMALA ORIENTE
00-15-0010-46,01-314,CIUDAD CAPITAL,ZONA 15,COLEGIO ALTAMIRA,"1ERA.CALLE 20-55 ZONA 15 VISTA HERMOSA II GUATEMALA,  GUATEMALA",23690752,PLINIO IVAN HERNANDEZ,ALBA MARICELA JOR PORTILLO,DIVERSIFICADO,PRIVADO,URBANA,CERRADA TEMPORALMENTE,MONOLINGUE,MATUTINA,DIARIO(REGULAR),GUATEMALA ORIENTE
00-15-0011-45,01-637,CIUDAD CAPITAL,ZONA 15,"CENTRO DEEDUCACIÓN EXTRAESCOLAR -CEEX- ""EDUCANDO MI PAÍS""","24A. AVENIDA A 3-48 VISTA HERMOSA 1, ZONA 15 GUATEMALA",22975300,JOSUE VINICIO ROMERO REYES,ANA LIDIA GUERRA CABRERA,BASICO,PRIVADO,URBANA,CERRADA TEMPORALMENTE,MONOLINGUE,DOBLE,A DISTANCIA,GUATEMALA ORIENTE
00-15-0012-46,01-637,CIUDAD CAPITAL,ZONA 15,"CENTRO DE EDUCACIÓN EXTRAESCOLAR CEEX  "" EDUCANDO MI PAÍS """,24A. A 3-48 VISTA HERMOSA 1 ZONA 15 GUATEMALA,22975300,JOSUE VINICIO ROMERO REYES,JULIETA MARIBEL LÓPEZ SIERRA DE FRANCO,DIVERSIFICADO,PRIVADO,URBANA,ABIERTA,MONOLINGUE,DOBLE,A DISTANCIA,GUATEMALA ORIENTE
00-15-0013-44,01-637,CIUDAD CAPITAL,ZONA 15,"CENTRO DE EDUCACIÓN EXTRAESCOLAR -CEEX- EDUCANDO MI PAÍS""","24A. AVENIDA A 3-48 VISTA HERMOSA 1, ZONA 15. GUATEMALA",22975300,JOSUE VINICIO ROMERO REYES,JULIETA MARIBEL LÓPEZ SIERRA DE FRANCO,PRIMARIA DE ADULTOS,PRIVADO,URBANA,CERRADA TEMPORALMENTE,MONOLINGUE,DOBLE,A DISTANCIA,GUATEMALA ORIENTE
00-15-0014-42,01-99-0168,CIUDAD CAPITAL,ZONA 15,CENTRO DE ESTIMULACION Y PREESCOLAR ANSARES,22 AVENIDA B 00-34 VISTA HERMOSA II,42950795,ALBA MARICELA JOR PORTILLO,ASTRID  SLOWING ACEITUNO,PARVULOS,PRIVADO,URBANA,ABIERTA,MONOLINGUE,MATUTINA,DIARIO(REGULAR),GUATEMALA ORIENTE
00-15-0015-45,01-99-0168,CIUDAD CAPITAL,ZONA 15,COLEGIO FUTURO VIVO,10A. CALLE 21-97 VISTA HERMOSA III,23647499,ALBA MARICELA JOR PORTILLO,MARTINA SABINA ALMONTE MARTÍNEZ,BASICO,PRIVADO,URBANA,ABIERTA,MONOLINGUE,MATUTINA,DIARIO(REGULAR),GUATEMALA ORIENTE
00-15-0016-42,01-99-0168,CIUDAD CAPITAL,ZONA 15,"""CENTRO EDUCATIVO EDUCRECE""",16 AVENIDA 3-69 COLONIA JARDINES DE MINERVA,30533883,ALBA MARICELA JOR PORTILLO,MONICA ROCÍO ZULETA ESCOBEDO,PARVULOS,PRIVADO,URBANA,ABIERTA,MONOLINGUE,MATUTINA,VIRTUAL A DISTANCIA,GUATEMALA ORIENTE
00-15-0017-43,01-99-0168,CIUDAD CAPITAL,ZONA 15,"""CENTRO EDUCATIVO EDUCRECE""",16 AVENIDA 3-69 COLONIA JARDINES DE MINERVA,30533883,ALBA MARICELA JOR PORTILLO,TANIA MABEL SÚCHITE GARCÍA,PRIMARIA,PRIVADO,URBANA,ABIERTA,MONOLINGUE,MATUTINA,VIRTUAL A DISTANCIA,GUATEMALA ORIENTE
00-15-0018-42,01-99-0168,CIUDAD CAPITAL,ZONA 15,COLEGIO HARMONY PRESCHOOL AND DAYCARE,20 AVENIDA A 00-10 COLONIA VISTA HERMOSA II,30337570,ALBA MARICELA JOR PORTILLO,JOVITA  GIL MONTEPEQUE,PARVULOS,PRIVADO,URBANA,ABIERTA,BILINGUE,MATUTINA,DIARIO(REGULAR),GUATEMALA ORIENTE
00-15-0019-45,01-99-0168,CIUDAD CAPITAL,ZONA 15,COLEGIO EDUCACENTER,1A. CALLE 23-21 VISTA HERMOSA II,57029896,ALBA MARICELA JOR PORTILLO,ANA SILVIA SOLIS GARCÍA,BASICO,PRIVADO,URBANA,ABIERTA,MONOLINGUE,MATUTINA,DIARIO(REGULAR),GUATEMALA ORIENTE
00-15-0020-46,01-99-0168,CIUDAD CAPITAL,ZONA 15,COLEGIO EDUCACENTER,1A. CALLE 23-21 VISTA HERMOSA II,57029896,ALBA MARICELA JOR PORTILLO,ANA SILVIA SOLIS GARCÍA,DIVERSIFICADO,PRIVADO,URBANA,ABIERTA,MONOLINGUE,MATUTINA,DIARIO(REGULAR),GUATEMALA ORIENTE
00-15-0021-43,01-99-0168,CIUDAD CAPITAL,ZONA 15,COLEGIO EDUCACENTER,1 CALLE 23-21 VH2,57029896,ALBA MARICELA JOR PORTILLO,ANA SILVIA SOLIS GARCÍA,PRIMARIA,PRIVADO,URBANA,ABIERTA,MONOLINGUE,MATUTINA,DIARIO(REGULAR),GUATEMALA ORIENTE
00-15-0960-42,01-99-0168,CIUDAD CAPITAL,ZONA 15,EODP NO.32  LUZ FIGUEROA GUILLEN VDA. DE CASTEJÓN,"3A. CALLE 16-53, COLONIA EL MAESTRO",,ALBA MARICELA JOR PORTILLO,KARINA HAYDEE ARRIOLA POLANCO,PARVULOS,OFICIAL,URBANA,ABIERTA,MONOLINGUE,MATUTINA,DIARIO(REGULAR),GUATEMALA ORIENTE
00-15-0961-42,,CIUDAD CAPITAL,ZONA 15,EODP ANEXA A 'REPUBLICA FEDERAL DE ALEMANIA',"10 AVE. 'A' 2-70 ZONA 15, COLONIA TECUN UMAN",,,,PARVULOS,OFICIAL,URBANA,CERRADA DEFINITIVAMENTE,MONOLINGUE,MATUTINA,DIARIO(REGULAR),GUATEMALA ORIENTE
00-15-0962-42,01-505,CIUDAD CAPITAL,ZONA 15,EPDP 'KINDERGARTEN HANSEL Y GRETEL',18 AVE. 'B' 0-88 VISTA HERMOSA II,,NANCY PAOLA MONTERROSO HERNÁNDEZ,,PARVULOS,PRIVADO,URBANA,CERRADA TEMPORALMENTE,MONOLINGUE,MATUTINA,DIARIO(REGULAR),GUATEMALA ORIENTE
00-15-0963-42,01-505,CIUDAD CAPITAL,ZONA 15,EPDP 'KINDERGARTEN MI GRANJITA',3A CALLE 'A' 15-71 ZONA 15,23657668,NANCY PAOLA MONTERROSO HERNÁNDEZ,,PARVULOS,PRIVADO,URBANA,CERRADA TEMPORALMENTE,MONOLINGUE,MATUTINA,DIARIO(REGULAR),GUATEMALA ORIENTE
00-15-0964-42,01-505,CIUDAD CAPITAL,ZONA 15,EPDP 'CENTRO DE ESTIMULACION EDUCATIVA INFANTIL',1A CALLE 17-23 COLONIA EL MAESTRO,23697246,NANCY PAOLA MONTERROSO HERNÁNDEZ,,PARVULOS,PRIVADO,URBANA,CERRADA TEMPORALMENTE,MONOLINGUE,MATUTINA,DIARIO(REGULAR),GUATEMALA ORIENTE
00-15-0965-42,01-99-0168,CIUDAD CAPITAL,ZONA 15,"INSTITUTO ""  BETHANIA """,3A CALLE 23-41 VISTA HERMOSA I,23691872,ALBA MARICELA JOR PORTILLO,MIRZA JUDITH MEJIA FIGUEROA,PARVULOS,PRIVADO,URBANA,ABIERTA,MONOLINGUE,MATUTINA,DIARIO(REGULAR),GUATEMALA ORIENTE
00-15-0966-42,,CIUDAD CAPITAL,ZONA 15,EPDP ANEXA A COLEGIO BILINGUE 'VALLES DE VISTA HERMOSA',3A CALLE 4-34 VALLES DE VISTA HERMOSA ZONA 15,,,,PARVULOS,PRIVADO,URBANA,CERRADA DEFINITIVAMENTE,MONOLINGUE,MATUTINA,DIARIO(REGULAR),GUATEMALA ORIENTE
00-15-0967-42,01-314,CIUDAD CAPITAL,ZONA 15,COLEGIO BILINGUE  VISTA HERMOSA,15 AVE. 5-50 VISTA HERMOSA III,22475757,PLINIO IVAN HERNANDEZ,OSCAR VINICIO MUÑOZ CONTRERAS,PARVULOS,PRIVADO,URBANA,CERRADA DEFINITIVAMENTE,MONOLINGUE,MATUTINA,DIARIO(REGULAR),GUATEMALA ORIENTE
00-15-0968-42,01-99-0168,CIUDAD CAPITAL,ZONA 15,COLEGIO VALLE VERDE,15 AVENIDA 3-80,23131080,ALBA MARICELA JOR PORTILLO,EVA MARIA RIVAS SALGUERO,PARVULOS,PRIVADO,URBANA,ABIERTA,MONOLINGUE,MATUTINA,DIARIO(REGULAR),GUATEMALA ORIENTE
00-15-0969-42,01-505,CIUDAD CAPITAL,ZONA 15,EPDP ANEXA A COLEGIO 'INGLES AMERICANO',0 CALLE 19-70 VISTA HERMOSA II,23690829,NANCY PAOLA MONTERROSO HERNÁNDEZ,,PARVULOS,PRIVADO,URBANA,CERRADA DEFINITIVAMENTE,MONOLINGUE,MATUTINA,DIARIO(REGULAR),GUATEMALA ORIENTE
00-15-0970-42,01-99-0168,CIUDAD CAPITAL,ZONA 15,COLEGIO  AMERICANO DE GUATEMALA,11 CALLE 15-79 VISTA HERMOSA III,55179943,ALBA MARICELA JOR PORTILLO,MARÍA MERCEDES HURTADO LÓPEZ,PARVULOS,PRIVADO,URBANA,ABIERTA,MONOLINGUE,MATUTINA,DIARIO(REGULAR),GUATEMALA ORIENTE
00-15-0971-42,01-508,CIUDAD CAPITAL,ZONA 15,COLEGIO EVELYN ROGERS,KM. 8 CARRETERA A EL SALVADOR,23691616,MANUEL MARIA CANO CASTRO,,PARVULOS,PRIVADO,URBANA,CERRADA DEFINITIVAMENTE,MONOLINGUE,MATUTINA,DIARIO(REGULAR),GUATEMALA ORIENTE
00-15-0972-43,01-99-0168,CIUDAD CAPITAL,ZONA 15,EOUM NO.100 REPUBLICA FEDERAL DE ALEMANIA,"10A AVE. ""A"" 2-70 COLONIA TECUN UMAN",43706380,ALBA MARICELA JOR PORTILLO,SESIA NOHEMÍ GONZÁLEZ BATRES,PRIMARIA,OFICIAL,URBANA,ABIERTA,MONOLINGUE,MATUTINA,DIARIO(REGULAR),GUATEMALA ORIENTE
00-15-0973-43,01-99-0168,CIUDAD CAPITAL,ZONA 15,INSTITUTO  BETHANIA,3A CALLE 23-41 VISTA HERMOSA I,23691872,ALBA MARICELA JOR PORTILLO,SOR MILVIAN CARIDAD MOLINA DE PAZ,PRIMARIA,PRIVADO,URBANA,ABIERTA,MONOLINGUE,MATUTINA,DIARIO(REGULAR),GUATEMALA ORIENTE
00-15-0974-43,01-314,CIUDAD CAPITAL,ZONA 15,COLEGIO  BILINGUE VISTA HERMOSA,15 AVE. 5-50 VISTA HERMOSA III,22475757,PLINIO IVAN HERNANDEZ,OSCAR VINICIO MUÑOZ CONTRERAS,PRIMARIA,PRIVADO,URBANA,CERRADA DEFINITIVAMENTE,MONOLINGUE,MATUTINA,DIARIO(REGULAR),GUATEMALA ORIENTE
00-15-0975-43,,CIUDAD CAPITAL,ZONA 15,COLEGIO BILINGUE 'VALLES DE VISTA HERMOSA',3A CALLE 4-34 VALLES DE VISTA HERMOSA ZONA 15,,,,PRIMARIA,PRIVADO,URBANA,CERRADA DEFINITIVAMENTE,MONOLINGUE,MATUTINA,DIARIO(REGULAR),GUATEMALA ORIENTE
00-15-0976-43,01-508,CIUDAD CAPITAL,ZONA 15,COLEGIO EVELYN ROGERS,KM. 8 CARRETERA A EL SALVADOR,23691616,MANUEL MARIA CANO CASTRO,,PRIMARIA,PRIVADO,URBANA,CERRADA DEFINITIVAMENTE,MONOLINGUE,MATUTINA,DIARIO(REGULAR),GUATEMALA ORIENTE
00-15-0977-43,01-505,CIUDAD CAPITAL,ZONA 15,COLEGIO 'INGLES AMERICANO',0 CALLE 19-70 VISTA HERMOSA II,23690829,NANCY PAOLA MONTERROSO HERNÁNDEZ,,PRIMARIA,PRIVADO,URBANA,CERRADA DEFINITIVAMENTE,MONOLINGUE,MATUTINA,DIARIO(REGULAR),GUATEMALA ORIENTE
00-15-0978-43,01-99-0168,CIUDAD CAPITAL,ZONA 15,COLEGIO  AMERICANO DE GUATEMALA,11 CALLE 15-79 VISTA HERMOSA III,47709443,ALBA MARICELA JOR PORTILLO,MARÍA TERESA DEL VALLE QUEZADA,PRIMARIA,PRIVADO,URBANA,ABIERTA,MONOLINGUE,MATUTINA,DIARIO(REGULAR),GUATEMALA ORIENTE
00-15-0979-43,01-99-0168,CIUDAD CAPITAL,ZONA 15,COLEGIO  VALLE VERDE,15 AVE. 3-80,23131080,ALBA MARICELA JOR PORTILLO,MIYUKI MARIA CONTRERAS COLON,PRIMARIA,PRIVADO,URBANA,ABIERTA,MONOLINGUE,MATUTINA,DIARIO(REGULAR),GUATEMALA ORIENTE
00-15-0980-44,,CIUDAD CAPITAL,ZONA 15,EOPA LICENCIADO 'FLAVIO HERRERA',"10A AVE. 'A' 2-70 COLONIA TECUN UMAN ZONA 15, GUATEMALA",,,,PRIMARIA DE ADULTOS,OFICIAL,URBANA,CERRADA DEFINITIVAMENTE,MONOLINGUE,NOCTURNA,DIARIO(REGULAR),GUATEMALA ORIENTE
00-15-0981-46,01-99-0168,CIUDAD CAPITAL,ZONA 15,ESCUELA NORMAL DE MAESTRAS PARA PARVULOS ALFREDO CARRILLO RAMIREZ,2A CALLE 16-23   BOULEVARD VISTA HERMOSA I,52540313,ALBA MARICELA JOR PORTILLO,ALVARO RENE VILLACINDA LUX,DIVERSIFICADO,OFICIAL,URBANA,ABIERTA,MONOLINGUE,MATUTINA,DIARIO(REGULAR),GUATEMALA ORIENTE
00-15-0983-45,01-99-0168,CIUDAD CAPITAL,ZONA 15,"INSTITUTO  "" BETHANIA """,3A CALLE 23-41 VISTA HERMOSA I,23691872,ALBA MARICELA JOR PORTILLO,SOR MILVIAN CARIDAD MOLINA DE PAZ,BASICO,PRIVADO,URBANA,ABIERTA,MONOLINGUE,MATUTINA,DIARIO(REGULAR),GUATEMALA ORIENTE
00-15-0983-46,01-99-0168,CIUDAD CAPITAL,ZONA 15,"INSTITUTO ""  BETHANIA """,3A CALLE 23-41 VISTA HERMOSA I,23691872,ALBA MARICELA JOR PORTILLO,SOR MILVIAN CARIDAD MOLINA DE PAZ,DIVERSIFICADO,PRIVADO,URBANA,ABIERTA,MONOLINGUE,MATUTINA,DIARIO(REGULAR),GUATEMALA ORIENTE
00-15-0984-45,01-503,CIUDAD CAPITAL,ZONA 15,COLEGIO EVELYN ROGERS,KM. 8 CARRETERA A EL SALVADOR,23691616,NANCY CAROLINA NAVAS GONZÁLEZ,,BASICO,PRIVADO,URBANA,CERRADA DEFINITIVAMENTE,MONOLINGUE,MATUTINA,DIARIO(REGULAR),GUATEMALA ORIENTE
00-15-0984-46,01-508,CIUDAD CAPITAL,ZONA 15,COLEGIO EVELYN ROGERS,KM. 8 CARRETERA A EL SALVADOR,23691616,MANUEL MARIA CANO CASTRO,,DIVERSIFICADO,PRIVADO,URBANA,CERRADA DEFINITIVAMENTE,MONOLINGUE,MATUTINA,DIARIO(REGULAR),GUATEMALA ORIENTE
00-15-0985-45,01-314,CIUDAD CAPITAL,ZONA 15,COLEGIO BILINGUE  VISTA HERMOSA,15 AVE. 5-50 VISTA HERMOSA III,22475757,PLINIO IVAN HERNANDEZ,OSCAR VINICIO MUÑOZ CONTRERAS,BASICO,PRIVADO,URBANA,CERRADA DEFINITIVAMENTE,MONOLINGUE,MATUTINA,DIARIO(REGULAR),GUATEMALA ORIENTE
00-15-0985-46,01-314,CIUDAD CAPITAL,ZONA 15,COLEGIO BILINGUE  VISTA HERMOSA,15 AVE. 5-50 VISTA HERMOSA III,22475757,PLINIO IVAN HERNANDEZ,OSCAR VINICIO MUÑOZ CONTRERAS,DIVERSIFICADO,PRIVADO,URBANA,CERRADA DEFINITIVAMENTE,MONOLINGUE,MATUTINA,DIARIO(REGULAR),GUATEMALA ORIENTE
00-15-0986-45,01-505,CIUDAD CAPITAL,ZONA 15,IPMB COLEGIO 'INGLES AMERICANO',0 CALLE 19-70 VISTA HERMOSA II,23690829,NANCY PAOLA MONTERROSO HERNÁNDEZ,,BASICO,PRIVADO,URBANA,CERRADA DEFINITIVAMENTE,MONOLINGUE,MATUTINA,DIARIO(REGULAR),GUATEMALA ORIENTE
00-15-0986-46,01-505,CIUDAD CAPITAL,ZONA 15,INSTITUTO PRIVADO MIXTO DE EDUCACION DIVERSIFICADA COLEGIO  INGLES AMERICANO,0 CALLE 19-70 VISTA HERMOSA II,23690829,NANCY PAOLA MONTERROSO HERNÁNDEZ,SIN DATO,DIVERSIFICADO,PRIVADO,URBANA,CERRADA DEFINITIVAMENTE,MONOLINGUE,MATUTINA,DIARIO(REGULAR),GUATEMALA ORIENTE
00-15-0987-45,01-99-0168,CIUDAD CAPITAL,ZONA 15,COLEGIO  VALLE VERDE,15 AVE. 3-80,23131080,ALBA MARICELA JOR PORTILLO,MIYUKI MARIA CONTRERAS COLON,BASICO,PRIVADO,URBANA,ABIERTA,MONOLINGUE,MATUTINA,DIARIO(REGULAR),GUATEMALA ORIENTE
00-15-0987-46,01-99-0168,CIUDAD CAPITAL,ZONA 15,COLEGIO  VALLE VERDE,15 AVE. 3-80 ZONA 15,23131080,ALBA MARICELA JOR PORTILLO,MIYUKI MARIA CONTRERAS COLON,DIVERSIFICADO,PRIVADO,URBANA,ABIERTA,MONOLINGUE,MATUTINA,DIARIO(REGULAR),GUATEMALA ORIENTE
00-15-0988-45,01-99-0168,CIUDAD CAPITAL,ZONA 15,COLEGIO  AMERICANO DE GUATEMALA,11 CALLE 15-79 VISTA HERMOSA III,47709443,ALBA MARICELA JOR PORTILLO,MARÍA TERESA DEL VALLE QUEZADA,BASICO,PRIVADO,URBANA,ABIERTA,MONOLINGUE,MATUTINA,DIARIO(REGULAR),GUATEMALA ORIENTE
00-15-0988-46,01-99-0168,CIUDAD CAPITAL,ZONA 15,COLEGIO  AMERICANO DE GUATEMALA,11 CALLE 15-79 VISTA HERMOSA III,47709443,ALBA MARICELA JOR PORTILLO,MARÍA TERESA DEL VALLE QUEZADA,DIVERSIFICADO,PRIVADO,URBANA,ABIERTA,MONOLINGUE,MATUTINA,DIARIO(REGULAR),GUATEMALA ORIENTE
00-15-2301-46,,CIUDAD CAPITAL,ZONA 15,INSTITUTO PRIVADO MIXTO DE EDUCACION DIVERSIFICADA COLEGIO 'ALEJANDRO FLEMING',2A CALLE 'B' 13-44 COLONIA TECUN UMAN ZONA 15,,,,DIVERSIFICADO,PRIVADO,URBANA,CERRADA DEFINITIVAMENTE,MONOLINGUE,MATUTINA,DIARIO(REGULAR),GUATEMALA ORIENTE
00-15-2390-46,01-505,CIUDAD CAPITAL,ZONA 15,COLEGIO  POOLE TRENNERT,BOULEVAR VISTA HERMOSA 23-31 COLONIA VISTA HERMOSA I,23692024,NANCY PAOLA MONTERROSO HERNÁNDEZ,SIN DATO,DIVERSIFICADO,PRIVADO,URBANA,CERRADA TEMPORALMENTE,MONOLINGUE,MATUTINA,DIARIO(REGULAR),GUATEMALA ORIENTE
00-15-3078-42,,CIUDAD CAPITAL,ZONA 15,BALLOON'S KINDERGARTEN,"17 AVE 'D' 0-46 ZONA 15, COLONIA EL MAESTRO",,,,PARVULOS,PRIVADO,URBANA,CERRADA TEMPORALMENTE,MONOLINGUE,MATUTINA,DIARIO(REGULAR),GUATEMALA ORIENTE
00-15-6932-42,,CIUDAD CAPITAL,ZONA 15,COLEGIO 'MONTE ALTO',"18 AVE. 'B' 8-55, ZONA 15",,,,PARVULOS,PRIVADO,URBANA,CERRADA DEFINITIVAMENTE,MONOLINGUE,MATUTINA,DIARIO(REGULAR),GUATEMALA ORIENTE
00-15-6933-42,,CIUDAD CAPITAL,ZONA 15,COLEGIO BILINGUE 'DORSET',17 AV.A 6-35 ZONA 15 COLONIA EL MAESTRO II,,,,PARVULOS,PRIVADO,URBANA,CERRADA DEFINITIVAMENTE,MONOLINGUE,MATUTINA,DIARIO(REGULAR),GUATEMALA ORIENTE
00-15-6934-43,,CIUDAD CAPITAL,ZONA 15,COLEGIO MONTE ALTO,18 AV. B 8-55 ZONA 15 VISTA HERMOSA I,,,,PRIMARIA,PRIVADO,URBANA,CERRADA DEFINITIVAMENTE,MONOLINGUE,MATUTINA,DIARIO(REGULAR),GUATEMALA ORIENTE
00-15-7583-43,01-505,CIUDAD CAPITAL,ZONA 15,COLEGIO PALESTRA,0 CALLE 'C' 17-25 COLONIA EL MAESTRO,23696439,NANCY PAOLA MONTERROSO HERNÁNDEZ,,PRIMARIA,PRIVADO,URBANA,CERRADA TEMPORALMENTE,MONOLINGUE,MATUTINA,DIARIO(REGULAR),GUATEMALA ORIENTE
00-15-7671-42,01-503,CIUDAD CAPITAL,ZONA 15,COLEGIO CARL ROGERS,1A. CALLE 21-43 VISTA HERMOSA II,23695165,NANCY CAROLINA NAVAS GONZÁLEZ,,PARVULOS,PRIVADO,URBANA,CERRADA TEMPORALMENTE,MONOLINGUE,MATUTINA,DIARIO(REGULAR),GUATEMALA ORIENTE
00-15-7672-43,01-503,CIUDAD CAPITAL,ZONA 15,COLEGIO CARL ROGERS,"0 CALLE 18-40, VISTA HERMOSA II",23695165,NANCY CAROLINA NAVAS GONZÁLEZ,,PRIMARIA,PRIVADO,URBANA,CERRADA TEMPORALMENTE,MONOLINGUE,MATUTINA,DIARIO(REGULAR),GUATEMALA ORIENTE
00-15-7717-42,01-99-0168,CIUDAD CAPITAL,ZONA 15,CENTRO EDUCATIVO INFANTIL KINDERPLATZ,11 AVE. 2-58 COLONIA TECUN UMAN,23693840,ALBA MARICELA JOR PORTILLO,ANA HABIBY CASTAÑEDA TALGI,PARVULOS,PRIVADO,URBANA,ABIERTA,MONOLINGUE,MATUTINA,DIARIO(REGULAR),GUATEMALA ORIENTE
00-15-7757-42,01-314,CIUDAD CAPITAL,ZONA 15,COLEGIO CENTRO INFANTIL DESCUBRIR,18AVE. 4-02 VISTA HERMOSA 1,23694411,PLINIO IVAN HERNANDEZ,GLENDA PAOLA LEAL ALVAREZ,PARVULOS,PRIVADO,URBANA,CERRADA TEMPORALMENTE,MONOLINGUE,MATUTINA,DIARIO(REGULAR),GUATEMALA ORIENTE
00-15-7850-42,01-314,CIUDAD CAPITAL,ZONA 15,COLEGIO VALLE ALTO,11 AVENIDA 2-39 COLONIA TECUN UMAN,23696558,PLINIO IVAN HERNANDEZ,WALTER WALDEMAR CORZO SARCEÑO,PARVULOS,PRIVADO,URBANA,CERRADA TEMPORALMENTE,MONOLINGUE,MATUTINA,DIARIO(REGULAR),GUATEMALA ORIENTE
00-15-7851-43,01-314,CIUDAD CAPITAL,ZONA 15,COLEGIO VALLE ALTO,11 AVENIDA 2-39 COLONIA TECUN UMAN,23696558,PLINIO IVAN HERNANDEZ,WALTER WALDEMAR CORZO SARCEÑO,PRIMARIA,PRIVADO,URBANA,CERRADA TEMPORALMENTE,MONOLINGUE,MATUTINA,DIARIO(REGULAR),GUATEMALA ORIENTE
00-15-7965-42,01-505,CIUDAD CAPITAL,ZONA 15,COLEGIO BILINGUE 'GOODMAN',23 AV. 3-45 VISTA HERMOSA I,23691618,NANCY PAOLA MONTERROSO HERNÁNDEZ,,PARVULOS,PRIVADO,URBANA,CERRADA DEFINITIVAMENTE,MONOLINGUE,MATUTINA,DIARIO(REGULAR),GUATEMALA ORIENTE
00-15-7966-43,01-505,CIUDAD CAPITAL,ZONA 15,COLEGIO BILINGUE GOODMAN,23AV. 3-45 VISTA HERMOSA I,23691618,NANCY PAOLA MONTERROSO HERNÁNDEZ,,PRIMARIA,PRIVADO,URBANA,CERRADA DEFINITIVAMENTE,MONOLINGUE,MATUTINA,DIARIO(REGULAR),GUATEMALA ORIENTE
00-15-7997-42,01-314,CIUDAD CAPITAL,ZONA 15,COLEGIO ALTAMIRA,1A. CALLE 20-55 VISTA HERMOSA II,23690752,PLINIO IVAN HERNANDEZ,FLOR DE MARÍA DE LA GUERRERO ABASCAL,PARVULOS,PRIVADO,URBANA,CERRADA DEFINITIVAMENTE,MONOLINGUE,MATUTINA,DIARIO(REGULAR),GUATEMALA ORIENTE
00-15-7998-43,01-314,CIUDAD CAPITAL,ZONA 15,COLEGIO ALTAMIRA,1A. CALLE 20-55 VISTA HERMOSA II,23690752,PLINIO IVAN HERNANDEZ,ALBA MARICELA JOR PORTILLO,PRIMARIA,PRIVADO,URBANA,CERRADA TEMPORALMENTE,MONOLINGUE,MATUTINA,DIARIO(REGULAR),GUATEMALA ORIENTE
00-15-8080-42,01-314,CIUDAD CAPITAL,ZONA 15,COLEGIO  LAS SEMILLITAS,"19 AV. 6-38, VISTA HERMOSA I",23699170,PLINIO IVAN HERNANDEZ,ANA MARIA CASTILLO,PARVULOS,PRIVADO,URBANA,ABIERTA,MONOLINGUE,MATUTINA,DIARIO(REGULAR),GUATEMALA ORIENTE
00-15-8112-42,01-314,CIUDAD CAPITAL,ZONA 15,"CENTRO EDUCATIVO  "" TERRA NOVA """,21 AVE. 3-36 VISTA HERMOSA I,23691085,PLINIO IVAN HERNANDEZ,PAOLA EUGENIA PINEDA CASASOLA,PARVULOS,PRIVADO,URBANA,CERRADA TEMPORALMENTE,MONOLINGUE,MATUTINA,DIARIO(REGULAR),GUATEMALA ORIENTE
00-15-8113-43,01-99-0168,CIUDAD CAPITAL,ZONA 15,"CENTRO EDUCATIVO "" TERRA NOVA """,21 AVE. 3-36 VISTA HERMOSA I,38545101,ALBA MARICELA JOR PORTILLO,INGRID JAQUELINE GODOY MONTUFAR,PRIMARIA,PRIVADO,URBANA,ABIERTA,MONOLINGUE,MATUTINA,DIARIO(REGULAR),GUATEMALA ORIENTE
00-15-8249-42,,CIUDAD CAPITAL,ZONA 15,COLEGIO 'CENTRO DE REEDUCACION Y APRENDIZAJE CREA',16 AVENIDA 3-83 COLONIA JARDINES DE MINERVA,23690623,,,PARVULOS,PRIVADO,URBANA,CERRADA DEFINITIVAMENTE,MONOLINGUE,MATUTINA,DIARIO(REGULAR),GUATEMALA ORIENTE
00-15-8250-43,,CIUDAD CAPITAL,ZONA 15,COLEGIO 'CENTRO DE REEDUCACION Y APRENDIZAJE CREA',16 AVENIDA 3-83 COLONIA JARDINES DE MINERVA,23690623,,,PRIMARIA,PRIVADO,URBANA,CERRADA DEFINITIVAMENTE,MONOLINGUE,MATUTINA,DIARIO(REGULAR),GUATEMALA ORIENTE
00-15-8251-42,,CIUDAD CAPITAL,ZONA 15,COLEGIO 'CENTRO DE REEDUCACION Y APRENDIZAJE CREA',16 AVENIDA 3-83 COLONIA JARDINES DE MINERVA,23690623,,,PARVULOS,PRIVADO,URBANA,CERRADA DEFINITIVAMENTE,MONOLINGUE,VESPERTINA,DIARIO(REGULAR),GUATEMALA ORIENTE
00-15-8252-43,,CIUDAD CAPITAL,ZONA 15,COLEGIO 'CENTRO DE REEDUCACION Y APRENDIZAJE CREA',16 AVENIDA 3-83 COLONIA JARDINES DE MINERVA,23690623,,,PRIMARIA,PRIVADO,URBANA,CERRADA DEFINITIVAMENTE,MONOLINGUE,VESPERTINA,DIARIO(REGULAR),GUATEMALA ORIENTE
00-15-8284-45,01-503,CIUDAD CAPITAL,ZONA 15,COLEGIO CARL ROGERS,0 CALLE 18-40 VISTA HERMOSA II,23695165,NANCY CAROLINA NAVAS GONZÁLEZ,,BASICO,PRIVADO,URBANA,CERRADA TEMPORALMENTE,MONOLINGUE,MATUTINA,DIARIO(REGULAR),GUATEMALA ORIENTE
00-15-8285-46,01-503,CIUDAD CAPITAL,ZONA 15,COLEGIO CARL ROGERS,0 CALLE 18-40 VISTA HERMOSA II,23691565,NANCY CAROLINA NAVAS GONZÁLEZ,,DIVERSIFICADO,PRIVADO,URBANA,CERRADA TEMPORALMENTE,MONOLINGUE,MATUTINA,DIARIO(REGULAR),GUATEMALA ORIENTE
00-15-8294-42,01-505,CIUDAD CAPITAL,ZONA 15,JARDIN INFANTIL 'TODDLERS',19 AV. 'B' 0-26 VISTA HERMOSA II,23692788,NANCY PAOLA MONTERROSO HERNÁNDEZ,,PARVULOS,PRIVADO,URBANA,CERRADA DEFINITIVAMENTE,MONOLINGUE,MATUTINA,DIARIO(REGULAR),GUATEMALA ORIENTE
00-15-8360-42,01-509,CIUDAD CAPITAL,ZONA 15,COLEGIO  KINDLEIN,23 AVE. 0-52 VISTA HERMOSA II,23690428,NANCY CAROLINA NAVAS GONZÁLEZ,,PARVULOS,PRIVADO,URBANA,CERRADA TEMPORALMENTE,MONOLINGUE,MATUTINA,DIARIO(REGULAR),GUATEMALA ORIENTE
00-15-8410-42,01-99-0168,CIUDAD CAPITAL,ZONA 15,COLEGIO  FUTURO VIVO,10A. CALLE 21-97 VISTA HERMOSA III,23647499,ALBA MARICELA JOR PORTILLO,BRENDA PIEDAD MENDEZ GOMEZ,PARVULOS,PRIVADO,URBANA,ABIERTA,MONOLINGUE,MATUTINA,DIARIO(REGULAR),GUATEMALA ORIENTE
00-15-8411-43,01-99-0168,CIUDAD CAPITAL,ZONA 15,COLEGIO  FUTURO VIVO,10A. CALLE 21-97 VISTA HERMOSA III,23647499,ALBA MARICELA JOR PORTILLO,BRENDA PIEDAD MENDEZ GOMEZ,PRIMARIA,PRIVADO,URBANA,ABIERTA,MONOLINGUE,VESPERTINA,DIARIO(REGULAR),GUATEMALA ORIENTE
00-15-8443-42,01-99-0168,CIUDAD CAPITAL,ZONA 15,"KINDERGARTEN   "" EL ARBOL VERDE ""","19 AVENIDA 6-38, VISTA HERMOSA I",23690779,ALBA MARICELA JOR PORTILLO,WENDY ARELY ZELAYA,PARVULOS,PRIVADO,URBANA,ABIERTA,MONOLINGUE,MATUTINA,DIARIO(REGULAR),GUATEMALA ORIENTE
00-15-8507-42,01-505,CIUDAD CAPITAL,ZONA 15,COLEGIO 'DOMAN - LUDINGTON HOE',"20 AVENIDA 'A' 0-42, VISTA HERMOSA II",23690073,NANCY PAOLA MONTERROSO HERNÁNDEZ,,PARVULOS,PRIVADO,URBANA,CERRADA TEMPORALMENTE,MONOLINGUE,MATUTINA,DIARIO(REGULAR),GUATEMALA ORIENTE
00-15-8835-45,01-99-0168,CIUDAD CAPITAL,ZONA 15,CENTRO EDUCATIVO TERRA NOVA,21 AV. 3-36 VISTA HERMOSA I,38545101,ALBA MARICELA JOR PORTILLO,ANA KRISTINA FERNÁNDEZ RIVERA,BASICO,PRIVADO,URBANA,ABIERTA,MONOLINGUE,MATUTINA,DIARIO(REGULAR),GUATEMALA ORIENTE
00-15-9104-43,01-505,CIUDAD CAPITAL,ZONA 15,COLEGIO VILLA REAL DE OAKLAND,0 CALLE 15-56 COLONIA EL MAESTRO,23697022,NANCY PAOLA MONTERROSO HERNÁNDEZ,,PRIMARIA,PRIVADO,URBANA,CERRADA DEFINITIVAMENTE,MONOLINGUE,MATUTINA,DIARIO(REGULAR),GUATEMALA ORIENTE
00-15-9105-45,01-505,CIUDAD CAPITAL,ZONA 15,COLEGIO VILLA REAL DE OAKLAND,0 CALLE 15-56 COLONIA EL MAESTRO,23697022,NANCY PAOLA MONTERROSO HERNÁNDEZ,,BASICO,PRIVADO,URBANA,CERRADA DEFINITIVAMENTE,MONOLINGUE,MATUTINA,DIARIO(REGULAR),GUATEMALA ORIENTE
00-15-9106-46,01-505,CIUDAD CAPITAL,ZONA 15,COLEGIO VILLA REAL DE OAKLAND,0 CALLLE 15-56 COLONIA EL MAESTRO,23697022,NANCY PAOLA MONTERROSO HERNÁNDEZ,SIN DATO,DIVERSIFICADO,PRIVADO,URBANA,CERRADA DEFINITIVAMENTE,MONOLINGUE,MATUTINA,DIARIO(REGULAR),GUATEMALA ORIENTE
00-15-9160-43,01-644,CIUDAD CAPITAL,ZONA 15,COLEGIO  SINIBALDI,"8A. AVENIDA 17-19, COLONIA EL MAESTRO",24847817,LIGIA DEL ROSARIO RICCI VELASQUEZ,MARIA MERCEDES GALVEZ SINIBALDI,PRIMARIA,PRIVADO,URBANA,CERRADA DEFINITIVAMENTE,MONOLINGUE,MATUTINA,DIARIO(REGULAR),GUATEMALA ORIENTE
00-15-9161-45,01-644,CIUDAD CAPITAL,ZONA 15,COLEGIO  SINIBALDI,"8A. AVENIDA 17-19, COLONIA EL MAESTRO",24847817,LIGIA DEL ROSARIO RICCI VELASQUEZ,MARIA MERCEDES GALVEZ SINIBALDI,BASICO,PRIVADO,URBANA,CERRADA DEFINITIVAMENTE,MONOLINGUE,MATUTINA,DIARIO(REGULAR),GUATEMALA ORIENTE
00-15-9162-46,01-644,CIUDAD CAPITAL,ZONA 15,COLEGIO  SINIBALDI,"8A.  AVENIDA 17-19, COLONIA EL MAESTRO",24847817,LIGIA DEL ROSARIO RICCI VELASQUEZ,MARIA MERCEDES GALVEZ SINIBALDI,DIVERSIFICADO,PRIVADO,URBANA,CERRADA TEMPORALMENTE,MONOLINGUE,MATUTINA,DIARIO(REGULAR),GUATEMALA ORIENTE
00-15-9177-45,01-314,CIUDAD CAPITAL,ZONA 15,COLEGIO ALTAMIRA,1ERA. CALLE 20-55 VISTA HERMOSA II,23690752,PLINIO IVAN HERNANDEZ,ALBA MARICELA JOR PORTILLO,BASICO,PRIVADO,URBANA,CERRADA TEMPORALMENTE,MONOLINGUE,MATUTINA,DIARIO(REGULAR),GUATEMALA ORIENTE
00-15-9206-45,01-505,CIUDAD CAPITAL,ZONA 15,COLEGIO BILINGUE GOODMAN,23 AV. 3-45 VISTA HERMOSA I,23691618,NANCY PAOLA MONTERROSO HERNÁNDEZ,,BASICO,PRIVADO,URBANA,CERRADA DEFINITIVAMENTE,MONOLINGUE,MATUTINA,DIARIO(REGULAR),GUATEMALA ORIENTE
00-15-9304-46,01-99-0168,CIUDAD CAPITAL,ZONA 15,CENTRO EDUCATIVO TERRA NOVA,21 AV. 3-36 VISTA HERMOSA 1,38545101,ALBA MARICELA JOR PORTILLO,ANA KRISTINA FERNÁNDEZ RIVERA,DIVERSIFICADO,PRIVADO,URBANA,ABIERTA,MONOLINGUE,MATUTINA,DIARIO(REGULAR),GUATEMALA ORIENTE
00-15-9369-42,01-99-0168,CIUDAD CAPITAL,ZONA 15,COLEGIO PRE-ESCOLAR LIBRO MAGICO,21 AV. 0-26 VISTA HERMOSA II,23690952,ALBA MARICELA JOR PORTILLO,MARÍA ELENA CABRERA,PARVULOS,PRIVADO,URBANA,ABIERTA,MONOLINGUE,MATUTINA,DIARIO(REGULAR),GUATEMALA ORIENTE
00-15-9377-42,01-505,CIUDAD CAPITAL,ZONA 15,COLEGIO CHIQUILLOS,"23 AVENIDA 4-70, VISTA HERMOSA I",23857036,NANCY PAOLA MONTERROSO HERNÁNDEZ,,PARVULOS,PRIVADO,URBANA,CERRADA DEFINITIVAMENTE,MONOLINGUE,MATUTINA,DIARIO(REGULAR),GUATEMALA ORIENTE
00-15-9467-42,01-314,CIUDAD CAPITAL,ZONA 15,COLEGIO PRE-ESCOLAR CHIQUITINES,21 AV.  A  0-72 VISTA HERMOSA II,23691846,PLINIO IVAN HERNANDEZ,SILVIA PATRICIA ESTRADA ARANA,PARVULOS,PRIVADO,URBANA,CERRADA TEMPORALMENTE,MONOLINGUE,MATUTINA,DIARIO(REGULAR),GUATEMALA ORIENTE
00-15-9588-46,01-505,CIUDAD CAPITAL,ZONA 15,COLEGIO BILINGUE  GOODMAN,23 AVENIDA 3-45 VISTA HERMOSA I,23692760,NANCY PAOLA MONTERROSO HERNÁNDEZ,,DIVERSIFICADO,PRIVADO,URBANA,CERRADA DEFINITIVAMENTE,MONOLINGUE,MATUTINA,DIARIO(REGULAR),GUATEMALA ORIENTE
00-15-9765-46,01-314,CIUDAD CAPITAL,ZONA 15,CENTRO ESCOLAR KYOOL,"1A. CALLE 20-55, VISTA HERMOSA II",23690752,PLINIO IVAN HERNANDEZ,FLOR DE MARÍA DE LA GUERRERO ABASCAL,DIVERSIFICADO,PRIVADO,URBANA,CERRADA DEFINITIVAMENTE,MONOLINGUE,MATUTINA,DIARIO(REGULAR),GUATEMALA ORIENTE
00-16-0001-43,01-509,CIUDAD CAPITAL,ZONA 16,CENTRO EDUCATIVO EXPERIMENTAL LAS MARGARITAS,"4A. AVENIDA CALLE SANTA LUISA 12-20, ACATAN STA. ROSITA",,NANCY CAROLINA NAVAS GONZÁLEZ,MARIA ISABEL TEJADA ARGUETA DE SPRIGMUHI,PRIMARIA,PRIVADO,URBANA,CERRADA DEFINITIVAMENTE,MONOLINGUE,MATUTINA,DIARIO(REGULAR),GUATEMALA ORIENTE
00-16-0002-43,01-99-0169,CIUDAD CAPITAL,ZONA 16,CENTRO EDUCATIVO EXPERIMENTAL LAS MARGARITAS,"4A. AVENIDA CALLE SANTA LUISA 12-20, ACATAN STA. ROSITA",22081999,NANCY CAROLINA NAVAS GONZÁLEZ,SYLVIA MARÍA MOLINA JEREZ,PRIMARIA,PRIVADO,URBANA,ABIERTA,MONOLINGUE,MATUTINA,DIARIO(REGULAR),GUATEMALA ORIENTE
00-16-0003-45,01-99-0169,CIUDAD CAPITAL,ZONA 16,INEB,ALDEA ACATAN,22619038,NANCY CAROLINA NAVAS GONZÁLEZ,BAYRON RENATO POCASANGRE FONG,BASICO,OFICIAL,RURAL,ABIERTA,MONOLINGUE,VESPERTINA,DIARIO(REGULAR),GUATEMALA ORIENTE
00-16-0004-46,01-99-0169,CIUDAD CAPITAL,ZONA 16,LICEO CENTROAMERICANO,"4A. CALLE 1-24, SANTA ROSITA",22559541,NANCY CAROLINA NAVAS GONZÁLEZ,DORA LEONOR URRUTIA MORALES,DIVERSIFICADO,PRIVADO,URBANA,ABIERTA,MONOLINGUE,MATUTINA,DIARIO(REGULAR),GUATEMALA ORIENTE
00-16-0005-46,01-101,CIUDAD CAPITAL,ZONA 16,"ESCUELA EXPERIMENTAL DE APLICACION ""MIRON MUÑOZ""",ZONA 16,,YENI XIOMARA CRÚZ SARCEÑO,--------,DIVERSIFICADO,PRIVADO,URBANA,CERRADA DEFINITIVAMENTE,MONOLINGUE,MATUTINA,DIARIO(REGULAR),GUATEMALA ORIENTE
00-16-0006-46,01-99-0169,CIUDAD CAPITAL,ZONA 16,COLEGIO GUATEMALTECO BILINGUE,DIAGONAL 34 (CALLE REAL ACATAN) 32-51,22559540,NANCY CAROLINA NAVAS GONZÁLEZ,FABIOLA LORENA ARIAS FERNÁNDEZ,DIVERSIFICADO,PRIVADO,URBANA,ABIERTA,MONOLINGUE,MATUTINA,DIARIO(REGULAR),GUATEMALA ORIENTE
00-16-0007-45,01-99-0169,CIUDAD CAPITAL,ZONA 16,COLEGIO GUATEMALTECO BILINGUE,DIAGONAL 34 (CALLE REAL ACATAN) 32-51,22559540,NANCY CAROLINA NAVAS GONZÁLEZ,FABIOLA LORENA ARIAS FERNÁNDEZ,BASICO,PRIVADO,URBANA,ABIERTA,MONOLINGUE,MATUTINA,DIARIO(REGULAR),GUATEMALA ORIENTE
00-16-0008-43,01-99-0169,CIUDAD CAPITAL,ZONA 16,COLEGIO GUATEMALTECO BILINGUE,DIAGONAL 34 (CALLE REAL ACATAN) 32-51,22559540,NANCY CAROLINA NAVAS GONZÁLEZ,LUCY ETNA RUCKWARDT LYNCH,PRIMARIA,PRIVADO,URBANA,ABIERTA,MONOLINGUE,MATUTINA,DIARIO(REGULAR),GUATEMALA ORIENTE
00-16-0009-42,01-99-0169,CIUDAD CAPITAL,ZONA 16,COLEGIO GUATEMALTECO BILINGUE,DIAGONAL 34 (CALLE REAL ACATAN) 32-51,22559540,NANCY CAROLINA NAVAS GONZÁLEZ,MAYRA JUDITH MERIDA CASTAÑEDA,PARVULOS,PRIVADO,URBANA,ABIERTA,MONOLINGUE,MATUTINA,DIARIO(REGULAR),GUATEMALA ORIENTE
00-16-0010-42,01-99-0169,CIUDAD CAPITAL,ZONA 16,COLEGIO DE EDUCACION INICIAL BEE MORE LEARNING CENTER,"9A. AVENIDA ""A"" 7-00 ZONA 16, ACATAN",22612491,NANCY CAROLINA NAVAS GONZÁLEZ,MARÍA ISABEL QUIÑÓNEZ CASTELLANOS,PARVULOS,PRIVADO,URBANA,ABIERTA,MONOLINGUE,MATUTINA,DIARIO(REGULAR),GUATEMALA ORIENTE
00-16-0011-42,01-509,CIUDAD CAPITAL,ZONA 16,JARDIN INFANTIL LOS FRESNOS,24 CALLE 14-74,53011168,NANCY CAROLINA NAVAS GONZÁLEZ,DIANA PATRICIA DURÁN SOTO,PARVULOS,PRIVADO,URBANA,CERRADA TEMPORALMENTE,MONOLINGUE,MATUTINA,DIARIO(REGULAR),GUATEMALA ORIENTE
00-16-0012-43,01-99-0170,CIUDAD CAPITAL,ZONA 16,EORM ALDEA SAN GASPAR,9A. AVENIDA 25-30 COLONIA SAN GASPAR,35721043,ESTER ELIZABETH HERNANDEZ REYES,MERIE JOJANA PUAC GONZÁLEZ,PRIMARIA,OFICIAL,RURAL,ABIERTA,MONOLINGUE,VESPERTINA,DIARIO(REGULAR),GUATEMALA ORIENTE
00-16-0013-42,01-509,CIUDAD CAPITAL,ZONA 16,JARDIN INFANTIL FREIRE,"8A. AVENIDA 0-91, COLONIA LOURDES",22565262,NANCY CAROLINA NAVAS GONZÁLEZ,DORCAS EUNICE HINESTROZA GONZALEZ,PARVULOS,PRIVADO,URBANA,CERRADA DEFINITIVAMENTE,MONOLINGUE,MATUTINA,DIARIO(REGULAR),GUATEMALA ORIENTE
00-16-0014-45,01-99-0168,CIUDAD CAPITAL,ZONA 16,INEB NOCTURNO ANA CATALINA SOBERANIS REYES,1RA. AV. 4-28 ALDEA CONCEPCION LAS LOMAS,51446863,ALBA MARICELA JOR PORTILLO,JUAN FRANCISCO MEJÍA JUAREZ,BASICO,OFICIAL,URBANA,ABIERTA,MONOLINGUE,NOCTURNA,DIARIO(REGULAR),GUATEMALA ORIENTE
00-16-0015-43,01-99-0168,CIUDAD CAPITAL,ZONA 16,ESCUELA OFICIAL RURAL MIXTA NO.616 AMERICANA,1A. AVENIDA 4-28 COLONIA CONCEPCIÓN LAS LOMAS,58136727,ALBA MARICELA JOR PORTILLO,TAMMY MILANOVA DURAN ALVARADO,PRIMARIA,OFICIAL,URBANA,ABIERTA,MONOLINGUE,MATUTINA,DIARIO(REGULAR),GUATEMALA ORIENTE
00-16-0016-46,01-99-0169,CIUDAD CAPITAL,ZONA 16,COLEGIO LOS ANGELES,"FINCA EL PULTÉ, SANTA ROSITA",55210419,NANCY CAROLINA NAVAS GONZÁLEZ,KARLA RAQUEL PIRÍR YOCUTÉ,DIVERSIFICADO,PRIVADO,URBANA,ABIERTA,MONOLINGUE,MATUTINA,DIARIO(REGULAR),GUATEMALA ORIENTE
00-16-0017-46,01-99-0170,CIUDAD CAPITAL,ZONA 16,"INSTITUTO DE EDUCACIÓN DIVERSIFICADA POR COOPERATIVA ""SANTA ROSITA""",4A. AVENIDA 05-72 COLONIA SANTA ROSITA,22559038,ESTER ELIZABETH HERNANDEZ REYES,LUIS FELIPE OLIVA TORRES,DIVERSIFICADO,COOPERATIVA,URBANA,ABIERTA,MONOLINGUE,VESPERTINA,DIARIO(REGULAR),GUATEMALA ORIENTE
00-16-0018-43,01-99-0170,CIUDAD CAPITAL,ZONA 16,CENTRO EDUCATIVO DE ALTO RENDIMIENTO,BOULEVAR RAFAEL LANDIVAR 10-05 ZONA 16 CENTRO COMERCIAL PASEO CAYALA GUATEMALA,24938550,ESTER ELIZABETH HERNANDEZ REYES,BETTY CONSUELO GARCIA BERNAL DE CASTAÑEDA,PRIMARIA,PRIVADO,URBANA,ABIERTA,MONOLINGUE,MATUTINA,SEMIPRESENCIAL,GUATEMALA ORIENTE
00-16-0019-45,01-99-0170,CIUDAD CAPITAL,ZONA 16,CENTRO EDUCATIVO DE ALTO RENDIMIENTO,BOULEVAR RAFAEL LANDÍIVAR 10-05 ZONA 16 CENTRO COMERCIAL PASEO CAYALA GUATEMALA,24938550,ESTER ELIZABETH HERNANDEZ REYES,BETTY CONSUELO GARCIA BERNAL DE CASTAÑEDA,BASICO,PRIVADO,URBANA,ABIERTA,MONOLINGUE,MATUTINA,SEMIPRESENCIAL,GUATEMALA ORIENTE
00-16-0020-46,01-99-0170,CIUDAD CAPITAL,ZONA 16,CENTRO EDUCATIVO DE ALTO RENDIMIENTO,BOULEVAR RAFAEL LANDÍIVAR 10-05 ZONA 16 CENTRO COMERCIAL PASEO CAYALA GUATEMALA,24938550,ESTER ELIZABETH HERNANDEZ REYES,BETTY CONSUELO GARCIA BERNAL DE CASTAÑEDA,DIVERSIFICADO,PRIVADO,URBANA,ABIERTA,MONOLINGUE,MATUTINA,SEMIPRESENCIAL,GUATEMALA ORIENTE
00-16-0021-42,01-99-0170,CIUDAD CAPITAL,ZONA 16,COLEGIO APDE CONNECTIONS CAYALÁ,"BOULEVARD AUSTRIACO 33-18 OFICINAS 2, 3 Y 4 NIVEL 1 EDIFICIO C EDIFICIO LIRIOS DE CAYALÁ",24135890,ESTER ELIZABETH HERNANDEZ REYES,ELIZABETH MICHELLE GUERRA OLIVA,PARVULOS,PRIVADO,URBANA,ABIERTA,MONOLINGUE,MATUTINA,DIARIO(REGULAR),GUATEMALA ORIENTE
00-16-0022-42,01-99-0170,CIUDAD CAPITAL,ZONA 16,CENTRO EDUCATIVO DE ALTO RENDIMIENTO CEAR,"BOULEVARD RAFAEL LANDIVAR 10-05 CENTRO COMERCIAL PASEO CAYALA, EDIFICIO D1, OFICIANA 201B",24938550,ESTER ELIZABETH HERNANDEZ REYES,MONICA XIOMARA SANDOVAL GOMEZ,PARVULOS,PRIVADO,URBANA,ABIERTA,MONOLINGUE,MATUTINA,SEMIPRESENCIAL,GUATEMALA ORIENTE
00-16-0023-45,01-99-0169,CIUDAD CAPITAL,ZONA 16,COLEGIO VIRTUAL VALLEY SCHOOL GUATEMALA,27 CALLE 12-69 COLONIA ACATÁN,23273267,NANCY CAROLINA NAVAS GONZÁLEZ,DEBBIE AGATHA MICHELLE ALVAREZ MENDOZA,BASICO,PRIVADO,URBANA,ABIERTA,MONOLINGUE,VESPERTINA,A DISTANCIA,GUATEMALA ORIENTE
00-16-0024-42,01-99-0170,CIUDAD CAPITAL,ZONA 16,TINY HEARTS S.A.,03 CALLE 06-40 COLONIA LOURDES,22214051,ESTER ELIZABETH HERNANDEZ REYES,KINDLY ESTEFANY JUÁREZ COYOY,PARVULOS,PRIVADO,URBANA,ABIERTA,MONOLINGUE,MATUTINA,DIARIO(REGULAR),GUATEMALA ORIENTE
00-16-0770-45,01-99-0170,CIUDAD CAPITAL,ZONA 16,COLEGIO  VON HUMBOLDT,"27 AVENIDA 15-00, JARDINES DE SAN ISIDRO",23557800,ESTER ELIZABETH HERNANDEZ REYES,DIEGO ARNOLDO GÓMEZ OVANDO,BASICO,PRIVADO,URBANA,ABIERTA,MONOLINGUE,MATUTINA,DIARIO(REGULAR),GUATEMALA ORIENTE
00-16-0770-46,01-99-0170,CIUDAD CAPITAL,ZONA 16,COLEGIO  VON HUMBOLDT,"27 AVENIDA 15-00, JARDINES DE SAN ISIDRO.",23557800,ESTER ELIZABETH HERNANDEZ REYES,DIEGO ARNOLDO GÓMEZ OVANDO,DIVERSIFICADO,PRIVADO,URBANA,ABIERTA,MONOLINGUE,MATUTINA,DIARIO(REGULAR),GUATEMALA ORIENTE
00-16-0990-42,01-509,CIUDAD CAPITAL,ZONA 16,EPDP ANEXA A COLEGIO 'VIENA',20 AVENIDA 20-45,23641803,NANCY CAROLINA NAVAS GONZÁLEZ,,PARVULOS,PRIVADO,URBANA,CERRADA DEFINITIVAMENTE,MONOLINGUE,VESPERTINA,DIARIO(REGULAR),GUATEMALA ORIENTE
00-16-0991-42,01-99-0170,CIUDAD CAPITAL,ZONA 16,COLEGIO  INTERAMERICANO,"11 AVENIDA 06-75, INTERIOR 1, ZONA 16",22002990,ESTER ELIZABETH HERNANDEZ REYES,SILVIA BEATRIZ MUÑOZ GALVEZ,PARVULOS,PRIVADO,URBANA,ABIERTA,MONOLINGUE,MATUTINA,DIARIO(REGULAR),GUATEMALA ORIENTE
00-16-0992-42,01-99-0169,CIUDAD CAPITAL,ZONA 16,INSTITUTO  AUSTRIACO GUATEMALTECO,BOULEVARD AUSTRIACO 23-90,23091900,NANCY CAROLINA NAVAS GONZÁLEZ,EUGENIA MARÍA DE LA PEÑA ARRILLAGA,PARVULOS,PRIVADO,URBANA,ABIERTA,MONOLINGUE,MATUTINA,DIARIO(REGULAR),GUATEMALA ORIENTE
00-16-0993-43,01-99-0169,CIUDAD CAPITAL,ZONA 16,INSTITUTO AUSTRIACO GUATEMALTECO,BOULEVARD AUSTRIACO 23-90,23239191,NANCY CAROLINA NAVAS GONZÁLEZ,MÓNICA ELLIS ROSALES AQUINO,PRIMARIA,PRIVADO,URBANA,ABIERTA,MONOLINGUE,MATUTINA,DIARIO(REGULAR),GUATEMALA ORIENTE
00-16-0995-43,01-99-0170,CIUDAD CAPITAL,ZONA 16,COLEGIO  INTERAMERICANO,"11 AVENIDA 06-75, INTERIOR 1, ZONA 16",22002990,ESTER ELIZABETH HERNANDEZ REYES,HILDA  MIRANDA UMAÑA,PRIMARIA,PRIVADO,URBANA,ABIERTA,MONOLINGUE,MATUTINA,DIARIO(REGULAR),GUATEMALA ORIENTE
00-16-0996-43,01-509,CIUDAD CAPITAL,ZONA 16,COLEGIO 'VIENA',20 AVENIDA 20-45,22610208,NANCY CAROLINA NAVAS GONZÁLEZ,,PRIMARIA,PRIVADO,URBANA,CERRADA DEFINITIVAMENTE,MONOLINGUE,VESPERTINA,DIARIO(REGULAR),GUATEMALA ORIENTE
00-16-0997-45,01-509,CIUDAD CAPITAL,ZONA 16,IPMB COLEGIO 'VIENA',20 AVENIDA 20-45,22610208,NANCY CAROLINA NAVAS GONZÁLEZ,,BASICO,PRIVADO,URBANA,CERRADA DEFINITIVAMENTE,MONOLINGUE,VESPERTINA,DIARIO(REGULAR),GUATEMALA ORIENTE
00-16-0997-46,01-509,CIUDAD CAPITAL,ZONA 16,INSTITUTO PRIVADO MIXTO DE EDUCACION DIVERSIFICADA COLEGIO VIENA,20 AVENIDA 20-45,22610208,NANCY CAROLINA NAVAS GONZÁLEZ,SIN DATO,DIVERSIFICADO,PRIVADO,URBANA,CERRADA DEFINITIVAMENTE,MONOLINGUE,VESPERTINA,DIARIO(REGULAR),GUATEMALA ORIENTE
00-16-0998-45,01-99-0170,CIUDAD CAPITAL,ZONA 16,COLEGIO  INTERAMERICANO,"11 AVENIDA 06-75, INTERIOR 1, ZONA 16 GUATEMALA",22002990,ESTER ELIZABETH HERNANDEZ REYES,MARÍA VICTORIA PIRA MARTÍNEZ,BASICO,PRIVADO,URBANA,ABIERTA,MONOLINGUE,MATUTINA,DIARIO(REGULAR),GUATEMALA ORIENTE
00-16-0998-46,01-99-0170,CIUDAD CAPITAL,ZONA 16,COLEGIO  INTERAMERICANO,"11 AVENIDA 06-75, INTERIOR 1, ZONA 16 GUATEMALA",22002990,ESTER ELIZABETH HERNANDEZ REYES,MARÍA VICTORIA PIRA MARTÍNEZ,DIVERSIFICADO,PRIVADO,URBANA,ABIERTA,MONOLINGUE,MATUTINA,DIARIO(REGULAR),GUATEMALA ORIENTE
00-16-0999-45,01-99-0169,CIUDAD CAPITAL,ZONA 16,INSTITUTO AUSTRIACO GUATEMALTECO,BOULEVARD AUSTRIACO 23-90,23091900,NANCY CAROLINA NAVAS GONZÁLEZ,CARMEN AIDA HERNÁNDEZ MENDÍA DE GARCÍA,BASICO,PRIVADO,URBANA,ABIERTA,MONOLINGUE,MATUTINA,DIARIO(REGULAR),GUATEMALA ORIENTE
00-16-0999-46,01-99-0169,CIUDAD CAPITAL,ZONA 16,INSTITUTO AUSTRIACO GUATEMALTECO,BOULEVARD AUSTRIACO 23-90,23091900,NANCY CAROLINA NAVAS GONZÁLEZ,CARMEN AIDA HERNÁNDEZ MENDÍA DE GARCÍA,DIVERSIFICADO,PRIVADO,URBANA,ABIERTA,MONOLINGUE,MATUTINA,DIARIO(REGULAR),GUATEMALA ORIENTE
00-16-2580-42,01-99-0170,CIUDAD CAPITAL,ZONA 16,COLEGIO  VON HUMBOLDT,27 AVENIDA 15-00 COL. JARDINES DE SAN ISIDRO.,23557800,ESTER ELIZABETH HERNANDEZ REYES,LILIAN CAROLINA DÍAZ ALVARADO,PARVULOS,PRIVADO,URBANA,ABIERTA,MONOLINGUE,MATUTINA,DIARIO(REGULAR),GUATEMALA ORIENTE
00-16-2580-43,01-99-0170,CIUDAD CAPITAL,ZONA 16,COLEGIO VON HUMBOLDT,"27 AVENIDA 15-00, JARDINES DE SAN ISIDRO",23557800,ESTER ELIZABETH HERNANDEZ REYES,VARDA GIOVANNA SIERRA GÓMEZ,PRIMARIA,PRIVADO,URBANA,ABIERTA,MONOLINGUE,MATUTINA,DIARIO(REGULAR),GUATEMALA ORIENTE
00-16-2940-44,01-99-0170,CIUDAD CAPITAL,ZONA 16,EOPA NO.55  SANTA ROSITA,ALDEA SANTA ROSITA ZONA 16,59385172,ESTER ELIZABETH HERNANDEZ REYES,CARLOS ALBERTO RODAS VASQUEZ,PRIMARIA DE ADULTOS,OFICIAL,URBANA,ABIERTA,MONOLINGUE,NOCTURNA,DIARIO(REGULAR),GUATEMALA ORIENTE
00-16-2995-42,01-99-0170,CIUDAD CAPITAL,ZONA 16,COLEGIO BILINGUE LOURDES,1A. CALLE 9-21 COLONIA LOURDES,59379834,ESTER ELIZABETH HERNANDEZ REYES,JENNY RAQUEL GOLCHER CUÉLLAR,PARVULOS,PRIVADO,URBANA,ABIERTA,MONOLINGUE,MATUTINA,DIARIO(REGULAR),GUATEMALA ORIENTE
00-16-2995-43,01-99-0170,CIUDAD CAPITAL,ZONA 16,COLEGIO BILINGUE 'LOURDES',1A. CALLE 9-21 COLONIA LOURDES,59379834,ESTER ELIZABETH HERNANDEZ REYES,JORGE RAFAEL ALVARADO IBAÑEZ,PRIMARIA,PRIVADO,URBANA,ABIERTA,MONOLINGUE,MATUTINA,DIARIO(REGULAR),GUATEMALA ORIENTE
00-16-3079-43,,CIUDAD CAPITAL,ZONA 16,EORM,ALDEA SAN GASPAR,23641478,,,PRIMARIA,OFICIAL,RURAL,CERRADA DEFINITIVAMENTE,MONOLINGUE,MATUTINA,DIARIO(REGULAR),GUATEMALA ORIENTE
00-16-3147-42,,CIUDAD CAPITAL,ZONA 16,EPDP 'LOS ANGELES',"FINCA EL PULTE, SANTA ROSITA",,,,PARVULOS,PRIVADO,URBANA,CERRADA DEFINITIVAMENTE,MONOLINGUE,MATUTINA,DIARIO(REGULAR),GUATEMALA ORIENTE
00-16-3147-43,01-99-0169,CIUDAD CAPITAL,ZONA 16,COLEGIO LOS ANGELES,FINCA EL PULTE SANTA ROSITA,55210419,NANCY CAROLINA NAVAS GONZÁLEZ,KAREN  TRINIDAD CONDE,PRIMARIA,PRIVADO,URBANA,ABIERTA,MONOLINGUE,MATUTINA,DIARIO(REGULAR),GUATEMALA ORIENTE
00-16-3164-42,01-105,CIUDAD CAPITAL,ZONA 16,EODP ANEXA EORM,ALDEA MONTEZANO,,YAMILET VERSALÍ AGUÍLAR PÉREZ,,PARVULOS,OFICIAL,RURAL,CERRADA TEMPORALMENTE,MONOLINGUE,MATUTINA,DIARIO(REGULAR),GUATEMALA ORIENTE
00-16-3164-43,01-105,CIUDAD CAPITAL,ZONA 16,EORM,ALDEA MONTEZANO,,YAMILET VERSALÍ AGUÍLAR PÉREZ,,PRIMARIA,OFICIAL,RURAL,CERRADA TEMPORALMENTE,MONOLINGUE,MATUTINA,DIARIO(REGULAR),GUATEMALA ORIENTE
00-16-4020-42,01-99-0170,CIUDAD CAPITAL,ZONA 16,"EODP ANEXA A EOUM NO.106  ""MARIO MENDEZ MONTENEGRO""",9A. CALLE 5-06 COLONIA SANTA ROSITA GUATEMALA,22610844,ESTER ELIZABETH HERNANDEZ REYES,EDNA ESMERALDA CULAJAY GUZMÁN,PARVULOS,OFICIAL,URBANA,ABIERTA,MONOLINGUE,MATUTINA,DIARIO(REGULAR),GUATEMALA ORIENTE
00-16-4028-42,,CIUDAD CAPITAL,ZONA 16,EPDP ANEXA A ESCUELA EXPERIMENTAL CRISTIANA 'EL VERBO'.,CARRETERA A SAN ISIDRO ALDEA ACATAN,,,,PARVULOS,PRIVADO,RURAL,CERRADA DEFINITIVAMENTE,MONOLINGUE,MATUTINA,DIARIO(REGULAR),GUATEMALA ORIENTE
00-16-4031-42,01-99-0169,CIUDAD CAPITAL,ZONA 16,EODP ANEXA A EORM NO.608  HILDA ALICIA GONZALEZ APARICIO DE FALLA,"3A. CALLE 9-81, COLONIA ACATÁN",55329323,NANCY CAROLINA NAVAS GONZÁLEZ,ANGÉLICA LETICIA RAMÍREZ PINEDA,PARVULOS,OFICIAL,RURAL,ABIERTA,MONOLINGUE,MATUTINA,DIARIO(REGULAR),GUATEMALA ORIENTE
00-16-4033-42,01-99-0168,CIUDAD CAPITAL,ZONA 16,EODP ANEXA A EORM NO.616 AMERICANA,"1A. AVENIDA 4-28, COLONIA CONCEPCIÓN LAS LOMAS",55129677,ALBA MARICELA JOR PORTILLO,ANABELLA DEL ROSARIO CALDERON VASQUEZ,PARVULOS,OFICIAL,RURAL,ABIERTA,MONOLINGUE,VESPERTINA,DIARIO(REGULAR),GUATEMALA ORIENTE
00-16-4628-42,01-99-0169,CIUDAD CAPITAL,ZONA 16,COLEGIO  EL SAGRADO CORAZON DE JESUS,"27 CALLE 12-69, ACATAN",23273232,NANCY CAROLINA NAVAS GONZÁLEZ,DEBORA ALEJANDRA GUERRERO REYES,PARVULOS,PRIVADO,URBANA,ABIERTA,MONOLINGUE,MATUTINA,DIARIO(REGULAR),GUATEMALA ORIENTE
00-16-4721-43,01-99-0169,CIUDAD CAPITAL,ZONA 16,COLEGIO EL SAGRADO CORAZON DE JESUS,"27 CALLE 12-69, ACATAN",23273232,NANCY CAROLINA NAVAS GONZÁLEZ,FERNANDA MARÍA ECHEVERRÍA VELA,PRIMARIA,PRIVADO,URBANA,ABIERTA,MONOLINGUE,MATUTINA,DIARIO(REGULAR),GUATEMALA ORIENTE
00-16-7139-43,,CIUDAD CAPITAL,ZONA 16,COLEGIO SAGRADO CORAZON DE JESUS,4A CALLE 11-23 ZONA 16 ACATAN,22558845 AL 47,,,PRIMARIA,PRIVADO,URBANA,CERRADA DEFINITIVAMENTE,MONOLINGUE,MATUTINA,DIARIO(REGULAR),GUATEMALA ORIENTE
00-16-7197-46,01-99-0170,CIUDAD CAPITAL,ZONA 16,COLEGIO BILINGUE LOURDES,1A. CALLE 9-21 COLONIA LOURDES,59379834,ESTER ELIZABETH HERNANDEZ REYES,LUISA FERNANDA ALVARADO ARRIAGA,DIVERSIFICADO,PRIVADO,URBANA,ABIERTA,MONOLINGUE,MATUTINA,DIARIO(REGULAR),GUATEMALA ORIENTE
00-16-7198-45,01-99-0170,CIUDAD CAPITAL,ZONA 16,COLEGIO BILINGUE LOURDES,1A. CALLE 9-21 COLONIA LOURDES,59379834,ESTER ELIZABETH HERNANDEZ REYES,LUISA FERNANDA ALVARADO ARRIAGA,BASICO,PRIVADO,URBANA,ABIERTA,MONOLINGUE,MATUTINA,DIARIO(REGULAR),GUATEMALA ORIENTE
00-16-7288-45,,CIUDAD CAPITAL,ZONA 16,COLEGIO CATOLICO MIXTO 'SANTA ROSITA',4A. AVE. Y 6A. CALLE ESQUINA COLONIA SANTA ROSITA,22559148,,,BASICO,PRIVADO,URBANA,CERRADA TEMPORALMENTE,MONOLINGUE,MATUTINA,DIARIO(REGULAR),GUATEMALA ORIENTE
00-16-7457-42,01-99-0169,CIUDAD CAPITAL,ZONA 16,EODP ANEXA A EORM NO. 604 ROSA PARDO DE LANUZA,"0 AVENIDA 01-98, ALDEA LAS VACAS",42618025,NANCY CAROLINA NAVAS GONZÁLEZ,BLANCA ELIZABETH DE LEÓN VÁSQUEZ,PARVULOS,OFICIAL,RURAL,ABIERTA,MONOLINGUE,MATUTINA,DIARIO(REGULAR),GUATEMALA ORIENTE
00-16-7458-42,01-99-0170,CIUDAD CAPITAL,ZONA 16,EODP ANEXA A EORM ALDEA SAN GASPAR,9A. AVENIDA 25-30 COLONIA SAN GASPAR,47458922,ESTER ELIZABETH HERNANDEZ REYES,MERIE JOJANA PUAC GONZÁLEZ,PARVULOS,OFICIAL,RURAL,ABIERTA,MONOLINGUE,VESPERTINA,DIARIO(REGULAR),GUATEMALA ORIENTE
00-16-7459-43,01-99-0168,CIUDAD CAPITAL,ZONA 16,EORM NO.616 AMERICANA,"1A. AVENIDA 4-28, COLONIA CONCEPCION LAS LOMAS",55129677,ALBA MARICELA JOR PORTILLO,ANABELLA DEL ROSARIO CALDERON VASQUEZ,PRIMARIA,OFICIAL,RURAL,ABIERTA,MONOLINGUE,VESPERTINA,DIARIO(REGULAR),GUATEMALA ORIENTE
00-16-7460-43,01-99-0169,CIUDAD CAPITAL,ZONA 16,EORM NO.608  HILDA ALICIA GONZALEZ APARICIO DE FALLA,"3A. CALLE 9-81, COLONIA ACATÁN",55329323,NANCY CAROLINA NAVAS GONZÁLEZ,ANGÉLICA LETICIA RAMÍREZ PINEDA,PRIMARIA,OFICIAL,RURAL,ABIERTA,MONOLINGUE,MATUTINA,DIARIO(REGULAR),GUATEMALA ORIENTE
00-16-7461-43,01-99-0169,CIUDAD CAPITAL,ZONA 16,EORM NO.604 ROSA PARDO DE LANUZA,"0 AVENIDA 01-98, ALDEA LAS VACAS",42618025,NANCY CAROLINA NAVAS GONZÁLEZ,BLANCA ELIZABETH DE LEÓN VÁSQUEZ,PRIMARIA,OFICIAL,RURAL,ABIERTA,MONOLINGUE,MATUTINA,DIARIO(REGULAR),GUATEMALA ORIENTE
00-16-7462-43,01-505,CIUDAD CAPITAL,ZONA 16,EORM NO.116 AMERICANA,CONCEPCION LAS LOMAS,,NANCY PAOLA MONTERROSO HERNÁNDEZ,,PRIMARIA,OFICIAL,URBANA,CERRADA DEFINITIVAMENTE,MONOLINGUE,MATUTINA,DIARIO(REGULAR),GUATEMALA ORIENTE
00-16-7463-43,01-99-0170,CIUDAD CAPITAL,ZONA 16,EOUM NO.131  MARIO MENDEZ MONTENEGRO,9A. CALLE 5-06 COLONIA SANTA ROSITA,22610605,ESTER ELIZABETH HERNANDEZ REYES,AURA NINETH REYES JUÁREZ,PRIMARIA,OFICIAL,URBANA,ABIERTA,MONOLINGUE,VESPERTINA,DIARIO(REGULAR),GUATEMALA ORIENTE
00-16-7464-43,01-99-0170,CIUDAD CAPITAL,ZONA 16,"EOUM NO.106 ""MARIO MENDEZ MONTENEGRO""",9A. CALLE 5-06 COLONIA SANTA ROSITA GUATEMALA,22610844,ESTER ELIZABETH HERNANDEZ REYES,EDNA ESMERALDA CULAJAY GUZMÁN,PRIMARIA,OFICIAL,URBANA,ABIERTA,MONOLINGUE,MATUTINA,DIARIO(REGULAR),GUATEMALA ORIENTE
00-16-7465-43,,CIUDAD CAPITAL,ZONA 16,EORM NO.2200,ALDEA SAN GASPAR,,,,PRIMARIA,OFICIAL,RURAL,CERRADA DEFINITIVAMENTE,MONOLINGUE,VESPERTINA,DIARIO(REGULAR),GUATEMALA ORIENTE
00-16-7518-45,01-509,CIUDAD CAPITAL,ZONA 16,COLEGIO GUATEMALTECO BILINGUE,0 AV. 0-00 SANTA ROSITA,22559540,NANCY CAROLINA NAVAS GONZÁLEZ,,BASICO,PRIVADO,URBANA,CERRADA DEFINITIVAMENTE,MONOLINGUE,MATUTINA,DIARIO(REGULAR),GUATEMALA ORIENTE
00-16-7519-46,01-509,CIUDAD CAPITAL,ZONA 16,COLEGIO GUATEMALTECO BILINGUE,0 AV. 0-00 SANTA ROSITA,22559540,NANCY CAROLINA NAVAS GONZÁLEZ,SIN DATO,DIVERSIFICADO,PRIVADO,URBANA,CERRADA DEFINITIVAMENTE,MONOLINGUE,MATUTINA,DIARIO(REGULAR),GUATEMALA ORIENTE
00-16-7550-45,01-99-0169,CIUDAD CAPITAL,ZONA 16,COLEGIO EL SAGRADO CORAZON DE JESUS,"27 CALLE 12-69, ACATAN",23273232,NANCY CAROLINA NAVAS GONZÁLEZ,CATALINA  FLORIS NOGUÉ,BASICO,PRIVADO,URBANA,ABIERTA,MONOLINGUE,MATUTINA,DIARIO(REGULAR),GUATEMALA ORIENTE
00-16-7558-42,01-99-0168,CIUDAD CAPITAL,ZONA 16,EODP ANEXA A EORM NO. 616 AMERICANA,1A. AVENIDA 4-28 COLONIA CONCEPCIÓN LAS LOMAS,58136727,ALBA MARICELA JOR PORTILLO,TAMMY MILANOVA DURAN ALVARADO,PARVULOS,OFICIAL,URBANA,ABIERTA,MONOLINGUE,MATUTINA,DIARIO(REGULAR),GUATEMALA ORIENTE
00-16-7691-42,01-509,CIUDAD CAPITAL,ZONA 16,EODP ANEXA A EORM,"ALDEA ACATAN ZONA 16, GUATEMALA",,NANCY CAROLINA NAVAS GONZÁLEZ,,PARVULOS,OFICIAL,RURAL,CERRADA TEMPORALMENTE,MONOLINGUE,VESPERTINA,DIARIO(REGULAR),GUATEMALA ORIENTE
00-16-7773-46,01-99-0169,CIUDAD CAPITAL,ZONA 16,COLEGIO EL SAGRADO CORAZON DE JESUS,27 CALLE 12-69 ACATAN,23273232,NANCY CAROLINA NAVAS GONZÁLEZ,CATALINA  FLORIS NOGUÉ,DIVERSIFICADO,PRIVADO,URBANA,ABIERTA,MONOLINGUE,MATUTINA,DIARIO(REGULAR),GUATEMALA ORIENTE
00-16-7956-42,,CIUDAD CAPITAL,ZONA 16,COLEGIO 'FUTURO VIVO',"2A. AVENIDA 3-50, CONCEPCION LAS LOMAS",23640891,,,PARVULOS,PRIVADO,URBANA,CERRADA DEFINITIVAMENTE,MONOLINGUE,MATUTINA,DIARIO(REGULAR),GUATEMALA ORIENTE
00-16-7967-43,,CIUDAD CAPITAL,ZONA 16,COLEGIO INTERAMERICANO SAN GASPAR,ALDEA SAN GASPAR ZONA 16,,,,PRIMARIA,PRIVADO,URBANA,CERRADA DEFINITIVAMENTE,BILINGUE,MATUTINA,DIARIO(REGULAR),GUATEMALA ORIENTE
00-16-7968-42,,CIUDAD CAPITAL,ZONA 16,COLEGIO INTERAMERICANO SAN GASPAR,,,,,PARVULOS,PRIVADO,URBANA,CERRADA DEFINITIVAMENTE,BILINGUE,MATUTINA,DIARIO(REGULAR),GUATEMALA ORIENTE
00-16-8002-42,01-509,CIUDAD CAPITAL,ZONA 16,COLEGIO MIXTO  LAS LOMAS,3A. AVE. 3-58 COLONIA CONCEPCION LAS LOMAS,23640276,NANCY CAROLINA NAVAS GONZÁLEZ,CATALINA FLORIS NOGUE DE GONZALEZ,PARVULOS,PRIVADO,URBANA,CERRADA TEMPORALMENTE,MONOLINGUE,MATUTINA,DIARIO(REGULAR),GUATEMALA ORIENTE
00-16-8003-43,01-509,CIUDAD CAPITAL,ZONA 16,COLEGIO MIXTO  LAS LOMAS,3A. AVE. 3-58 COLONIA CONCEPCION LAS LOMAS,23640276,NANCY CAROLINA NAVAS GONZÁLEZ,,PRIMARIA,PRIVADO,URBANA,CERRADA TEMPORALMENTE,MONOLINGUE,MATUTINA,DIARIO(REGULAR),GUATEMALA ORIENTE
00-16-8004-45,01-505,CIUDAD CAPITAL,ZONA 16,COLEGIO MIXTO 'LAS LOMAS',3A. AVE. 3-58 COLONIA CONCEPCION LAS LOMAS,23640276,NANCY PAOLA MONTERROSO HERNÁNDEZ,,BASICO,PRIVADO,URBANA,CERRADA DEFINITIVAMENTE,MONOLINGUE,MATUTINA,DIARIO(REGULAR),GUATEMALA ORIENTE
00-16-8090-42,01-509,CIUDAD CAPITAL,ZONA 16,COLEGIO GUATEMALTECO BILINGUE,ACATAN SANTA ROSITA,22559540,NANCY CAROLINA NAVAS GONZÁLEZ,,PARVULOS,PRIVADO,URBANA,CERRADA DEFINITIVAMENTE,MONOLINGUE,MATUTINA,DIARIO(REGULAR),GUATEMALA ORIENTE
00-16-8091-43,01-509,CIUDAD CAPITAL,ZONA 16,COLEGIO GUATEMALTECO BILINGUE,ACATAN SANTA ROSITA,22559540,NANCY CAROLINA NAVAS GONZÁLEZ,,PRIMARIA,PRIVADO,URBANA,CERRADA DEFINITIVAMENTE,MONOLINGUE,MATUTINA,DIARIO(REGULAR),GUATEMALA ORIENTE
00-16-8193-42,01-99-0170,CIUDAD CAPITAL,ZONA 16,EODP ANEXA A EOUM NO.131  MARIO MENDEZ MONTENEGRO,9A. CALLE 5-06 COLONIA SANTA ROSITA,22610605,ESTER ELIZABETH HERNANDEZ REYES,AURA NINETH REYES JUÁREZ,PARVULOS,OFICIAL,URBANA,ABIERTA,MONOLINGUE,VESPERTINA,DIARIO(REGULAR),GUATEMALA ORIENTE
00-16-8287-42,01-99-0170,CIUDAD CAPITAL,ZONA 16,COLEGIO CRISTIANO BILINGUE EL SHADDAI,COLONIA KANAJUYU ALDEA SAN GASPAR,23885400,ESTER ELIZABETH HERNANDEZ REYES,VIVIAN YADIRA OBREGÓN VELÁSQUEZ,PARVULOS,PRIVADO,URBANA,ABIERTA,MONOLINGUE,MATUTINA,DIARIO(REGULAR),GUATEMALA ORIENTE
00-16-8288-43,01-99-0170,CIUDAD CAPITAL,ZONA 16,COLEGIO CRISTIANO BILINGUE EL SHADDAI,COLONIA KANAJUYU ALDEA SAN GASPAR,23885400,ESTER ELIZABETH HERNANDEZ REYES,ISABELITA DEL CARMEN ESCOBAR MORALES,PRIMARIA,PRIVADO,URBANA,ABIERTA,MONOLINGUE,MATUTINA,DIARIO(REGULAR),GUATEMALA ORIENTE
00-16-8289-45,01-99-0170,CIUDAD CAPITAL,ZONA 16,COLEGIO CRISTIANO BILINGUE EL SHADDAI,COLONIA KANAJUYU ALDEA SAN GASPAR,23885400,ESTER ELIZABETH HERNANDEZ REYES,CLARA LUCRECIA HERNANDÉZ HERNANDÉZ,BASICO,PRIVADO,URBANA,ABIERTA,MONOLINGUE,MATUTINA,DIARIO(REGULAR),GUATEMALA ORIENTE
00-16-8290-46,01-99-0170,CIUDAD CAPITAL,ZONA 16,COLEGIO CRISTIANO BILINGUE EL SHADDAI,COLONIA KANAJUYU ALDEA SAN GASPAR,23885400,ESTER ELIZABETH HERNANDEZ REYES,CLARA LUCRECIA HERNANDÉZ HERNANDÉZ,DIVERSIFICADO,PRIVADO,URBANA,ABIERTA,MONOLINGUE,MATUTINA,DIARIO(REGULAR),GUATEMALA ORIENTE
00-16-8495-43,01-99-0170,CIUDAD CAPITAL,ZONA 16,EORM PADRE JOSE NOE LEMUS MUÑOZ,"9A. AVENIDA 25-30, COLONIA SAN GASPAR",47606401,ESTER ELIZABETH HERNANDEZ REYES,ELVIA LISSETTE FLORES GAITÁN,PRIMARIA,OFICIAL,RURAL,ABIERTA,MONOLINGUE,MATUTINA,DIARIO(REGULAR),GUATEMALA ORIENTE
00-16-8536-42,01-99-0169,CIUDAD CAPITAL,ZONA 16,LICEO CENTROAMERICANO,"4A. CALLE 1-24, COLONIA SANTA ROSITA",22559541,NANCY CAROLINA NAVAS GONZÁLEZ,DORA LEONOR URRUTIA MORALES,PARVULOS,PRIVADO,URBANA,ABIERTA,MONOLINGUE,MATUTINA,DIARIO(REGULAR),GUATEMALA ORIENTE
00-16-8537-43,01-99-0169,CIUDAD CAPITAL,ZONA 16,LICEO CENTROAMERICANO,"4A. CALLE 1-24, COLONIA SANTA ROSITA",22559541,NANCY CAROLINA NAVAS GONZÁLEZ,DORA LEONOR URRUTIA MORALES,PRIMARIA,PRIVADO,URBANA,ABIERTA,MONOLINGUE,MATUTINA,DIARIO(REGULAR),GUATEMALA ORIENTE
00-16-8538-45,01-99-0169,CIUDAD CAPITAL,ZONA 16,LICEO CENTROAMERICANO,"4A. CALLE 1-24, COLONIA SANTA ROSITA",22559541,NANCY CAROLINA NAVAS GONZÁLEZ,DORA LEONOR URRUTIA MORALES,BASICO,PRIVADO,URBANA,ABIERTA,MONOLINGUE,MATUTINA,DIARIO(REGULAR),GUATEMALA ORIENTE
00-16-8610-45,01-505,CIUDAD CAPITAL,ZONA 16,CENTRO ACADEMICO SANTA VICTORIA,CALLE REAL CONCEPCION LAS LOMAS 1AV. 2-27,23640260,NANCY PAOLA MONTERROSO HERNÁNDEZ,,BASICO,PRIVADO,URBANA,CERRADA TEMPORALMENTE,MONOLINGUE,MATUTINA,DIARIO(REGULAR),GUATEMALA ORIENTE
00-16-8611-46,01-505,CIUDAD CAPITAL,ZONA 16,CENTRO ACADEMICO SANTA VICTORIA,1AV. 2-27 CALLE REAL CONCEPCION LAS LOMAS,23640260,NANCY PAOLA MONTERROSO HERNÁNDEZ,,DIVERSIFICADO,PRIVADO,URBANA,CERRADA TEMPORALMENTE,MONOLINGUE,MATUTINA,DIARIO(REGULAR),GUATEMALA ORIENTE
00-16-8612-44,01-403,CIUDAD CAPITAL,ZONA 16,COLEGIO INTEGRADO DE COMPUTACION LA ASUNCION,1A. AV. 2-27 CALLE REAL CONCEPCION LAS LOMAS,23640260,CARLOS HUMBERTO GONZÁLEZ DE LEÓN,,PRIMARIA DE ADULTOS,PRIVADO,URBANA,CERRADA TEMPORALMENTE,MONOLINGUE,NOCTURNA,DIARIO(REGULAR),GUATEMALA ORIENTE
00-16-8613-45,01-403,CIUDAD CAPITAL,ZONA 16,COLEGIO INTEGRADO DE COMPUTACION LA ASUNCION,1AV. 2-27 CALLE REAL CONCEPCION LAS LOMAS,23640260,CARLOS HUMBERTO GONZÁLEZ DE LEÓN,,BASICO,PRIVADO,URBANA,CERRADA TEMPORALMENTE,MONOLINGUE,NOCTURNA,DIARIO(REGULAR),GUATEMALA ORIENTE
00-16-8704-42,01-99-0169,CIUDAD CAPITAL,ZONA 16,CENTRO EDUCATIVO APARICIO,12 AV. Y 4TA. CALLE #86 ALDEA ACATAN,22922328,NANCY CAROLINA NAVAS GONZÁLEZ,JEANETTE EUGENIA APARICIO CORDOVA,PARVULOS,PRIVADO,URBANA,ABIERTA,MONOLINGUE,MATUTINA,DIARIO(REGULAR),GUATEMALA ORIENTE
00-16-8705-43,01-99-0169,CIUDAD CAPITAL,ZONA 16,CENTRO EDUCATIVO APARICIO,12 AV. Y 4TA. CALLE #86 ALDEA ACATAN,22922328,NANCY CAROLINA NAVAS GONZÁLEZ,PHILIP MAUREEN GARCÍA ROJAS,PRIMARIA,PRIVADO,URBANA,ABIERTA,MONOLINGUE,MATUTINA,DIARIO(REGULAR),GUATEMALA ORIENTE
00-16-8739-43,01-509,CIUDAD CAPITAL,ZONA 16,EORM 'PADRE JOSE NOE LEMUS MUÑOZ',LOTE 9 ALDEA SAN GASPAR,23653725,NANCY CAROLINA NAVAS GONZÁLEZ,,PRIMARIA,OFICIAL,RURAL,CERRADA DEFINITIVAMENTE,MONOLINGUE,MATUTINA,DIARIO(REGULAR),GUATEMALA ORIENTE
00-16-8858-46,01-403,CIUDAD CAPITAL,ZONA 16,COLEGIO INTEGRADO DE COMPUTACION 'LA ASUNCION',1A. AVENIDA 2-27 CONCEPCION LAS LOMAS,23640260,CARLOS HUMBERTO GONZÁLEZ DE LEÓN,,DIVERSIFICADO,PRIVADO,URBANA,CERRADA TEMPORALMENTE,MONOLINGUE,NOCTURNA,DIARIO(REGULAR),GUATEMALA ORIENTE
00-16-8978-45,01-99-0170,CIUDAD CAPITAL,ZONA 16,"INSTITUTO DE EDUCACIÓN BÁSICA POR COOPERATIVA ""SANTA ROSITA""","4A. AVENIDA Y 5A. CALLE, SANTA ROSITA ALDEA SANTA ROSITA",22559038,ESTER ELIZABETH HERNANDEZ REYES,LUIS FELIPE OLIVA TORRES,BASICO,COOPERATIVA,URBANA,ABIERTA,MONOLINGUE,MATUTINA,DIARIO(REGULAR),GUATEMALA ORIENTE
00-16-8979-45,01-99-0169,CIUDAD CAPITAL,ZONA 16,CENTRO EDUCATIVO  APARICIO,12 AVENIDA 4A. CALLE NO.86 ALDEA ACATAN,22922328,NANCY CAROLINA NAVAS GONZÁLEZ,ENMA LORENA RUANO GARCIA,BASICO,PRIVADO,URBANA,ABIERTA,MONOLINGUE,MATUTINA,DIARIO(REGULAR),GUATEMALA ORIENTE
00-16-9107-42,01-509,CIUDAD CAPITAL,ZONA 16,COLEGIO MIXTO 'SAN GASPAR',24 CALLE 7-95 SAN GASPAR,23641103,NANCY CAROLINA NAVAS GONZÁLEZ,MARIA DEL ROSARIO JUAREZ SANCHEZ,PARVULOS,PRIVADO,URBANA,CERRADA TEMPORALMENTE,MONOLINGUE,MATUTINA,DIARIO(REGULAR),GUATEMALA ORIENTE
00-16-9108-43,01-509,CIUDAD CAPITAL,ZONA 16,COLEGIO MIXTO 'SAN GASPAR',24 CALLE 7-95 SAN GASPAR,23541103,NANCY CAROLINA NAVAS GONZÁLEZ,MIRIAM GRACIELA PAC ANLEU,PRIMARIA,PRIVADO,URBANA,CERRADA TEMPORALMENTE,MONOLINGUE,MATUTINA,DIARIO(REGULAR),GUATEMALA ORIENTE
00-16-9350-42,01-509,CIUDAD CAPITAL,ZONA 16,COLEGIO MIXTO MANANTIAL DE AMOR,29 CALLE 7-40 SAN GASPAR II,,NANCY CAROLINA NAVAS GONZÁLEZ,,PARVULOS,PRIVADO,URBANA,CERRADA TEMPORALMENTE,MONOLINGUE,MATUTINA,DIARIO(REGULAR),GUATEMALA ORIENTE
00-16-9351-43,01-509,CIUDAD CAPITAL,ZONA 16,COLEGIO MIXTO 'MANANTIAL DE AMOR',29 CALLE 7-40 SAN GASPAR II,,NANCY CAROLINA NAVAS GONZÁLEZ,,PRIMARIA,PRIVADO,RURAL,CERRADA TEMPORALMENTE,MONOLINGUE,MATUTINA,DIARIO(REGULAR),GUATEMALA ORIENTE
00-16-9361-42,01-99-0170,CIUDAD CAPITAL,ZONA 16,COLEGIO SUIZO AMERICANO,"12 CALLE 16-02, ACATAN",23798130,ESTER ELIZABETH HERNANDEZ REYES,MIRIAM MARÍA DUARTE BARRERA,PARVULOS,PRIVADO,URBANA,ABIERTA,MONOLINGUE,MATUTINA,DIARIO(REGULAR),GUATEMALA ORIENTE
00-16-9362-43,01-99-0170,CIUDAD CAPITAL,ZONA 16,COLEGIO SUIZO AMERICANO,"12 CALLE 16-02, ACATAN",23798130,ESTER ELIZABETH HERNANDEZ REYES,EVELYN PAOLA CASTRO ORELLANA,PRIMARIA,PRIVADO,URBANA,ABIERTA,MONOLINGUE,MATUTINA,DIARIO(REGULAR),GUATEMALA ORIENTE
00-16-9363-45,01-99-0170,CIUDAD CAPITAL,ZONA 16,COLEGIO SUIZO AMERICANO,"12 CALLE 16-02, ACATAN",23798130,ESTER ELIZABETH HERNANDEZ REYES,GUSTAVO EDUARDO PONCE GRANILLO,BASICO,PRIVADO,URBANA,ABIERTA,MONOLINGUE,MATUTINA,DIARIO(REGULAR),GUATEMALA ORIENTE
00-16-9364-46,01-99-0170,CIUDAD CAPITAL,ZONA 16,COLEGIO SUIZO AMERICANO,"12 CALLE 16-02, ACATAN",23798181,ESTER ELIZABETH HERNANDEZ REYES,GUSTAVO EDUARDO PONCE GRANILLO,DIVERSIFICADO,PRIVADO,URBANA,ABIERTA,MONOLINGUE,MATUTINA,DIARIO(REGULAR),GUATEMALA ORIENTE
00-16-9484-42,01-509,CIUDAD CAPITAL,ZONA 16,COLEGIO JARDIN INFANTIL 'MIS ANGELITOS',1A. CALLE 0-20,22562931-59015843,NANCY CAROLINA NAVAS GONZÁLEZ,,PARVULOS,PRIVADO,URBANA,CERRADA DEFINITIVAMENTE,MONOLINGUE,MATUTINA,DIARIO(REGULAR),GUATEMALA ORIENTE
00-16-9534-42,01-99-0169,CIUDAD CAPITAL,ZONA 16,COLEGIO VIENA GUATEMALTECO,BOULEVARD AUSTRIACO 23-90,23091900,NANCY CAROLINA NAVAS GONZÁLEZ,MARIA JIMENA CASTILLO ESCOBAR,PARVULOS,PRIVADO,URBANA,ABIERTA,MONOLINGUE,MATUTINA,DIARIO(REGULAR),GUATEMALA ORIENTE
00-16-9535-43,01-99-0169,CIUDAD CAPITAL,ZONA 16,COLEGIO VIENA GUATEMALTECO,BOULEVARD AUSTRIACO 23-90,23239191,NANCY CAROLINA NAVAS GONZÁLEZ,MARIA INES GOMEZ DEL VECCHIO DE GARCIA,PRIMARIA,PRIVADO,URBANA,ABIERTA,MONOLINGUE,MATUTINA,DIARIO(REGULAR),GUATEMALA ORIENTE
00-16-9536-45,01-99-0169,CIUDAD CAPITAL,ZONA 16,COLEGIO VIENA GUATEMALTECO,BOULEVARD AUSTRIACO 23-90,22610208,NANCY CAROLINA NAVAS GONZÁLEZ,JUAN PABLO SOLÍS ROSSELL,BASICO,PRIVADO,URBANA,ABIERTA,MONOLINGUE,MATUTINA,DIARIO(REGULAR),GUATEMALA ORIENTE
00-16-9537-46,01-99-0169,CIUDAD CAPITAL,ZONA 16,COLEGIO VIENA GUATEMALTECO,BOULEVARD AUSTRIACO 23-90,23239191,NANCY CAROLINA NAVAS GONZÁLEZ,JUAN PABLO SOLÍS ROSSELL,DIVERSIFICADO,PRIVADO,URBANA,ABIERTA,MONOLINGUE,MATUTINA,DIARIO(REGULAR),GUATEMALA ORIENTE
00-16-9550-45,01-99-0169,CIUDAD CAPITAL,ZONA 16,COLEGIO  LOS ANGELES,FINCA EL PULTE SANTA ROSITA,55210419,NANCY CAROLINA NAVAS GONZÁLEZ,KARLA RAQUEL PIRÍR YOCUTÉ,BASICO,PRIVADO,URBANA,ABIERTA,MONOLINGUE,MATUTINA,DIARIO(REGULAR),GUATEMALA ORIENTE
00-16-9558-46,01-99-0169,CIUDAD CAPITAL,ZONA 16,CENTRO EDUCATIVO APARICIO,12A. AVENIDA Y 4A. CALLE #86 ALDEA ACATAN,22922328,NANCY CAROLINA NAVAS GONZÁLEZ,ENMA LORENA RUANO GARCIA,DIVERSIFICADO,PRIVADO,URBANA,ABIERTA,MONOLINGUE,MATUTINA,DIARIO(REGULAR),GUATEMALA ORIENTE
00-16-9577-42,01-99-0170,CIUDAD CAPITAL,ZONA 16,EODP ANEXA A EORM  PADRE JOSE NOE LEMUS MUÑOZ,9A. AVENIDA 25-30 COLONIA SAN GASPAR,47606401,ESTER ELIZABETH HERNANDEZ REYES,ELVIA LISSETTE FLORES GAITÁN,PARVULOS,OFICIAL,RURAL,ABIERTA,MONOLINGUE,MATUTINA,DIARIO(REGULAR),GUATEMALA ORIENTE
00-16-9701-42,01-99-0170,CIUDAD CAPITAL,ZONA 16,COLEGIO EXPERIMENTAL CRISTIANO VERBO NO. 1,DIAGONAL 34 (CALLE REAL ACATÁN) 31-43,22142424,ESTER ELIZABETH HERNANDEZ REYES,GLENDY JEANETTE PÉREZ NISTHAL,PARVULOS,PRIVADO,URBANA,ABIERTA,MONOLINGUE,MATUTINA,DIARIO(REGULAR),GUATEMALA ORIENTE
00-16-9702-43,01-99-0170,CIUDAD CAPITAL,ZONA 16,COLEGIO EXPERIMENTAL CRISTIANO VERBO NO. 1,DIAGONAL 34 (CALLE REAL ACATÁN) 31-43,22142424,ESTER ELIZABETH HERNANDEZ REYES,LIZA MARIE DEL AGUILA JACOBO,PRIMARIA,PRIVADO,URBANA,ABIERTA,MONOLINGUE,MATUTINA,DIARIO(REGULAR),GUATEMALA ORIENTE
00-16-9703-45,01-99-0170,CIUDAD CAPITAL,ZONA 16,COLEGIO EXPERIMENTAL CRISTIANO VERBO NO. 1,DIAGONAL 34 (CALLE REAL ACATÁN) 31-43,22610121,ESTER ELIZABETH HERNANDEZ REYES,INGRID JOHANA PANIAGUA MARIN DE FERNANDEZ,BASICO,PRIVADO,URBANA,ABIERTA,MONOLINGUE,MATUTINA,DIARIO(REGULAR),GUATEMALA ORIENTE
00-16-9704-46,01-99-0170,CIUDAD CAPITAL,ZONA 16,COLEGIO EXPERIMENTAL CRISTIANO VERBO NO. 1,DIAGONAL 34 (CALLE REAL ACATÁN) 31-43,22610121,ESTER ELIZABETH HERNANDEZ REYES,INGRID JOHANA PANIAGUA MARIN DE FERNANDEZ,DIVERSIFICADO,PRIVADO,URBANA,ABIERTA,MONOLINGUE,MATUTINA,DIARIO(REGULAR),GUATEMALA ORIENTE
00-17-0001-42,01-509,CIUDAD CAPITAL,ZONA 17,COLEGIO GUATEMALTECO BILINGUE,00 AVENIDA 00-00 COLONIA ACATAN,22559540,NANCY CAROLINA NAVAS GONZÁLEZ,---,PARVULOS,PRIVADO,URBANA,CERRADA DEFINITIVAMENTE,MONOLINGUE,MATUTINA,DIARIO(REGULAR),GUATEMALA NORTE
00-17-0002-43,01-509,CIUDAD CAPITAL,ZONA 17,COLEGIO GUATEMALTECO BILINGUE,00 AVENIDA 00-00 COLONIA ACATAN,22559540,NANCY CAROLINA NAVAS GONZÁLEZ,---,PRIMARIA,PRIVADO,URBANA,CERRADA DEFINITIVAMENTE,MONOLINGUE,MATUTINA,DIARIO(REGULAR),GUATEMALA NORTE
00-17-0003-45,01-509,CIUDAD CAPITAL,ZONA 17,COLEGIO GUATEMALTECO BILINGUE,00 AVENIDA 00-00 COLONIA ACATAN,22559540,NANCY CAROLINA NAVAS GONZÁLEZ,---,BASICO,PRIVADO,URBANA,CERRADA DEFINITIVAMENTE,MONOLINGUE,MATUTINA,DIARIO(REGULAR),GUATEMALA NORTE
00-17-0004-46,01-509,CIUDAD CAPITAL,ZONA 17,COLEGIO GUATEMALTECO BILINGUE,00 AVENIDA 00-00 ZONA 17 COLONIA ACATAN,22559540,NANCY CAROLINA NAVAS GONZÁLEZ,---,DIVERSIFICADO,PRIVADO,URBANA,CERRADA DEFINITIVAMENTE,MONOLINGUE,MATUTINA,DIARIO(REGULAR),GUATEMALA NORTE
00-17-0005-42,01-110,CIUDAD CAPITAL,ZONA 17,COLEGIO VILLA LUZ,"SABANA ARRIBA, VILLA LUZ",24419865,ZUHILEM YESENIA ESTRADA ORTIZ,CLAUDIA MANOLA LARA ARÉVALO,PARVULOS,PRIVADO,URBANA,CERRADA DEFINITIVAMENTE,MONOLINGUE,MATUTINA,DIARIO(REGULAR),GUATEMALA NORTE
00-17-0006-43,01-110,CIUDAD CAPITAL,ZONA 17,COLEGIO VILLA LUZ,"SABANA ARRIBA, VILLA LUZ,",24419865,ZUHILEM YESENIA ESTRADA ORTIZ,LESBIA REGINA CORDON REYES,PRIMARIA,PRIVADO,URBANA,CERRADA DEFINITIVAMENTE,MONOLINGUE,MATUTINA,DIARIO(REGULAR),GUATEMALA NORTE
00-17-0007-43,01-01-0146,CIUDAD CAPITAL,ZONA 17,EOUM LIC. CÉSAR ARNOLDO MARTÍNEZ GARCÍA,"KM. 13.5 RUTA AL ATLANTICO, COLONIA LA ESPERANZA",,CESAR ARNOLDO MARTINEZ GARCIA,SONIA GENNY CHUC ACEYTUNO,PRIMARIA,OFICIAL,URBANA,ABIERTA,MONOLINGUE,MATUTINA,DIARIO(REGULAR),GUATEMALA NORTE
00-17-0008-42,01-01-0146,CIUDAD CAPITAL,ZONA 17,"EODP ANEXA A EOUM ""LICENCIADO CÉSAR ARNOLDO MARTÍNEZ GARCÍA""","KM. 13.5 RUTA AL ATLANTICO, COLONIA LA ESPERANZA",,CESAR ARNOLDO MARTINEZ GARCIA,SONIA GENNY CHUC ACEYTUNO,PARVULOS,OFICIAL,URBANA,ABIERTA,MONOLINGUE,MATUTINA,DIARIO(REGULAR),GUATEMALA NORTE
00-17-0009-45,01-01-0145,CIUDAD CAPITAL,ZONA 17,INEB,"KILOMETRO 10 DE LA RUTA AL ATLANTICO, ALDEA EL BEBEDERO",22608542,CESAR ARNOLDO MARTINEZ GARCIA,JAQUELINE JANNETTE GARCÍA CORTEZ,BASICO,OFICIAL,URBANA,ABIERTA,MONOLINGUE,VESPERTINA,DIARIO(REGULAR),GUATEMALA NORTE
00-17-0010-42,01-01-0145,CIUDAD CAPITAL,ZONA 17,"EODP ANEXA A EORM ""NO. 609""",ALDEA LA CEBADILLA,46727137,CESAR ARNOLDO MARTINEZ GARCIA,FERMINA  TAQUIRA YOS,PARVULOS,OFICIAL,RURAL,ABIERTA,MONOLINGUE,MATUTINA,DIARIO(REGULAR),GUATEMALA NORTE
00-17-0011-46,01-106,CIUDAD CAPITAL,ZONA 17,CENTRO EDUCATIVO DE INFORMATICA  SINAI,MANZANA 33 LOTE 6 CANTON CENTRAL ALDEA CANALITOS,22584390,CESAR ARNOLDO MARTINEZ GARCIA,MIRIAM  MÉNDEZ VÁSQUEZ,DIVERSIFICADO,PRIVADO,RURAL,CERRADA TEMPORALMENTE,MONOLINGUE,DOBLE,FIN DE SEMANA,GUATEMALA NORTE
00-17-0012-42,01-01-0146,CIUDAD CAPITAL,ZONA 17,COLEGIO BOSQUE DEL QUETZAL,"KM. 16 RUTA AL ATLANTICO, LOTE 1, SECCION ""A"", COL. SANTA DELFINA",22596263,CESAR ARNOLDO MARTINEZ GARCIA,JUANA ESMELDINA TZUM SEQUEIRA,PARVULOS,PRIVADO,URBANA,ABIERTA,MONOLINGUE,MATUTINA,DIARIO(REGULAR),GUATEMALA NORTE
00-17-0013-42,01-110,CIUDAD CAPITAL,ZONA 17,CENTRO EDUCATIVO SCUOLA ITALIANA LUIGI PIRANDELLO,27 AVENIDA 30-38 HACIENDA REAL,22605264,ZUHILEM YESENIA ESTRADA ORTIZ,MARÍA MERCEDES LARIOS CHAY,PARVULOS,PRIVADO,URBANA,CERRADA DEFINITIVAMENTE,MONOLINGUE,MATUTINA,DIARIO(REGULAR),GUATEMALA NORTE
00-17-0014-46,01-105,CIUDAD CAPITAL,ZONA 17,CENTRO EDUCATIVO DE INFORMATICA SINAI,"MANZANA 33 LOTE 6, CANTON CENTRAL, ALDEA CANALITOS",22584390,YAMILET VERSALÍ AGUÍLAR PÉREZ,MIRIAM MENDEZ VASQUEZ DE CARIAS,DIVERSIFICADO,PRIVADO,RURAL,CERRADA TEMPORALMENTE,MONOLINGUE,VESPERTINA,DIARIO(REGULAR),GUATEMALA NORTE
00-17-0015-45,01-105,CIUDAD CAPITAL,ZONA 17,CENTRO EDUCATIVO DE INFORMATICA SINAI,"MANZANA 33 LOTE 6, CANTON CENTRAL, ALDEA CANALITOS",22584390,YAMILET VERSALÍ AGUÍLAR PÉREZ,MIRIAM MENDEZ VASQUEZ DE CARIAS,BASICO,PRIVADO,RURAL,CERRADA TEMPORALMENTE,MONOLINGUE,VESPERTINA,DIARIO(REGULAR),GUATEMALA NORTE
00-17-0016-42,01-01-0022,CIUDAD CAPITAL,ZONA 17,COLEGIO ABC PRE SCHOOL,"5A. AVENIDA 10-39, COLONIA RESIDENCIALES DEL NORTE",22580675,YAMILET VERSALI AGUILAR PEREZ,SANDRA YANETH PEREIRA PALENCIA,PARVULOS,PRIVADO,URBANA,ABIERTA,MONOLINGUE,MATUTINA,DIARIO(REGULAR),GUATEMALA NORTE
00-17-0017-42,01-01-0145,CIUDAD CAPITAL,ZONA 17,LICEO MIXTO NUESTRA SEÑORA DE LOS ANGELES,"LOTE 15, MANZANA I, COLONIA LOS ANGELES",57959767,CESAR ARNOLDO MARTINEZ GARCIA,AURA YASMINY POJOY ESCOTT,PARVULOS,PRIVADO,URBANA,ABIERTA,MONOLINGUE,MATUTINA,DIARIO(REGULAR),GUATEMALA NORTE
00-17-0018-43,01-01-0145,CIUDAD CAPITAL,ZONA 17,LICEO MIXTO NUESTRA SEÑORA DE LOS ANGELES,"LOTE 15, MANZANA I, COLONIA LOS ANGELES",57959767,CESAR ARNOLDO MARTINEZ GARCIA,AURA YASMINY POJOY ESCOTT,PRIMARIA,PRIVADO,URBANA,ABIERTA,MONOLINGUE,MATUTINA,DIARIO(REGULAR),GUATEMALA NORTE
00-17-0019-42,01-01-0022,CIUDAD CAPITAL,ZONA 17,COLEGIO MONTANO PORTAL LOS ÁLAMOS,13 CALLE 3-05,23000900,YAMILET VERSALI AGUILAR PEREZ,MARÍA DE LOS ANGELES MORALES GONZALEZ,PARVULOS,PRIVADO,URBANA,ABIERTA,MONOLINGUE,MATUTINA,DIARIO(REGULAR),GUATEMALA NORTE
00-17-0020-43,01-01-0022,CIUDAD CAPITAL,ZONA 17,COLEGIO MONTANO PORTAL LOS ÁLAMOS,13 CALLE 3-05,23000900,YAMILET VERSALI AGUILAR PEREZ,ANDREA LISETH GÓMEZ CHINCHILLA,PRIMARIA,PRIVADO,URBANA,ABIERTA,MONOLINGUE,MATUTINA,DIARIO(REGULAR),GUATEMALA NORTE
00-17-0021-45,01-01-0022,CIUDAD CAPITAL,ZONA 17,COLEGIO MONTANO PORTAL LOS ÁLAMOS,13 CALLE 3-05,23000900,YAMILET VERSALI AGUILAR PEREZ,WHENDOLYN BETSABE ESTRADA CANIZALES,BASICO,PRIVADO,URBANA,ABIERTA,MONOLINGUE,MATUTINA,DIARIO(REGULAR),GUATEMALA NORTE
00-17-0022-46,01-01-0022,CIUDAD CAPITAL,ZONA 17,COLEGIO MONTANO PORTAL LOS ÁLAMOS,13 CALLE 3-05,23000900,YAMILET VERSALI AGUILAR PEREZ,WHENDOLYN BETSABE ESTRADA CANIZALES,DIVERSIFICADO,PRIVADO,URBANA,ABIERTA,MONOLINGUE,MATUTINA,DIARIO(REGULAR),GUATEMALA NORTE
00-17-0023-46,01-105,CIUDAD CAPITAL,ZONA 17,COLEGIO PANAMERICANO,"PLAZA NOR-ORIENTE CA-9 NORTE RUTA AL ATLANTICO 06-96, 4TO. NIVEL",22028888,YAMILET VERSALÍ AGUÍLAR PÉREZ,DELFINA MARISOL PAZOS RAMOS,DIVERSIFICADO,PRIVADO,URBANA,CERRADA TEMPORALMENTE,MONOLINGUE,MATUTINA,DIARIO(REGULAR),GUATEMALA NORTE
00-17-0024-43,01-110,CIUDAD CAPITAL,ZONA 17,COLEGIO PANAMERICANO,PLAZA NOR-ORIENTE CA-9 NORTE RUTA AL ATLANTICO 06-96 4TO. NIVEL,22028888,ZUHILEM YESENIA ESTRADA ORTIZ,AIDA NINETTE LIMA LUCERO,PRIMARIA,PRIVADO,URBANA,CERRADA DEFINITIVAMENTE,MONOLINGUE,MATUTINA,DIARIO(REGULAR),GUATEMALA NORTE
00-17-0025-45,01-01-0146,CIUDAD CAPITAL,ZONA 17,LICEO MIXTO INNOVADOR,"LOTE 9 MANZANA E PINARES DE LLANO LARGO, RUTA AL  ATLANTICO KM. 16",54142054,CESAR ARNOLDO MARTINEZ GARCIA,MERCEDES  AYALA BARRIENTOS,BASICO,PRIVADO,URBANA,ABIERTA,MONOLINGUE,MATUTINA,DIARIO(REGULAR),GUATEMALA NORTE
00-17-0026-43,01-01-0146,CIUDAD CAPITAL,ZONA 17,LICEO MIXTO INNOVADOR,"LOTE 9 MANZANA E PINARES DE LLANO LARGO, RUTA AL ATLANTICO KM. 16",54142054,CESAR ARNOLDO MARTINEZ GARCIA,MERCEDES  AYALA BARRIENTOS,PRIMARIA,PRIVADO,URBANA,ABIERTA,MONOLINGUE,MATUTINA,DIARIO(REGULAR),GUATEMALA NORTE
00-17-0027-42,01-01-0146,CIUDAD CAPITAL,ZONA 17,LICEO MIXTO INNOVADOR,"LOTE 9 MANZANA E PINARES DE LLANO LARGO, RUTA AL  ATLANTICO KM 16",54142054,CESAR ARNOLDO MARTINEZ GARCIA,MERCEDES  AYALA BARRIENTOS,PARVULOS,PRIVADO,URBANA,ABIERTA,MONOLINGUE,MATUTINA,DIARIO(REGULAR),GUATEMALA NORTE
00-17-0028-46,01-105,CIUDAD CAPITAL,ZONA 17,COLEGIO PANAMERICANO,PLAZA NOR-ORIENTE CA-9 NORTE RUTA AL ATLANTICO 06-96 4TO. NIVEL,22028888,YAMILET VERSALÍ AGUÍLAR PÉREZ,DELFINA MARISOL PAZOS RAMOS,DIVERSIFICADO,PRIVADO,URBANA,CERRADA TEMPORALMENTE,MONOLINGUE,MATUTINA,DIARIO(REGULAR),GUATEMALA NORTE
00-17-0029-45,01-01-0145,CIUDAD CAPITAL,ZONA 17,INSTITUTO NACIONAL DE EDUCACIÓN BÁSICA DE TELESECUNDARIA,ALDEA SANTA LUCIA LOS OCOTES,30203306,CESAR ARNOLDO MARTINEZ GARCIA,AURA JEANETTE ESTRADA CASEROS,BASICO,OFICIAL,RURAL,ABIERTA,MONOLINGUE,VESPERTINA,DIARIO(REGULAR),GUATEMALA NORTE
00-17-0030-42,01-01-0145,CIUDAD CAPITAL,ZONA 17,"EODP ESCUELA OFICIAL RURAL MIXTA NO. 607   ""SONIA RINCÓN""","KILMETRO 10.2 RUTA ATLANTICO , ALDEA EL BEBEDERO",22608008,CESAR ARNOLDO MARTINEZ GARCIA,ANNIE JANET REVOLORIO ALVA,PARVULOS,OFICIAL,URBANA,ABIERTA,MONOLINGUE,MATUTINA,DIARIO(REGULAR),GUATEMALA NORTE
00-17-0031-43,01-01-0003,CIUDAD CAPITAL,ZONA 17,ESCUELA OFICIAL RURAL MIXTA EL JAGÜEY,"CANTON JAGUEY, CANALITOS",46467011,YAMILET VERSALI AGUILAR PEREZ,BLANCA ANGELICA LOPEZ CHAVEZ,PRIMARIA,OFICIAL,RURAL,ABIERTA,MONOLINGUE,VESPERTINA,DIARIO(REGULAR),GUATEMALA NORTE
00-17-0032-42,01-01-0003,CIUDAD CAPITAL,ZONA 17,EODP ANEXA A EORM EL JAGÜEY,"CANTON JAGUEY, CANALITOS",46467011,YAMILET VERSALI AGUILAR PEREZ,BLANCA ANGELICA LOPEZ CHAVEZ,PARVULOS,OFICIAL,RURAL,ABIERTA,MONOLINGUE,VESPERTINA,DIARIO(REGULAR),GUATEMALA NORTE
00-17-0033-43,01-01-0003,CIUDAD CAPITAL,ZONA 17,ESCUELA  OFICIAL RURAL  MIXTA   NO. 612,LOTE  7  MANZANA  2  SECTOR  1  CANALITOS,42345765,YAMILET VERSALI AGUILAR PEREZ,MÓNICA KARLA GIN MONZÓN,PRIMARIA,OFICIAL,RURAL,ABIERTA,MONOLINGUE,MATUTINA,DIARIO(REGULAR),GUATEMALA NORTE
00-17-0034-42,01-01-0003,CIUDAD CAPITAL,ZONA 17,"EODP ANEXA A EORM NO. 612 JM, CANTON LOURDES ALDEA CANALITOS",LOTE 7 MANZANA 2 SECTOR 1 CANALITOS,42345765,YAMILET VERSALI AGUILAR PEREZ,MÓNICA KARLA GIN MONZÓN,PARVULOS,OFICIAL,RURAL,ABIERTA,MONOLINGUE,MATUTINA,DIARIO(REGULAR),GUATEMALA NORTE
00-17-0035-42,01-01-0145,CIUDAD CAPITAL,ZONA 17,COLEGIO CONTINENTAL AMÉRICANO,KM. 9.2 CARRETERA AL ATLANTICO,22465700,CESAR ARNOLDO MARTINEZ GARCIA,LISSETH CAROLINA SOBERANIS ORELLANA,PARVULOS,PRIVADO,URBANA,ABIERTA,MONOLINGUE,MATUTINA,DIARIO(REGULAR),GUATEMALA NORTE
00-17-0036-43,01-01-0145,CIUDAD CAPITAL,ZONA 17,COLEGIO CONTINENTAL AMÉRICANO,KM. 9.2 CARRETERA AL ATLANTICO,30270982,CESAR ARNOLDO MARTINEZ GARCIA,DIZANIA MARILÚ PORTILLO OLIVA,PRIMARIA,PRIVADO,URBANA,ABIERTA,MONOLINGUE,MATUTINA,DIARIO(REGULAR),GUATEMALA NORTE
00-17-0037-45,01-01-0145,CIUDAD CAPITAL,ZONA 17,COLEGIO CONTINENTAL AMÉRICANO,KM. 9.2 CARRETERA AL ATLANTICO,22465700,CESAR ARNOLDO MARTINEZ GARCIA,CLAUDIA ELIZABETH RIZO REYES,BASICO,PRIVADO,URBANA,ABIERTA,MONOLINGUE,MATUTINA,DIARIO(REGULAR),GUATEMALA NORTE
00-17-0038-46,01-105,CIUDAD CAPITAL,ZONA 17,LICEO CRISTIANO ROCA DE AYUDA,"1A. CALLE 1-40, SABANA ARRIBA",22612406,YAMILET VERSALÍ AGUÍLAR PÉREZ,MONICA LUCRECIA RODAS HURTARTE DE TEJEDA,DIVERSIFICADO,PRIVADO,URBANA,CERRADA TEMPORALMENTE,MONOLINGUE,MATUTINA,DIARIO(REGULAR),GUATEMALA NORTE
00-17-0039-43,01-110,CIUDAD CAPITAL,ZONA 17,LICEO CRISTIANO ROCA DE AYUDA,1RA. CALLE 1-40 SABANA ARRIBA,22612400,ZUHILEM YESENIA ESTRADA ORTIZ,ALBA MARINA SANTISTEBAN LÓPEZ,PRIMARIA,PRIVADO,URBANA,CERRADA TEMPORALMENTE,MONOLINGUE,MATUTINA,VIRTUAL A DISTANCIA,GUATEMALA NORTE
00-17-0040-45,01-110,CIUDAD CAPITAL,ZONA 17,LICEO CRISTIANO ROCA DE AYUDA,1RA. CALLE 1-40 SABANA ARRIBA,22612400,ZUHILEM YESENIA ESTRADA ORTIZ,EVA CAROLINA DE LEÓN COTTON,BASICO,PRIVADO,URBANA,CERRADA TEMPORALMENTE,MONOLINGUE,MATUTINA,VIRTUAL A DISTANCIA,GUATEMALA NORTE
00-17-0041-46,01-110,CIUDAD CAPITAL,ZONA 17,LICEO CRISTIANO ROCA DE AYUDA,1RA. CALLE 1-40 SABANA ARRIBA,22612400,ZUHILEM YESENIA ESTRADA ORTIZ,EVA CAROLINA DE LEÓN COTTON,DIVERSIFICADO,PRIVADO,URBANA,CERRADA TEMPORALMENTE,MONOLINGUE,MATUTINA,VIRTUAL A DISTANCIA,GUATEMALA NORTE
00-17-0042-44,01-110,CIUDAD CAPITAL,ZONA 17,"COLEGIO ""LOS OLIVOS DEL NORTE""","SECTOR 2, MANZANA R, LOTE 2, RESIDENCIALES LOS OLIVOS DEL NORTE",22852204,ZUHILEM YESENIA ESTRADA ORTIZ,IVONNE HAYDÉE MÉNDEZ CIFUENTES DE PARDO,PRIMARIA DE ADULTOS,PRIVADO,URBANA,CERRADA DEFINITIVAMENTE,MONOLINGUE,MATUTINA,FIN DE SEMANA,GUATEMALA NORTE
00-17-0043-46,01-01-0003,CIUDAD CAPITAL,ZONA 17,CENTRO EDUCATIVO DEL NORTE,"12 AVENIDA ""A"" 11-63 FINCA VISTA HERMOSA, SECTOR LOMAS DEL NORTE",22552038,YAMILET VERSALI AGUILAR PEREZ,AURA LETICIA MONTERROSO GUDIEL,DIVERSIFICADO,PRIVADO,URBANA,ABIERTA,MONOLINGUE,MATUTINA,DIARIO(REGULAR),GUATEMALA NORTE
00-17-0044-45,01-01-0024,CIUDAD CAPITAL,ZONA 17,CENTRO EDUCATIVO DE INFORMÁTICA SINAÍ,"MANZANA 33 LOTE 6, CANTÓN CENTRAL , ALDEA CANALIT0S",22584390,CARLOS HUMBERTO GONZALEZ DE LEON,MIRIAM  MÉNDEZ VÁSQUEZ,BASICO,PRIVADO,URBANA,ABIERTA,MONOLINGUE,SIN JORNADA,SEMIPRESENCIAL (FIN DE SEMANA),GUATEMALA NORTE
00-17-0045-46,01-01-0024,CIUDAD CAPITAL,ZONA 17,CENTRO EDUCATIVO DE INFORMÁTICA SINAÍ,"MANZANA 33 LOTE 6, CANTÓN CENTRAL , ALDEA CANALIT0S",22584390,CARLOS HUMBERTO GONZALEZ DE LEON,MIRIAM  MÉNDEZ VÁSQUEZ,DIVERSIFICADO,PRIVADO,URBANA,ABIERTA,MONOLINGUE,SIN JORNADA,SEMIPRESENCIAL (FIN DE SEMANA),GUATEMALA NORTE
00-17-0046-42,01-01-0022,CIUDAD CAPITAL,ZONA 17,COLEGIO LA PREPARATORIA,"13 AVENIDA 26-25, ACATAN",22993800,YAMILET VERSALI AGUILAR PEREZ,THELMA PATRICIA VÁSQUEZ GÁLVEZ,PARVULOS,PRIVADO,URBANA,ABIERTA,MONOLINGUE,MATUTINA,DIARIO(REGULAR),GUATEMALA NORTE
00-17-0047-43,01-01-0022,CIUDAD CAPITAL,ZONA 17,COLEGIO LA PREPARATORIA,"13 AVENIDA 26-25, ACATAN",22993800,YAMILET VERSALI AGUILAR PEREZ,BRENDA DALILAH NITSCH PEÑA,PRIMARIA,PRIVADO,URBANA,ABIERTA,MONOLINGUE,MATUTINA,DIARIO(REGULAR),GUATEMALA NORTE
00-17-0048-45,01-01-0022,CIUDAD CAPITAL,ZONA 17,COLEGIO LA PREPARATORIA,"13 AVENIDA 26-25, ACATAN",22993800,YAMILET VERSALI AGUILAR PEREZ,MARITZA ILEANA SILVA RODRIGUEZ DE REYES,BASICO,PRIVADO,URBANA,ABIERTA,MONOLINGUE,MATUTINA,DIARIO(REGULAR),GUATEMALA NORTE
00-17-0049-46,01-01-0022,CIUDAD CAPITAL,ZONA 17,COLEGIO LA PREPARATORIA,"13 AVENIDA 26-25, ACATAN",22993800,YAMILET VERSALI AGUILAR PEREZ,MARITZA ILEANA SILVA RODRIGUEZ DE REYES,DIVERSIFICADO,PRIVADO,URBANA,ABIERTA,MONOLINGUE,MATUTINA,DIARIO(REGULAR),GUATEMALA NORTE
00-17-0050-43,01-01-0146,CIUDAD CAPITAL,ZONA 17,LICEO RICHARD STALLMAN,"KM. 16 RUTA AL ATLÁNTICO, MANZANA G, LOTE 1, RESIDENCIALES PINARES DE LLANO LARGO",54705215,CESAR ARNOLDO MARTINEZ GARCIA,VILMA JEANNETTE CASTRO PIVARAL,PRIMARIA,PRIVADO,URBANA,ABIERTA,MONOLINGUE,MATUTINA,DIARIO(REGULAR),GUATEMALA NORTE
00-17-0051-45,01-01-0146,CIUDAD CAPITAL,ZONA 17,LICEO RICHARD STALLMAN,"KM. 16 RUTA AL ATLÁNTICO, MANZANA G, LOTE 1, RESIDENCIALES PINARES DE LLANO LARGO",54705215,CESAR ARNOLDO MARTINEZ GARCIA,VILMA JEANNETTE CASTRO PIVARAL,BASICO,PRIVADO,URBANA,ABIERTA,MONOLINGUE,MATUTINA,DIARIO(REGULAR),GUATEMALA NORTE
00-17-0052-45,01-01-0024,CIUDAD CAPITAL,ZONA 17,LICEO RICHARD STALLMAN,"KM. 16 RUTA AL ATLÁNTICO, MANZANA G, LOTE 1, RESIDENCIALES PINARES DE LLANO LARGO",54705215,CARLOS HUMBERTO GONZALEZ DE LEON,VILMA JEANNETTE CASTRO PIVARAL,BASICO,PRIVADO,URBANA,ABIERTA,MONOLINGUE,DOBLE,FIN DE SEMANA,GUATEMALA NORTE
00-17-0053-46,01-01-0024,CIUDAD CAPITAL,ZONA 17,LICEO RICHARD STALLMAN,"KM. 16 RUTA AL ATLÁNTICO, MANZANA G, LOTE 1, RESIDENCIALES PINARES DE LLANO LARGO",54705215,CARLOS HUMBERTO GONZALEZ DE LEON,VILMA JEANNETTE CASTRO PIVARAL,DIVERSIFICADO,PRIVADO,URBANA,ABIERTA,MONOLINGUE,DOBLE,FIN DE SEMANA,GUATEMALA NORTE
00-17-0054-46,01-110,CIUDAD CAPITAL,ZONA 17,INED  INSTITUTO NACIONAL DE EDUCACIÓN BÁSICA,"3RA. AV. 10-79 ZONA 17, RESIDENCIALES DEL NORTE",22585122,ZUHILEM YESENIA ESTRADA ORTIZ,,DIVERSIFICADO,OFICIAL,URBANA,TEMPORAL NOMBRAMIENTO,MONOLINGUE,VESPERTINA,DIARIO(REGULAR),GUATEMALA NORTE
00-17-0055-46,01-01-0022,CIUDAD CAPITAL,ZONA 17,INED  INSTITUTO NACIONAL DE EDUCACIÓN DIVERSIFICADA,3A. AV. 10-79 ZONA 17 RESIDENCIALES DEL NORTE,22585122,YAMILET VERSALI AGUILAR PEREZ,,DIVERSIFICADO,OFICIAL,URBANA,ABIERTA,MONOLINGUE,VESPERTINA,DIARIO(REGULAR),GUATEMALA NORTE
00-17-0056-42,01-106,CIUDAD CAPITAL,ZONA 17,COLEGIO MIXTO LATINOAMERICANO,"LOTE 40 RESIDENCIALES HERMANO PEDRO, KILÓMETRO 14.5 RUTA AL ATLÁNTICO",49843783,CESAR ARNOLDO MARTINEZ GARCIA,MAYRO JOAQUÍN BÁMACA POJOY,PARVULOS,PRIVADO,URBANA,CERRADA DEFINITIVAMENTE,MONOLINGUE,MATUTINA,DIARIO(REGULAR),GUATEMALA NORTE
00-17-0057-42,01-01-0146,CIUDAD CAPITAL,ZONA 17,LICEO RICHARD STALLMAN,"KM. 16 RUTA AL ATLÁNTICO, MANZANA G, LOTE 1, RESIDENCIALES PINARES DE LLANO LARGO",55331024,CESAR ARNOLDO MARTINEZ GARCIA,KARLA BEATRIZ OLIVA CASTRO,PARVULOS,PRIVADO,URBANA,ABIERTA,MONOLINGUE,MATUTINA,DIARIO(REGULAR),GUATEMALA NORTE
00-17-0058-46,01-01-0146,CIUDAD CAPITAL,ZONA 17,LICEO RICHARD STALLMAN,"KM. 16 RUTA AL ATLÁNTICO, MANZANA G, LOTE 1, RESIDENCIALES PINARES DE LLANO LARGO",55331024,CESAR ARNOLDO MARTINEZ GARCIA,VILMA JEANNETTE CASTRO PIVARAL,DIVERSIFICADO,PRIVADO,URBANA,ABIERTA,MONOLINGUE,MATUTINA,DIARIO(REGULAR),GUATEMALA NORTE
00-17-0059-43,01-01-0146,CIUDAD CAPITAL,ZONA 17,COLEGIO MIXTO LATINOAMERICANO,"LOTE 40 RESIDENCIALES HERMANO PEDRO, KILÓMETRO 14.5 RUTA AL ATLÁNTICO",49843783,CESAR ARNOLDO MARTINEZ GARCIA,JOAQUÍN LORENZO BÁMACA GONZÁLEZ,PRIMARIA,PRIVADO,URBANA,ABIERTA,MONOLINGUE,MATUTINA,DIARIO(REGULAR),GUATEMALA NORTE
00-17-0060-42,,CIUDAD CAPITAL,ZONA 17,LICEO LOMAS DEL NORTE,LOTE 13 MANZANA 57 CANTÓN EL PORVENIR CANALITOS,57285158,,ROSELIA MARROQUÍN BOCANEGRA,PARVULOS,PRIVADO,URBANA,ABIERTA,MONOLINGUE,MATUTINA,DIARIO(REGULAR),GUATEMALA NORTE
00-17-0061-43,,CIUDAD CAPITAL,ZONA 17,LICEO LOMAS DEL NORTE,LOTE 13 MANZANA 57 2-17 CANTÓN EL PORVENIR CANALITOS,57285158,,ROSELIA MARROQUÍN BOCANEGRA,PRIMARIA,PRIVADO,URBANA,ABIERTA,MONOLINGUE,MATUTINA,DIARIO(REGULAR),GUATEMALA NORTE
00-17-0062-45,,CIUDAD CAPITAL,ZONA 17,LICEO LOMAS DEL NORTE,LOTE 13 MANZANA 57 2-17 CANTÓN EL PORVENIR CANALITOS,5728515,,ROSELIA MARROQUÍN BOCANEGRA,BASICO,PRIVADO,URBANA,ABIERTA,MONOLINGUE,VESPERTINA,DIARIO(REGULAR),GUATEMALA NORTE
00-17-0989-42,,CIUDAD CAPITAL,ZONA 17,EPDP 'CAMABE',0 CALLE 8-11 ZONA 17 COLONIA LOURDES,,,,PARVULOS,PRIVADO,URBANA,CERRADA DEFINITIVAMENTE,MONOLINGUE,MATUTINA,DIARIO(REGULAR),GUATEMALA NORTE
00-17-1000-42,01-01-0003,CIUDAD CAPITAL,ZONA 17,EODP ANEXA A EOUM NO.85,"9A CALLE Y 13 AVENIDA FINAL, COLONIA LOMAS DEL NORTE",22564482,YAMILET VERSALI AGUILAR PEREZ,JULIO FERNANDO MIJANGOS RIVAS,PARVULOS,OFICIAL,URBANA,ABIERTA,MONOLINGUE,MATUTINA,DIARIO(REGULAR),GUATEMALA NORTE
00-17-1001-43,,CIUDAD CAPITAL,ZONA 17,COLEGIO 'BILINGUE LOURDES',0 CALLE 9-20 COLONIA LOURDES ZONA 17,,,,PRIMARIA,PRIVADO,URBANA,CERRADA TEMPORALMENTE,MONOLINGUE,MATUTINA,DIARIO(REGULAR),GUATEMALA NORTE
00-17-1002-45,01-01-0022,CIUDAD CAPITAL,ZONA 17,INSTITUTO NACIONAL MIXTO DE EDUCACIÓN BÁSICA ATLÁNTIDA,3A. AVE. 10-79 RESIDENCIALES DEL NORTE,41492296,YAMILET VERSALI AGUILAR PEREZ,SANDRA JEANNETTE BLANCO MÉNDEZ,BASICO,OFICIAL,URBANA,ABIERTA,MONOLINGUE,MATUTINA,DIARIO(REGULAR),GUATEMALA NORTE
00-17-1019-42,,CIUDAD CAPITAL,ZONA 17,EPDP ANEXA A COLEGIO MIXTO BILINGUE 'EL ENCANTO',"11 CALLE LOTE 16 ZONA 17, FINCA VISTA HERMOSA",,,,PARVULOS,PRIVADO,URBANA,CERRADA DEFINITIVAMENTE,MONOLINGUE,MATUTINA,DIARIO(REGULAR),GUATEMALA NORTE
00-17-1040-43,,CIUDAD CAPITAL,ZONA 17,COLEGIO BILINGUE 'EL ENCANTO',"11 CALLE LOTE 16 ZONA 17, FINCA VISTA HERMOSA",,,,PRIMARIA,PRIVADO,URBANA,CERRADA DEFINITIVAMENTE,MONOLINGUE,MATUTINA,DIARIO(REGULAR),GUATEMALA NORTE
00-17-1153-42,,CIUDAD CAPITAL,ZONA 17,COLEGIO BILINGUE 'LOURDES',"0 CALLE 9-20 COLONIA LOURDES, ZONA 17",,,,PARVULOS,PRIVADO,URBANA,CERRADA DEFINITIVAMENTE,MONOLINGUE,MATUTINA,DIARIO(REGULAR),GUATEMALA NORTE
00-17-1156-42,,CIUDAD CAPITAL,ZONA 17,EPDP ANEXA A 'LICEO LOMAS DEL NORTE',17 AVE. 8-40 COLONIA LOMAS DEL NORTE ZONA 17,,,,PARVULOS,PRIVADO,URBANA,CERRADA DEFINITIVAMENTE,MONOLINGUE,MATUTINA,DIARIO(REGULAR),GUATEMALA NORTE
00-17-1171-43,01-01-0003,CIUDAD CAPITAL,ZONA 17,EOUM NO.85,9A CALLE Y 13 AVE. COLONIA LOMAS DEL NORTE,22564482,YAMILET VERSALI AGUILAR PEREZ,JULIO FERNANDO MIJANGOS RIVAS,PRIMARIA,OFICIAL,URBANA,ABIERTA,MONOLINGUE,MATUTINA,DIARIO(REGULAR),GUATEMALA NORTE
00-17-1224-43,,CIUDAD CAPITAL,ZONA 17,EPUM 'LICEO LOMAS DEL NORTE',17 AVE. 8-40 COLONIA LOMAS DEL NORTE ZONA 17,,,,PRIMARIA,PRIVADO,URBANA,CERRADA DEFINITIVAMENTE,MONOLINGUE,MATUTINA,DIARIO(REGULAR),GUATEMALA NORTE
00-17-2302-45,,CIUDAD CAPITAL,ZONA 17,COLEGIO BILINGUE 'LOURDES',0 CALLE 9-20 COLONIA LOURDES ZONA 17,,,,BASICO,PRIVADO,URBANA,CERRADA DEFINITIVAMENTE,MONOLINGUE,MATUTINA,DIARIO(REGULAR),GUATEMALA NORTE
00-17-2302-46,,CIUDAD CAPITAL,ZONA 17,INSTITUTO PRIVADO MIXTO DE EDUCACION DIVERSIFICADA COLEGIO BILINGUE 'LOURDES',0 CALLE 9-20 COLONIA LOURDES ZONA 17,,,,DIVERSIFICADO,PRIVADO,URBANA,CERRADA DEFINITIVAMENTE,MONOLINGUE,MATUTINA,DIARIO(REGULAR),GUATEMALA NORTE
00-17-2581-45,01-01-0022,CIUDAD CAPITAL,ZONA 17,INEB,"3A AV 10-79 RESIDENCIALES DEL NORTE,",22582159,YAMILET VERSALI AGUILAR PEREZ,ROSA AMALIA PAZ GARCÍA,BASICO,OFICIAL,URBANA,ABIERTA,MONOLINGUE,VESPERTINA,DIARIO(REGULAR),GUATEMALA NORTE
00-17-2949-45,01-01-0003,CIUDAD CAPITAL,ZONA 17,CENTRO EDUCATIVO DEL NORTE C.E.N.,"12 AVE  A  11-63, FINCA VISTA HERMOSA",22552038,YAMILET VERSALI AGUILAR PEREZ,AURA LETICIA MONTERROSO GUDIEL,BASICO,PRIVADO,URBANA,ABIERTA,MONOLINGUE,MATUTINA,DIARIO(REGULAR),GUATEMALA NORTE
00-17-2964-42,01-01-0022,CIUDAD CAPITAL,ZONA 17,COLEGIO MIXTO  JUAN BAUTISTA ALBERDI,8A. AVE  A  9-77 RESIDENCIALES SAN FERNANDO,22581143,YAMILET VERSALI AGUILAR PEREZ,DEVORA JUDITH MIJANGOS PEREZ,PARVULOS,PRIVADO,URBANA,ABIERTA,MONOLINGUE,MATUTINA,DIARIO(REGULAR),GUATEMALA NORTE
00-17-2964-43,01-01-0022,CIUDAD CAPITAL,ZONA 17,COLEGIO MIXTO  JUAN BAUTISTA ALBERDI,8 AV. 9-77 RESIDENCIALES SAN FERNANDO,22581143,YAMILET VERSALI AGUILAR PEREZ,DEVORA JUDITH MIJANGOS PEREZ,PRIMARIA,PRIVADO,URBANA,ABIERTA,MONOLINGUE,MATUTINA,DIARIO(REGULAR),GUATEMALA NORTE
00-17-2964-45,01-01-0022,CIUDAD CAPITAL,ZONA 17,COLEGIO MIXTO JUAN BAUTISTA ALBERDI,8A.AV. 9-77 RESIDENCIALES SAN FERNANDO,22581143,YAMILET VERSALI AGUILAR PEREZ,VILMA MARÍA URQUIZÚ MARROQUÍN,BASICO,PRIVADO,URBANA,ABIERTA,MONOLINGUE,MATUTINA,DIARIO(REGULAR),GUATEMALA NORTE
00-17-3003-43,01-01-0003,CIUDAD CAPITAL,ZONA 17,CENTRO EDUCATIVO DEL NORTE C. E. N.,12 AVE  A  11-63 FINCA VISTA HERMOSA,22552038,YAMILET VERSALI AGUILAR PEREZ,AMARILIS JUDITH ESTRADA BOTEO,PRIMARIA,PRIVADO,URBANA,ABIERTA,MONOLINGUE,MATUTINA,DIARIO(REGULAR),GUATEMALA NORTE
00-17-3125-42,,CIUDAD CAPITAL,ZONA 17,EPDP EL 'MAESTRO EN SU HOGAR',"COL. LOS ANGELES, LOTE 11, MANZANA 'M' ZONA 17",,,,PARVULOS,PRIVADO,URBANA,CERRADA DEFINITIVAMENTE,MONOLINGUE,MATUTINA,DIARIO(REGULAR),GUATEMALA NORTE
00-17-3125-43,,CIUDAD CAPITAL,ZONA 17,CPMI EL 'EL MAESTRO EN SU HOGAR',"COL. LOS ANGELES, LOTE 11, MANZANA 'M' ZONA 17",,,,PRIMARIA,PRIVADO,URBANA,CERRADA DEFINITIVAMENTE,MONOLINGUE,MATUTINA,DIARIO(REGULAR),GUATEMALA NORTE
00-17-3145-43,01-01-0145,CIUDAD CAPITAL,ZONA 17,EORM LOS ANGELES,"KILOMETRO 10.5, RUTA AL ATLANTICO, COLONIA LOS ANGELES",59791628,CESAR ARNOLDO MARTINEZ GARCIA,BRENDA PAHOLA PACHECO CASTILLO,PRIMARIA,OFICIAL,RURAL,ABIERTA,MONOLINGUE,MATUTINA,DIARIO(REGULAR),GUATEMALA NORTE
00-17-4004-42,,CIUDAD CAPITAL,ZONA 17,EPUM 'COLEGIO BOSQUES DEL QUETZAL',LOTE 31 MANZANA 'F' COLONIA LLANO LARGO ZONA 17,,,,PARVULOS,PRIVADO,URBANA,CERRADA DEFINITIVAMENTE,MONOLINGUE,MATUTINA,DIARIO(REGULAR),GUATEMALA NORTE
00-17-4004-45,01-01-0146,CIUDAD CAPITAL,ZONA 17,COLEGIO 'BOSQUE DEL QUETZAL',KM. 16.5 RUTA AL ATLANTICO LOTE 1 COL SANTA DELFINA,22596263,CESAR ARNOLDO MARTINEZ GARCIA,OLBIR DOROTY RUANO LÓPEZ,BASICO,PRIVADO,URBANA,ABIERTA,MONOLINGUE,VESPERTINA,DIARIO(REGULAR),GUATEMALA NORTE
00-17-4562-46,01-01-0022,CIUDAD CAPITAL,ZONA 17,COLEGIO MIXTO JUAN BAUTISTA ALBERDI,8 AVE. 9-77 RESIDENCIALES VISTALSUR,40950152,YAMILET VERSALI AGUILAR PEREZ,VILMA MARÍA URQUIZÚ MARROQUÍN,DIVERSIFICADO,PRIVADO,URBANA,ABIERTA,MONOLINGUE,MATUTINA,DIARIO(REGULAR),GUATEMALA NORTE
00-17-4748-46,01-01-0145,CIUDAD CAPITAL,ZONA 17,COLEGIO  CONTINENTAL AMERICANO,RUTA AL ATLANTICO KM 9.5,22465700,CESAR ARNOLDO MARTINEZ GARCIA,CLAUDIA ELIZABETH RIZO REYES,DIVERSIFICADO,PRIVADO,URBANA,ABIERTA,MONOLINGUE,MATUTINA,DIARIO(REGULAR),GUATEMALA NORTE
00-17-7001-46,01-101,CIUDAD CAPITAL,ZONA 17,COLEGIO PEDAGOGICO EL VALLE,GRANJA YOLANDITA SABANA ARRIBA,,YENI XIOMARA CRÚZ SARCEÑO,,DIVERSIFICADO,PRIVADO,URBANA,CERRADA DEFINITIVAMENTE,MONOLINGUE,MATUTINA,DIARIO(REGULAR),GUATEMALA NORTE
00-17-7002-45,,CIUDAD CAPITAL,ZONA 17,COLEGIO CENTRO PEDAGOGICO 'EL VALLE',GRANJA YOLANDITA SABANA ARRIBA,22610207,,,BASICO,PRIVADO,URBANA,CERRADA DEFINITIVAMENTE,MONOLINGUE,MATUTINA,DIARIO(REGULAR),GUATEMALA NORTE
00-17-7031-42,01-01-0003,CIUDAD CAPITAL,ZONA 17,CENTRO EDUCATIVO DEL NORTE C.E.N.,12 AVE.  A  11-63 FINCA VISTA HERMOSA,22552038,YAMILET VERSALI AGUILAR PEREZ,DAISY CAROLINA MEJIA MEIGHAN,PARVULOS,PRIVADO,URBANA,ABIERTA,MONOLINGUE,MATUTINA,DIARIO(REGULAR),GUATEMALA NORTE
00-17-7082-42,01-01-0003,CIUDAD CAPITAL,ZONA 17,COLEGIO MIXTO 'EL MAESTRO',"10AV. 'C' 15-23 COLONIA EL MAESTRO, LOMAS DEL NORTE",22580971,YAMILET VERSALI AGUILAR PEREZ,MARLENY CELESTE GÓMEZ SAL,PARVULOS,PRIVADO,URBANA,ABIERTA,MONOLINGUE,MATUTINA,DIARIO(REGULAR),GUATEMALA NORTE
00-17-7083-43,01-01-0003,CIUDAD CAPITAL,ZONA 17,COLEGIO MIXTO 'EL MAESTRO',"10 AV. 'C' 15-23 COLONIA EL MAESTRO, LOMAS DEL NORTE",22580971,YAMILET VERSALI AGUILAR PEREZ,FRANCISCO  MONTENEGRO CARRERA,PRIMARIA,PRIVADO,URBANA,ABIERTA,MONOLINGUE,MATUTINA,DIARIO(REGULAR),GUATEMALA NORTE
00-17-7116-43,,CIUDAD CAPITAL,ZONA 17,COLEGIO CENTRO PEDAGOGICO 'EL VALLE',"GRANJA YOLANDITA, SABANA ARRIBA, ZONA 17",,,,PRIMARIA,PRIVADO,URBANA,CERRADA DEFINITIVAMENTE,MONOLINGUE,MATUTINA,DIARIO(REGULAR),GUATEMALA NORTE
00-17-7117-42,01-01-0146,CIUDAD CAPITAL,ZONA 17,COLEGIO MIXTO  LATINOAMERICANO,"LOTE 40 RESIDENCIALES HERMANO PEDRO, KM 14 1/2 RUTA AL ATLANTICO",22555497,CESAR ARNOLDO MARTINEZ GARCIA,JOAQUÍN LORENZO BÁMACA GONZÁLEZ,PARVULOS,PRIVADO,URBANA,ABIERTA,MONOLINGUE,MATUTINA,DIARIO(REGULAR),GUATEMALA NORTE
00-17-7149-41,,CIUDAD CAPITAL,ZONA 17,CPPB ANEXO AL COLEGIO CENTRO PEDAGOGICO 'EL VALLE',"GRANJA YOLANDITA SABANA ARRIBA, ZONA 17",22552904,,,PREPRIMARIA BILINGUE,PRIVADO,URBANA,CERRADA DEFINITIVAMENTE,BILINGUE,MATUTINA,DIARIO(REGULAR),GUATEMALA NORTE
00-17-7226-45,01-01-0146,CIUDAD CAPITAL,ZONA 17,COLEGIO MIXTO LATINOAMERICANO,"LOTE 40 RESIDENCIALES HNO. PEDRO KM. 14.5, RUTA AL ATLANTICO",22555497,CESAR ARNOLDO MARTINEZ GARCIA,JOAQUÍN LORENZO BÁMACA GONZÁLEZ,BASICO,PRIVADO,URBANA,ABIERTA,MONOLINGUE,VESPERTINA,DIARIO(REGULAR),GUATEMALA NORTE
00-17-7227-46,,CIUDAD CAPITAL,ZONA 17,COLEGIO MIXTO 'LATINOAMERICANO',"LOTE 40 RESIDENCIALES HNO. PEDRO ZONA 17 KM 14.5, RUTA AL ATLANTICO",52028158,,,DIVERSIFICADO,PRIVADO,URBANA,CERRADA DEFINITIVAMENTE,MONOLINGUE,VESPERTINA,DIARIO(REGULAR),GUATEMALA NORTE
00-17-7232-42,,CIUDAD CAPITAL,ZONA 17,EPDP ANEXA AL COLEGIO CENTRO PEDAGOGICO EL VALLE,"GRANJA YOLANDITA SABANA ARRIBA, ZONA 17",22610207,,,PARVULOS,PRIVADO,URBANA,CERRADA DEFINITIVAMENTE,MONOLINGUE,MATUTINA,DIARIO(REGULAR),GUATEMALA NORTE
00-17-7373-42,,CIUDAD CAPITAL,ZONA 17,COLEGIO MIXTO 'EL BUEN MAESTRO',"LOTE 4 MANZANA P, PINARES DE LLANO LARGO",,,,PARVULOS,PRIVADO,URBANA,CERRADA DEFINITIVAMENTE,MONOLINGUE,MATUTINA,DIARIO(REGULAR),GUATEMALA NORTE
00-17-7374-43,,CIUDAD CAPITAL,ZONA 17,COLEGIO MIXTO 'EL BUEN MAESTRO',"LOTE 4 MANZANA P, PINARES DE LLANO LARGO",,,,PRIMARIA,PRIVADO,URBANA,CERRADA DEFINITIVAMENTE,MONOLINGUE,MATUTINA,DIARIO(REGULAR),GUATEMALA NORTE
00-17-7466-42,01-01-0003,CIUDAD CAPITAL,ZONA 17,EODP ANEXA A EORM NO.619,"CANTON JAGUEY,  ALDEA CANALITOS",,YAMILET VERSALI AGUILAR PEREZ,CLAUDIA  HERNÁNDEZ JUÁREZ,PARVULOS,OFICIAL,RURAL,ABIERTA,MONOLINGUE,MATUTINA,DIARIO(REGULAR),GUATEMALA NORTE
00-17-7467-42,,CIUDAD CAPITAL,ZONA 17,EODP ANEXA NO.614 EL BUEN PASTOR,,,,,PARVULOS,OFICIAL,URBANA,CERRADA DEFINITIVAMENTE,MONOLINGUE,MATUTINA,DIARIO(REGULAR),GUATEMALA NORTE
00-17-7468-42,01-01-0146,CIUDAD CAPITAL,ZONA 17,EODP ANEXA NO.471  LICDA. LUZ SANCHEZ DE ALVAREZ,KM.14.5 RUTA AL ATLANTICO COLONIA HNO. PEDRO,41305870,CESAR ARNOLDO MARTINEZ GARCIA,HUGO RENÉ OLIVA ORELLANA,PARVULOS,OFICIAL,URBANA,ABIERTA,MONOLINGUE,MATUTINA,DIARIO(REGULAR),GUATEMALA NORTE
00-17-7469-42,,CIUDAD CAPITAL,ZONA 17,EODP ANEXA EORM,COMUNIDAD SANTA DELFINA,,,,PARVULOS,OFICIAL,URBANA,CERRADA DEFINITIVAMENTE,MONOLINGUE,MATUTINA,DIARIO(REGULAR),GUATEMALA NORTE
00-17-7470-42,01-105,CIUDAD CAPITAL,ZONA 17,EODP ANEXA A EORM NO.615,CANTON LAS PILAS ALDEA CANALITOS,42244515,YAMILET VERSALÍ AGUÍLAR PÉREZ,MARÍA OFELIA MÉRIDA,PARVULOS,OFICIAL,URBANA,CERRADA DEFINITIVAMENTE,MONOLINGUE,MATUTINA,DIARIO(REGULAR),GUATEMALA NORTE
00-17-7471-42,,CIUDAD CAPITAL,ZONA 17,EODP ANEXA NO.407 LA PASCUA,,,,,PARVULOS,OFICIAL,URBANA,CERRADA DEFINITIVAMENTE,MONOLINGUE,MATUTINA,DIARIO(REGULAR),GUATEMALA NORTE
00-17-7472-42,01-01-0022,CIUDAD CAPITAL,ZONA 17,EODP ANEXA A EORM NO.606 'EL ACEITUNO',ALDEA SABANA ARRIBA,,YAMILET VERSALI AGUILAR PEREZ,SONIA ESMERALDA MARTÍNEZ CALDERÓN,PARVULOS,OFICIAL,URBANA,ABIERTA,MONOLINGUE,MATUTINA,DIARIO(REGULAR),GUATEMALA NORTE
00-17-7473-42,01-01-0145,CIUDAD CAPITAL,ZONA 17,EODP ANEXA A EOUM  SAN AGUSTIN,"KM. 10.8 RUTA AL ATLANTICO, COLONIA SAN AGUSTIN ALDEA EL BEBEDERO",30037141,CESAR ARNOLDO MARTINEZ GARCIA,LAURA NOHEMÍ HERNÁNDEZ ALBIZURES,PARVULOS,OFICIAL,URBANA,ABIERTA,MONOLINGUE,MATUTINA,DIARIO(REGULAR),GUATEMALA NORTE
00-17-7474-42,01-01-0146,CIUDAD CAPITAL,ZONA 17,EODP ANEXA A EORM NO.614,KM. 12.5 RUTA AL ATLANTICO CASERIO EL BUEN PASTOR,46716567,CESAR ARNOLDO MARTINEZ GARCIA,FLOR ELIZABETH PUAC CHUTAN,PARVULOS,OFICIAL,URBANA,ABIERTA,MONOLINGUE,MATUTINA,DIARIO(REGULAR),GUATEMALA NORTE
00-17-7475-43,,CIUDAD CAPITAL,ZONA 17,EOUM NO. 612,"CN/ LOURDES, CANALITOS",,,,PRIMARIA,OFICIAL,URBANA,CERRADA DEFINITIVAMENTE,MONOLINGUE,MATUTINA,DIARIO(REGULAR),GUATEMALA NORTE
00-17-7477-43,01-105,CIUDAD CAPITAL,ZONA 17,EOUM NO. 618 'HECTOR NUILA ARREAGA',,52995456,YAMILET VERSALÍ AGUÍLAR PÉREZ,,PRIMARIA,OFICIAL,URBANA,CERRADA DEFINITIVAMENTE,MONOLINGUE,MATUTINA,DIARIO(REGULAR),GUATEMALA NORTE
00-17-7478-43,,CIUDAD CAPITAL,ZONA 17,EORM NO. 610 'HECTOR NUILA ARREAGA',ALDEA CANALITOS,,,,PRIMARIA,OFICIAL,RURAL,CERRADA DEFINITIVAMENTE,MONOLINGUE,VESPERTINA,DIARIO(REGULAR),GUATEMALA NORTE
00-17-7479-43,01-01-0003,CIUDAD CAPITAL,ZONA 17,EOUM NO. 619,"CANTON JAGUEY, ALDEA CANALITOS",55422734,YAMILET VERSALI AGUILAR PEREZ,CLAUDIA  HERNÁNDEZ JUÁREZ,PRIMARIA,OFICIAL,URBANA,ABIERTA,MONOLINGUE,MATUTINA,DIARIO(REGULAR),GUATEMALA NORTE
00-17-7480-43,01-01-0145,CIUDAD CAPITAL,ZONA 17,EORM NO. 607 SONIA RINCON,KM.10 RUTA AL ATLANTICO ALDEA EL BEBEDERO,22608008,CESAR ARNOLDO MARTINEZ GARCIA,ANNIE JANET REVOLORIO ALVA,PRIMARIA,OFICIAL,RURAL,ABIERTA,MONOLINGUE,MATUTINA,DIARIO(REGULAR),GUATEMALA NORTE
00-17-7481-43,01-01-0145,CIUDAD CAPITAL,ZONA 17,EOUM SAN AGUSTIN,KILOMETRO 10.80  RUTA AL ATLÁNTICO COLONIA SAN AGUSTIN,30037141,CESAR ARNOLDO MARTINEZ GARCIA,LAURA NOHEMÍ HERNÁNDEZ ALBIZURES,PRIMARIA,OFICIAL,URBANA,ABIERTA,MONOLINGUE,MATUTINA,DIARIO(REGULAR),GUATEMALA NORTE
00-17-7482-43,01-01-0146,CIUDAD CAPITAL,ZONA 17,EORM NO. 614,KM. 12.5 RUTA AL ATLANTICO CASERIO EL BUEN PASTOR,46716567,CESAR ARNOLDO MARTINEZ GARCIA,FLOR ELIZABETH PUAC CHUTAN,PRIMARIA,OFICIAL,RURAL,ABIERTA,MONOLINGUE,MATUTINA,DIARIO(REGULAR),GUATEMALA NORTE
00-17-7483-43,01-01-0146,CIUDAD CAPITAL,ZONA 17,"EOUM NO.471 ""LUZ ISABEL SANCHEZ""","KM. 14.5 RUTA  AL  ATLÁNTICO, COLONIA  HERMANO  PEDRO,",41305870,CESAR ARNOLDO MARTINEZ GARCIA,HUGO RENÉ OLIVA ORELLANA,PRIMARIA,OFICIAL,URBANA,ABIERTA,MONOLINGUE,MATUTINA,DIARIO(REGULAR),GUATEMALA NORTE
00-17-7484-43,01-01-0146,CIUDAD CAPITAL,ZONA 17,EORM SANTA DELFINA,KM 16.5 RUTA AL ATLANTICO,22595175,CESAR ARNOLDO MARTINEZ GARCIA,ORLENDA CARLOTA LÓPEZ CERNA,PRIMARIA,OFICIAL,URBANA,ABIERTA,MONOLINGUE,MATUTINA,DIARIO(REGULAR),GUATEMALA NORTE
00-17-7485-43,,CIUDAD CAPITAL,ZONA 17,EORM NO. 605 LAS CANOAS,,,,,PRIMARIA,OFICIAL,RURAL,CERRADA DEFINITIVAMENTE,MONOLINGUE,MATUTINA,DIARIO(REGULAR),GUATEMALA NORTE
00-17-7486-43,01-01-0022,CIUDAD CAPITAL,ZONA 17,EORM NO. 606 EL ACEITUNO,ALDEA SABANA ARRIBA,,YAMILET VERSALI AGUILAR PEREZ,SONIA ESMERALDA MARTÍNEZ CALDERÓN,PRIMARIA,OFICIAL,RURAL,ABIERTA,MONOLINGUE,MATUTINA,DIARIO(REGULAR),GUATEMALA NORTE
00-17-7487-43,,CIUDAD CAPITAL,ZONA 17,EORM NO. 407 LA PASCUA,,,,,PRIMARIA,OFICIAL,RURAL,CERRADA DEFINITIVAMENTE,MONOLINGUE,MATUTINA,DIARIO(REGULAR),GUATEMALA NORTE
00-17-7488-43,,CIUDAD CAPITAL,ZONA 17,EORM NO. 619,"CANTON JAGUEY,CANALITOS",,,,PRIMARIA,OFICIAL,RURAL,CERRADA DEFINITIVAMENTE,MONOLINGUE,VESPERTINA,DIARIO(REGULAR),GUATEMALA NORTE
00-17-7489-43,01-01-0003,CIUDAD CAPITAL,ZONA 17,EORM NO. 615,"CANTON LAS PILAS,CANALITOS",41213122,YAMILET VERSALI AGUILAR PEREZ,AMILZA YADIRA ARIAS CHUR,PRIMARIA,OFICIAL,RURAL,ABIERTA,MONOLINGUE,VESPERTINA,DIARIO(REGULAR),GUATEMALA NORTE
00-17-7490-43,01-01-0145,CIUDAD CAPITAL,ZONA 17,EORM NO. 613 'MARIO MENDEZ MONTENEGRO,ALDEA SANTA LUCIA LOS OCOTES,41315719,CESAR ARNOLDO MARTINEZ GARCIA,JULIO RENÉ VICENTE HERRERA,PRIMARIA,OFICIAL,RURAL,ABIERTA,MONOLINGUE,MATUTINA,DIARIO(REGULAR),GUATEMALA NORTE
00-17-7491-43,01-01-0145,CIUDAD CAPITAL,ZONA 17,EORM NO. 609,ALDEA LA CEBADILLA,46727137,CESAR ARNOLDO MARTINEZ GARCIA,FERMINA  TAQUIRA YOS,PRIMARIA,OFICIAL,RURAL,ABIERTA,MONOLINGUE,MATUTINA,DIARIO(REGULAR),GUATEMALA NORTE
00-17-7530-42,01-106,CIUDAD CAPITAL,ZONA 17,COLEGIO MIXTO 'LA CUMBRE DEL SABER',MANZANA #3 LOTE#2 PINARES DE LLANO LARGO,,CESAR ARNOLDO MARTINEZ GARCIA,,PARVULOS,PRIVADO,URBANA,CERRADA TEMPORALMENTE,MONOLINGUE,MATUTINA,DIARIO(REGULAR),GUATEMALA NORTE
00-17-7531-43,01-106,CIUDAD CAPITAL,ZONA 17,COLEGIO MIXTO LA CUMBRE,MANZANA #3 LOTE #2 PINARES DE LLANO LARGO,22596748,CESAR ARNOLDO MARTINEZ GARCIA,,PRIMARIA,PRIVADO,URBANA,CERRADA TEMPORALMENTE,MONOLINGUE,MATUTINA,DIARIO(REGULAR),GUATEMALA NORTE
00-17-7675-42,01-01-0145,CIUDAD CAPITAL,ZONA 17,COLEGIO MIXTO MANANTIAL DEL SABER,LOTE 37 MANZANA T COLONIA LOS ANGELES,56915621,CESAR ARNOLDO MARTINEZ GARCIA,YOLANDA NATALIA CASTILLO COLINDRES,PARVULOS,PRIVADO,URBANA,ABIERTA,MONOLINGUE,MATUTINA,DIARIO(REGULAR),GUATEMALA NORTE
00-17-7676-43,01-01-0145,CIUDAD CAPITAL,ZONA 17,COLEGIO MIXTO MANANTIAL DEL SABER,LOTE 37 MANZANA T COLONIA LOS ANGELES,56915621,CESAR ARNOLDO MARTINEZ GARCIA,CELSO ARTURO VÁSQUEZ PAXTOR,PRIMARIA,PRIVADO,URBANA,ABIERTA,MONOLINGUE,MATUTINA,DIARIO(REGULAR),GUATEMALA NORTE
00-17-7683-43,01-01-0146,CIUDAD CAPITAL,ZONA 17,ESCUELA OFICIAL RURAL MIXTA NO. 471 HERMANO PEDRO,"KILOMETRO 14.5 RUTA AL ATLANTICO, COLONIA HERMANO PEDRO",40340641,CESAR ARNOLDO MARTINEZ GARCIA,LUIS ARMANDO ROQUE,PRIMARIA,OFICIAL,RURAL,ABIERTA,MONOLINGUE,VESPERTINA,DIARIO(REGULAR),GUATEMALA NORTE
00-17-7686-43,,CIUDAD CAPITAL,ZONA 17,EORM NO.85,COLONIA LOMAS DEL NORTE,,,,PRIMARIA,OFICIAL,RURAL,CERRADA DEFINITIVAMENTE,MONOLINGUE,VESPERTINA,DIARIO(REGULAR),GUATEMALA NORTE
00-17-7791-42,01-105,CIUDAD CAPITAL,ZONA 17,EODP ANEXA A EORM NO.610  HECTOR NUILA ARREAGA,CANTON EL PORVENIR CANALITOS,56937079,YAMILET VERSALÍ AGUÍLAR PÉREZ,ZOILA ESPERANZA ALVAREZ LUNA,PARVULOS,OFICIAL,RURAL,CERRADA DEFINITIVAMENTE,MONOLINGUE,VESPERTINA,DIARIO(REGULAR),GUATEMALA NORTE
00-17-7792-42,01-01-0146,CIUDAD CAPITAL,ZONA 17,"EODP JM ""SANTA DELFINA""","COLONIA SANTA DELFINA, ZONA 25 KM.16.5 RUTA AL ATLANTICO, LOTE 3 ""A"" SECCION ""C""",22595175,CESAR ARNOLDO MARTINEZ GARCIA,ORLENDA CARLOTA LÓPEZ CERNA,PARVULOS,OFICIAL,RURAL,ABIERTA,MONOLINGUE,MATUTINA,DIARIO(REGULAR),GUATEMALA NORTE
00-17-7882-42,01-001,CIUDAD CAPITAL,ZONA 17,CEIN -PAIN-,CALLE PRINCIPAL ALDEA SABANA ARRIBA,,SANDRA LIZZETH CRUZ IZAGUIRRE,,PARVULOS,OFICIAL,RURAL,CERRADA DEFINITIVAMENTE,MONOLINGUE,MATUTINA,DIARIO(REGULAR),GUATEMALA NORTE
00-17-7908-43,01-01-0003,CIUDAD CAPITAL,ZONA 17,EOUM,"9A. CALLE Y 13 AVENIDA FINAL , COLONIA LOMAS DEL NORTE",42956554,YAMILET VERSALI AGUILAR PEREZ,CRISTAL STEPHANY BUSTAMANTE AGUILAR,PRIMARIA,OFICIAL,URBANA,ABIERTA,MONOLINGUE,VESPERTINA,DIARIO(REGULAR),GUATEMALA NORTE
00-17-8110-42,01-105,CIUDAD CAPITAL,ZONA 17,JARDIN INFANTIL  LOS HONGUITOS,8A. AVENIDA 10-64 RESIDENCIALES DEL NORTE,22582774,YAMILET VERSALÍ AGUÍLAR PÉREZ,EVA LEONOR HERNANDEZ JIMENEZ,PARVULOS,PRIVADO,URBANA,CERRADA DEFINITIVAMENTE,MONOLINGUE,MATUTINA,DIARIO(REGULAR),GUATEMALA NORTE
00-17-8195-43,01-01-0022,CIUDAD CAPITAL,ZONA 17,COLEGIO MIXTO 'NUEVA LUZ',2A. AVENIDA LOTE 23 ALDEA SABANA ARRIBA,22610182,YAMILET VERSALI AGUILAR PEREZ,ARMINDA GRISELDA REYES LIANO,PRIMARIA,PRIVADO,URBANA,ABIERTA,MONOLINGUE,MATUTINA,DIARIO(REGULAR),GUATEMALA NORTE
00-17-8297-42,01-110,CIUDAD CAPITAL,ZONA 17,JARDIN INFANTIL EL PORTAL MAGICO,12 CALLE 10-60 COLONIA COVITIGSS,22551455,ZUHILEM YESENIA ESTRADA ORTIZ,CLAUDIA MIREYA TORALLA DE LEÓN,PARVULOS,PRIVADO,URBANA,CERRADA TEMPORALMENTE,MONOLINGUE,MATUTINA,DIARIO(REGULAR),GUATEMALA NORTE
00-17-8382-42,01-01-0022,CIUDAD CAPITAL,ZONA 17,EODP ANEXA A EORM NO. 2195,4A. AVENIDA A NO.28 A RESIDENCIALES MONTESOLAR,22861558,YAMILET VERSALI AGUILAR PEREZ,HELEN JANETH YAC VELÁSQUEZ,PARVULOS,OFICIAL,URBANA,ABIERTA,MONOLINGUE,MATUTINA,DIARIO(REGULAR),GUATEMALA NORTE
00-17-8383-43,01-01-0022,CIUDAD CAPITAL,ZONA 17,EORM # 2195 MONTESANO,4AV. A NO.28 A RESIDENCIALES MONTESOLAR,22861558,YAMILET VERSALI AGUILAR PEREZ,HELEN JANETH YAC VELÁSQUEZ,PRIMARIA,OFICIAL,URBANA,ABIERTA,MONOLINGUE,MATUTINA,DIARIO(REGULAR),GUATEMALA NORTE
00-17-8384-43,01-105,CIUDAD CAPITAL,ZONA 17,EORM #2195 MONTESANO,4A. AVE. 'A' # 28 A RESIDENCIALES MONTESOLAR,,YAMILET VERSALÍ AGUÍLAR PÉREZ,,PRIMARIA,OFICIAL,RURAL,CERRADA TEMPORALMENTE,MONOLINGUE,VESPERTINA,DIARIO(REGULAR),GUATEMALA NORTE
00-17-8469-43,01-01-0022,CIUDAD CAPITAL,ZONA 17,EOUM,"BLOQUE 'O', LOTE 6 ASENTAMIENTO SALUD PUBLICA",22581413,YAMILET VERSALI AGUILAR PEREZ,CATARINA  GÓMEZ ULUAN,PRIMARIA,OFICIAL,URBANA,ABIERTA,MONOLINGUE,MATUTINA,DIARIO(REGULAR),GUATEMALA NORTE
00-17-8476-42,01-01-0003,CIUDAD CAPITAL,ZONA 17,EODP ANEXA A EOUM NO.85,"9A. CALLE Y 13 AVENIDA FINAL, COLONIA LOMAS DEL NORTE",42956554,YAMILET VERSALI AGUILAR PEREZ,CRISTAL STEPHANY BUSTAMANTE AGUILAR,PARVULOS,OFICIAL,URBANA,ABIERTA,MONOLINGUE,VESPERTINA,DIARIO(REGULAR),GUATEMALA NORTE
00-17-8501-42,01-01-0022,CIUDAD CAPITAL,ZONA 17,COLEGIO PARTICULAR MIXTO NUEVA LUZ,2A. AV. LOTE 23-00 SABANA ARRIBA,22559475,YAMILET VERSALI AGUILAR PEREZ,MARIA ALICIA SALGUERO ORELLANA,PARVULOS,PRIVADO,URBANA,ABIERTA,MONOLINGUE,MATUTINA,DIARIO(REGULAR),GUATEMALA NORTE
00-17-8603-42,01-01-0022,CIUDAD CAPITAL,ZONA 17,ESCUELA OFICIAL URBANA MIXTA PARA PÁRVULOS SALUD PÚBLICA,BLOQUE  O  LOTES 6 ASENTAMIENTO SALUD PUBLICA,59018820,YAMILET VERSALI AGUILAR PEREZ,ILEANA MARYBEL RÍOS GUZMÁN,PARVULOS,OFICIAL,URBANA,ABIERTA,MONOLINGUE,VESPERTINA,DIARIO(REGULAR),GUATEMALA NORTE
00-17-8619-42,01-01-0003,CIUDAD CAPITAL,ZONA 17,COLEGIO MIXTO DEL PARQUE,"19 AVENIDA B 10-69, COLONIA LOMAS DEL NORTE",22585638,YAMILET VERSALI AGUILAR PEREZ,ADA CRISTINA CONTRERAS PERINO,PARVULOS,PRIVADO,URBANA,ABIERTA,MONOLINGUE,MATUTINA,DIARIO(REGULAR),GUATEMALA NORTE
00-17-8658-42,01-01-0145,CIUDAD CAPITAL,ZONA 17,EODP ANEXA A EOUM,COLONIA LAS CONCHAS,,CESAR ARNOLDO MARTINEZ GARCIA,DONALDO  GONZÁLEZ MEJÍA,PARVULOS,OFICIAL,URBANA,ABIERTA,MONOLINGUE,MATUTINA,DIARIO(REGULAR),GUATEMALA NORTE
00-17-8659-43,01-01-0145,CIUDAD CAPITAL,ZONA 17,EOUM,COLONIA LAS CONCHAS,,CESAR ARNOLDO MARTINEZ GARCIA,DONALDO  GONZÁLEZ MEJÍA,PRIMARIA,OFICIAL,URBANA,ABIERTA,MONOLINGUE,MATUTINA,DIARIO(REGULAR),GUATEMALA NORTE
00-17-8769-43,01-105,CIUDAD CAPITAL,ZONA 17,INSTITUTO PRIVADO DE VARONES Y ESCUELA PREPARATORIA ANEXA,13 AV. 26-25 ACATAN,23273200,YAMILET VERSALÍ AGUÍLAR PÉREZ,BRENDA DALILAH NITSCH PEÑA,PRIMARIA,PRIVADO,URBANA,CERRADA TEMPORALMENTE,MONOLINGUE,MATUTINA,DIARIO(REGULAR),GUATEMALA NORTE
00-17-8770-45,01-105,CIUDAD CAPITAL,ZONA 17,INSTITUTO PRIVADO DE VARONES Y ESCUELA PREPARATORIA ANEXA,13 AV. 26-25 ACATAN,23273200,YAMILET VERSALÍ AGUÍLAR PÉREZ,,BASICO,PRIVADO,URBANA,CERRADA TEMPORALMENTE,MONOLINGUE,MATUTINA,DIARIO(REGULAR),GUATEMALA NORTE
00-17-8771-46,01-105,CIUDAD CAPITAL,ZONA 17,INSTITUTO PRIVADO DE VARONES Y ESCUELA PREPARATORIA ANEXA,13 AVENIDA 26-25 ACATAN,23273200,YAMILET VERSALÍ AGUÍLAR PÉREZ,MARITZA ILEANA SILVA RODRIGUEZ DE REYES,DIVERSIFICADO,PRIVADO,URBANA,CERRADA TEMPORALMENTE,MONOLINGUE,MATUTINA,DIARIO(REGULAR),GUATEMALA NORTE
00-17-8776-43,01-01-0003,CIUDAD CAPITAL,ZONA 17,COLEGIO MIXTO DEL PARQUE,"19 AVENIDA B 10-65, COLONIA LOMAS DEL NORTE",22585638,YAMILET VERSALI AGUILAR PEREZ,ADA CRISTINA CONTRERAS PERINO,PRIMARIA,PRIVADO,URBANA,ABIERTA,MONOLINGUE,MATUTINA,DIARIO(REGULAR),GUATEMALA NORTE
00-17-8777-45,01-407,CIUDAD CAPITAL,ZONA 17,COLEGIO MIXTO DEL PARQUE,"19 AVENIDA 'B' 10-69, COLONIA LOMAS DEL NORTE",22551241,LILIAN YOLANDA RODRIGUEZ PINTO DE CASTRO,,BASICO,PRIVADO,URBANA,CERRADA TEMPORALMENTE,MONOLINGUE,MATUTINA,SABATINO,GUATEMALA NORTE
00-17-8778-46,01-407,CIUDAD CAPITAL,ZONA 17,COLEGIO MIXTO DEL PARQUE,"19 AVENIDA 'B' 10-69, COLONIA LOMAS DEL NORTE",22551241,LILIAN YOLANDA RODRIGUEZ PINTO DE CASTRO,,DIVERSIFICADO,PRIVADO,URBANA,CERRADA TEMPORALMENTE,MONOLINGUE,MATUTINA,SABATINO,GUATEMALA NORTE
00-17-8784-42,01-105,CIUDAD CAPITAL,ZONA 17,INSTITUTO PRIVADO DE VARONES Y ESCUELA PREPARATORIA ANEXA,13 AVENIDA 26-25 ACATAN,23273200,YAMILET VERSALÍ AGUÍLAR PÉREZ,,PARVULOS,PRIVADO,URBANA,CERRADA TEMPORALMENTE,MONOLINGUE,MATUTINA,DIARIO(REGULAR),GUATEMALA NORTE
00-17-8894-45,01-01-0146,CIUDAD CAPITAL,ZONA 17,IEBC HERMANO PEDRO,KM. 14.5 RUTA AL ATLANTICO HERMANO PEDRO,22595732,CESAR ARNOLDO MARTINEZ GARCIA,DELMI JHOHANNA ALEL SANTOS,BASICO,COOPERATIVA,URBANA,ABIERTA,MONOLINGUE,MATUTINA,DIARIO(REGULAR),GUATEMALA NORTE
00-17-8900-43,01-01-0003,CIUDAD CAPITAL,ZONA 17,COLEGIO SANTA DELFINA,12 AV. 12-00 COLONIA EL MAESTRO,42197259,YAMILET VERSALI AGUILAR PEREZ,MARIA ALICIA MALDONADO MARIN,PRIMARIA,PRIVADO,URBANA,ABIERTA,MONOLINGUE,MATUTINA,DIARIO(REGULAR),GUATEMALA NORTE
00-17-8901-42,01-01-0003,CIUDAD CAPITAL,ZONA 17,COLEGIO SANTA DELFINA,12 AV. 12-00 COLONIA EL MAESTRO,42197259,YAMILET VERSALI AGUILAR PEREZ,MARIA ALICIA MALDONADO MARIN,PARVULOS,PRIVADO,URBANA,ABIERTA,MONOLINGUE,MATUTINA,DIARIO(REGULAR),GUATEMALA NORTE
00-17-8961-45,01-01-0003,CIUDAD CAPITAL,ZONA 17,COLEGIO CORPORATIVO COMERCIO,LOTE 13 MANZANA 57 CANTON CENTRAL CANALITOS,41512152,YAMILET VERSALI AGUILAR PEREZ,ELVIRA OFELIA MONTERROSO RIVERA,BASICO,PRIVADO,URBANA,ABIERTA,MONOLINGUE,VESPERTINA,DIARIO(REGULAR),GUATEMALA NORTE
00-17-8962-46,01-01-0003,CIUDAD CAPITAL,ZONA 17,COLEGIO CORPORATIVO COMERCIO,LOTE 13 MANZANA 57 CANTON CENTRAL CANALITOS,42646509,YAMILET VERSALI AGUILAR PEREZ,ELVIRA OFELIA MONTERROSO RIVERA,DIVERSIFICADO,PRIVADO,URBANA,ABIERTA,MONOLINGUE,VESPERTINA,DIARIO(REGULAR),GUATEMALA NORTE
00-17-9131-45,01-01-0003,CIUDAD CAPITAL,ZONA 17,CENTRO EDUCATIVO DE INFORMATICA  SINAI,CALLE PRINCIPAL MANZANA 33 LOTE 6 CANTON CENTRAL ALDEA CANALITOS,22584390,YAMILET VERSALI AGUILAR PEREZ,CARLOS HUMBERTO BARRIOS LÓPEZ,BASICO,PRIVADO,RURAL,ABIERTA,MONOLINGUE,MATUTINA,DIARIO(REGULAR),GUATEMALA NORTE
00-17-9132-45,01-01-0024,CIUDAD CAPITAL,ZONA 17,CENTRO EDUCATIVO DE INFORMATICA  SINAI,MANAZANA 33 LOTE 6 CANTON CENTRAL ALDEA CANALITOS,22584390,CARLOS HUMBERTO GONZALEZ DE LEON,MIRIAM  MÉNDEZ VÁSQUEZ,BASICO,PRIVADO,RURAL,ABIERTA,MONOLINGUE,DOBLE,FIN DE SEMANA,GUATEMALA NORTE
00-17-9133-45,01-106,CIUDAD CAPITAL,ZONA 17,CENTRO EDUCATIVO DE INFORMATICA  SINAI,"MANAZANA 33 LOTE 6, CANTON CENTRAL, ALDEA CANALITOS",22584390,CESAR ARNOLDO MARTINEZ GARCIA,MIRIAM  MÉNDEZ VÁSQUEZ,BASICO,PRIVADO,RURAL,CERRADA TEMPORALMENTE,MONOLINGUE,DOBLE,FIN DE SEMANA,GUATEMALA NORTE
00-17-9134-46,01-01-0003,CIUDAD CAPITAL,ZONA 17,CENTRO EDUCATIVO DE INFORMATICA  SINAI,CALLE PRINCIPAL MANZANA 33 LOTE 6 CANTON CENTRAL CANALITOS,22584390,YAMILET VERSALI AGUILAR PEREZ,CARLOS HUMBERTO BARRIOS LÓPEZ,DIVERSIFICADO,PRIVADO,RURAL,ABIERTA,MONOLINGUE,MATUTINA,DIARIO(REGULAR),GUATEMALA NORTE
00-17-9135-46,01-01-0024,CIUDAD CAPITAL,ZONA 17,CENTRO EDUCATIVO DE INFORMATICA  SINAI,MANZANA 33 LOTE 6 CANTON CENTRAL ALDEA CANALITOS,22584390,CARLOS HUMBERTO GONZALEZ DE LEON,MIRIAM  MÉNDEZ VÁSQUEZ,DIVERSIFICADO,PRIVADO,RURAL,ABIERTA,MONOLINGUE,DOBLE,FIN DE SEMANA,GUATEMALA NORTE
00-17-9136-46,01-407,CIUDAD CAPITAL,ZONA 17,CENTRO EDUCATIVO DE INFORMATICA SINAI (POR MADUREZ),CALLE PRINCIPAL MANZANA 33 LOTE 6 CANTON CENTRAL CANALITOS,22584390,LILIAN YOLANDA RODRIGUEZ PINTO DE CASTRO,,DIVERSIFICADO,PRIVADO,RURAL,CERRADA DEFINITIVAMENTE,MONOLINGUE,DOBLE,FIN DE SEMANA,GUATEMALA NORTE
00-17-9145-42,01-01-0022,CIUDAD CAPITAL,ZONA 17,COLEGIO MIXTO  LA GRAN CASA AZUL,8A. AV. 8-60 COLONIA RESIDENCIALES DEL NORTE,46662792,YAMILET VERSALI AGUILAR PEREZ,NANCY FABIOLA CRUZ RODRIGUEZ,PARVULOS,PRIVADO,URBANA,ABIERTA,MONOLINGUE,MATUTINA,DIARIO(REGULAR),GUATEMALA NORTE
00-17-9165-42,01-01-0022,CIUDAD CAPITAL,ZONA 17,COLEGIO CENTRO JUVENIL TECNOLOGICO,10 AV 10-61 RESIDENCIALES DEL NORTE,22550439,YAMILET VERSALI AGUILAR PEREZ,BARBARA ANDREINA CIFUENTES AGUILAR,PARVULOS,PRIVADO,URBANA,ABIERTA,MONOLINGUE,MATUTINA,DIARIO(REGULAR),GUATEMALA NORTE
00-17-9166-43,01-01-0022,CIUDAD CAPITAL,ZONA 17,COLEGIO CENTRO JUVENIL TECNOLOGICO,10 AV. 10-61 RESIDENCIALES DEL NORTE,22550439,YAMILET VERSALI AGUILAR PEREZ,REINA EDELMIRA CABRERA VÉLIZ,PRIMARIA,PRIVADO,URBANA,ABIERTA,MONOLINGUE,MATUTINA,DIARIO(REGULAR),GUATEMALA NORTE
00-17-9188-42,01-01-0146,CIUDAD CAPITAL,ZONA 17,COLEGIO MIXTO 'LA CUMBRE DEL EXITO',LOTE 2 MANZANA 3 COLONIA PINARES DE LLANO LARGO,22596748,CESAR ARNOLDO MARTINEZ GARCIA,CLARA ELSA GIRÓN SOLANO,PARVULOS,PRIVADO,URBANA,ABIERTA,MONOLINGUE,MATUTINA,DIARIO(REGULAR),GUATEMALA NORTE
00-17-9189-43,01-01-0146,CIUDAD CAPITAL,ZONA 17,COLEGIO MIXTO 'LA CUMBRE DEL EXITO',LOTE 2 MANZANA 3 COLONIA PINARES DE LLANO LARGO,22596748,CESAR ARNOLDO MARTINEZ GARCIA,MYRIAM ELIZABETH OLIVA MURCIA,PRIMARIA,PRIVADO,URBANA,ABIERTA,MONOLINGUE,MATUTINA,DIARIO(REGULAR),GUATEMALA NORTE
00-17-9238-42,27-003,CIUDAD CAPITAL,ZONA 17,PROGRAM HOGARES COMUNITARIOS (SOSEP),6TA. AVE. 4-54,22535262,LESVIA AMPARO VELASQUEZ GOMEZ,,PARVULOS,OFICIAL,URBANA,CERRADA DEFINITIVAMENTE,MONOLINGUE,MATUTINA,DIARIO(REGULAR),GUATEMALA NORTE
00-17-9281-42,01-105,CIUDAD CAPITAL,ZONA 17,MI CASITA KINDERGARDEN,4TA. CALLE 8-01 ZONA 17,22560217,YAMILET VERSALÍ AGUÍLAR PÉREZ,,PARVULOS,PRIVADO,URBANA,CERRADA TEMPORALMENTE,MONOLINGUE,MATUTINA,DIARIO(REGULAR),GUATEMALA NORTE
00-17-9293-42,01-01-0022,CIUDAD CAPITAL,ZONA 17,JARDIN INFANTIL LOS CUBITOS,10AV. A 10-37 COL. SAN FERNANDO,22552380,YAMILET VERSALI AGUILAR PEREZ,SONIA MAGALY REVOLORIO MORALES,PARVULOS,PRIVADO,URBANA,ABIERTA,MONOLINGUE,MATUTINA,DIARIO(REGULAR),GUATEMALA NORTE
00-17-9323-42,01-01-0003,CIUDAD CAPITAL,ZONA 17,CENTRO EDUCATIVO DE INFORMATICA SINAI,CALLE PRINCIPAL MANZANA 33 LOTE #6 CANTON CENTRAL CANALITOS,22584390,YAMILET VERSALI AGUILAR PEREZ,VERÓNICA AMARILIS LÓPEZ JEREZ,PARVULOS,PRIVADO,RURAL,ABIERTA,MONOLINGUE,MATUTINA,DIARIO(REGULAR),GUATEMALA NORTE
00-17-9324-43,01-01-0003,CIUDAD CAPITAL,ZONA 17,CENTRO EDUCATIVO DE INFORMATICA SINAI,"CALLE PRINCIPAL MANZANA 33 LOTE #6 CANTON CENTRAL, CANALITOS",22584390,YAMILET VERSALI AGUILAR PEREZ,ONEIDA ILIANA DEL CID CHUR,PRIMARIA,PRIVADO,RURAL,ABIERTA,MONOLINGUE,MATUTINA,DIARIO(REGULAR),GUATEMALA NORTE
00-17-9375-45,01-01-0146,CIUDAD CAPITAL,ZONA 17,COLEGIO MIXTO 'LA CUMBRE DEL EXITO',"LOTE 2, MANZANA 3, COLONIA PINARES DE LLANO LARGO",22596748,CESAR ARNOLDO MARTINEZ GARCIA,BRENDA JEANNETTE SANDOVAL SANDOVAL,BASICO,PRIVADO,URBANA,ABIERTA,MONOLINGUE,MATUTINA,DIARIO(REGULAR),GUATEMALA NORTE
00-17-9409-42,01-105,CIUDAD CAPITAL,ZONA 17,EODP ANEXA A EORM,CANTON SAN ISIDRO LAS HUERTAS CANALITOS,,YAMILET VERSALÍ AGUÍLAR PÉREZ,,PARVULOS,OFICIAL,RURAL,CERRADA DEFINITIVAMENTE,MONOLINGUE,MATUTINA,DIARIO(REGULAR),GUATEMALA NORTE
00-17-9410-43,01-105,CIUDAD CAPITAL,ZONA 17,EORM,CANTON SAN ISIDRO LAS HUERTAS CANALITOS,,YAMILET VERSALÍ AGUÍLAR PÉREZ,,PRIMARIA,OFICIAL,RURAL,CERRADA DEFINITIVAMENTE,MONOLINGUE,MATUTINA,DIARIO(REGULAR),GUATEMALA NORTE
00-17-9436-42,01-01-0146,CIUDAD CAPITAL,ZONA 17,ESCUELA OFICIAL DE PÁRVULOS ANEXA A LA ESCUELA OFICIAL RURAL MIXTA NO. 471 HERMANO PEDRO,KM.14.5 RUTA AL ATLANTICO COLONIA HERMANO PEDRO,40340641,CESAR ARNOLDO MARTINEZ GARCIA,LUIS ARMANDO ROQUE,PARVULOS,OFICIAL,RURAL,ABIERTA,MONOLINGUE,VESPERTINA,DIARIO(REGULAR),GUATEMALA NORTE
00-17-9437-42,01-01-0145,CIUDAD CAPITAL,ZONA 17,EODP ANEXA A EORM LOS ANGELES,"KM 10.5 RUTA AL ATLANTICO, LOTE 1 MANZANA T COL. LOS ANGELES",24755819,CESAR ARNOLDO MARTINEZ GARCIA,BRENDA PAHOLA PACHECO CASTILLO,PARVULOS,OFICIAL,RURAL,ABIERTA,MONOLINGUE,MATUTINA,DIARIO(REGULAR),GUATEMALA NORTE
00-17-9514-44,01-01-0024,CIUDAD CAPITAL,ZONA 17,EOPA LAVARREDA NO. 44,RUTA AL ATLANTICO KM. 16.5 COLONIA SANTA DELFINA,51957911,CARLOS HUMBERTO GONZALEZ DE LEON,MARCELO ANTONIO GUTIÉRREZ MARTÍNEZ,PRIMARIA DE ADULTOS,OFICIAL,URBANA,ABIERTA,MONOLINGUE,NOCTURNA,DIARIO(REGULAR),GUATEMALA NORTE
00-17-9526-42,01-01-0003,CIUDAD CAPITAL,ZONA 17,EODP ANEXA A EORM NO.615,CANTON LAS PILAS ALDEA CANALITOS,41213122,YAMILET VERSALI AGUILAR PEREZ,AMILZA YADIRA ARIAS CHUR,PARVULOS,OFICIAL,RURAL,ABIERTA,MONOLINGUE,VESPERTINA,DIARIO(REGULAR),GUATEMALA NORTE
00-17-9574-42,01-110,CIUDAD CAPITAL,ZONA 17,COLEGIO EL BOSQUE AZUL,11 CALLE 20-24 COLONIA LOMAS DEL NORTE,22582320,ZUHILEM YESENIA ESTRADA ORTIZ,JESSICA EUGENIA OLIVA MELENDEZ,PARVULOS,PRIVADO,URBANA,CERRADA DEFINITIVAMENTE,MONOLINGUE,MATUTINA,DIARIO(REGULAR),GUATEMALA NORTE
00-17-9700-42,01-105,CIUDAD CAPITAL,ZONA 17,COLEGIO JARDIN INFANTIL  MIS ANGELITOS,"9A. AVENIDA 2-67, COLONIA LOURDES",22564388,YAMILET VERSALÍ AGUÍLAR PÉREZ,BEATRIZ IRENE MONZON ARROYO,PARVULOS,PRIVADO,URBANA,CERRADA TEMPORALMENTE,MONOLINGUE,MATUTINA,DIARIO(REGULAR),GUATEMALA NORTE
00-17-9735-42,01-01-0022,CIUDAD CAPITAL,ZONA 17,LICEO CRISTIANO ROCA DE AYUDA,1A. CALLE 1-40 SABANA ARRIBA,22612400,YAMILET VERSALI AGUILAR PEREZ,MARIALEJANDRA  FRIELY RODAS,PARVULOS,PRIVADO,URBANA,ABIERTA,MONOLINGUE,MATUTINA,DIARIO(REGULAR),GUATEMALA NORTE
00-17-9736-43,01-01-0022,CIUDAD CAPITAL,ZONA 17,LICEO CRISTIANO ROCA DE AYUDA,1A. CALLE 1-40 SABANA ARRIBA,22612400,YAMILET VERSALI AGUILAR PEREZ,ALBA MARINA SANTISTEBAN LÓPEZ,PRIMARIA,PRIVADO,URBANA,ABIERTA,MONOLINGUE,MATUTINA,DIARIO(REGULAR),GUATEMALA NORTE
00-17-9737-45,01-01-0022,CIUDAD CAPITAL,ZONA 17,LICEO CRISTIANO ROCA DE AYUDA,1A. CALLE 1-40 SABANA ARRIBA,22798738-22612400,YAMILET VERSALI AGUILAR PEREZ,ARLING VICTORIA RAMÍREZ LÓPEZ,BASICO,PRIVADO,URBANA,ABIERTA,MONOLINGUE,MATUTINA,DIARIO(REGULAR),GUATEMALA NORTE
00-17-9738-46,01-01-0022,CIUDAD CAPITAL,ZONA 17,LICEO CRISTIANO ROCA DE AYUDA,1A. CALLE 1-40 SABANA ARRIBA,22612400,YAMILET VERSALI AGUILAR PEREZ,ARLING VICTORIA RAMÍREZ LÓPEZ,DIVERSIFICADO,PRIVADO,URBANA,ABIERTA,MONOLINGUE,MATUTINA,DIARIO(REGULAR),GUATEMALA NORTE
00-17-9766-45,01-105,CIUDAD CAPITAL,ZONA 17,COLEGIO PANAMERICANO,"PLAZA NOR-ORIENTE CA-9 NORTE RUTA AL ATLANTICO 06-96,4TO. NIVEL",22561304-22560465,YAMILET VERSALÍ AGUÍLAR PÉREZ,DELFINA MARISOL PAZOS RAMOS,BASICO,PRIVADO,URBANA,CERRADA TEMPORALMENTE,MONOLINGUE,MATUTINA,DIARIO(REGULAR),GUATEMALA NORTE
00-17-9767-46,01-105,CIUDAD CAPITAL,ZONA 17,COLEGIO PANAMERICANO,"PLAZA NOR-ORIENTE CA-9 NORTE RUTA AL ATLANTICO 06-96, 4TO. NIVEL",22028888,YAMILET VERSALÍ AGUÍLAR PÉREZ,DELFINA MARISOL PAZOS RAMOS,DIVERSIFICADO,PRIVADO,URBANA,CERRADA TEMPORALMENTE,MONOLINGUE,MATUTINA,DIARIO(REGULAR),GUATEMALA NORTE
00-17-9768-45,01-106,CIUDAD CAPITAL,ZONA 17,COLEGIO PANAMERICANO,"PLAZA NOR-ORIENTE CA-9 NORTE RUTA AL ATLANTICO 06-96, 4TO. NIVEL",22561304-22560465,CESAR ARNOLDO MARTINEZ GARCIA,DELFINA MARISOL PAZOS RAMOS,BASICO,PRIVADO,URBANA,CERRADA TEMPORALMENTE,MONOLINGUE,DOBLE,FIN DE SEMANA,GUATEMALA NORTE
00-17-9769-46,01-106,CIUDAD CAPITAL,ZONA 17,COLEGIO PANAMERICANO,"PLAZA NOR-ORIENTE CA-9 NORTE RUTA AL ATLANTICO 06-96, 4TO. NIVEL",47406758,CESAR ARNOLDO MARTINEZ GARCIA,DELFINA MARISOL PAZOS RAMOS,DIVERSIFICADO,PRIVADO,URBANA,CERRADA TEMPORALMENTE,MONOLINGUE,DOBLE,FIN DE SEMANA,GUATEMALA NORTE
00-17-9770-45,01-106,CIUDAD CAPITAL,ZONA 17,COLEGIO PANAMERICANO,"PLAZA NOR-ORIENTE CA-9 NORTE RUTA AL ATLANTICO 06-96, 4TO. NIVEL",22561304-22560465,CESAR ARNOLDO MARTINEZ GARCIA,DELFINA MARISOL PAZOS RAMOS,BASICO,PRIVADO,URBANA,CERRADA TEMPORALMENTE,MONOLINGUE,DOBLE,FIN DE SEMANA,GUATEMALA NORTE
00-17-9771-46,01-106,CIUDAD CAPITAL,ZONA 17,COLEGIO PANAMERICANO,"PLAZA NOR-ORIENTE CA-9 NORTE RUTA AL ATLANTICO 06-96, 4TO. NIVEL",22560465-22560465,CESAR ARNOLDO MARTINEZ GARCIA,DELFINA MARISOL PAZOS RAMOS,DIVERSIFICADO,PRIVADO,URBANA,CERRADA TEMPORALMENTE,MONOLINGUE,DOBLE,FIN DE SEMANA,GUATEMALA NORTE
00-18-0001-43,01-01-0018,CIUDAD CAPITAL,ZONA 18,COLEGIO MUNDO INFANTIL PEQUEÑAS ESTRELLAS,"LOTE 30 MANZANA 5, SAN RAFAEL BUENA VISTA",55952716,ISRAEL PORTILLO HERNÁNDEZ,ELVIA ELIZABETH VARGAS RUANO,PRIMARIA,PRIVADO,URBANA,ABIERTA,MONOLINGUE,MATUTINA,DIARIO(REGULAR),GUATEMALA NORTE
00-18-0002-45,01-01-0036,CIUDAD CAPITAL,ZONA 18,LICEO FRANCO GUATEMALTECO,"MANZANA 19, LOTE 627, COLONIA MAYA",30720249,CARLOS HUMBERTO GONZALEZ DE LEON,EVELIN SIOMARA FRANCO CHUR,BASICO,PRIVADO,URBANA,ABIERTA,MONOLINGUE,DOBLE,FIN DE SEMANA,GUATEMALA NORTE
00-18-0003-45,01-01-0036,CIUDAD CAPITAL,ZONA 18,LICEO FRANCO GUATEMALTECO,"MANZANA 19, LOTE 627, COLONIA MAYA",22604562,CARLOS HUMBERTO GONZALEZ DE LEON,EVELIN SIOMARA FRANCO CHUR,BASICO,PRIVADO,URBANA,ABIERTA,MONOLINGUE,DOBLE,FIN DE SEMANA,GUATEMALA NORTE
00-18-0004-46,01-01-0036,CIUDAD CAPITAL,ZONA 18,LICEO FRANCO GUATEMALTECO,"MANZANA 19, LOTE 627, COLONIA MAYA",45371017,CARLOS HUMBERTO GONZALEZ DE LEON,EVELIN SIOMARA FRANCO CHUR,DIVERSIFICADO,PRIVADO,URBANA,ABIERTA,MONOLINGUE,DOBLE,FIN DE SEMANA,GUATEMALA NORTE
00-18-0005-46,01-01-0036,CIUDAD CAPITAL,ZONA 18,LICEO FRANCO GUATEMALTECO,"MANZANA 19, LOTE 627, COLONIA MAYA",30720249,CARLOS HUMBERTO GONZALEZ DE LEON,EVELIN SIOMARA FRANCO CHUR,DIVERSIFICADO,PRIVADO,URBANA,ABIERTA,MONOLINGUE,DOBLE,FIN DE SEMANA,GUATEMALA NORTE
00-18-0006-42,01-01-0021,CIUDAD CAPITAL,ZONA 18,COLEGIO PRIVADO PROCEDI PROYECTO DE COOPERACION EDUCATIVA Y DE DESARROLLO INTEGRAL,SECTOR 3 MANZANA R LOTE 1 LOMAS DE SANTA FAZ,22425186,ISRAEL PORTILLO HERNÁNDEZ,MIGUEL ANGEL VALLE GUTIÉRREZ,PARVULOS,PRIVADO,URBANA,ABIERTA,MONOLINGUE,MATUTINA,DIARIO(REGULAR),GUATEMALA NORTE
00-18-0007-43,01-01-0021,CIUDAD CAPITAL,ZONA 18,"COLEGIO PRIVADO PROCEDI, PROYECTO DE COOPERACION EDUCATIVA Y DE DESARROLLO INTEGRAL",SECTOR 3 MANZANA R LOTE 1 LOMAS DE SANTA FAZ,22425186,ISRAEL PORTILLO HERNÁNDEZ,MIGUEL ANGEL VALLE GUTIÉRREZ,PRIMARIA,PRIVADO,URBANA,ABIERTA,MONOLINGUE,MATUTINA,DIARIO(REGULAR),GUATEMALA NORTE
00-18-0008-45,01-110,CIUDAD CAPITAL,ZONA 18,COLEGIO ARCOIRIS DE AMOR,"23 AVENIDA ""C"" 13-95, COLONIA EL LIMON",22600587,ZUHILEM YESENIA ESTRADA ORTIZ,JOSE MARGARITO GARRIDO MORALES,BASICO,PRIVADO,URBANA,CERRADA DEFINITIVAMENTE,MONOLINGUE,MATUTINA,DIARIO(REGULAR),GUATEMALA NORTE
00-18-0009-45,01-01-0011,CIUDAD CAPITAL,ZONA 18,INEB,"25 AVENIDA 17-00, COLONIA SANTA ELENA III",54320931,YAMILET VERSALI AGUILAR PEREZ,JULIO MAURICIO GAMBOA ALMANZA,BASICO,OFICIAL,URBANA,ABIERTA,MONOLINGUE,VESPERTINA,DIARIO(REGULAR),GUATEMALA NORTE
00-18-0010-45,01-01-0013,CIUDAD CAPITAL,ZONA 18,INEB EL CHATO,LOTE 20 CALLE REAL ALDEA CONCEPCIÓN EL CHATO,22554585,CESAR ARNOLDO MARTINEZ GARCIA,HECTOR FRANCISCO HERNÁNDEZ CABRERA,BASICO,OFICIAL,URBANA,ABIERTA,MONOLINGUE,VESPERTINA,DIARIO(REGULAR),GUATEMALA NORTE
00-18-0011-46,01-403,CIUDAD CAPITAL,ZONA 18,INSTITUTO MIXTO EXDUCERE,"12 CALLE 23-60, PARAISO II",22570171,CARLOS HUMBERTO GONZÁLEZ DE LEÓN,ELISEO CANO ACOSTA,DIVERSIFICADO,PRIVADO,URBANA,CERRADA TEMPORALMENTE,MONOLINGUE,DOBLE,FIN DE SEMANA,GUATEMALA NORTE
00-18-0012-45,01-01-0024,CIUDAD CAPITAL,ZONA 18,INSTITUTO MIXTO EXDUCERE,"12 CALLE 23-60, PARAISO II",41900191,CARLOS HUMBERTO GONZALEZ DE LEON,EMMA ETELVINA ORELLANA RAMIREZ,BASICO,PRIVADO,URBANA,ABIERTA,MONOLINGUE,DOBLE,FIN DE SEMANA,GUATEMALA NORTE
00-18-0013-42,01-01-0013,CIUDAD CAPITAL,ZONA 18,"COLEGIO ""EL FARO""","60 AVENIDA 00-75, KM. 15.5, CARRETERA AL ATLANTICO",22555418,CESAR ARNOLDO MARTINEZ GARCIA,YOSELYN BETSAYDA SÁNCHEZ LEMUS,PARVULOS,PRIVADO,URBANA,ABIERTA,MONOLINGUE,MATUTINA,DIARIO(REGULAR),GUATEMALA NORTE
00-18-0014-43,01-01-0013,CIUDAD CAPITAL,ZONA 18,"COLEGIO ""EL FARO""","60 AVENIDA 00-75, KM 15.5 CARRETERA AL ATLANTICO",22555418,CESAR ARNOLDO MARTINEZ GARCIA,ISABEL ASUNCIÓN DÍAZ SÁNCHEZ,PRIMARIA,PRIVADO,URBANA,ABIERTA,MONOLINGUE,MATUTINA,DIARIO(REGULAR),GUATEMALA NORTE
00-18-0015-42,01-01-0021,CIUDAD CAPITAL,ZONA 18,COLEGIO SENDEROS,"14 CALLE ""B"" 21-02, ALAMEDA III",36877816,ISRAEL PORTILLO HERNÁNDEZ,WENDY LILIANA HERNANDEZ LOPEZ,PARVULOS,PRIVADO,URBANA,ABIERTA,MONOLINGUE,MATUTINA,DIARIO(REGULAR),GUATEMALA NORTE
00-18-0016-43,01-01-0021,CIUDAD CAPITAL,ZONA 18,COLEGIO SENDEROS,"14 CALLE ""B"" 21-02, ALAMEDA III",36877816,ISRAEL PORTILLO HERNÁNDEZ,DEIFILIA MAGALY PAZZETTY GALVÁN,PRIMARIA,PRIVADO,URBANA,ABIERTA,MONOLINGUE,MATUTINA,DIARIO(REGULAR),GUATEMALA NORTE
00-18-0017-45,01-01-0021,CIUDAD CAPITAL,ZONA 18,COLEGIO SENDEROS,"14 CALLE ""B"" 21-02, ALAMEDA III",36877816,ISRAEL PORTILLO HERNÁNDEZ,RANDY OLIARCA HERNANDEZ MORALES,BASICO,PRIVADO,URBANA,ABIERTA,MONOLINGUE,VESPERTINA,DIARIO(REGULAR),GUATEMALA NORTE
00-18-0018-42,01-01-0021,CIUDAD CAPITAL,ZONA 18,EODP NUEVA JERUSALEN,LOTE 41 SECTOR 1 COLONIA NUEVA JERUSALEN,55170425,ISRAEL PORTILLO HERNÁNDEZ,LESVIA EUGENIA MONTENEGRO VELÁSQUEZ,PARVULOS,OFICIAL,URBANA,ABIERTA,MONOLINGUE,DOBLE,DIARIO(REGULAR),GUATEMALA NORTE
00-18-0019-43,01-104,CIUDAD CAPITAL,ZONA 18,"COLEGIO KINDERGARTEN ""MI CASITA""","MANZANA D-1, LOTE 11, NUMERO 05-45, COLONIA PINARES DEL NORTE",22429557,ISRAEL PORTILLO HERNANDEZ,ELBA ILEANA MORALES LOPEZ,PRIMARIA,PRIVADO,URBANA,CERRADA DEFINITIVAMENTE,MONOLINGUE,MATUTINA,DIARIO(REGULAR),GUATEMALA NORTE
00-18-0020-46,01-01-0016,CIUDAD CAPITAL,ZONA 18,"LICEO MIXTO EVANGELICO ""FUENTE DE ENSEÑANZA""",LOTE 25 Y 40 DE LA SECCIÓN G COLONIA LAS ILUSIONES,59452532,RONI GUSTABO PUAC IBAÑEZ,MARIA LUISA CHACON ALDANA,DIVERSIFICADO,PRIVADO,URBANA,ABIERTA,MONOLINGUE,MATUTINA,DIARIO(REGULAR),GUATEMALA NORTE
00-18-0021-45,01-106,CIUDAD CAPITAL,ZONA 18,"LICEO CRISTIANO ""BRASIL""","LOTE 32, 33 Y 34 SECTOR 4 MANZANA 3 RESIDENCIALES SAN ANTONIO",43069501,CESAR ARNOLDO MARTINEZ GARCIA,AMANDA ELOISA MONTES REINA DE FLORES,BASICO,PRIVADO,URBANA,CERRADA TEMPORALMENTE,MONOLINGUE,DOBLE,FIN DE SEMANA,GUATEMALA NORTE
00-18-0022-46,01-01-0023,CIUDAD CAPITAL,ZONA 18,"LICEO CRISTIANO ""BRASIL""","LOTE 32, 33 Y 34 SECTOR 4 MANZANA 3 RESIDENCIALES SAN ANTONIO",42283980,CESAR ARNOLDO MARTINEZ GARCIA,ANDREA ESTEFANÍA ESQUIVEL AMADO,DIVERSIFICADO,PRIVADO,URBANA,ABIERTA,MONOLINGUE,VESPERTINA,DIARIO(REGULAR),GUATEMALA NORTE
00-18-0023-46,01-106,CIUDAD CAPITAL,ZONA 18,"LICEO CRISTIANO ""BRASIL""",MANZANA 3 RESIDENCIALES SAN ANTONIO,43069501,CESAR ARNOLDO MARTINEZ GARCIA,AMANDA ELOISA MONTES REINA DE FLORES,DIVERSIFICADO,PRIVADO,URBANA,CERRADA TEMPORALMENTE,MONOLINGUE,DOBLE,FIN DE SEMANA,GUATEMALA NORTE
00-18-0024-42,01-01-0023,CIUDAD CAPITAL,ZONA 18,EODP ANEXA A EOUM NO. 622 LOS PINOS,30 AVE. 17 CALLE COLONIA LOS PINOS,57522126,CESAR ARNOLDO MARTINEZ GARCIA,LESBIA MAGALY GONZALEZ LÓPEZ,PARVULOS,OFICIAL,URBANA,ABIERTA,MONOLINGUE,MATUTINA,DIARIO(REGULAR),GUATEMALA NORTE
00-18-0025-45,01-01-0014,CIUDAD CAPITAL,ZONA 18,"COLEGIO MIXTO PARROQUIAL ""VIRGEN DEL ROSARIO""","LOTE 434, MANZANA 12 COLONIA MAYA",22600086,RONI GUSTABO PUAC IBAÑEZ,KARLA YEZZENIA CORTÉZ BOLAÑOS,BASICO,PRIVADO,URBANA,ABIERTA,MONOLINGUE,MATUTINA,DIARIO(REGULAR),GUATEMALA NORTE
00-18-0026-43,01-01-0014,CIUDAD CAPITAL,ZONA 18,LICEO AMERICANO TECNOLOGICO DE COMPUTACION,LOTE 927 MANZANA 8 COLONIA MAYA,22602017,RONI GUSTABO PUAC IBAÑEZ,HILSA ODILIA RAMOS HERNÁNDEZ,PRIMARIA,PRIVADO,URBANA,ABIERTA,MONOLINGUE,MATUTINA,DIARIO(REGULAR),GUATEMALA NORTE
00-18-0027-43,01-104,CIUDAD CAPITAL,ZONA 18,"CENTRO EDUCATIVO ""ARTE Y TECNOLOGIA""",LOTE 927 MANZANA 8 COLONIA MAYA,22604152,ISRAEL PORTILLO HERNANDEZ,ZOILA LUZ MOLINA SARAVIA,PRIMARIA,PRIVADO,URBANA,CERRADA DEFINITIVAMENTE,MONOLINGUE,MATUTINA,DIARIO(REGULAR),GUATEMALA NORTE
00-18-0028-42,01-01-0014,CIUDAD CAPITAL,ZONA 18,LICEO AMERICANO TECNOLOGICO DE COMPUTACION,LOTE 927 MANZANA 8 COLONIA MAYA,22602017,RONI GUSTABO PUAC IBAÑEZ,HILSA ODILIA RAMOS HERNÁNDEZ,PARVULOS,PRIVADO,URBANA,ABIERTA,MONOLINGUE,MATUTINA,DIARIO(REGULAR),GUATEMALA NORTE
00-18-0029-45,01-01-0015,CIUDAD CAPITAL,ZONA 18,INEB DE TELESECUNDARIA,COLONIA EL ROSARIO,30475363,RONI GUSTABO PUAC IBAÑEZ,NORMA DINORA AVILA VALDEZ,BASICO,OFICIAL,URBANA,ABIERTA,MONOLINGUE,VESPERTINA,DIARIO(REGULAR),GUATEMALA NORTE
00-18-0030-45,01-01-0016,CIUDAD CAPITAL,ZONA 18,INEB DE TELESECUNDARIA LA PASCUA,COLONIA LA PASCUA,44666589,RONI GUSTABO PUAC IBAÑEZ,LUIS ALBERTO ORELLANA ANDURAY,BASICO,OFICIAL,URBANA,ABIERTA,MONOLINGUE,VESPERTINA,DIARIO(REGULAR),GUATEMALA NORTE
00-18-0031-45,01-110,CIUDAD CAPITAL,ZONA 18,COLEGIO MIXTO EVANGELICO MARANATHA,4A. AVENIDA 8-31 RESIDENCIALES ATLANTIDA,22561073,ZUHILEM YESENIA ESTRADA ORTIZ,CONSUELO MUNGUIA GUZMAN DE MUY,BASICO,PRIVADO,URBANA,CERRADA TEMPORALMENTE,MONOLINGUE,VESPERTINA,DIARIO(REGULAR),GUATEMALA NORTE
00-18-0032-46,01-110,CIUDAD CAPITAL,ZONA 18,COLEGIO MIXTO EVANGELICO MARANATHA,4A. AVENIDA 8-31 RESIDENCIALES ATLANTIDA,22561073,ZUHILEM YESENIA ESTRADA ORTIZ,CONSUELO MUNGUIA GUZMAN DE MUY,DIVERSIFICADO,PRIVADO,URBANA,CERRADA TEMPORALMENTE,MONOLINGUE,VESPERTINA,DIARIO(REGULAR),GUATEMALA NORTE
00-18-0033-45,01-01-0013,CIUDAD CAPITAL,ZONA 18,COLEGIO MIXTO LLANO LARGO,"RUTA AL ATLANTICO, RESIDENCIALES JARDINES DEL ROSARIO KILOMETRO 16.5 MANZANA B, LOTES 8 Y 9,",22555512,CESAR ARNOLDO MARTINEZ GARCIA,ROXANA ELIZABETH CHANG MÉNDEZ,BASICO,PRIVADO,URBANA,ABIERTA,MONOLINGUE,VESPERTINA,DIARIO(REGULAR),GUATEMALA NORTE
00-18-0034-46,01-01-0013,CIUDAD CAPITAL,ZONA 18,COLEGIO MIXTO LLANO LARGO,"RUTA AL ATLANTICO, RESIDENCIALES JARDINES DEL ROSARIO KILOMETRO 16.5 MANZANA B, LOTES 8 Y 9,",22555512,CESAR ARNOLDO MARTINEZ GARCIA,ROXANA ELIZABETH CHANG MÉNDEZ,DIVERSIFICADO,PRIVADO,URBANA,ABIERTA,MONOLINGUE,VESPERTINA,DIARIO(REGULAR),GUATEMALA NORTE
00-18-0035-45,01-01-0019,CIUDAD CAPITAL,ZONA 18,COLEGIO CRISTIANO KYRIOS 2,"61 AVENIDA ""E"" 5-09 RESIDENCIALES PINARES DEL NORTE",50183135,ISRAEL PORTILLO HERNÁNDEZ,EVELIN SIOMARA ARGUETA PALACIOS,BASICO,PRIVADO,URBANA,ABIERTA,MONOLINGUE,MATUTINA,DIARIO(REGULAR),GUATEMALA NORTE
00-18-0036-43,01-104,CIUDAD CAPITAL,ZONA 18,LICEO CRISTIANO MANANTIAL DE VIDA LIMAVI,"12 CALLE 26-64, VILLA DE SAN RAFAEL",22423443,ISRAEL PORTILLO HERNANDEZ,EUGENIA NOEMI MORALES RUIZ,PRIMARIA,PRIVADO,URBANA,CERRADA TEMPORALMENTE,MONOLINGUE,MATUTINA,DIARIO(REGULAR),GUATEMALA NORTE
00-18-0037-42,01-104,CIUDAD CAPITAL,ZONA 18,LICEO CRISTIANO MANANTIAL DE VIDA LIMAVI,"12 CALLE 26-64, VILLA DE SAN RAFAEL",22574713,ISRAEL PORTILLO HERNANDEZ,ANA AZUCENA HERNÁNDEZ GIRÓN,PARVULOS,PRIVADO,URBANA,CERRADA DEFINITIVAMENTE,MONOLINGUE,MATUTINA,DIARIO(REGULAR),GUATEMALA NORTE
00-18-0038-43,01-01-0019,CIUDAD CAPITAL,ZONA 18,COLEGIO DULCE HOGAR,59 AVENIDA A 6-61 COLONIA PINARES DEL NORTE,22422735,ISRAEL PORTILLO HERNÁNDEZ,OLGA LUCÍA GUARCAS DE LEÓN,PRIMARIA,PRIVADO,URBANA,ABIERTA,MONOLINGUE,MATUTINA,DIARIO(REGULAR),GUATEMALA NORTE
00-18-0039-42,01-01-0013,CIUDAD CAPITAL,ZONA 18,COLEGIO VILLA REAL ATLANTICO I,LOTE 5A SECTOR 4 KM. 14.5 RUTA AL ATLANTICO RESIDENCIALES SOLUNA,55515868,CESAR ARNOLDO MARTINEZ GARCIA,DÉBORA CECILIA ALDANA FAJARDO,PARVULOS,PRIVADO,URBANA,ABIERTA,MONOLINGUE,MATUTINA,DIARIO(REGULAR),GUATEMALA NORTE
00-18-0040-43,01-01-0013,CIUDAD CAPITAL,ZONA 18,COLEGIO VILLA REAL ATLANTICO I,LOTE 5 A SECTOR 4 KM. 14.5 RUTA AL ATLANTICO RESIDENCIALES SOLUNA,55515868,CESAR ARNOLDO MARTINEZ GARCIA,DÉBORA CECILIA ALDANA FAJARDO,PRIMARIA,PRIVADO,URBANA,ABIERTA,MONOLINGUE,MATUTINA,DIARIO(REGULAR),GUATEMALA NORTE
00-18-0041-45,01-01-0013,CIUDAD CAPITAL,ZONA 18,COLEGIO VILLA REAL ATLANTICO 1,LOTE 5 A SECTOR 4 KM. 14.5 RUTA AL ATLANTICO RESIDENCIALES SOLUNA,59005304,CESAR ARNOLDO MARTINEZ GARCIA,DÉBORA CECILIA ALDANA FAJARDO,BASICO,PRIVADO,URBANA,ABIERTA,MONOLINGUE,MATUTINA,DIARIO(REGULAR),GUATEMALA NORTE
00-18-0042-46,01-01-0013,CIUDAD CAPITAL,ZONA 18,COLEGIO VILLA REAL ATLANTICO 1,LOTE 5 A SECTOR 4 KM. 14.5 RUTA AL ATLANTICO RESIDENCIALES SOLUNA,55515868,CESAR ARNOLDO MARTINEZ GARCIA,DÉBORA CECILIA ALDANA FAJARDO,DIVERSIFICADO,PRIVADO,URBANA,ABIERTA,MONOLINGUE,MATUTINA,DIARIO(REGULAR),GUATEMALA NORTE
00-18-0043-45,01-01-0011,CIUDAD CAPITAL,ZONA 18,INEB JUAN PABLO II,20 AVENIDA Y 12 CALLE COLONIA EL LIMON,58904872,YAMILET VERSALI AGUILAR PEREZ,LUIS ARMANDO CUTÉ CARRANZA,BASICO,OFICIAL,URBANA,ABIERTA,MONOLINGUE,VESPERTINA,DIARIO(REGULAR),GUATEMALA NORTE
00-18-0044-43,01-01-0011,CIUDAD CAPITAL,ZONA 18,EOUM JUAN PABLO II,"20 AVENIDA Y 12 CALLE, COLONIA EL LIMON",59424283,YAMILET VERSALI AGUILAR PEREZ,MARIA EUGENIA ZELADA LOPEZ,PRIMARIA,OFICIAL,URBANA,ABIERTA,MONOLINGUE,MATUTINA,DIARIO(REGULAR),GUATEMALA NORTE
00-18-0045-46,01-01-0015,CIUDAD CAPITAL,ZONA 18,COLEGIO TECNOLOGICO HOMBRE DE NAZARETH,"LOTE 60, MANZANA 4, COLONIA EL ROSARIO",51269018,RONI GUSTABO PUAC IBAÑEZ,SULMAN ESPERANZA JIMENEZ CASTAÑAZA,DIVERSIFICADO,PRIVADO,URBANA,ABIERTA,MONOLINGUE,VESPERTINA,DIARIO(REGULAR),GUATEMALA NORTE
00-18-0046-42,01-01-0018,CIUDAD CAPITAL,ZONA 18,EODP SAN RAFAEL III,"13 CALLE B 3-80 SAN RAFAEL III, LAS COLINAS",52397114,ISRAEL PORTILLO HERNÁNDEZ,KARLA YEZZENIA CORTÉZ BOLAÑOS,PARVULOS,OFICIAL,URBANA,ABIERTA,MONOLINGUE,VESPERTINA,DIARIO(REGULAR),GUATEMALA NORTE
00-18-0047-43,01-01-0011,CIUDAD CAPITAL,ZONA 18,EOUM SANTA ELENA II,"11 CALLE ""B"" 01-68 COLONIA SANTA ELENA II",30339510,YAMILET VERSALI AGUILAR PEREZ,JOSSELYNNE THAMAR CASTILLO GARCÍA,PRIMARIA,OFICIAL,URBANA,ABIERTA,MONOLINGUE,MATUTINA,DIARIO(REGULAR),GUATEMALA NORTE
00-18-0048-42,01-01-0011,CIUDAD CAPITAL,ZONA 18,EODP ANEXA A EOUM SANTA ELENA II,"11 CALLE  ""B"" 01-68 COLONIA SANTA ELENA II",30339510,YAMILET VERSALI AGUILAR PEREZ,JOSSELYNNE THAMAR CASTILLO GARCÍA,PARVULOS,OFICIAL,URBANA,ABIERTA,MONOLINGUE,MATUTINA,DIARIO(REGULAR),GUATEMALA NORTE
00-18-0049-46,01-106,CIUDAD CAPITAL,ZONA 18,LICEO RICHARD STALLMAN,"KM. 12.5 LOTE 2, CARRETERA AL ATLANTICO, ALDEA LO DE RODRIGUEZ",54705215,CESAR ARNOLDO MARTINEZ GARCIA,VILMA JEANNETTE CASTRO PIVARAL,DIVERSIFICADO,PRIVADO,URBANA,CERRADA TEMPORALMENTE,MONOLINGUE,MATUTINA,DIARIO(REGULAR),GUATEMALA NORTE
00-18-0050-45,01-106,CIUDAD CAPITAL,ZONA 18,LICEO RICHARD STALLMAN,"KM. 12.5 LOTE 2, CARRETERA AL ATLANTICO, ALDEA LO DE RODRIGUEZ",54705215,CESAR ARNOLDO MARTINEZ GARCIA,VILMA JEANNETTE CASTRO PIVARAL,BASICO,PRIVADO,URBANA,CERRADA TEMPORALMENTE,MONOLINGUE,MATUTINA,DIARIO(REGULAR),GUATEMALA NORTE
00-18-0051-45,01-106,CIUDAD CAPITAL,ZONA 18,LICEO RICHARD STALLMAN,"KM. 12.5 LOTE 2, CARRETERA AL ATLANTICO, ALDEA LO DE RODRIGUEZ",22614848,CESAR ARNOLDO MARTINEZ GARCIA,VILMA JEANNETTE CASTRO PIVARAL,BASICO,PRIVADO,URBANA,CERRADA TEMPORALMENTE,MONOLINGUE,DOBLE,FIN DE SEMANA,GUATEMALA NORTE
00-18-0052-46,01-106,CIUDAD CAPITAL,ZONA 18,LICEO RICHARD STALLMAN,"KM. 12.5 LOTE 2, CARRETERA AL ATLANTICO, ALDEA LO DE RODRIGUEZ",22614848,CESAR ARNOLDO MARTINEZ GARCIA,VILMA JEANNETTE CASTRO PIVARAL,DIVERSIFICADO,PRIVADO,URBANA,CERRADA TEMPORALMENTE,MONOLINGUE,DOBLE,FIN DE SEMANA,GUATEMALA NORTE
00-18-0053-42,01-01-0014,CIUDAD CAPITAL,ZONA 18,CENTRO EDUCATIVO AMERICANO INTERNACIONAL,KM 7.5 LOTE 12 COLONIA EL CARACOL BOULEVARD LOS OLIVOS,46532815,RONI GUSTABO PUAC IBAÑEZ,XIOMARA ABIGAIL ESTRADA GARCÍA,PARVULOS,PRIVADO,URBANA,ABIERTA,MONOLINGUE,MATUTINA,DIARIO(REGULAR),GUATEMALA NORTE
00-18-0054-43,01-01-0014,CIUDAD CAPITAL,ZONA 18,CENTRO EDUCATIVO AMERICANO INTERNACIONAL,KILOMETRO 7.5 LOTE 12 COLONIA EL CARACOL BOULEVARD LOS OLIVOS,55637636,RONI GUSTABO PUAC IBAÑEZ,XIOMARA MARIBEL HERNÁNDEZ DEL CID,PRIMARIA,PRIVADO,URBANA,ABIERTA,MONOLINGUE,MATUTINA,DIARIO(REGULAR),GUATEMALA NORTE
00-18-0055-43,01-01-0019,CIUDAD CAPITAL,ZONA 18,EOUM VALLE DEL NORTE,RESIDENCIAL VALLE DEL NORTE ZONA 18,49969765,ISRAEL PORTILLO HERNÁNDEZ,LAURA YANET HERNÁNDEZ SACALXOT,PRIMARIA,OFICIAL,URBANA,ABIERTA,MONOLINGUE,MATUTINA,DIARIO(REGULAR),GUATEMALA NORTE
00-18-0056-42,01-01-0019,CIUDAD CAPITAL,ZONA 18,EODP,RESIDENCIAL VALLE DEL NORTE ZONA 18,49969765,ISRAEL PORTILLO HERNÁNDEZ,LAURA YANET HERNÁNDEZ SACALXOT,PARVULOS,OFICIAL,URBANA,ABIERTA,MONOLINGUE,MATUTINA,DIARIO(REGULAR),GUATEMALA NORTE
00-18-0057-46,01-106,CIUDAD CAPITAL,ZONA 18,COLEGIO TECNOLOGICO HOMBRE DE NAZARETH,"LOTE 60, MANZANA 4, COLONIA EL ROSARIO",22554484,CESAR ARNOLDO MARTINEZ GARCIA,SULMAN ESPERANZA JIMENEZ CASTAÑAZA,DIVERSIFICADO,PRIVADO,URBANA,CERRADA TEMPORALMENTE,MONOLINGUE,DOBLE,FIN DE SEMANA,GUATEMALA NORTE
00-18-0058-46,01-106,CIUDAD CAPITAL,ZONA 18,COLEGIO TECNOLOGICO HOMBRE DE NAZARETH,"LOTE 60, MANZANA 4, COLONIA EL ROSARIO",22554484,CESAR ARNOLDO MARTINEZ GARCIA,SULMAN ESPERANZA JIMENEZ CASTAÑAZA,DIVERSIFICADO,PRIVADO,URBANA,CERRADA TEMPORALMENTE,MONOLINGUE,DOBLE,FIN DE SEMANA,GUATEMALA NORTE
00-18-0059-42,01-01-0023,CIUDAD CAPITAL,ZONA 18,COLEGIO BAUTISTA SHALOM,35 AV. 00-39 CARRETERA AL ATLANTICO,25053535,CESAR ARNOLDO MARTINEZ GARCIA,WENDY MARIA ANAVISCA FLORES,PARVULOS,PRIVADO,URBANA,ABIERTA,MONOLINGUE,MATUTINA,DIARIO(REGULAR),GUATEMALA NORTE
00-18-0060-43,01-01-0023,CIUDAD CAPITAL,ZONA 18,COLEGIO BAUTISTA SHALOM,35 AV. 00-39 CARRETERA AL ATLANTICO,25053535,CESAR ARNOLDO MARTINEZ GARCIA,ZAIDA ARELIS LEMUS GARZONA,PRIMARIA,PRIVADO,URBANA,ABIERTA,MONOLINGUE,MATUTINA,DIARIO(REGULAR),GUATEMALA NORTE
00-18-0061-45,01-01-0023,CIUDAD CAPITAL,ZONA 18,COLEGIO BAUTISTA SHALOM,35 AV. 00-39 CARRETERA  AL ATLANTICO,25053535,CESAR ARNOLDO MARTINEZ GARCIA,SANDRA YOJANA ESTRADA GARCÍA,BASICO,PRIVADO,URBANA,ABIERTA,MONOLINGUE,MATUTINA,DIARIO(REGULAR),GUATEMALA NORTE
00-18-0062-46,01-01-0023,CIUDAD CAPITAL,ZONA 18,COLEGIO BAUTISTA SHALOM,35 AV. 00-39 CARRETERA AL  ATLANTICO,25053535,CESAR ARNOLDO MARTINEZ GARCIA,SANDRA YOJANA ESTRADA GARCÍA,DIVERSIFICADO,PRIVADO,URBANA,ABIERTA,MONOLINGUE,MATUTINA,DIARIO(REGULAR),GUATEMALA NORTE
00-18-0063-45,01-106,CIUDAD CAPITAL,ZONA 18,COLEGIO BAUTISTA SHALOM,35 AV. 00-39 CARRETERA AL ATLANTICO,25053535,CESAR ARNOLDO MARTINEZ GARCIA,MILDRED MARIELA MÉNDEZ LORENZANA,BASICO,PRIVADO,URBANA,CERRADA TEMPORALMENTE,MONOLINGUE,DOBLE,FIN DE SEMANA,GUATEMALA NORTE
00-18-0064-46,01-106,CIUDAD CAPITAL,ZONA 18,COLEGIO BAUTISTA SHALOM,35 AV. 00-39 CARRRETERA AL ATLANTICO,25053535,CESAR ARNOLDO MARTINEZ GARCIA,MILDRED MARIELA MÉNDEZ LORENZANA,DIVERSIFICADO,PRIVADO,URBANA,CERRADA TEMPORALMENTE,MONOLINGUE,DOBLE,FIN DE SEMANA,GUATEMALA NORTE
00-18-0065-46,01-01-0024,CIUDAD CAPITAL,ZONA 18,COLEGIO BAUTISTA SHALOM,35 AV. 00-39 CARRETERA AL ATLANTICO,25053535,CARLOS HUMBERTO GONZALEZ DE LEON,SANDRA YOJANA ESTRADA GARCÍA,DIVERSIFICADO,PRIVADO,URBANA,ABIERTA,MONOLINGUE,DOBLE,FIN DE SEMANA,GUATEMALA NORTE
00-18-0066-42,01-106,CIUDAD CAPITAL,ZONA 18,LICEO RICHARD STALLMAN,"KM 12.5 RUTA AL ATLANTICO, LOTE 2",22614848,CESAR ARNOLDO MARTINEZ GARCIA,KARLA BEATRIZ OLIVA CASTRO,PARVULOS,PRIVADO,URBANA,CERRADA TEMPORALMENTE,MONOLINGUE,MATUTINA,DIARIO(REGULAR),GUATEMALA NORTE
00-18-0067-43,01-106,CIUDAD CAPITAL,ZONA 18,LICEO RICHARD STALLMAN,KM. 12.5 RUTA ALL ATLANTICO LOTE 2,22614848,CESAR ARNOLDO MARTINEZ GARCIA,VILMA JEANNETTE CASTRO PIVARAL,PRIMARIA,PRIVADO,URBANA,CERRADA TEMPORALMENTE,MONOLINGUE,MATUTINA,DIARIO(REGULAR),GUATEMALA NORTE
00-18-0068-45,01-01-0015,CIUDAD CAPITAL,ZONA 18,CENTRO EDUCATIVO INMACULADA CONCEPCION,27 AVENIDA 31-39 LAS TAPIAS,,RONI GUSTABO PUAC IBAÑEZ,CARLOS GUILLERMO LÓPEZ RODRIGUEZ,BASICO,PRIVADO,URBANA,ABIERTA,MONOLINGUE,MATUTINA,DIARIO(REGULAR),GUATEMALA NORTE
00-18-0069-45,01-106,CIUDAD CAPITAL,ZONA 18,CENTRO EDUCATIVO INMACULADA CONCEPCION,27 AVENIDA 31-39 LAS TAPIAS,,CESAR ARNOLDO MARTINEZ GARCIA,RONAL ALEXANDER BARRIOS PAZ,BASICO,PRIVADO,URBANA,CERRADA TEMPORALMENTE,MONOLINGUE,DOBLE,FIN DE SEMANA,GUATEMALA NORTE
00-18-0070-46,01-106,CIUDAD CAPITAL,ZONA 18,CENTRO EDUCATIVO INMACULADA CONCEPCION,27 AVENIDA 31-39 LAS TAPIAS,,CESAR ARNOLDO MARTINEZ GARCIA,RONAL ALEXANDER BARRIOS PAZ,DIVERSIFICADO,PRIVADO,URBANA,CERRADA TEMPORALMENTE,MONOLINGUE,DOBLE,FIN DE SEMANA,GUATEMALA NORTE
00-18-0071-43,01-407,CIUDAD CAPITAL,ZONA 18,COLEGIO VILLA REAL ATLANTICO 1,"LOTE 5 ""A"" SECTOR 4 RESIDENCIALES SOLUNA KILOMETRO 14.5 RUTA AL ATLANTICO",55515868,LILIAN YOLANDA RODRIGUEZ PINTO DE CASTRO,DEBORA CECILIA ALDANA FAJARDO,PRIMARIA,PRIVADO,URBANA,CERRADA TEMPORALMENTE,MONOLINGUE,NOCTURNA,DIARIO(REGULAR),GUATEMALA NORTE
00-18-0072-45,01-407,CIUDAD CAPITAL,ZONA 18,COLEGIO VILLA REAL ATLANTICO 1,"LOTE 5 ""A"" SECTOR 4 RESIDENCIALES SOLUNA, KILOMETRO 14.5 RUTA AL ATLANTICO",,LILIAN YOLANDA RODRIGUEZ PINTO DE CASTRO,DEBORA CECILIA ALDANA FAJARDO,BASICO,PRIVADO,URBANA,CERRADA TEMPORALMENTE,MONOLINGUE,MATUTINA,FIN DE SEMANA,GUATEMALA NORTE
00-18-0073-46,01-01-0015,CIUDAD CAPITAL,ZONA 18,CENTRO EDUCATIVO INMACULADA CONCEPCION,27 AVENIDA 31-39 LAS TAPIAS,22584390,RONI GUSTABO PUAC IBAÑEZ,CARLOS GUILLERMO LÓPEZ RODRIGUEZ,DIVERSIFICADO,PRIVADO,URBANA,ABIERTA,MONOLINGUE,MATUTINA,DIARIO(REGULAR),GUATEMALA NORTE
00-18-0074-45,01-106,CIUDAD CAPITAL,ZONA 18,CENTRO EDUCATIVO INMACULADA CONCEPCION,27 AVENIDA 31-39 LAS TAPIAS,22584390,CESAR ARNOLDO MARTINEZ GARCIA,EVGENY FRINE POLANCO VILLATORO,BASICO,PRIVADO,URBANA,CERRADA TEMPORALMENTE,MONOLINGUE,VESPERTINA,DIARIO(REGULAR),GUATEMALA NORTE
00-18-0075-46,01-106,CIUDAD CAPITAL,ZONA 18,CENTRO EDUCATIVO INMACULADA CONCEPCION,27 AVENIDA 31-39 LAS TAPIAS,22584390,CESAR ARNOLDO MARTINEZ GARCIA,EVGENY FRINE POLANCO VILLATORO,DIVERSIFICADO,PRIVADO,URBANA,CERRADA TEMPORALMENTE,MONOLINGUE,VESPERTINA,DIARIO(REGULAR),GUATEMALA NORTE
00-18-0076-45,01-01-0036,CIUDAD CAPITAL,ZONA 18,CENTRO EDUCATIVO INMACULADA CONCEPCION,27 AVENIDA 31-39 LAS TAPIAS,22584390,CARLOS HUMBERTO GONZALEZ DE LEON,RONAL ALEXANDER BARRIOS PAZ,BASICO,PRIVADO,URBANA,ABIERTA,MONOLINGUE,DOBLE,FIN DE SEMANA,GUATEMALA NORTE
00-18-0077-46,01-01-0036,CIUDAD CAPITAL,ZONA 18,CENTRO EDUCATIVO INMACULADA CONCEPCION,27 AVENIDA 31-39 LAS TAPIAS,22584390,CARLOS HUMBERTO GONZALEZ DE LEON,RONAL ALEXANDER BARRIOS PAZ,DIVERSIFICADO,PRIVADO,URBANA,ABIERTA,MONOLINGUE,DOBLE,FIN DE SEMANA,GUATEMALA NORTE
00-18-0078-42,01-110,CIUDAD CAPITAL,ZONA 18,"COLEGIO EVANGELICO ""HOGAR DE FE""",20 AVENIDA FINAL 20-00 PARAISO,34853013,ZUHILEM YESENIA ESTRADA ORTIZ,ZUHILEM YESENIA ESTRADA ORTÍZ,PARVULOS,PRIVADO,URBANA,CERRADA TEMPORALMENTE,MONOLINGUE,MATUTINA,DIARIO(REGULAR),GUATEMALA NORTE
00-18-0079-42,01-01-0020,CIUDAD CAPITAL,ZONA 18,ESCUELA OFICIAL DE PARVULOS ANEXA A ESCUELA OFICIAL URBANA MIXTA NO. 455,"9A, CALLE 26-60 COLONIA PARAISO II, SECTOR 3, ZONA 18",55156265,ISRAEL PORTILLO HERNÁNDEZ,ALMA DINORA MAYORGA RUANO,PARVULOS,OFICIAL,URBANA,ABIERTA,MONOLINGUE,MATUTINA,DIARIO(REGULAR),GUATEMALA NORTE
00-18-0080-42,01-01-0020,CIUDAD CAPITAL,ZONA 18,ESCUELA OFICIAL DE PARVULOS ANEXA A ESCUELA OFICIAL URBANA MIXTA NO. 437,"26A.AVE, 9-30 COLONIA PARAISO II, ZONA 18",54144779,ISRAEL PORTILLO HERNÁNDEZ,LOYDA AZUCENA HERNÁNDEZ RAYMUNDO,PARVULOS,OFICIAL,URBANA,ABIERTA,MONOLINGUE,MATUTINA,DIARIO(REGULAR),GUATEMALA NORTE
00-18-0081-46,01-01-0013,CIUDAD CAPITAL,ZONA 18,INSTITUTO NACIONAL MIXTO DE EDUCACIÓN DIVERSIFICADA SAN PASCUAL III,"KM. 15, RUTA AL ATLANTICO",22555260,CESAR ARNOLDO MARTINEZ GARCIA,VILMA EBELIN PINEDA GONZÁLEZ,DIVERSIFICADO,OFICIAL,URBANA,ABIERTA,MONOLINGUE,VESPERTINA,DIARIO(REGULAR),GUATEMALA NORTE
00-18-0082-42,01-01-0019,CIUDAD CAPITAL,ZONA 18,COLEGIO INTEGRAL DEL VALLE,"LOTE 17 MANZANA ""L"" RESIDENCIALES VALLE DEL NORTE",22609034,ISRAEL PORTILLO HERNÁNDEZ,ODETT BETZABÉ HERNÁNDEZ MORÁN,PARVULOS,PRIVADO,URBANA,ABIERTA,MONOLINGUE,MATUTINA,DIARIO(REGULAR),GUATEMALA NORTE
00-18-0083-43,01-01-0021,CIUDAD CAPITAL,ZONA 18,ESCUELA OFICIAL URBANA MIXTA PARA PRIMARIA NUEVA JERUSALÉN,"28 CALLE 40-64 INTERIOR I, ASENTAMIENTO NUEVA JERUSALEN",30211477,ISRAEL PORTILLO HERNÁNDEZ,DIANA LUCÍA REYES AGUILAR,PRIMARIA,OFICIAL,URBANA,ABIERTA,MONOLINGUE,DOBLE,DIARIO(REGULAR),GUATEMALA NORTE
00-18-0084-43,01-01-0019,CIUDAD CAPITAL,ZONA 18,COLEGIO INTEGRAL DEL VALLE,"LOTE 17 MANZANA ""L"" RESIDENCIALES VALLE DEL NORTE",54270234,ISRAEL PORTILLO HERNÁNDEZ,MIRIAM LEONOR DE LEÓN ORDOÑEZ,PRIMARIA,PRIVADO,URBANA,ABIERTA,MONOLINGUE,MATUTINA,DIARIO(REGULAR),GUATEMALA NORTE
00-18-0085-42,01-01-0019,CIUDAD CAPITAL,ZONA 18,CENTRO EDUCATIVO MI CASITA,63 AVENIDA 05-45 ZONA 18 PINARES DEL NORTE,55148606,ISRAEL PORTILLO HERNÁNDEZ,ELBA ILEANA MORALES LÓPEZ,PARVULOS,PRIVADO,URBANA,ABIERTA,MONOLINGUE,MATUTINA,DIARIO(REGULAR),GUATEMALA NORTE
00-18-0086-45,01-01-0020,CIUDAD CAPITAL,ZONA 18,LICEO CRISTIANO PAN Y  VIDA,9A. CALLE 31-70 PARAISO II,59154430,ISRAEL PORTILLO HERNÁNDEZ,SANDRA MARIBEL HERNÁNDEZ ENRÍQUEZ,BASICO,PRIVADO,URBANA,ABIERTA,MONOLINGUE,MATUTINA,DIARIO(REGULAR),GUATEMALA NORTE
00-18-0087-43,01-01-0020,CIUDAD CAPITAL,ZONA 18,LICEO CRISTIANO PAN Y VIDA,9A. CALLE 31-70 PARAISO II,59154430,ISRAEL PORTILLO HERNÁNDEZ,SANDRA MARIBEL HERNÁNDEZ ENRÍQUEZ,PRIMARIA,PRIVADO,URBANA,ABIERTA,MONOLINGUE,MATUTINA,DIARIO(REGULAR),GUATEMALA NORTE
00-18-0088-42,01-01-0020,CIUDAD CAPITAL,ZONA 18,LICEO CRISTIANO PAN Y VIDA,9A. CALLE 31-70 PARAISO II,59154430,ISRAEL PORTILLO HERNÁNDEZ,SANDRA MARIBEL HERNÁNDEZ ENRÍQUEZ,PARVULOS,PRIVADO,URBANA,ABIERTA,MONOLINGUE,MATUTINA,DIARIO(REGULAR),GUATEMALA NORTE
00-18-0089-42,01-01-0019,CIUDAD CAPITAL,ZONA 18,LICEO SAN JOSÉ DE LOS PINARES,"7A. CALLE ""A"" 59-49, PINARES DEL NORTE",59872158,ISRAEL PORTILLO HERNÁNDEZ,JHENNIFFER GABRIELA MAYORGA MÉRIDA,PARVULOS,PRIVADO,URBANA,ABIERTA,MONOLINGUE,MATUTINA,DIARIO(REGULAR),GUATEMALA NORTE
00-18-0090-42,01-01-0018,CIUDAD CAPITAL,ZONA 18,LICEO SAN RAFAEL ARCÁNGEL,"10A. CALLE 2-19, COLONIA SAN RAFAEL I",55148606,ISRAEL PORTILLO HERNÁNDEZ,JOSEFA AMELIA LÓPEZ URRUTIA,PARVULOS,PRIVADO,URBANA,ABIERTA,MONOLINGUE,MATUTINA,DIARIO(REGULAR),GUATEMALA NORTE
00-18-0091-43,01-01-0019,CIUDAD CAPITAL,ZONA 18,LICEO SAN JOSÉ DE LOS PINARES,"7A. CALLE ""A"" 59-49, PINARES DEL NORTE",59872158,ISRAEL PORTILLO HERNÁNDEZ,EDWIN KEITH JONATHAN CASTELLANOS LOPEZ,PRIMARIA,PRIVADO,URBANA,ABIERTA,MONOLINGUE,MATUTINA,DIARIO(REGULAR),GUATEMALA NORTE
00-18-0092-45,01-01-0019,CIUDAD CAPITAL,ZONA 18,LICEO SAN JOSÉ DE LOS PINARES,"7A. CALLE ""A"" 59-49, PINARES DEL NORTE",59872158,ISRAEL PORTILLO HERNÁNDEZ,YESENIA MARLENY FLORES CABRERA,BASICO,PRIVADO,URBANA,ABIERTA,MONOLINGUE,MATUTINA,DIARIO(REGULAR),GUATEMALA NORTE
00-18-0093-43,01-104,CIUDAD CAPITAL,ZONA 18,LICEO SAN JOSÉ DE LOS PINARES,"7A. CALLE ""A"" 59-49, PINARES DEL NORTE",41505233,ISRAEL PORTILLO HERNANDEZ,EDWIN KEITH JONNATHAN CASTALLANOS LOPEZ,PRIMARIA,PRIVADO,URBANA,CERRADA TEMPORALMENTE,MONOLINGUE,VESPERTINA,DIARIO(REGULAR),GUATEMALA NORTE
00-18-0094-45,01-104,CIUDAD CAPITAL,ZONA 18,LICEO SAN JOSÉ DE LOS PINARES,"7A. CALLE ""A"" 59-49, PINARES DEL NORTE",41505233,ISRAEL PORTILLO HERNANDEZ,YESENIA MARLENY FLORES CABRERA,BASICO,PRIVADO,URBANA,CERRADA TEMPORALMENTE,MONOLINGUE,VESPERTINA,DIARIO(REGULAR),GUATEMALA NORTE
00-18-0095-43,01-01-0018,CIUDAD CAPITAL,ZONA 18,LICEO SAN RAFAEL ARCÁNGEL,"10A. CALLE 2-19, COLONIA SAN RAFAEL I",55148606,ISRAEL PORTILLO HERNÁNDEZ,JOSEFA AMELIA LÓPEZ URRUTIA,PRIMARIA,PRIVADO,URBANA,ABIERTA,MONOLINGUE,MATUTINA,DIARIO(REGULAR),GUATEMALA NORTE
00-18-0096-45,01-01-0018,CIUDAD CAPITAL,ZONA 18,LICEO SAN RAFAEL ARCÁNGEL,"10A. CALLE 2-19, COLONIA SAN RAFAEL I",55148606,ISRAEL PORTILLO HERNÁNDEZ,JOSEFA AMELIA LÓPEZ URRUTIA,BASICO,PRIVADO,URBANA,ABIERTA,MONOLINGUE,MATUTINA,DIARIO(REGULAR),GUATEMALA NORTE
00-18-0097-46,01-01-0018,CIUDAD CAPITAL,ZONA 18,LICEO SAN RAFAEL ARCÁNGEL,"10A. CALLE 2-19, COLONIA SAN RAFAEL I",55148606,ISRAEL PORTILLO HERNÁNDEZ,JOSEFA AMELIA LÓPEZ URRUTIA,DIVERSIFICADO,PRIVADO,URBANA,ABIERTA,MONOLINGUE,MATUTINA,DIARIO(REGULAR),GUATEMALA NORTE
00-18-0098-43,01-104,CIUDAD CAPITAL,ZONA 18,LICEO SAN RAFAEL ARCÁNGEL,"10A. CALLE 2-19, COLONIA SAN RAFAEL I",41505233,ISRAEL PORTILLO HERNANDEZ,LESLY ANTONIETA BAMACA RAYMUNDO DE MORALES,PRIMARIA,PRIVADO,URBANA,CERRADA TEMPORALMENTE,MONOLINGUE,VESPERTINA,DIARIO(REGULAR),GUATEMALA NORTE
00-18-0099-45,01-01-0018,CIUDAD CAPITAL,ZONA 18,LICEO SAN RAFAEL ARCÁNGEL,"10A. CALLE 2-19, COLONIA SAN RAFAEL I",55148606,ISRAEL PORTILLO HERNÁNDEZ,JOSEFA AMELIA LÓPEZ URRUTIA,BASICO,PRIVADO,URBANA,ABIERTA,MONOLINGUE,VESPERTINA,DIARIO(REGULAR),GUATEMALA NORTE
00-18-0100-46,01-104,CIUDAD CAPITAL,ZONA 18,LICEO SAN RAFAEL ARCÁNGEL,"10A. CALLE 2-19, COLONIA SAN RAFAEL I",41505233,ISRAEL PORTILLO HERNANDEZ,JOSEFA AMELIA LOPEZ URRUTIA,DIVERSIFICADO,PRIVADO,URBANA,CERRADA TEMPORALMENTE,MONOLINGUE,VESPERTINA,DIARIO(REGULAR),GUATEMALA NORTE
00-18-0101-43,01-01-0019,CIUDAD CAPITAL,ZONA 18,CENTRO EDUCATIVO MI CASITA,"63 AVENIDA 05-45, PINARES DEL NORTE",55148606,ISRAEL PORTILLO HERNÁNDEZ,ELBA ILEANA MORALES LÓPEZ,PRIMARIA,PRIVADO,URBANA,ABIERTA,MONOLINGUE,MATUTINA,DIARIO(REGULAR),GUATEMALA NORTE
00-18-0102-43,01-104,CIUDAD CAPITAL,ZONA 18,CENTRO EDUCATIVO MI CASITA,"63 AVENIDA 05-45, PINARES DEL NORTE",22574782,ISRAEL PORTILLO HERNANDEZ,ELBA ILEANA MORALES LOPEZ DE CASTAÑEDA,PRIMARIA,PRIVADO,URBANA,CERRADA TEMPORALMENTE,MONOLINGUE,VESPERTINA,DIARIO(REGULAR),GUATEMALA NORTE
00-18-0103-45,01-01-0019,CIUDAD CAPITAL,ZONA 18,CENTRO EDUCATIVO MI CASITA,"63 AVENIDA 05-45 , PINARES DEL NORTE",55148606,ISRAEL PORTILLO HERNÁNDEZ,WILFRIDO GAMALIEL CASTAÑEDA ORDÓNEZ,BASICO,PRIVADO,URBANA,ABIERTA,MONOLINGUE,MATUTINA,DIARIO(REGULAR),GUATEMALA NORTE
00-18-0104-45,01-104,CIUDAD CAPITAL,ZONA 18,CENTRO EDUCATIVO MI CASITA,"63 AVENIDA 05-45, PINARES DEL NORTE",22574782,ISRAEL PORTILLO HERNANDEZ,WILFRIDO GAMALIEL CASTAÑEDA ORDOÑEZ,BASICO,PRIVADO,URBANA,CERRADA TEMPORALMENTE,MONOLINGUE,VESPERTINA,DIARIO(REGULAR),GUATEMALA NORTE
00-18-0105-45,01-106,CIUDAD CAPITAL,ZONA 18,"COLEGIO PARTICULAR MIXTO ""SAN RAFAEL""","LOTE 21, ALDEA LO DE RODRIGUEZ, KM 12.5 RUTA AL ATLANTICO",30415710,CESAR ARNOLDO MARTINEZ GARCIA,OSCAR DAVID RODENAS CUESI,BASICO,PRIVADO,URBANA,CERRADA TEMPORALMENTE,MONOLINGUE,VESPERTINA,DIARIO(REGULAR),GUATEMALA NORTE
00-18-0106-46,01-106,CIUDAD CAPITAL,ZONA 18,"COLEGIO PARTICULAR MIXTO ""SAN RAFAEL""","LOTE 21, ALDEA LO DE RODRIGUEZ, KM 12.5 RUTA AL ATLANTICO",58685327,CESAR ARNOLDO MARTINEZ GARCIA,OSCAR DAVID RODENAS CUESI,DIVERSIFICADO,PRIVADO,URBANA,CERRADA TEMPORALMENTE,MONOLINGUE,VESPERTINA,DIARIO(REGULAR),GUATEMALA NORTE
00-18-0107-45,01-106,CIUDAD CAPITAL,ZONA 18,"COLEGIO PARTICULAR MIXTO ""SAN RAFAEL""","LOTE 21, ALDEA LO DE RODRIGUEZ, KM 12.5 RUTA AL ATLANTICO",58685327,CESAR ARNOLDO MARTINEZ GARCIA,OSCAR DAVID RODENAS CUESI,BASICO,PRIVADO,URBANA,CERRADA TEMPORALMENTE,MONOLINGUE,MATUTINA,FIN DE SEMANA,GUATEMALA NORTE
00-18-0108-46,01-106,CIUDAD CAPITAL,ZONA 18,"COLEGIO PARTICULAR MIXTO ""SAN RAFAEL""","LOTE 21, ALDEA LO DE RODRGUEZ, KM 12.5 RUTA AL ATLANTICO",30415710,CESAR ARNOLDO MARTINEZ GARCIA,OSCAR DAVID RODENAS CUESI,DIVERSIFICADO,PRIVADO,URBANA,CERRADA TEMPORALMENTE,MONOLINGUE,MATUTINA,FIN DE SEMANA,GUATEMALA NORTE
00-18-0109-46,01-106,CIUDAD CAPITAL,ZONA 18,"COLEGIO PARTICULAR MIXTO ""SAN RAFAEL""","LOTE 21, ALDEA LO DE RODRIGUEZ, KM 12.5 RUTA AL ATLANTICO",30415710,CESAR ARNOLDO MARTINEZ GARCIA,OSCAR DAVID RODENAS CUESI,DIVERSIFICADO,PRIVADO,URBANA,CERRADA TEMPORALMENTE,MONOLINGUE,MATUTINA,FIN DE SEMANA,GUATEMALA NORTE
00-18-0110-43,01-01-0016,CIUDAD CAPITAL,ZONA 18,"COLEGIO ""BELLO AMANECER""","LOTE 34 ""A"" SECCION E, COLONIA LAS ILUSIONES",42169124,RONI GUSTABO PUAC IBAÑEZ,OLGA FLORIDALMA VARGAS ESTRADA,PRIMARIA,PRIVADO,URBANA,ABIERTA,MONOLINGUE,MATUTINA,DIARIO(REGULAR),GUATEMALA NORTE
00-18-0111-42,01-01-0016,CIUDAD CAPITAL,ZONA 18,"COLEGIO ""BELLO AMANECER""","LOTE 34 ""A"" SECCION E, COLONIA LAS ILUSIONES",42169124,RONI GUSTABO PUAC IBAÑEZ,OLGA FLORIDALMA VARGAS ESTRADA,PARVULOS,PRIVADO,URBANA,ABIERTA,MONOLINGUE,MATUTINA,DIARIO(REGULAR),GUATEMALA NORTE
00-18-0112-42,01-01-0011,CIUDAD CAPITAL,ZONA 18,"COLEGIO MIXTO EVANGÉLICO ""NAZARENO""",4A. CALLE 29-18,58265332,YAMILET VERSALI AGUILAR PEREZ,WALFRE OSWALDO ROMÁN TELETOR,PARVULOS,PRIVADO,URBANA,ABIERTA,MONOLINGUE,MATUTINA,DIARIO(REGULAR),GUATEMALA NORTE
00-18-0113-43,01-01-0009,CIUDAD CAPITAL,ZONA 18,"COLEGIO MIXTO EVANGÉLICO ""NAZARENO""",4A. CALLE 29-18,58265332,YAMILET VERSALI AGUILAR PEREZ,WALFRE OSWALDO ROMÁN TELETOR,PRIMARIA,PRIVADO,URBANA,ABIERTA,MONOLINGUE,MATUTINA,DIARIO(REGULAR),GUATEMALA NORTE
00-18-0114-42,01-01-0011,CIUDAD CAPITAL,ZONA 18,ESCUELA OFICIAL PARA PÁRVULOS ANEXA A LA ESCUELA OFICIAL URBANA MIXTA JUAN PABLO II,20 AVENIDA Y 12 CALLE COLONIA EL LIMON,59424283,YAMILET VERSALI AGUILAR PEREZ,MARIA EUGENIA ZELADA LOPEZ,PARVULOS,OFICIAL,URBANA,ABIERTA,MONOLINGUE,MATUTINA,DIARIO(REGULAR),GUATEMALA NORTE
00-18-0115-42,01-106,CIUDAD CAPITAL,ZONA 18,LICEO CRISTIANO REAL INTEGRAL,"8A. CALLE 60-65, COLONIA PINARES DEL NORTE",22422755,CESAR ARNOLDO MARTINEZ GARCIA,CLAUDÍA MÓNICA GAITÁN RODRÍGUEZ,PARVULOS,PRIVADO,URBANA,CERRADA TEMPORALMENTE,MONOLINGUE,MATUTINA,DIARIO(REGULAR),GUATEMALA NORTE
00-18-0116-43,01-106,CIUDAD CAPITAL,ZONA 18,LICEO CRISTIANO REAL INTEGRAL,"8A. CALLE 60-65, COLONIA PINARES DEL NORTE",22422755,CESAR ARNOLDO MARTINEZ GARCIA,CLAUDÍA MÓNICA GAITÁN RODRÍGUEZ,PRIMARIA,PRIVADO,URBANA,CERRADA TEMPORALMENTE,MONOLINGUE,MATUTINA,DIARIO(REGULAR),GUATEMALA NORTE
00-18-0117-45,01-106,CIUDAD CAPITAL,ZONA 18,LICEO CRISTIANO REAL INTEGRAL,"8A. CALLE 60-65, COLONIA PINARES DEL NORTE",22422755,CESAR ARNOLDO MARTINEZ GARCIA,MIRNA PRISCILA JUÁREZ RODAS,BASICO,PRIVADO,URBANA,CERRADA TEMPORALMENTE,MONOLINGUE,MATUTINA,DIARIO(REGULAR),GUATEMALA NORTE
00-18-0118-42,01-104,CIUDAD CAPITAL,ZONA 18,"CENTRO EDUCATIVO ""EL MANANTIAL""","MANZANA 7-A, LOTE 977, COLONIA MAYA",22602216,ISRAEL PORTILLO HERNANDEZ,CRISTINA MARGARITA RODRIGUEZ RODRIGUEZ,PARVULOS,PRIVADO,URBANA,CERRADA TEMPORALMENTE,MONOLINGUE,MATUTINA,DIARIO(REGULAR),GUATEMALA NORTE
00-18-0119-45,01-01-0036,CIUDAD CAPITAL,ZONA 18,"CENTRO DE EDUC. EXTRAESCOLAR CEEX-GRUPO CEIBA, EL LIMÓN","23 AVENIDA ""G"" 15-41, COLONIA EL LIMON",22381970,CARLOS HUMBERTO GONZALEZ DE LEON,MARIANO DE JESÚS SIRÍN SIRÍN,BASICO,PRIVADO,URBANA,ABIERTA,MONOLINGUE,DOBLE,FIN DE SEMANA,GUATEMALA NORTE
00-18-0120-45,01-618,CIUDAD CAPITAL,ZONA 18,"CENTRO DE EDUC. EXTRAESCOLAR CEEX-GRUPO CEIBA, LOMAS DE SANTA FAZ","35 AVE. 26-93, COLONIA LOMAS DE SANTA FAZ",22305599,ROSA  GEORGINA RIOS CASTILLO,ESPERANZA  LÓPEZ ESCOBAR,BASICO,PRIVADO,URBANA,CERRADA TEMPORALMENTE,MONOLINGUE,DOBLE,FIN DE SEMANA,GUATEMALA NORTE
00-18-0121-43,01-01-0018,CIUDAD CAPITAL,ZONA 18,"COLEGIO CRISTIANO ""NUEVO CAMINO""",4A. AVENIDA LOTE 146 COLONIA KENNEDY,22570403,ISRAEL PORTILLO HERNÁNDEZ,MARÍA DEL ROSARIO VILLATORO GONZÁLEZ,PRIMARIA,PRIVADO,URBANA,ABIERTA,MONOLINGUE,MATUTINA,DIARIO(REGULAR),GUATEMALA NORTE
00-18-0122-42,01-01-0018,CIUDAD CAPITAL,ZONA 18,"COLEGIO CRISTIANO ""NUEVO CAMINO""","4A. AVENIDA LOTE 146, COLONIA KENNEDY",22570403,ISRAEL PORTILLO HERNÁNDEZ,MARÍA GLADIS LÓPEZ,PARVULOS,PRIVADO,URBANA,ABIERTA,MONOLINGUE,MATUTINA,DIARIO(REGULAR),GUATEMALA NORTE
00-18-0123-43,01-111,CIUDAD CAPITAL,ZONA 18,COLEGIO EVANGÉLICO PALABRA FIEL,"26 CALLE ""B"" 34-40, COLONIA JOHN F. KENNEDY",22428995,ROSA ALBA LOPEZ PIRIR,ANA ISABEL CUC RAMOS,PRIMARIA,PRIVADO,URBANA,CERRADA DEFINITIVAMENTE,MONOLINGUE,MATUTINA,DIARIO(REGULAR),GUATEMALA NORTE
00-18-0124-42,01-111,CIUDAD CAPITAL,ZONA 18,COLEGIO EVANGÉLICO PALABRA FIEL,"26 CALLE ""B"" 34-40, COLONIA JOHN F. KENNEDY",22428995,ROSA ALBA LOPEZ PIRIR,MAYRA CAROLINA TOLEDO RIOS,PARVULOS,PRIVADO,URBANA,CERRADA DEFINITIVAMENTE,MONOLINGUE,MATUTINA,DIARIO(REGULAR),GUATEMALA NORTE
00-18-0125-42,01-104,CIUDAD CAPITAL,ZONA 18,LICEO SAN RAFAEL ARCANGEL,10A. CALLE 2-19 SAN RAFAEL I,22420042,ISRAEL PORTILLO HERNANDEZ,JOSEFA AMELIA LOPEZ URRUTIA,PARVULOS,PRIVADO,URBANA,CERRADA DEFINITIVAMENTE,MONOLINGUE,MATUTINA,DIARIO(REGULAR),GUATEMALA NORTE
00-18-0125-43,,CIUDAD CAPITAL,ZONA 18,'LICEO SAN RAFAEL ARCANGEL',"10a CALLE 2-19 SAN RAFAEL I, ZONA 18",,,,PRIMARIA,PRIVADO,URBANA,CERRADA DEFINITIVAMENTE,MONOLINGUE,MATUTINA,DIARIO(REGULAR),GUATEMALA NORTE
00-18-0126-45,01-01-0018,CIUDAD CAPITAL,ZONA 18,COLEGIO BUENA VISTA,"35 AVENIDA  ""A""  23-31, RESIDENCIALES SAN RAFAEL  BUENA VISTA",22424713,ISRAEL PORTILLO HERNÁNDEZ,SILVIA PATRICIA RAMOS ESTRADA,BASICO,PRIVADO,URBANA,ABIERTA,MONOLINGUE,MATUTINA,DIARIO(REGULAR),GUATEMALA NORTE
00-18-0127-46,01-01-0018,CIUDAD CAPITAL,ZONA 18,COLEGIO BUENA VISTA,"35 AVENIDA ""A"" 23-31, RESIDENCIALES SAN RAFAEL BUENA VISTA",22424713,ISRAEL PORTILLO HERNÁNDEZ,SILVIA PATRICIA RAMOS ESTRADA,DIVERSIFICADO,PRIVADO,URBANA,ABIERTA,MONOLINGUE,MATUTINA,DIARIO(REGULAR),GUATEMALA NORTE
00-18-0128-42,01-01-0013,CIUDAD CAPITAL,ZONA 18,LICEO INTEGRAL APLICADO,"KILOMETRO 16.5 RUTA AL  ATLANTICO, LOTE 22, MANZ. ""E"" RES. JARD. EL ROSARIO",22555090,CESAR ARNOLDO MARTINEZ GARCIA,MARÍA ADRIANA LACÁN TZUL,PARVULOS,PRIVADO,URBANA,ABIERTA,MONOLINGUE,MATUTINA,DIARIO(REGULAR),GUATEMALA NORTE
00-18-0129-43,01-01-0013,CIUDAD CAPITAL,ZONA 18,LICEO INTEGRAL APLICADO,"KILOMETRO 16.5 RUTA AL ATLANTICO, LOTE 22, MANZ. ""E"" RES. JAR. DEL ROSARIO",22555090,CESAR ARNOLDO MARTINEZ GARCIA,MARÍA ADRIANA LACÁN TZUL,PRIMARIA,PRIVADO,URBANA,ABIERTA,MONOLINGUE,MATUTINA,DIARIO(REGULAR),GUATEMALA NORTE
00-18-0130-45,01-01-0013,CIUDAD CAPITAL,ZONA 18,LICEO INTEGRAL APLICADO,"KILOMETRO 16.5 RUTA AL ATLANTICO, LOTE22, MANZ. ""E"" RES.JAR. DEL ROSARIO",22555090,CESAR ARNOLDO MARTINEZ GARCIA,MILCA MARISELA PÉREZ OROZCO,BASICO,PRIVADO,URBANA,ABIERTA,MONOLINGUE,MATUTINA,DIARIO(REGULAR),GUATEMALA NORTE
00-18-0131-42,01-01-0011,CIUDAD CAPITAL,ZONA 18,COLEGIO MIXTO PARROQUIAL SANGRE DE CRISTO,"10 AVE. 14-48, COLONIA LA ATLANTIDA",22582750,YAMILET VERSALI AGUILAR PEREZ,SANDRA PATRICIA JUÁREZ ARREAZA,PARVULOS,PRIVADO,URBANA,ABIERTA,MONOLINGUE,MATUTINA,DIARIO(REGULAR),GUATEMALA NORTE
00-18-0132-43,01-01-0011,CIUDAD CAPITAL,ZONA 18,COLEGIO MIXTO PARROQUIAL SANGRE DE CRISTO,"10 AVE. 14-48, COLONIA LA ATLANTIDA",22582831,YAMILET VERSALI AGUILAR PEREZ,SANDRA PATRICIA JUÁREZ ARREAZA,PRIMARIA,PRIVADO,URBANA,ABIERTA,MONOLINGUE,MATUTINA,DIARIO(REGULAR),GUATEMALA NORTE
00-18-0133-45,01-01-0011,CIUDAD CAPITAL,ZONA 18,COLEGIO MIXTO PARROQUIAL SANGRE DE CRISTO,"10 AVE. 14-48, COLONIA LA ATLANTIDA",22582831,YAMILET VERSALI AGUILAR PEREZ,SANDRA PATRICIA JUÁREZ ARREAZA,BASICO,PRIVADO,URBANA,ABIERTA,MONOLINGUE,MATUTINA,DIARIO(REGULAR),GUATEMALA NORTE
00-18-0134-45,01-01-0009,CIUDAD CAPITAL,ZONA 18,LICEO JUVENIL DE COMPUTACIÓN C.S.S.,"13 AV. 13-46, COLONIA LAVARREDA",33225766,YAMILET VERSALI AGUILAR PEREZ,ANNABELLA EMPERATRIZ JIMÉNEZ CASTELLANOS,BASICO,PRIVADO,URBANA,ABIERTA,MONOLINGUE,VESPERTINA,DIARIO(REGULAR),GUATEMALA NORTE
00-18-0135-42,01-111,CIUDAD CAPITAL,ZONA 18,"COLEGIO MIXTO ""LA MONTAÑA""","14 CALLE 13-97, COLONIA ATLANTIDA",22551360,ROSA ALBA LOPEZ PIRIR,GLADYS MARITZA GALVÁN ESTRADA,PARVULOS,PRIVADO,URBANA,CERRADA TEMPORALMENTE,MONOLINGUE,MATUTINA,DIARIO(REGULAR),GUATEMALA NORTE
00-18-0136-43,01-111,CIUDAD CAPITAL,ZONA 18,"COLEGIO MIXTO ""LA MONTAÑA""","14 CALLE 13-97, COLONIA ATLÁNTIDA",22551360,ROSA ALBA LOPEZ PIRIR,GLADYS MARITZA GALVÁN ESTRADA,PRIMARIA,PRIVADO,URBANA,CERRADA TEMPORALMENTE,MONOLINGUE,MATUTINA,DIARIO(REGULAR),GUATEMALA NORTE
00-18-0137-45,01-111,CIUDAD CAPITAL,ZONA 18,"COLEGIO MIXTO ""LA MONTAÑA""","14 CALLE 13-97, COLONIA ATLÁNTIDA",22551360,ROSA ALBA LOPEZ PIRIR,GLADYS MARITZA GALVÁN ESTRADA,BASICO,PRIVADO,URBANA,CERRADA TEMPORALMENTE,MONOLINGUE,MATUTINA,DIARIO(REGULAR),GUATEMALA NORTE
00-18-0138-46,01-403,CIUDAD CAPITAL,ZONA 18,LICEO JUVENIL DE COMPUTACIÓN C.S.S.,13A. AVENIDA  6-46,22561189,CARLOS HUMBERTO GONZÁLEZ DE LEÓN,ANNABELLA EMPERATRIZ JIMÉNEZ CASTELLANOS,DIVERSIFICADO,PRIVADO,URBANA,CERRADA TEMPORALMENTE,MONOLINGUE,DOBLE,FIN DE SEMANA,GUATEMALA NORTE
00-18-0139-45,01-316,CIUDAD CAPITAL,ZONA 18,LICEO JUVENIL DE COMPUTACIÓN C.S.S.,13A.AVENIDA 6-46,22561189,LILIAN YOLANDA RODRIGUEZ PINTO DE CASTRO,LILIANA MARIA DEL SACRAMENTO CRUZ ARMIJO,BASICO,PRIVADO,URBANA,CERRADA TEMPORALMENTE,MONOLINGUE,DOBLE,FIN DE SEMANA,GUATEMALA NORTE
00-18-0140-46,01-01-0009,CIUDAD CAPITAL,ZONA 18,LICEO JUVENIL DE COMPUTACIÓN C.S.S.,"13A. AVENIDA 13-46, COLONIA LAVARREDA",33225766,YAMILET VERSALI AGUILAR PEREZ,ANNABELLA EMPERATRIZ JIMÉNEZ CASTELLANOS,DIVERSIFICADO,PRIVADO,URBANA,ABIERTA,MONOLINGUE,VESPERTINA,DIARIO(REGULAR),GUATEMALA NORTE
00-18-0141-46,01-111,CIUDAD CAPITAL,ZONA 18,"INSTITUTO EXPERIMENTAL DE EDUCACIÓN BÁSICA ""FE Y ALEGRIA NO. 5""",KM. 7.5 CARRETERA A SAN PEDRO AYAMPUC COLONIA EL LIMÓN,22602418,ROSA ALBA LOPEZ PIRIR,LUDVIN RICARDO URRUTIA LORENTI,DIVERSIFICADO,PRIVADO,URBANA,CERRADA DEFINITIVAMENTE,MONOLINGUE,VESPERTINA,DIARIO(REGULAR),GUATEMALA NORTE
00-18-0142-46,01-01-0016,CIUDAD CAPITAL,ZONA 18,"LICEO MIXTO EVANGÉLICO ""FUENTE DE ENSEÑANZA""","LOTE 25 Y 40 DE LA SECCIÓN ""G"", COLONIA LAS ILUSIONES",22553762,RONI GUSTABO PUAC IBAÑEZ,MARIA LUISA CHACON ALDANA,DIVERSIFICADO,PRIVADO,URBANA,ABIERTA,MONOLINGUE,MATUTINA,DIARIO(REGULAR),GUATEMALA NORTE
00-18-0143-42,01-01-0019,CIUDAD CAPITAL,ZONA 18,COLEGIO CRISTIANO FUENTE DELÉXITO,"5A. CALLE E 60-48, RESIDENCIALES PINARES DEL NORTE",22422271,ISRAEL PORTILLO HERNÁNDEZ,TELMA VIOLETA GARCÍA,PARVULOS,PRIVADO,URBANA,ABIERTA,MONOLINGUE,MATUTINA,DIARIO(REGULAR),GUATEMALA NORTE
00-18-0144-43,01-01-0019,CIUDAD CAPITAL,ZONA 18,COLEGIO CRISTIANO FUENTE DEL ÉXITO,"5A. CALLE E 60-48, RESIDENCIALES PINARES DEL NORTE",22422271,ISRAEL PORTILLO HERNÁNDEZ,TELMA VIOLETA GARCÍA,PRIMARIA,PRIVADO,URBANA,ABIERTA,MONOLINGUE,MATUTINA,DIARIO(REGULAR),GUATEMALA NORTE
00-18-0145-45,01-01-0019,CIUDAD CAPITAL,ZONA 18,COLEGIO CRISTIANO FUENTE DEL ÈXITO,"5A. CALLE E 60-48, RESIDENCIALES PINARES DEL NORTE",41514662,ISRAEL PORTILLO HERNÁNDEZ,DORCAS EUNICE MORALES,BASICO,PRIVADO,URBANA,ABIERTA,MONOLINGUE,MATUTINA,DIARIO(REGULAR),GUATEMALA NORTE
00-18-0146-42,01-105,CIUDAD CAPITAL,ZONA 18,COLEGIO MIXTO BILINGÜE INTER RENACER,"20 AVENIDA 5-75, COLONIA RENACIMIENTO",59539434,YAMILET VERSALÍ AGUÍLAR PÉREZ,REBECA ELIZABETH DÍAZ CIFUENTES,PARVULOS,PRIVADO,URBANA,CERRADA TEMPORALMENTE,MONOLINGUE,MATUTINA,DIARIO(REGULAR),GUATEMALA NORTE
00-18-0147-46,01-106,CIUDAD CAPITAL,ZONA 18,"COLEGIO CRISTIANO ""PUEBLO DE DIOS""","K.10 RUTA AL ATLAN. MANZ. 3, SECTOR ""A"", L.NO. 12 Y 13, RES. STA.CLARA I",22607960,CESAR ARNOLDO MARTINEZ GARCIA,MAELY  CORDÓN IPIÑA,DIVERSIFICADO,PRIVADO,URBANA,CERRADA TEMPORALMENTE,MONOLINGUE,MATUTINA,DIARIO(REGULAR),GUATEMALA NORTE
00-18-0148-46,01-111,CIUDAD CAPITAL,ZONA 18,CENTRO EDUCATIVO JUAN PABLO II,"14 CALLE ""A"" 3-02, SAN RAFAEL III",22571320,ROSA ALBA LOPEZ PIRIR,IRIS MAGNOLIA GARCÍA SAMAYOA,DIVERSIFICADO,PRIVADO,URBANA,CERRADA DEFINITIVAMENTE,MONOLINGUE,MATUTINA,DIARIO(REGULAR),GUATEMALA NORTE
00-18-0149-46,01-104,CIUDAD CAPITAL,ZONA 18,COLEGIO BELLO AMANECER,LOTE 34 A SECCIN E COLONIA LAS ILUSIONES,42169124,ISRAEL PORTILLO HERNANDEZ,ADA MARLENY GUERRA DE FLORIAN,DIVERSIFICADO,PRIVADO,URBANA,CERRADA DEFINITIVAMENTE,MONOLINGUE,VESPERTINA,DIARIO(REGULAR),GUATEMALA NORTE
00-18-0150-45,01-01-0016,CIUDAD CAPITAL,ZONA 18,COLEGIO BELLO AMANECER,LOTE 34 A SECCION E COLONIA LAS ILUSIONES,42169124,RONI GUSTABO PUAC IBAÑEZ,ADA MARLENY GUERRA,BASICO,PRIVADO,URBANA,ABIERTA,MONOLINGUE,MATUTINA,DIARIO(REGULAR),GUATEMALA NORTE
00-18-0151-43,01-01-0015,CIUDAD CAPITAL,ZONA 18,LICEO CUMORAH PINOS,31 CALLE B 28-97 ALDEA LAS TAPIAS,22603106,RONI GUSTABO PUAC IBAÑEZ,BERLY MARISOL MORALES OCHOA,PRIMARIA,PRIVADO,URBANA,ABIERTA,MONOLINGUE,MATUTINA,DIARIO(REGULAR),GUATEMALA NORTE
00-18-0152-42,01-01-0015,CIUDAD CAPITAL,ZONA 18,LICEO CUMORAH PINOS,"31 CALLE B 28-97, ALDEA LAS TAPIAS",22603106,RONI GUSTABO PUAC IBAÑEZ,BERLY MARISOL MORALES OCHOA,PARVULOS,PRIVADO,URBANA,ABIERTA,MONOLINGUE,MATUTINA,DIARIO(REGULAR),GUATEMALA NORTE
00-18-0153-45,01-01-0015,CIUDAD CAPITAL,ZONA 18,LICEO CUMORAH PINOS,"31 CALLE B 28-97, ALDEA LAS TAPIAS",22603791,RONI GUSTABO PUAC IBAÑEZ,MARÍA ANTONIA CAP GARCÍA,BASICO,PRIVADO,URBANA,ABIERTA,MONOLINGUE,MATUTINA,DIARIO(REGULAR),GUATEMALA NORTE
00-18-0154-46,01-01-0015,CIUDAD CAPITAL,ZONA 18,LICEO CUMORAH PINOS,"31 CALLE B 28-97, ALDEA LAS TAPIAS",22603106,RONI GUSTABO PUAC IBAÑEZ,MARÍA ANTONIA CAP GARCÍA,DIVERSIFICADO,PRIVADO,URBANA,ABIERTA,MONOLINGUE,MATUTINA,DIARIO(REGULAR),GUATEMALA NORTE
00-18-0155-46,01-01-0015,CIUDAD CAPITAL,ZONA 18,LICEO CUMORAH PINOS,"31 CALLE B 28-97, ALDEA LAS TAPIAS",22060310,RONI GUSTABO PUAC IBAÑEZ,MARÍA ANTONIA CAP GARCÍA,DIVERSIFICADO,PRIVADO,URBANA,ABIERTA,MONOLINGUE,MATUTINA,DIARIO(REGULAR),GUATEMALA NORTE
00-18-0156-46,01-110,CIUDAD CAPITAL,ZONA 18,LICEO CUMORAH PINOS,"31 CALLE B 28-97, ALDEA LAS TAPIAS",22603106,ZUHILEM YESENIA ESTRADA ORTIZ,MARÍA ANTONIA CAP GARCÍA,DIVERSIFICADO,PRIVADO,URBANA,CERRADA TEMPORALMENTE,MONOLINGUE,MATUTINA,DIARIO(REGULAR),GUATEMALA NORTE
00-18-0157-42,01-01-0018,CIUDAD CAPITAL,ZONA 18,EODP ANEXA EOUM  SAN RAFAEL LA LAGUNA II,13A. AVENIDA 13-00 COLONIA SAN RAFAEL LA LAGUNA II,22574386,ISRAEL PORTILLO HERNÁNDEZ,LETICIA IVONE SOLIS RODRÍGUEZ,PARVULOS,OFICIAL,URBANA,ABIERTA,MONOLINGUE,MATUTINA,DIARIO(REGULAR),GUATEMALA NORTE
00-18-0158-46,01-01-0019,CIUDAD CAPITAL,ZONA 18,COLEGIO CRISTIANO FUENTE DEL ÉXITO,5A. CALLE E 60-48 RESIDENCIALES PINARES DEL NORTE,41514662,ISRAEL PORTILLO HERNÁNDEZ,DORCAS EUNICE MORALES,DIVERSIFICADO,PRIVADO,URBANA,ABIERTA,MONOLINGUE,MATUTINA,DIARIO(REGULAR),GUATEMALA NORTE
00-18-0159-45,01-01-0011,CIUDAD CAPITAL,ZONA 18,COLEGIO MIXTO EL CASTILLO,"9A. AVENIDA ""A"" 9-20, COLONIA ATLANTIDA",22550149,YAMILET VERSALI AGUILAR PEREZ,MIRIAM LISSETTE PINEDA CHINCHILLA,BASICO,PRIVADO,URBANA,ABIERTA,MONOLINGUE,MATUTINA,DIARIO(REGULAR),GUATEMALA NORTE
00-18-0160-46,01-01-0011,CIUDAD CAPITAL,ZONA 18,COLEGIO MIXTO EL CASTILLO,"9A. AVENIDA ""A"" 9-20, COLONIA ATLANTIDA",22550149,YAMILET VERSALI AGUILAR PEREZ,MIRIAM LISSETTE PINEDA CHINCHILLA,DIVERSIFICADO,PRIVADO,URBANA,ABIERTA,MONOLINGUE,MATUTINA,DIARIO(REGULAR),GUATEMALA NORTE
00-18-0161-46,01-01-0015,CIUDAD CAPITAL,ZONA 18,LICEO CUMORAH PINOS,"31 CALLE B 28-97, ALDEA LAS TAPIAS",22603791,RONI GUSTABO PUAC IBAÑEZ,MARÍA ANTONIA CAP GARCÍA,DIVERSIFICADO,PRIVADO,URBANA,ABIERTA,MONOLINGUE,MATUTINA,DIARIO(REGULAR),GUATEMALA NORTE
00-18-0162-43,01-01-0023,CIUDAD CAPITAL,ZONA 18,COLEGIO MIXTO BILINGÜE INTER RENACER,20 AVENIDA 5-75,59539434,CESAR ARNOLDO MARTINEZ GARCIA,REBECA ELIZABETH DÍAZ CIFUENTES,PRIMARIA,PRIVADO,URBANA,CERRADA TEMPORALMENTE,MONOLINGUE,MATUTINA,DIARIO(REGULAR),GUATEMALA NORTE
00-18-0163-42,01-110,CIUDAD CAPITAL,ZONA 18,KÍNDER LA CASITA DE LA  AYA,MANZANA L SECTOR 5 CASA NO. 4 LOS OLIVOS,42458106,ZUHILEM YESENIA ESTRADA ORTIZ,JESSICA PAOLA ZULETA TURCIOS,PARVULOS,PRIVADO,URBANA,CERRADA TEMPORALMENTE,MONOLINGUE,MATUTINA,DIARIO(REGULAR),GUATEMALA NORTE
00-18-0164-45,01-01-0009,CIUDAD CAPITAL,ZONA 18,COLEGIO MIXTO MARISCAL JOSÉ VÍCTOR ZAVALA,"1ERA, CALLE 28-84 RESIDENCIALES ATLANTICO",56950827,YAMILET VERSALI AGUILAR PEREZ,ESTELA MARIBEL NIJ REYES,BASICO,PRIVADO,URBANA,CERRADA TEMPORALMENTE,MONOLINGUE,VESPERTINA,DIARIO(REGULAR),GUATEMALA NORTE
00-18-0165-43,01-01-0023,CIUDAD CAPITAL,ZONA 18,COLEGIO MIXTO JUVENTUD EN ACCIÓN,"32 CALLE 64-15, LOTE 11 VUELTA GRANDE, LO DE RODRIGUEZ",57060065,CESAR ARNOLDO MARTINEZ GARCIA,MINDY VITALINA REYES CARRERA,PRIMARIA,PRIVADO,URBANA,ABIERTA,MONOLINGUE,MATUTINA,DIARIO(REGULAR),GUATEMALA NORTE
00-18-0166-45,01-01-0023,CIUDAD CAPITAL,ZONA 18,COLEGIO MIXTO JUVENTUD EN ACCIÓN,"32 CALLE 64-15, LOTE 11 VUELTA GRANDE, LO DE RODRIGUEZ",5706006,CESAR ARNOLDO MARTINEZ GARCIA,GLORIA JUDITH MENDEZ GARCÍA,BASICO,PRIVADO,URBANA,ABIERTA,MONOLINGUE,MATUTINA,DIARIO(REGULAR),GUATEMALA NORTE
00-18-0167-42,01-01-0023,CIUDAD CAPITAL,ZONA 18,COLEGIO MIXTO JUVENTUD EN ACCION,"32 CALLE 64-15, LOTE 11 VUELTA GRANDE LO DE RODRIGUEZ",37967485,CESAR ARNOLDO MARTINEZ GARCIA,MINDY VITALINA REYES CARRERA,PARVULOS,PRIVADO,URBANA,ABIERTA,MONOLINGUE,MATUTINA,DIARIO(REGULAR),GUATEMALA NORTE
00-18-0168-45,01-01-0015,CIUDAD CAPITAL,ZONA 18,LICEO CRISTIANO CIENCIA,"DIAGONAL 25, 45-55 COLONIA LA ESTANCIA",36416184,RONI GUSTABO PUAC IBAÑEZ,LESLY PAOLA GUERRA FLORIAN,BASICO,PRIVADO,URBANA,ABIERTA,MONOLINGUE,MATUTINA,DIARIO(REGULAR),GUATEMALA NORTE
00-18-0169-43,01-01-0015,CIUDAD CAPITAL,ZONA 18,LICEO CRISTIANO CIENCIA,"DIAGONAL 25, 45-55 COLONIA LA ESTANCIA",41493114,RONI GUSTABO PUAC IBAÑEZ,YASMIN SARAI CROCKER CANEL,PRIMARIA,PRIVADO,URBANA,ABIERTA,MONOLINGUE,MATUTINA,DIARIO(REGULAR),GUATEMALA NORTE
00-18-0170-42,01-01-0015,CIUDAD CAPITAL,ZONA 18,LICEO CRISTIANO CIENCIA,"DIAGONAL 25, 45-55 COLONIA LA ESTANCIA",41493114,RONI GUSTABO PUAC IBAÑEZ,YASMIN SARAI CROCKER CANEL,PARVULOS,PRIVADO,URBANA,ABIERTA,MONOLINGUE,MATUTINA,DIARIO(REGULAR),GUATEMALA NORTE
00-18-0171-43,01-01-0023,CIUDAD CAPITAL,ZONA 18,"EOUM NO. 603 JM ""OSCAR DE LEÓN PALACIOS ""ALDEA LO DE RODRÍGUEZ""",KM. 12.5. RUTA AL ATLANTICO,42430207,CESAR ARNOLDO MARTINEZ GARCIA,JAVIER  SOTO VALDEZ,PRIMARIA,OFICIAL,URBANA,ABIERTA,MONOLINGUE,MATUTINA,DIARIO(REGULAR),GUATEMALA NORTE
00-18-0172-42,01-01-0023,CIUDAD CAPITAL,ZONA 18,"EODP ANEXA A  LA  ESCUELA OFICIAL RURAL MIXTA NO. 603  ""OSCAR DE LEÓN  PALACIOS""",KM. 12.5. RUTA AL ATLANTICO,54135451,CESAR ARNOLDO MARTINEZ GARCIA,GRISELDA LISET PAZ MURALLES,PARVULOS,OFICIAL,RURAL,ABIERTA,MONOLINGUE,VESPERTINA,DIARIO(REGULAR),GUATEMALA NORTE
00-18-0173-43,01-01-0013,CIUDAD CAPITAL,ZONA 18,ESCUELA OFICIAL RURAL MIXTA NO. 602,"CALLE REAL LOTE 20, ALDEA CONCEPCION EL CHATO",22554616,CESAR ARNOLDO MARTINEZ GARCIA,ANA LUISA RODRÍGUEZ RODRÍGUEZ,PRIMARIA,OFICIAL,RURAL,ABIERTA,MONOLINGUE,MATUTINA,DIARIO(REGULAR),GUATEMALA NORTE
00-18-0174-43,01-01-0013,CIUDAD CAPITAL,ZONA 18,"ESCUELA OFICIAL RURAL MIXTA ""SANTA BÁRBARA""",KILOMETRO 15.5 RUTA AL ATLANTICO.,42227387,CESAR ARNOLDO MARTINEZ GARCIA,THELMA VIOLETA ESPAÑA REYES,PRIMARIA,OFICIAL,URBANA,ABIERTA,MONOLINGUE,MATUTINA,DIARIO(REGULAR),GUATEMALA NORTE
00-18-0175-42,01-01-0013,CIUDAD CAPITAL,ZONA 18,ESCUELA OFICIAL DE PÁRVULOS,"60 AVENIDA ""A"" 15-60, ALDEA  EL CHATO",54095134,CESAR ARNOLDO MARTINEZ GARCIA,LIZBETH GABRIELA PALENCIA LÓPEZ,PARVULOS,OFICIAL,RURAL,ABIERTA,MONOLINGUE,MATUTINA,DIARIO(REGULAR),GUATEMALA NORTE
00-18-0176-46,01-01-0011,CIUDAD CAPITAL,ZONA 18,"INSTITUTO EXPERIMENTAL DE EDUCACIÓN BÁSICA ""FE Y ALEGRÍA NO. 5""","KM. 7.5 CARRETERA A SAN PEDRO AYAMPUC, COLONIA EL LIMON",22602451,YAMILET VERSALI AGUILAR PEREZ,NOÉ ABIMAEL SIAN ORDOÑEZ,DIVERSIFICADO,PRIVADO,URBANA,ABIERTA,MONOLINGUE,MATUTINA,DIARIO(REGULAR),GUATEMALA NORTE
00-18-0177-44,01-403,CIUDAD CAPITAL,ZONA 18,COLEGIO MIXTO EVANGÉLICO GILGAL,"63 AVENIDA A 5-98, COLONIA PINARES DEL NORTE",50180257,CARLOS HUMBERTO GONZÁLEZ DE LEÓN,CÉSAR AUGUSTO PINEDA PÉREZ,PRIMARIA DE ADULTOS,PRIVADO,URBANA,CERRADA TEMPORALMENTE,MONOLINGUE,DOBLE,FIN DE SEMANA,GUATEMALA NORTE
00-18-0178-45,01-403,CIUDAD CAPITAL,ZONA 18,COLEGIO MIXTO EVANGÉLICO GILGAL,"63 AVENIDA A 5-98, COLONIA PINARES DEL NORTE",50180257,CARLOS HUMBERTO GONZÁLEZ DE LEÓN,CÉSAR AUGUSTO PINEDA PÉREZ,BASICO,PRIVADO,URBANA,CERRADA TEMPORALMENTE,MONOLINGUE,DOBLE,FIN DE SEMANA,GUATEMALA NORTE
00-18-0179-46,01-403,CIUDAD CAPITAL,ZONA 18,COLEGIO MIXTO EVANGELICO GILGAL,"63 AVENIDA A  5-98, COLONIA PINARES DEL NORTE",50180257,CARLOS HUMBERTO GONZÁLEZ DE LEÓN,CÉSAR AUGUSTO PINEDA PÉREZ,DIVERSIFICADO,PRIVADO,URBANA,CERRADA TEMPORALMENTE,MONOLINGUE,DOBLE,FIN DE SEMANA,GUATEMALA NORTE
00-18-0180-46,01-316,CIUDAD CAPITAL,ZONA 18,"LICEO PREUNIVERSITARIO ""DR. NELSON MANDELA""",CA-9 NORTE (RUTA ATLNTICO) 34-05,54657140,LILIAN YOLANDA RODRIGUEZ PINTO DE CASTRO,ELSIA ENELDINA MORALES ALARCÓN,DIVERSIFICADO,PRIVADO,URBANA,CERRADA TEMPORALMENTE,MONOLINGUE,DOBLE,FIN DE SEMANA,GUATEMALA NORTE
00-18-0181-45,01-01-0023,CIUDAD CAPITAL,ZONA 18,"LICEO PREUNIVERSITARIO ""DR. NELSON MANDELA""",CA-9 NORTE (RUTA ATLNTICO) 34-05,54657140,CESAR ARNOLDO MARTINEZ GARCIA,ELSIA ENELDINA MORALES ALARCÓN,BASICO,PRIVADO,URBANA,ABIERTA,MONOLINGUE,MATUTINA,DIARIO(REGULAR),GUATEMALA NORTE
00-18-0182-46,01-01-0023,CIUDAD CAPITAL,ZONA 18,"LICEO PREUNIVERSITARIO ""DR. NELSON MANDELA""",CA-9 NORTE (RUTA ATLNTICO) 34-05,54654140,CESAR ARNOLDO MARTINEZ GARCIA,ELSIA ENELDINA MORALES ALARCÓN,DIVERSIFICADO,PRIVADO,URBANA,ABIERTA,MONOLINGUE,MATUTINA,DIARIO(REGULAR),GUATEMALA NORTE
00-18-0183-46,01-316,CIUDAD CAPITAL,ZONA 18,"LICEO PREUNIVERSITARIO ""DR. NELSON MANDELA""",CA-9 NORTE (RUTA ATLNTICO) 34-05,54657140,LILIAN YOLANDA RODRIGUEZ PINTO DE CASTRO,ELSIA ENELDINA MORALES ALARCÓN,DIVERSIFICADO,PRIVADO,URBANA,CERRADA TEMPORALMENTE,MONOLINGUE,MATUTINA,FIN DE SEMANA,GUATEMALA NORTE
00-18-0184-46,01-01-0015,CIUDAD CAPITAL,ZONA 18,COLEGIO MIXTO VALLE DE JESÚS,"43 AVENIDA ""B"" 44-70. RESIDENCIALES VALLE DE JESUS ZONA 18",22604053,RONI GUSTABO PUAC IBAÑEZ,SANDRA MARIBEL HERNÁNDEZ ENRÍQUEZ,DIVERSIFICADO,PRIVADO,URBANA,ABIERTA,MONOLINGUE,MATUTINA,DIARIO(REGULAR),GUATEMALA NORTE
00-18-0185-45,01-01-0013,CIUDAD CAPITAL,ZONA 18,COLEGIO EL FARO,60 AVENIDA 00-75 KM. 15.5 CARRETERA AL ATLÁNTICO,22555418,CESAR ARNOLDO MARTINEZ GARCIA,YOSELYN BETSAYDA SÁNCHEZ LEMUS,BASICO,PRIVADO,URBANA,ABIERTA,MONOLINGUE,MATUTINA,DIARIO(REGULAR),GUATEMALA NORTE
00-18-0186-46,01-01-0018,CIUDAD CAPITAL,ZONA 18,INSTITUTO NACIONAL DE EDUCACION DIVERSIFICADA,27 CALLE Y 34 AVENIDA COLONIA KENNEDY ZONA 18,47492756,ISRAEL PORTILLO HERNÁNDEZ,YAQUELIN MURIEL CANTÉ MIGUEL,DIVERSIFICADO,OFICIAL,URBANA,ABIERTA,MONOLINGUE,MATUTINA,DIARIO(REGULAR),GUATEMALA NORTE
00-18-0187-45,01-111,CIUDAD CAPITAL,ZONA 18,INSTITUTO NACIONAL DE EDUCACION BASICA POR MADUREZ,27 CALLE Y 34 AVENIDA COLONIA KENNEDY ZONA 18,30066439,ROSA ALBA LOPEZ PIRIR,SANDRA JUDITH PALENCIA MORALES,BASICO,OFICIAL,URBANA,CERRADA TEMPORALMENTE,MONOLINGUE,DOBLE,FIN DE SEMANA,GUATEMALA NORTE
00-18-0188-46,01-111,CIUDAD CAPITAL,ZONA 18,INSTITUTO NACIONAL DE EDUCACIÓN DIVERSIFICADA POR MADUREZ,27 CALLE Y 34 AVENIDA COLONIA KENNEDY ZONA 18,30066439,ROSA ALBA LOPEZ PIRIR,SANDRA JUDITH PALENCIA MORALES,DIVERSIFICADO,OFICIAL,URBANA,CERRADA TEMPORALMENTE,MONOLINGUE,DOBLE,FIN DE SEMANA,GUATEMALA NORTE
00-18-0189-46,01-01-0015,CIUDAD CAPITAL,ZONA 18,LICEO CRISTIANO CIENCIA,"DIAGONAL 25, 45-55 COLONIA  LA  ESTANCIA",22602276,RONI GUSTABO PUAC IBAÑEZ,LESLY PAOLA GUERRA FLORIAN,DIVERSIFICADO,PRIVADO,URBANA,ABIERTA,MONOLINGUE,MATUTINA,DIARIO(REGULAR),GUATEMALA NORTE
00-18-0190-45,01-104,CIUDAD CAPITAL,ZONA 18,LICEO CRISTIANO CIENCIA,DIAGONAL 25 45-55 COLONIA LA ESTANCIA,22602276,ISRAEL PORTILLO HERNANDEZ,ANA REBECA DAVILA PEÑATE,BASICO,PRIVADO,URBANA,CERRADA TEMPORALMENTE,MONOLINGUE,DOBLE,FIN DE SEMANA,GUATEMALA NORTE
00-18-0191-46,01-104,CIUDAD CAPITAL,ZONA 18,LICEO CRISTIANO CIENCIA,"DIAGONAL 25, 45-55 COLONIOA LA ESTANCIA",22602276,ISRAEL PORTILLO HERNANDEZ,ANA  REBECA  DAVILA PEÑATE,DIVERSIFICADO,PRIVADO,URBANA,CERRADA TEMPORALMENTE,MONOLINGUE,DOBLE,FIN DE SEMANA,GUATEMALA NORTE
00-18-0192-42,01-01-0013,CIUDAD CAPITAL,ZONA 18,"COLEGIO MIXTO ""JUVENTUD ACTIVA""","KM. 15 RUTA AL ATLANTICO, COLONIA SAN PASCUAL II",22554550,CESAR ARNOLDO MARTINEZ GARCIA,WENCESLAO  TOBAR SALGUERO,PARVULOS,PRIVADO,URBANA,ABIERTA,MONOLINGUE,MATUTINA,DIARIO(REGULAR),GUATEMALA NORTE
00-18-0193-43,01-01-0013,CIUDAD CAPITAL,ZONA 18,"COLEGIO MIXTO ""JUVENTUD ACTIVA""","KM. 15 RUTA AL ATLANTICO , COLONIA SAN PASCUAL II, ZONA 18",22554550,CESAR ARNOLDO MARTINEZ GARCIA,WENCESLAO  TOBAR SALGUERO,PRIMARIA,PRIVADO,URBANA,ABIERTA,MONOLINGUE,MATUTINA,DIARIO(REGULAR),GUATEMALA NORTE
00-18-0194-45,01-01-0013,CIUDAD CAPITAL,ZONA 18,"COLEGIO MIXTO ""JUVENTUD ACTIVA""","KILOMETRO 15, RUTA AL ATLÁNTICO, COLONIA SAN PASCUAL  II,  LOTE  6 Y 12",22554550,CESAR ARNOLDO MARTINEZ GARCIA,WENCESLAO  TOBAR SALGUERO,BASICO,PRIVADO,URBANA,ABIERTA,MONOLINGUE,MATUTINA,DIARIO(REGULAR),GUATEMALA NORTE
00-18-0195-46,01-01-0011,CIUDAD CAPITAL,ZONA 18,COLEGIO MIXTO PARROQUIAL SANGRE DE CRISTO,10 AV.  14-48 ATLANTIDA,22582750,YAMILET VERSALI AGUILAR PEREZ,SANDRA PATRICIA JUÁREZ ARREAZA,DIVERSIFICADO,PRIVADO,URBANA,ABIERTA,MONOLINGUE,VESPERTINA,DIARIO(REGULAR),GUATEMALA NORTE
00-18-0196-46,01-01-0015,CIUDAD CAPITAL,ZONA 18,INSTITUTO NACIONAL DE EDUCACION DIVERSIFICADA  LA ESTANCIA,50 CALLE 41-89 LA ESTANCIA,55170074,RONI GUSTABO PUAC IBAÑEZ,KARLA JANETH ASENCIO GÓMEZ,DIVERSIFICADO,OFICIAL,URBANA,ABIERTA,MONOLINGUE,MATUTINA,DIARIO(REGULAR),GUATEMALA NORTE
00-18-0197-45,01-01-0036,CIUDAD CAPITAL,ZONA 18,INSTITUTO NACIONAL DE EDUCACION BASICA POR MADUREZ LA ESTANCIA,50 CALLE 41-89 LA ESTANCIA,30066439,CARLOS HUMBERTO GONZALEZ DE LEON,ANA ISABEL CUC RAMOS DE PEREZ,BASICO,OFICIAL,URBANA,CERRADA TEMPORALMENTE,MONOLINGUE,MATUTINA,FIN DE SEMANA,GUATEMALA NORTE
00-18-0198-46,01-01-0036,CIUDAD CAPITAL,ZONA 18,INSTITUTO NACIONAL DE EDUCACION DIVERSIFICADA POR MADUREZ LA ESTANCIA,50 CALLE 41-89 LA ESTANCIA,30066439,CARLOS HUMBERTO GONZALEZ DE LEON,ANA ISABEL CUC RAMOS,DIVERSIFICADO,OFICIAL,URBANA,CERRADA TEMPORALMENTE,MONOLINGUE,DOBLE,FIN DE SEMANA,GUATEMALA NORTE
00-18-0199-43,01-01-0016,CIUDAD CAPITAL,ZONA 18,LICEO CRISTIANO CIENCIA NO. 2,"LOTE 8 ""A"" SECCIÓN I, COLONIA ILUSIONES",51326447,RONI GUSTABO PUAC IBAÑEZ,DINA LISSETTE CHAMALÉ MARCOS,PRIMARIA,PRIVADO,URBANA,ABIERTA,MONOLINGUE,MATUTINA,DIARIO(REGULAR),GUATEMALA NORTE
00-18-0200-45,01-01-0016,CIUDAD CAPITAL,ZONA 18,LICEO CRISTIANO CIENCIA NO. 2,"LOTE 8 ""A"" SECCION I, COLONIA ILUSIONES",51326447,RONI GUSTABO PUAC IBAÑEZ,DINA LISSETTE CHAMALÉ MARCOS,BASICO,PRIVADO,URBANA,ABIERTA,MONOLINGUE,MATUTINA,DIARIO(REGULAR),GUATEMALA NORTE
00-18-0201-46,01-01-0016,CIUDAD CAPITAL,ZONA 18,LICEO CRISTIANO CIENCIA NO. 2,"LOTE 8 ""A"" , SECCION I, COLONIA ILUSIONES",22603689,RONI GUSTABO PUAC IBAÑEZ,DINA LISSETTE CHAMALÉ MARCOS,DIVERSIFICADO,PRIVADO,URBANA,ABIERTA,MONOLINGUE,MATUTINA,DIARIO(REGULAR),GUATEMALA NORTE
00-18-0202-45,01-01-0036,CIUDAD CAPITAL,ZONA 18,"LICEO MIXTO EVANGÉLICO ""FUENTE DE ENSEÑANZA""",LOTE 25 Y 40 DE LA SECCIÓN G COLONIA LAS ILUSIONES,22553762,CARLOS HUMBERTO GONZALEZ DE LEON,MARIA LUISA CHACON ALDANA,BASICO,PRIVADO,URBANA,ABIERTA,MONOLINGUE,DOBLE,FIN DE SEMANA,GUATEMALA NORTE
00-18-0203-46,01-01-0036,CIUDAD CAPITAL,ZONA 18,"LICEO MIXTO EVANGÉLICO ""FUENTE DE ENSEÑANZA""",LOTE 25 Y 40 DE LA SECCIÓN  G COLONIA LAS ILUSIONES,22553762,CARLOS HUMBERTO GONZALEZ DE LEON,MARIA LUISA CHACON ALDANA,DIVERSIFICADO,PRIVADO,URBANA,ABIERTA,MONOLINGUE,DOBLE,FIN DE SEMANA,GUATEMALA NORTE
00-18-0204-46,01-104,CIUDAD CAPITAL,ZONA 18,"LICEO EN COMPUTACIÓN ""SHOFAR""","12 CALLE ""D"" 17-43, COLONIA ALAMEDA IV",55526057,ISRAEL PORTILLO HERNANDEZ,EVELYN JEANNETH ARAGÓN REYES,DIVERSIFICADO,PRIVADO,URBANA,CERRADA TEMPORALMENTE,MONOLINGUE,SIN JORNADA,SEMIPRESENCIAL (FIN DE SEMANA),GUATEMALA NORTE
00-18-0205-45,01-104,CIUDAD CAPITAL,ZONA 18,"LICEO EN COMPUTACIÓN ""SHOFAR""","12 CALLE ""D"" 17-43, COLONIA ALAMEDA IV",55526057,ISRAEL PORTILLO HERNANDEZ,EVELYN JEANNETH ARAGÓN REYES,BASICO,PRIVADO,URBANA,CERRADA TEMPORALMENTE,MONOLINGUE,SIN JORNADA,SEMIPRESENCIAL (FIN DE SEMANA),GUATEMALA NORTE
00-18-0206-42,01-01-0018,CIUDAD CAPITAL,ZONA 18,"COLEGIO MIXTO ""SAN JUAN PABLO""",21 CALLE 36-40 COLONIA SAN JORGE,50170895,ISRAEL PORTILLO HERNÁNDEZ,FLORINDA SOLEDAD YAX SUYUC,PARVULOS,PRIVADO,URBANA,ABIERTA,MONOLINGUE,MATUTINA,DIARIO(REGULAR),GUATEMALA NORTE
00-18-0207-43,01-01-0018,CIUDAD CAPITAL,ZONA 18,"COLEGIO MIXTO ""SAN JUAN PABLO""",21 CALLE 36-40 COLONIA SAN JORGE,50170895,ISRAEL PORTILLO HERNÁNDEZ,FLORINDA SOLEDAD YAX SUYUC,PRIMARIA,PRIVADO,URBANA,ABIERTA,MONOLINGUE,MATUTINA,DIARIO(REGULAR),GUATEMALA NORTE
00-18-0208-45,01-01-0018,CIUDAD CAPITAL,ZONA 18,"COLEGIO MIXTO ""SAN JUAN PABLO""",21 CALLE 36-40 COLONIA SAN JORGE,56780348,ISRAEL PORTILLO HERNÁNDEZ,IRIS MAGNOLIA GARCÍA SAMAYOA,BASICO,PRIVADO,URBANA,ABIERTA,MONOLINGUE,MATUTINA,DIARIO(REGULAR),GUATEMALA NORTE
00-18-0209-46,01-01-0018,CIUDAD CAPITAL,ZONA 18,"COLEGIO MIXTO ""SAN JUAN PABLO""",21 CALLE 36-40 COLONIA SAN JORGE,56780348,ISRAEL PORTILLO HERNÁNDEZ,IRIS MAGNOLIA GARCÍA SAMAYOA,DIVERSIFICADO,PRIVADO,URBANA,ABIERTA,MONOLINGUE,MATUTINA,DIARIO(REGULAR),GUATEMALA NORTE
00-18-0210-45,01-01-0016,CIUDAD CAPITAL,ZONA 18,COLEGIO BELLO AMANECER 2,"LOTE 101 Y 102 SECCIÓN ""C"" COLONIA LAS ILUSIONES",42169124,RONI GUSTABO PUAC IBAÑEZ,ADA MARLENY GUERRA,BASICO,PRIVADO,URBANA,ABIERTA,MONOLINGUE,MATUTINA,DIARIO(REGULAR),GUATEMALA NORTE
00-18-0211-46,01-01-0016,CIUDAD CAPITAL,ZONA 18,COLEGIO BELLO AMANECER 2,"LOTE 101 Y 102 SECCIÓN ""C"" COLONIA LAS ILUSIONES",42169124,RONI GUSTABO PUAC IBAÑEZ,ADA MARLENY GUERRA,DIVERSIFICADO,PRIVADO,URBANA,ABIERTA,MONOLINGUE,MATUTINA,DIARIO(REGULAR),GUATEMALA NORTE
00-18-0212-46,01-01-0016,CIUDAD CAPITAL,ZONA 18,COLEGIO BELLO AMANECER 2,"LOTE 101 Y 102 SECCIÓN ""C"" COLONIA LAS ILUSIONES",42169124,RONI GUSTABO PUAC IBAÑEZ,ADA MARLENY GUERRA,DIVERSIFICADO,PRIVADO,URBANA,ABIERTA,MONOLINGUE,VESPERTINA,DIARIO(REGULAR),GUATEMALA NORTE
00-18-0213-42,01-110,CIUDAD CAPITAL,ZONA 18,"COLEGIO ""LOS OLIVOS DEL NORTE""","SECTOR 2 MANZANA R LOTE 2, RESIDENCIALES LOS OLIVOS DEL NORTE",22852204,ZUHILEM YESENIA ESTRADA ORTIZ,MARÍA EUGENIA RABBÉ MARTÍNEZ,PARVULOS,PRIVADO,URBANA,CERRADA TEMPORALMENTE,MONOLINGUE,MATUTINA,VIRTUAL A DISTANCIA,GUATEMALA NORTE
00-18-0214-43,01-110,CIUDAD CAPITAL,ZONA 18,COLEGIO LOS OLIVOS DEL NORTE,"SECTOR 2 MANZANA R LOTE , RESIDENCIALES LOS OLIVOS DEL NORTE",22852204,ZUHILEM YESENIA ESTRADA ORTIZ,MARÍA EUGENIA RABBÉ MARTÍNEZ,PRIMARIA,PRIVADO,URBANA,CERRADA TEMPORALMENTE,MONOLINGUE,MATUTINA,VIRTUAL A DISTANCIA,GUATEMALA NORTE
00-18-0215-45,01-110,CIUDAD CAPITAL,ZONA 18,COLEGIO LOS OLIVOS DEL NORTE,"SECTOR 2 MANZANA R LOTE 2, RESIDENCIALES LOS OLIVOS",22852204,ZUHILEM YESENIA ESTRADA ORTIZ,MARÍA EUGENIA RABBÉ MARTÍNEZ,BASICO,PRIVADO,URBANA,CERRADA TEMPORALMENTE,MONOLINGUE,MATUTINA,VIRTUAL A DISTANCIA,GUATEMALA NORTE
00-18-0216-46,01-110,CIUDAD CAPITAL,ZONA 18,COLEGIO LOS OLIVOS DEL NORTE,"SECTOR 2 MANZANA R LOTE 2, RESIDENCIALES LOS OLIVOS DEL NORTE",22852204,ZUHILEM YESENIA ESTRADA ORTIZ,MARÍA EUGENIA RABBÉ MARTÍNEZ,DIVERSIFICADO,PRIVADO,URBANA,CERRADA TEMPORALMENTE,MONOLINGUE,MATUTINA,VIRTUAL A DISTANCIA,GUATEMALA NORTE
00-18-0217-45,01-110,CIUDAD CAPITAL,ZONA 18,"COLEGIO ""LOS OLIVOS DEL NORTE""","SECTOR 2, MANZANA R, LOTE 2, RESIDENCIALES LOS OLIVOS DEL NORTE",22852204,ZUHILEM YESENIA ESTRADA ORTIZ,IVONNE HAYDÉE MÉNDEZ CIFUENTES DE PARDO,BASICO,PRIVADO,URBANA,CERRADA TEMPORALMENTE,MONOLINGUE,SIN JORNADA,SEMIPRESENCIAL (FIN DE SEMANA),GUATEMALA NORTE
00-18-0218-46,01-110,CIUDAD CAPITAL,ZONA 18,"COLEGIO ""LOS OLIVOS DEL NORTE""","SECTOR 2, MANZANA R, LOTE 2, RESIDENCIALES LOS OLIVOS DEL NORTE",22852204,ZUHILEM YESENIA ESTRADA ORTIZ,IVONNE HAYDÉE MÉNDEZ CIFUENTES DE PARDO,DIVERSIFICADO,PRIVADO,URBANA,CERRADA TEMPORALMENTE,MONOLINGUE,SIN JORNADA,SEMIPRESENCIAL (FIN DE SEMANA),GUATEMALA NORTE
00-18-0219-44,01-110,CIUDAD CAPITAL,ZONA 18,"COLEGIO ""LOS OLIVOS DEL NORTE""","SECTOR 2, MANZANA R, LOTE 2, RESIDENCIALES LOS OLIVOS DEL NORTE",22852204,ZUHILEM YESENIA ESTRADA ORTIZ,IVONNE HAYDEÉ MÉNDEZ CIFUENTES DE PARDO,PRIMARIA DE ADULTOS,PRIVADO,URBANA,CERRADA TEMPORALMENTE,MONOLINGUE,MATUTINA,FIN DE SEMANA,GUATEMALA NORTE
00-18-0220-46,01-01-0015,CIUDAD CAPITAL,ZONA 18,LICEO CUMORAH PINOS,31 CALLE B 28-97 ALDEA LAS TAPIAS,22603791,RONI GUSTABO PUAC IBAÑEZ,MARÍA ANTONIA CAP GARCÍA,DIVERSIFICADO,PRIVADO,URBANA,ABIERTA,MONOLINGUE,MATUTINA,DIARIO(REGULAR),GUATEMALA NORTE
00-18-0221-45,01-403,CIUDAD CAPITAL,ZONA 18,COLEGIO MIXTO EVANGÉLICO GILGAL,63 AVENIDA A 5-98 COLONIA PINARES DEL NORTE,58258355,CARLOS HUMBERTO GONZÁLEZ DE LEÓN,CÉSAR AUGUSTO PINEDA PÉREZ,BASICO,PRIVADO,URBANA,CERRADA TEMPORALMENTE,MONOLINGUE,SIN JORNADA,SEMIPRESENCIAL (FIN DE SEMANA),GUATEMALA NORTE
00-18-0222-46,01-403,CIUDAD CAPITAL,ZONA 18,COLEGIO MIXTO EVANGÉLICO GILGAL,63 AVENIDA A 5-98 COLONIA PINARES DEL NORTE,58258355,CARLOS HUMBERTO GONZÁLEZ DE LEÓN,CÉSAR AUGUSTO PINEDA PÉREZ,DIVERSIFICADO,PRIVADO,URBANA,CERRADA TEMPORALMENTE,MONOLINGUE,SIN JORNADA,SEMIPRESENCIAL (FIN DE SEMANA),GUATEMALA NORTE
00-18-0223-46,01-01-0036,CIUDAD CAPITAL,ZONA 18,COLEGIO DE FORMACIÓN PROFESIONAL EN COMPUTACIÓN -C.F.P.C.-,"MANZANA 5, LOTE 579, COLONIA MAYA",22603936,CARLOS HUMBERTO GONZALEZ DE LEON,FRANCISCO ROLANDO CORZANTES,DIVERSIFICADO,PRIVADO,URBANA,ABIERTA,MONOLINGUE,SIN JORNADA,SEMIPRESENCIAL (UN DÍA A LA SEMANA),GUATEMALA NORTE
00-18-0224-45,01-01-0036,CIUDAD CAPITAL,ZONA 18,COLEGIO DE FORMACIÓN PROFESIONAL EN COMPUTACIÓN  -C.F.P.C-.,"MANZANA 5, LOTE 579, COLONIA MAYA",22603936,CARLOS HUMBERTO GONZALEZ DE LEON,FRANCISCO ROLANDO CORZANTES,BASICO,PRIVADO,URBANA,ABIERTA,MONOLINGUE,SIN JORNADA,SEMIPRESENCIAL (FIN DE SEMANA),GUATEMALA NORTE
00-18-0225-45,01-01-0036,CIUDAD CAPITAL,ZONA 18,LICEO JUVENIL DE COMPUTACIÓN C.S.S.,13 AVENIDA 6-46,33225766,CARLOS HUMBERTO GONZALEZ DE LEON,ANNABELLA EMPERATRIZ JIMÉNEZ CASTELLANOS,BASICO,PRIVADO,URBANA,ABIERTA,MONOLINGUE,SIN JORNADA,SEMIPRESENCIAL (FIN DE SEMANA),GUATEMALA NORTE
00-18-0226-46,01-01-0036,CIUDAD CAPITAL,ZONA 18,LICEO JUVENIL DE COMPUTACIÓN C.S.S.,13 AVENIDA  6-46,33225766,CARLOS HUMBERTO GONZALEZ DE LEON,ANNABELLA EMPERATRIZ JIMÉNEZ CASTELLANOS,DIVERSIFICADO,PRIVADO,URBANA,ABIERTA,MONOLINGUE,SIN JORNADA,SEMIPRESENCIAL (FIN DE SEMANA),GUATEMALA NORTE
00-18-0227-45,01-106,CIUDAD CAPITAL,ZONA 18,CENTRO EDUCATIVO INMACULADA CONCEPCIÓN,"27 AVENIDA 31-39, LAS TAPIAS",57125168,CESAR ARNOLDO MARTINEZ GARCIA,RONAL ALEXANDER BARRIOS PAZ,BASICO,PRIVADO,URBANA,CERRADA TEMPORALMENTE,MONOLINGUE,SIN JORNADA,SEMIPRESENCIAL (FIN DE SEMANA),GUATEMALA NORTE
00-18-0228-46,01-01-0036,CIUDAD CAPITAL,ZONA 18,CENTRO EDUCATIVO INMACULADA CONCEPCIÓN,"27 AVENIDA 31-39, LAS TAPIAS",57125168,CARLOS HUMBERTO GONZALEZ DE LEON,RONAL ALEXANDER BARRIOS PAZ,DIVERSIFICADO,PRIVADO,URBANA,ABIERTA,MONOLINGUE,SIN JORNADA,SEMIPRESENCIAL (FIN DE SEMANA),GUATEMALA NORTE
00-18-0229-46,01-01-0036,CIUDAD CAPITAL,ZONA 18,LICEO FRANCO GUATEMALTECO,MANZANA 19 LOTE 627 COLONIA MAYA,45872960,CARLOS HUMBERTO GONZALEZ DE LEON,EVELIN SIOMARA FRANCO CHUR,DIVERSIFICADO,PRIVADO,URBANA,ABIERTA,MONOLINGUE,SIN JORNADA,SEMIPRESENCIAL (UN DÍA A LA SEMANA),GUATEMALA NORTE
00-18-0230-45,01-01-0036,CIUDAD CAPITAL,ZONA 18,LICEO FRANCO GUATEMALTECO,MANZANA 19 LOTE 627 COLONIA MAYA,45872960,CARLOS HUMBERTO GONZALEZ DE LEON,EVELIN SIOMARA FRANCO CHUR,BASICO,PRIVADO,URBANA,ABIERTA,MONOLINGUE,SIN JORNADA,SEMIPRESENCIAL (UN DÍA A LA SEMANA),GUATEMALA NORTE
00-18-0231-45,01-106,CIUDAD CAPITAL,ZONA 18,"COLEGIO PARTICULAR MIXTO ""SAN RAFAEL""","KM. 12.5 RUTA AL ATLÁNTICO, LOTE 21, ALDEA LO DE RODRÍGUEZ",30415710,CESAR ARNOLDO MARTINEZ GARCIA,OSCAR DAVID RODENAS CUESI,BASICO,PRIVADO,URBANA,CERRADA DEFINITIVAMENTE,MONOLINGUE,SIN JORNADA,SEMIPRESENCIAL (FIN DE SEMANA),GUATEMALA NORTE
00-18-0232-46,01-106,CIUDAD CAPITAL,ZONA 18,"COLEGIO PARTICULAR MIXTO ""SAN RAFAEL""","KILOMETRO 12.5 RUTA AL ATLÁNTICO, LOTE 21",30415710,CESAR ARNOLDO MARTINEZ GARCIA,OSCAR DAVID RODENAS CUESI,DIVERSIFICADO,PRIVADO,URBANA,CERRADA TEMPORALMENTE,MONOLINGUE,SIN JORNADA,SEMIPRESENCIAL (FIN DE SEMANA),GUATEMALA NORTE
00-18-0233-45,01-01-0024,CIUDAD CAPITAL,ZONA 18,COLEGIO BAUTISTA SHALOM,"35 AVENIDA 00-39, CARRETERA AL ATLANTICO",25053504,CARLOS HUMBERTO GONZALEZ DE LEON,SANDRA YOJANA ESTRADA GARCÍA,BASICO,PRIVADO,URBANA,ABIERTA,MONOLINGUE,SIN JORNADA,SEMIPRESENCIAL (FIN DE SEMANA),GUATEMALA NORTE
00-18-0234-46,01-01-0024,CIUDAD CAPITAL,ZONA 18,COLEGIO BAUTISTA SHALOM,"35 AVENIDA 00-39, CARRETERA AL ATLANTICO",25053501,CARLOS HUMBERTO GONZALEZ DE LEON,SANDRA YOJANA ESTRADA GARCÍA,DIVERSIFICADO,PRIVADO,URBANA,ABIERTA,MONOLINGUE,SIN JORNADA,SEMIPRESENCIAL (UN DÍA A LA SEMANA),GUATEMALA NORTE
00-18-0235-42,01-01-0009,CIUDAD CAPITAL,ZONA 18,LICEO PSICOPEDAGOGICO DEL NORTE,24 AVENIDA 10-28 SANTA GENOVEVA III,22555791,YAMILET VERSALI AGUILAR PEREZ,CLAUDIA SUSANA PALENCIA GONZÁLEZ,PARVULOS,PRIVADO,URBANA,ABIERTA,MONOLINGUE,MATUTINA,DIARIO(REGULAR),GUATEMALA NORTE
00-18-0236-43,01-01-0009,CIUDAD CAPITAL,ZONA 18,LICEO PSICOPEDAGOGICO DEL NORTE,24 AVENIDA 10-28 SANTA GENOVEVA III,22555791,YAMILET VERSALI AGUILAR PEREZ,CLAUDIA SUSANA PALENCIA GONZÁLEZ,PRIMARIA,PRIVADO,URBANA,ABIERTA,MONOLINGUE,MATUTINA,DIARIO(REGULAR),GUATEMALA NORTE
00-18-0237-45,01-01-0009,CIUDAD CAPITAL,ZONA 18,LICEO PSICOPEDAGOGICO DEL NORTE,24 AVENIDA 10-8 SANTA GENOVEVA III,22555791,YAMILET VERSALI AGUILAR PEREZ,HÈCTOR RAÚL MOSCOSO ORELLANA,BASICO,PRIVADO,URBANA,ABIERTA,MONOLINGUE,MATUTINA,DIARIO(REGULAR),GUATEMALA NORTE
00-18-0238-46,01-01-0009,CIUDAD CAPITAL,ZONA 18,LICEO PSICOPEDAGOGICO DEL NORTE,24 AVENIDA 10-28 SANTA GENOVEVA III,22555791,YAMILET VERSALI AGUILAR PEREZ,HÈCTOR RAÚL MOSCOSO ORELLANA,DIVERSIFICADO,PRIVADO,URBANA,ABIERTA,MONOLINGUE,MATUTINA,DIARIO(REGULAR),GUATEMALA NORTE
00-18-0239-45,01-01-0036,CIUDAD CAPITAL,ZONA 18,LICEO DE CIENCIAS Y TÉCNICAS DE COMPUTACIÓN,KM. 5.5 RUTA AL ATLANTIDA,22584488,CARLOS HUMBERTO GONZALEZ DE LEON,WALTER GUILLERMO MURALLES LOPEZ,BASICO,PRIVADO,URBANA,ABIERTA,MONOLINGUE,SIN JORNADA,SEMIPRESENCIAL (FIN DE SEMANA),GUATEMALA NORTE
00-18-0240-46,01-01-0036,CIUDAD CAPITAL,ZONA 18,LICEO DE CIENCIAS Y TÉCNICAS DE COMPUTACIÓN,KM. 5.5 RUTA AL ATLANTIDA,22584488,CARLOS HUMBERTO GONZALEZ DE LEON,WALTER GUILLERMO MURALLES LOPEZ,DIVERSIFICADO,PRIVADO,URBANA,ABIERTA,MONOLINGUE,SIN JORNADA,SEMIPRESENCIAL (FIN DE SEMANA),GUATEMALA NORTE
00-18-0241-46,01-01-0024,CIUDAD CAPITAL,ZONA 18,"LICEO PREUNIVERSITARIO ""DR. NELSON MANDELA""",CA-9 NORTE (RUTA AL ATLÁNTICO) 34-05,41735998,CARLOS HUMBERTO GONZALEZ DE LEON,ELSIA ENELDINA MORALES ALARCÓN,DIVERSIFICADO,PRIVADO,URBANA,ABIERTA,MONOLINGUE,SIN JORNADA,SEMIPRESENCIAL (FIN DE SEMANA),GUATEMALA NORTE
00-18-0242-45,01-01-0036,CIUDAD CAPITAL,ZONA 18,LICEO TENOLÓGICO HOMBRE DE NAZARETH,LOTE 60 MANZANA 4 COLONIA EL ROSARIO,51269018,CARLOS HUMBERTO GONZALEZ DE LEON,SULMAN ESPERANZA JIMENEZ CASTAÑAZA,BASICO,PRIVADO,URBANA,ABIERTA,MONOLINGUE,SIN JORNADA,SEMIPRESENCIAL (FIN DE SEMANA),GUATEMALA NORTE
00-18-0243-46,01-01-0036,CIUDAD CAPITAL,ZONA 18,LICEO TECNOLÓGICO HOMBRE DE NAZARETH,13/02/2023,51269018,CARLOS HUMBERTO GONZALEZ DE LEON,SULMAN ESPERANZA JIMENEZ CASTAÑAZA,DIVERSIFICADO,PRIVADO,URBANA,ABIERTA,MONOLINGUE,SIN JORNADA,SEMIPRESENCIAL (FIN DE SEMANA),GUATEMALA NORTE
00-18-0244-45,01-01-0024,CIUDAD CAPITAL,ZONA 18,INSTITUTO NACIONAL DE EDUCACIÓN BÁSICA POR MADUREZ,"27 CALLE Y 34 AVENIDA, COLONIA KENNEDY",47644755,CARLOS HUMBERTO GONZALEZ DE LEON,LENY LIZBETH RAMOS SOSA,BASICO,OFICIAL,URBANA,ABIERTA,MONOLINGUE,SIN JORNADA,SEMIPRESENCIAL (FIN DE SEMANA),GUATEMALA NORTE
00-18-0245-46,01-01-0024,CIUDAD CAPITAL,ZONA 18,INSTITUTO NACIONAL DE EDUCACIÓN DIVERSIFICADA POR MADUREZ,"27 CALLE Y 34 AVENIDA, COLONIA KENNEDY",47644755,CARLOS HUMBERTO GONZALEZ DE LEON,LENY LIZBETH RAMOS SOSA,DIVERSIFICADO,OFICIAL,URBANA,ABIERTA,MONOLINGUE,SIN JORNADA,SEMIPRESENCIAL (FIN DE SEMANA),GUATEMALA NORTE
00-18-0246-46,01-403,CIUDAD CAPITAL,ZONA 18,"INSTITUTO MIXTO NOCTURNO ""EXDUCERE""","12 CALLE 23-60, PARAISO II",22067425,CARLOS HUMBERTO GONZÁLEZ DE LEÓN,THELMA ONDINA VASQUEZ REYEZ,DIVERSIFICADO,PRIVADO,URBANA,CERRADA TEMPORALMENTE,MONOLINGUE,NOCTURNA,DIARIO(REGULAR),GUATEMALA NORTE
00-18-0247-46,01-01-0024,CIUDAD CAPITAL,ZONA 18,"COLEGIO MIXTO ""JUVENTUD ACTIVA""","KILOMETRO 15 RUTA AL ATLÁNTICO, COLONIA SAN PASCUAL II, LOTE 6 Y 12",22554550,CARLOS HUMBERTO GONZALEZ DE LEON,WENCESLAO  TOBAR SALGUERO,DIVERSIFICADO,PRIVADO,URBANA,ABIERTA,MONOLINGUE,SIN JORNADA,SEMIPRESENCIAL (FIN DE SEMANA),GUATEMALA NORTE
00-18-0248-45,01-01-0012,CIUDAD CAPITAL,ZONA 18,LICEO CRISTIANO REAL INTEGRAL,8A. CALLE 60-65 COLONIA PINARES DEL NORTE,56945600,CARLOS HUMBERTO GONZALEZ DE LEON,MIRNA PRISCILA JUÁREZ RODAS,BASICO,PRIVADO,URBANA,ABIERTA,MONOLINGUE,MATUTINA,VIRTUAL A DISTANCIA,GUATEMALA NORTE
00-18-0249-43,01-01-0012,CIUDAD CAPITAL,ZONA 18,LICEO CRISTIANO REAL INTEGRAL,8A. CALLE 60-65 COLONIA PINARES DEL NORTE,56945600,CARLOS HUMBERTO GONZALEZ DE LEON,CLAUDÍA MÓNICA GAITÁN RODRÍGUEZ,PRIMARIA,PRIVADO,URBANA,ABIERTA,MONOLINGUE,MATUTINA,VIRTUAL A DISTANCIA,GUATEMALA NORTE
00-18-0250-42,01-01-0012,CIUDAD CAPITAL,ZONA 18,LICEO CRISTIANO REAL INTEGRAL,8A. CALLE 60-65 COLONIA PINARES DEL NORTE,56945600,CARLOS HUMBERTO GONZALEZ DE LEON,CLAUDÍA MÓNICA GAITÁN RODRÍGUEZ,PARVULOS,PRIVADO,URBANA,ABIERTA,MONOLINGUE,MATUTINA,VIRTUAL A DISTANCIA,GUATEMALA NORTE
00-18-0251-46,01-01-0036,CIUDAD CAPITAL,ZONA 18,COLEGIO BELLO AMANECER 2,"LOTE 101 Y 102 SECCIÓN ""C"" COLONIA LAS ILUSIONES",42169124,CARLOS HUMBERTO GONZALEZ DE LEON,ADA MARLENY GUERRA,DIVERSIFICADO,PRIVADO,URBANA,ABIERTA,MONOLINGUE,MATUTINA,FIN DE SEMANA,GUATEMALA NORTE
00-18-0252-46,01-01-0019,CIUDAD CAPITAL,ZONA 18,INSTITUTO NACIONAL DE EDUCACIÓN DIVERSIFICADA DEL NORTE,1ERA. AVENIDA Y 2DA. CALLE COLONIA VALLE DEL NORTE,30241092,ISRAEL PORTILLO HERNÁNDEZ,MARITZA DEL ROSARIO HERNÁNDEZ GUZMÁN,DIVERSIFICADO,OFICIAL,URBANA,ABIERTA,MONOLINGUE,MATUTINA,DIARIO(REGULAR),GUATEMALA NORTE
00-18-0253-44,01-01-0036,CIUDAD CAPITAL,ZONA 18,COLEGIO BAUTISTA SHALOM,35 AVENIDA 00-39 CARRETERA AL ATLÁNTICO,25053535,CARLOS HUMBERTO GONZALEZ DE LEON,SANDRA YOJANA ESTRADA GARCÍA,PRIMARIA DE ADULTOS,PRIVADO,URBANA,ABIERTA,MONOLINGUE,MATUTINA,FIN DE SEMANA,GUATEMALA NORTE
00-18-0254-45,01-01-0024,CIUDAD CAPITAL,ZONA 18,COLEGIO BAUTISTA SHALOM,"35 AVENIDA 00-39, CARRETERA AL ATLÁNTICO",25053535,CARLOS HUMBERTO GONZALEZ DE LEON,SANDRA YOJANA ESTRADA GARCÍA,BASICO,PRIVADO,URBANA,ABIERTA,MONOLINGUE,DOBLE,FIN DE SEMANA,GUATEMALA NORTE
00-18-0255-45,01-01-0024,CIUDAD CAPITAL,ZONA 18,"COLEGIO MIXTO ""JUVENTUD ACTIVA""","KILOMETRO 15 RUTA AL ATLÁNTICO, COLONIA SAN PASCUAL II, LOTE 6 Y 12",22554550,CARLOS HUMBERTO GONZALEZ DE LEON,WENCESLAO  TOBAR SALGUERO,BASICO,PRIVADO,URBANA,ABIERTA,MONOLINGUE,SIN JORNADA,SEMIPRESENCIAL (FIN DE SEMANA),GUATEMALA NORTE
00-18-0256-46,01-01-0016,CIUDAD CAPITAL,ZONA 18,"LICEO MIXTO EVANGÉLICO ""FUENTE DE ENSEÑANZA""",LOTE 25 Y 40 DE LA SECCIÓN G COLONIA LAS ILUSIONES,30763166,RONI GUSTABO PUAC IBAÑEZ,MARIA LUISA CHACON ALDANA,DIVERSIFICADO,PRIVADO,URBANA,ABIERTA,MONOLINGUE,MATUTINA,DIARIO(REGULAR),GUATEMALA NORTE
00-18-0257-46,01-01-0016,CIUDAD CAPITAL,ZONA 18,COLEGIO BELLO AMANECER  2,"LOTE 101 Y 102 SECCIÓN ""C"" COLONIA LAS ILUSIONES",42169124,RONI GUSTABO PUAC IBAÑEZ,ADA MARLENY GUERRA,DIVERSIFICADO,PRIVADO,URBANA,ABIERTA,MONOLINGUE,MATUTINA,DIARIO(REGULAR),GUATEMALA NORTE
00-18-0258-46,01-01-0011,CIUDAD CAPITAL,ZONA 18,COLEGIO MIXTO EL CASTILLO,"9A. AVENIDA ""A"" 9-20 COLONIA ATLÁNTIDA",22550149,YAMILET VERSALI AGUILAR PEREZ,MIRIAM LISSETTE PINEDA CHINCHILLA,DIVERSIFICADO,PRIVADO,URBANA,ABIERTA,MONOLINGUE,MATUTINA,DIARIO(REGULAR),GUATEMALA NORTE
00-18-0259-46,01-01-0014,CIUDAD CAPITAL,ZONA 18,"COLEGIO ""MUNDO EDUCATIVO DIGITAL""",28 AVENIDA 26-87 COLONIA MAYA,22553637,RONI GUSTABO PUAC IBAÑEZ,VILMA BEATRIZ DE LEÓN ORDOÑEZ,DIVERSIFICADO,PRIVADO,URBANA,ABIERTA,MONOLINGUE,MATUTINA,DIARIO(REGULAR),GUATEMALA NORTE
00-18-0260-46,01-01-0012,CIUDAD CAPITAL,ZONA 18,LICEO CRISTIANO REAL INTEGRAL,8A. CALLE 60-65 COLONIA PINARES DEL NORTE,56945600,CARLOS HUMBERTO GONZALEZ DE LEON,MIRNA PRISCILA JUÁREZ RODAS,DIVERSIFICADO,PRIVADO,URBANA,ABIERTA,MONOLINGUE,MATUTINA,VIRTUAL A DISTANCIA,GUATEMALA NORTE
00-18-0261-46,01-110,CIUDAD CAPITAL,ZONA 18,COLEGIO MUNDO EDUCATIVO DIGITAL,28 AVENIDA 26-87 COLONIA MAYA,22553637,ZUHILEM YESENIA ESTRADA ORTIZ,VILMA BEATRIZ EUGENIA DE LEÓN ORDOÑEZ DE SARCEÑO,DIVERSIFICADO,PRIVADO,URBANA,CERRADA TEMPORALMENTE,MONOLINGUE,VESPERTINA,DIARIO(REGULAR),GUATEMALA NORTE
00-18-0262-46,01-103,CIUDAD CAPITAL,ZONA 18,"CENTRO EDUCATIVO BILINGUE ""SAN FRANCISCO DE ASÍS""","SECTOR 1, LOTE 2, ALDEA CONCEPCIÓN SACOJITO",43934200,YERALDY ETELVINA DIAZ DE LEON DE CASTAÑEDA,CARMEN ROSA MARROQUÍN CHÁVEZ,DIVERSIFICADO,PRIVADO,RURAL,CERRADA DEFINITIVAMENTE,MONOLINGUE,MATUTINA,DIARIO(REGULAR),GUATEMALA NORTE
00-18-0263-45,01-111,CIUDAD CAPITAL,ZONA 18,INSTITUTO OFICIAL DE EDUCACIÓN BÁSICA Y BACHILLERATO POR MADUREZ NUEVA ESPERANZA,KILOMETRO 5.5 FINAL COLONIA ATLÁNTIDA,23702700,ROSA ALBA LOPEZ PIRIR,MARGARITA DEL ROSARIO JUÁREZ MARTÍNEZ,BASICO,OFICIAL,URBANA,CERRADA DEFINITIVAMENTE,MONOLINGUE,SIN JORNADA,SEMIPRESENCIAL (DOS DÍAS A LA SEMANA),GUATEMALA NORTE
00-18-0264-46,01-111,CIUDAD CAPITAL,ZONA 18,INSTITUTO OFICIAL DE EDUCACIÓN BÁSICA Y BACHILLERATO POR MADUREZ NUEVA ESPERANZA,KILOMETRO 5.5 FINAL COLONIA ATLÁNTIDA,23702700,ROSA ALBA LOPEZ PIRIR,MARGARITA DEL ROSARIO JUÁREZ MARTÍNEZ,DIVERSIFICADO,OFICIAL,URBANA,CERRADA DEFINITIVAMENTE,MONOLINGUE,SIN JORNADA,SEMIPRESENCIAL (DOS DÍAS A LA SEMANA),GUATEMALA NORTE
00-18-0265-45,01-01-0011,CIUDAD CAPITAL,ZONA 18,INSTITUTO OFICIAL DE EDUCACIÓN BÁSICA Y BACHILLERATO POR MADUREZ NUEVA ESPERANZA,KILOMETRO 5.5 FINAL COLONIA ATLÁNTIDA,23702700,YAMILET VERSALI AGUILAR PEREZ,MARGARITA DEL ROSARIO JUÁREZ MARTÍNEZ,BASICO,OFICIAL,URBANA,ABIERTA,MONOLINGUE,VESPERTINA,DIARIO(REGULAR),GUATEMALA NORTE
00-18-0266-46,01-01-0011,CIUDAD CAPITAL,ZONA 18,INSTITUTO OFICIAL DE EDUCACIÓN BÁSICA Y BACHILLERATO POR MADUREZ NUEVA ESPERANZA,KILOMETRO 5.5 FINAL COLONIA ATLÁNTIDA,23702700,YAMILET VERSALI AGUILAR PEREZ,MARGARITA DEL ROSARIO JUÁREZ MARTÍNEZ,DIVERSIFICADO,OFICIAL,URBANA,ABIERTA,MONOLINGUE,VESPERTINA,DIARIO(REGULAR),GUATEMALA NORTE
00-18-0267-45,01-01-0015,CIUDAD CAPITAL,ZONA 18,INEB INSTITUTO NACIONAL DE EDUCACIÓN BÁSICA,"CALLE REAL LAS TAPIAS COLONIA LA ESTANCIA VALLE DE JESÚS 2, ZONA 18",56542663,RONI GUSTABO PUAC IBAÑEZ,MARIO DAVID PINEDA PANIAGUA,BASICO,OFICIAL,URBANA,ABIERTA,MONOLINGUE,VESPERTINA,DIARIO(REGULAR),GUATEMALA NORTE
00-18-0268-46,01-106,CIUDAD CAPITAL,ZONA 18,INED  INSTITUTO NACIONAL DE EDUCACIÓN DIVERSIFICADA,"KILÓMETRO 9, ZONA 18 RUTA AL ATLÁNTICO",22616422,CESAR ARNOLDO MARTINEZ GARCIA,,DIVERSIFICADO,OFICIAL,URBANA,TEMPORAL NOMBRAMIENTO,MONOLINGUE,VESPERTINA,DIARIO(REGULAR),GUATEMALA NORTE
00-18-0269-46,01-01-0018,CIUDAD CAPITAL,ZONA 18,INED  INSTITUTO NACIONAL DE EDUCACIÓN DIVERSIFICADA,"27 CALLE Y 34 AVENIDA, ZONA 18 COLONIA KENNEDY",58543592,ISRAEL PORTILLO HERNÁNDEZ,,DIVERSIFICADO,OFICIAL,URBANA,ABIERTA,MONOLINGUE,VESPERTINA,DIARIO(REGULAR),GUATEMALA NORTE
00-18-0270-46,01-01-0019,CIUDAD CAPITAL,ZONA 18,INED  INSTITUTO NACIONAL DE EDUCACIÓN DIVERSIFICADA,1A. AVENIDA Y 2A. CALLE COLONIA VALLE DEL NORTE,30066439,ISRAEL PORTILLO HERNÁNDEZ,,DIVERSIFICADO,OFICIAL,URBANA,ABIERTA,MONOLINGUE,VESPERTINA,DIARIO(REGULAR),GUATEMALA NORTE
00-18-0271-46,01-01-0013,CIUDAD CAPITAL,ZONA 18,LICEO INTEGRAL APLICADO,"KILOMETRO 16.5, RUTA  AL ATLÁNTICO, LOTE 22 MANZANA ""E"" RESIDENCIALES JARDINES DEL ROSARIO",22555090,CESAR ARNOLDO MARTINEZ GARCIA,MILCA MARISELA PÉREZ OROZCO,DIVERSIFICADO,PRIVADO,URBANA,ABIERTA,MONOLINGUE,MATUTINA,DIARIO(REGULAR),GUATEMALA NORTE
00-18-0272-45,01-01-0024,CIUDAD CAPITAL,ZONA 18,COLEGIO BUENA VISTA,"35 AVENIDA ""A"" 23-31 RESIDENCIALES SAN RAFAEL BUENA VISTA",40856089,CARLOS HUMBERTO GONZALEZ DE LEON,SILVIA PATRICIA RAMOS ESTRADA,BASICO,PRIVADO,URBANA,ABIERTA,MONOLINGUE,DOBLE,FIN DE SEMANA,GUATEMALA NORTE
00-18-0273-46,01-01-0024,CIUDAD CAPITAL,ZONA 18,COLEGIO BUENA VISTA,"35 AVENIDA ""A"" 23-31 RESIDENCIALES SAN RAFAEL BUENA VISTA",40856089,CARLOS HUMBERTO GONZALEZ DE LEON,SILVIA PATRICIA RAMOS ESTRADA,DIVERSIFICADO,PRIVADO,URBANA,ABIERTA,MONOLINGUE,SIN JORNADA,SEMIPRESENCIAL (FIN DE SEMANA),GUATEMALA NORTE
00-18-0274-46,01-01-0024,CIUDAD CAPITAL,ZONA 18,COLEGIO BUENA VISTA,"35 AVENIDA ""A"" 23-31 RESIDENCIALES SAN RAFAEL BUENA VISTA",40856089,CARLOS HUMBERTO GONZALEZ DE LEON,SILVIA PATRICIA RAMOS ESTRADA,DIVERSIFICADO,PRIVADO,URBANA,ABIERTA,MONOLINGUE,DOBLE,FIN DE SEMANA,GUATEMALA NORTE
00-18-0275-42,,CIUDAD CAPITAL,ZONA 18,COLEGIO MIXTO BILINGÜE LAURENT ADAMIS,"KM. 16.5 RUTA AL ATLÁNTICO, RESIDENCIALES EL ROSARIO, LOTE 17, MANZANA B",40340641,,LUIS ARMANDO ROQUE,PARVULOS,PRIVADO,URBANA,ABIERTA,MONOLINGUE,MATUTINA,DIARIO(REGULAR),GUATEMALA NORTE
00-18-0276-43,,CIUDAD CAPITAL,ZONA 18,COLEGIO MIXTO BILINGÜE LAURENT ADAMIS,"KM. 16.5 RUTA AL ATLÁNTICO, RESIDENCIALES EL ROSARIO, LOTE 17, MANZANA B",40340641,,LUIS ARMANDO ROQUE,PRIMARIA,PRIVADO,URBANA,ABIERTA,MONOLINGUE,MATUTINA,DIARIO(REGULAR),GUATEMALA NORTE
00-18-0730-43,,CIUDAD CAPITAL,ZONA 18,EOUM NO.65 'DOMINGO JUARROS',"COLONIA 'SAN RAFAEL III', LAS COLINAS ZONA 18, GUATEMALA",,,,PRIMARIA,OFICIAL,URBANA,CERRADA DEFINITIVAMENTE,MONOLINGUE,VESPERTINA,DIARIO(REGULAR),GUATEMALA NORTE
00-18-1003-42,01-01-0021,CIUDAD CAPITAL,ZONA 18,EODP NO.75,"25 AVENIDA FINAL, COLONIA ALAMEDA III",55332348,ISRAEL PORTILLO HERNÁNDEZ,REYNA DOMITILA GONZÁLEZ QUIÑÓNEZ,PARVULOS,OFICIAL,URBANA,ABIERTA,MONOLINGUE,MATUTINA,DIARIO(REGULAR),GUATEMALA NORTE
00-18-1004-42,01-01-0009,CIUDAD CAPITAL,ZONA 18,"ESCUELA OFICIAL DE PARVULOS NO. 53 ""JUANA DE ARCO""",LOTE 10 MANZANA 29 COLONIA JUANA DE ARCO,54934351,YAMILET VERSALI AGUILAR PEREZ,CARMEN LUCRECIA SOTO BONILLA,PARVULOS,OFICIAL,URBANA,ABIERTA,MONOLINGUE,MATUTINA,DIARIO(REGULAR),GUATEMALA NORTE
00-18-1005-42,01-01-0011,CIUDAD CAPITAL,ZONA 18,EODP NO.48,"5A.AVENIDA 13-41, COLONIA ATLANTIDA",22556243,YAMILET VERSALI AGUILAR PEREZ,SILVIA ELIZABETH PALMA GONZÁLES,PARVULOS,OFICIAL,URBANA,ABIERTA,MONOLINGUE,MATUTINA,DIARIO(REGULAR),GUATEMALA NORTE
00-18-1006-42,,CIUDAD CAPITAL,ZONA 18,EPDP 'LIRIO DE LOS VALLES',3A AVE. 7-48 COLONIA KENNEDY ZONA 18,,,,PARVULOS,PRIVADO,URBANA,CERRADA TEMPORALMENTE,MONOLINGUE,MATUTINA,DIARIO(REGULAR),GUATEMALA NORTE
00-18-1007-42,01-111,CIUDAD CAPITAL,ZONA 18,EPDP 'RAYITO DE LUZ',14 CALLE 24-03 COLONIA ALAMEDA III,22421368,ROSA ALBA LOPEZ PIRIR,,PARVULOS,PRIVADO,URBANA,CERRADA TEMPORALMENTE,MONOLINGUE,MATUTINA,DIARIO(REGULAR),GUATEMALA NORTE
00-18-1008-42,01-104,CIUDAD CAPITAL,ZONA 18,'LICEO FUENTE DE VIDA',MANZANA 7 'A' LOTE 977 COLONIA MAYA,,ISRAEL PORTILLO HERNANDEZ,,PARVULOS,PRIVADO,URBANA,CERRADA DEFINITIVAMENTE,MONOLINGUE,MATUTINA,DIARIO(REGULAR),GUATEMALA NORTE
00-18-1009-42,01-01-0016,CIUDAD CAPITAL,ZONA 18,"LICEO MIXTO EVANGÉLICO ""FUENTE DE ENSEÑANZA""",LOTE 25 Y 40 DE LA SECCIÓN G COLONIA LAS ILUSIONES,59452532,RONI GUSTABO PUAC IBAÑEZ,ASTRID SELESTE GUERRA CHACON,PARVULOS,PRIVADO,URBANA,ABIERTA,MONOLINGUE,MATUTINA,DIARIO(REGULAR),GUATEMALA NORTE
00-18-1011-42,01-111,CIUDAD CAPITAL,ZONA 18,EPDP ANEXA A COLEGIO BILINGUE 'GUATEMAYA',2A CALLE LOTE 728 COLONIA KENNEDY ZONA 18,22422212,ROSA ALBA LOPEZ PIRIR,,PARVULOS,PRIVADO,URBANA,CERRADA DEFINITIVAMENTE,MONOLINGUE,MATUTINA,DIARIO(REGULAR),GUATEMALA NORTE
00-18-1012-42,01-110,CIUDAD CAPITAL,ZONA 18,EPDP ANEXA A 'CENTRO EDUCATIVO INTEGRAL GIRON ALFARO (C.E.I.G.A.)',9A CALLE 7-17 COLONIA ATLANTIDA,22560784,ZUHILEM YESENIA ESTRADA ORTIZ,,PARVULOS,PRIVADO,URBANA,CERRADA TEMPORALMENTE,MONOLINGUE,MATUTINA,DIARIO(REGULAR),GUATEMALA NORTE
00-18-1013-42,,CIUDAD CAPITAL,ZONA 18,EPDP ANEXA A COLEGIO MIXTO INFANTIL 'MUNDO DE AMOR',7A CALLE 9-40 COLONIA ATLANTIDA ZONA 18,,,,PARVULOS,PRIVADO,URBANA,CERRADA DEFINITIVAMENTE,MONOLINGUE,MATUTINA,DIARIO(REGULAR),GUATEMALA NORTE
00-18-1014-42,01-105,CIUDAD CAPITAL,ZONA 18,EPDP ANEXA A 'CENTRO DE ESTUDIOS PRIMARIOS DR. ALFONSO PONCE ARCHILA',27 AVE. 5-20 COLONIA LAVARREDA,22584553,YAMILET VERSALÍ AGUÍLAR PÉREZ,,PARVULOS,PRIVADO,URBANA,CERRADA TEMPORALMENTE,MONOLINGUE,MATUTINA,DIARIO(REGULAR),GUATEMALA NORTE
00-18-1015-42,01-110,CIUDAD CAPITAL,ZONA 18,COLEGIO MIXTO EVANGELICO MARANATHA,4A AVE. 8-31 RESIDENCIALES ATLANTIDA,22596797,ZUHILEM YESENIA ESTRADA ORTIZ,ILIA LUSITANA ARRIOLA REYNA,PARVULOS,PRIVADO,URBANA,CERRADA TEMPORALMENTE,MONOLINGUE,MATUTINA,DIARIO(REGULAR),GUATEMALA NORTE
00-18-1016-42,01-111,CIUDAD CAPITAL,ZONA 18,ANEXA A COLEGIO 'ANTORCHA DE LUZ',3A AVE. 7-40 COLONIA KENNEDY,22574492,ROSA ALBA LOPEZ PIRIR,SILVIA SOREL PÉREZ GÁLVEZ,PARVULOS,PRIVADO,URBANA,CERRADA DEFINITIVAMENTE,MONOLINGUE,MATUTINA,DIARIO(REGULAR),GUATEMALA NORTE
00-18-1017-42,01-01-0011,CIUDAD CAPITAL,ZONA 18,CENTRO EDUCATIVO FE Y ALEGRIA NO.4,23 AVE. 13-14 COLONIA EL LIMON,51393998,YAMILET VERSALI AGUILAR PEREZ,NANCY PAOLA HERNÁNDEZ PALACIOS,PARVULOS,PRIVADO,URBANA,ABIERTA,MONOLINGUE,MATUTINA,DIARIO(REGULAR),GUATEMALA NORTE
00-18-1018-42,01-110,CIUDAD CAPITAL,ZONA 18,EPDP ANEXA A LICEO MIXTO 'IXMUCANE',9A CALLE 8-47 COLONIA ATLANTIDA,22582082,ZUHILEM YESENIA ESTRADA ORTIZ,,PARVULOS,PRIVADO,URBANA,CERRADA TEMPORALMENTE,MONOLINGUE,MATUTINA,DIARIO(REGULAR),GUATEMALA NORTE
00-18-1020-42,01-01-0020,CIUDAD CAPITAL,ZONA 18,CENTRO EDUCACIONAL MAYAB,12 CALLE 23-60 COLONIA EL PARAISO II,22270171,ISRAEL PORTILLO HERNÁNDEZ,ANIBAL FRANCISCO PEREZ PEREZ,PARVULOS,PRIVADO,URBANA,ABIERTA,MONOLINGUE,MATUTINA,DIARIO(REGULAR),GUATEMALA NORTE
00-18-1021-42,,CIUDAD CAPITAL,ZONA 18,EPDP ANEXA A 'MI PRIMER COLEGIO',5A AVE. 9-13 COLONIA ATLANTIDA ZONA 18,,,,PARVULOS,PRIVADO,URBANA,CERRADA DEFINITIVAMENTE,MONOLINGUE,MATUTINA,DIARIO(REGULAR),GUATEMALA NORTE
00-18-1022-42,01-01-0018,CIUDAD CAPITAL,ZONA 18,EPDP ANEXA A COLEGIO 'SANTA CATALINA DE SIENA',14 CALLE 'A' 9-22 COLONIA SAN RAFAEL III LA LAGUNA,42520413,ISRAEL PORTILLO HERNÁNDEZ,MARIA ELENA HERNANDEZ XITAMUL,PARVULOS,PRIVADO,URBANA,ABIERTA,MONOLINGUE,MATUTINA,DIARIO(REGULAR),GUATEMALA NORTE
00-18-1023-42,01-104,CIUDAD CAPITAL,ZONA 18,INSTITUTO MIXTO 'EL PARAISO',12 CALLE 23-92 COLONIA EL PARAISO II,22420968,ISRAEL PORTILLO HERNANDEZ,,PARVULOS,PRIVADO,URBANA,CERRADA TEMPORALMENTE,MONOLINGUE,MATUTINA,DIARIO(REGULAR),GUATEMALA NORTE
00-18-1024-42,01-01-0018,CIUDAD CAPITAL,ZONA 18,EPDP ANEXA A COLEGIO BILINGUE 'EL BOSQUECITO',9A. CALLE 8-6 SAN RAFAEL I,22574016,ISRAEL PORTILLO HERNÁNDEZ,MARÍA ANTONIA ILLESCAS GÁLVEZ,PARVULOS,PRIVADO,URBANA,ABIERTA,MONOLINGUE,MATUTINA,DIARIO(REGULAR),GUATEMALA NORTE
00-18-1025-42,,CIUDAD CAPITAL,ZONA 18,EPDP ANEXA A COLEGIO EVANGELICO 'HOGAR DE FE',20 AVE. FINAL 20-00 COLONIA EL PARAISO I ZONA 18,,,,PARVULOS,PRIVADO,URBANA,CERRADA DEFINITIVAMENTE,MONOLINGUE,MATUTINA,DIARIO(REGULAR),GUATEMALA NORTE
00-18-1026-42,01-104,CIUDAD CAPITAL,ZONA 18,EPDP ANEXA A COLEGIO 'PAN DE VIDA',9A CALLE 31-70 COLONIA EL PARAISO II,22574141,ISRAEL PORTILLO HERNANDEZ,,PARVULOS,PRIVADO,URBANA,CERRADA DEFINITIVAMENTE,MONOLINGUE,MATUTINA,DIARIO(REGULAR),GUATEMALA NORTE
00-18-1027-42,01-111,CIUDAD CAPITAL,ZONA 18,EPDP ANEXA A COLEGIO BILINGUE 'EL BOSQUECITO',9A CALLE 8-6 COLONIA SAN RAFAEL LA LAGUNA I,22574016,ROSA ALBA LOPEZ PIRIR,EDWIN RODOLFO RÍMOLA AGUIRRE,PARVULOS,PRIVADO,URBANA,CERRADA TEMPORALMENTE,MONOLINGUE,VESPERTINA,DIARIO(REGULAR),GUATEMALA NORTE
00-18-1028-42,01-01-0011,CIUDAD CAPITAL,ZONA 18,CENTRO EDUCATIVO FE Y ALEGRIA NO.4,23 AVE. 13-14 COLONIA EL LIMON,51393998,YAMILET VERSALI AGUILAR PEREZ,NANCY PAOLA HERNÁNDEZ PALACIOS,PARVULOS,PRIVADO,URBANA,ABIERTA,MONOLINGUE,VESPERTINA,DIARIO(REGULAR),GUATEMALA NORTE
00-18-1029-43,01-01-0009,CIUDAD CAPITAL,ZONA 18,EOUM NO.155,14 AVENIDA. Y 5A CALLE COLONIA LAVARREDA,47295793,YAMILET VERSALI AGUILAR PEREZ,ANA LUCRECIA MONROY MAZUL,PRIMARIA,OFICIAL,URBANA,ABIERTA,MONOLINGUE,MATUTINA,DIARIO(REGULAR),GUATEMALA NORTE
00-18-1030-43,01-01-0011,CIUDAD CAPITAL,ZONA 18,"EOUM NO. 96 ""FELISA SOTO MONTENEGRO""",14 CALLE 4-68 COLONIA ATLANTIDA,22555845,YAMILET VERSALI AGUILAR PEREZ,JUSTINA SANDRA IGLESIAS RAMOS,PRIMARIA,OFICIAL,URBANA,ABIERTA,MONOLINGUE,MATUTINA,DIARIO(REGULAR),GUATEMALA NORTE
00-18-1031-43,01-01-0020,CIUDAD CAPITAL,ZONA 18,EOUM NO.439 'ALAMEDA III',25AV. Y 12 CALLE COLONIA PARAISO I,53066286,ISRAEL PORTILLO HERNÁNDEZ,FLORIDALMA  HERNÁNDEZ MARTÍNEZ,PRIMARIA,OFICIAL,URBANA,ABIERTA,MONOLINGUE,MATUTINA,DIARIO(REGULAR),GUATEMALA NORTE
00-18-1032-43,01-01-0011,CIUDAD CAPITAL,ZONA 18,EOUM NO.118  FELISA SOTO MONTENEGRO,14 CALLE 4-68 COLONIA ATLANTIDA,22563818,YAMILET VERSALI AGUILAR PEREZ,LORNA MARLENY SIMEÓN CALDERÓN,PRIMARIA,OFICIAL,URBANA,ABIERTA,MONOLINGUE,VESPERTINA,DIARIO(REGULAR),GUATEMALA NORTE
00-18-1033-43,01-01-0018,CIUDAD CAPITAL,ZONA 18,CPMI 'SANTA CATALINA DE SIENA',14 CALLE 'A' 9-22 COLONIA SAN RAFAEL LA LAGUNA III,42520413,ISRAEL PORTILLO HERNÁNDEZ,MARIA ELENA HERNANDEZ XITAMUL,PRIMARIA,PRIVADO,URBANA,ABIERTA,MONOLINGUE,MATUTINA,DIARIO(REGULAR),GUATEMALA NORTE
00-18-1034-43,01-110,CIUDAD CAPITAL,ZONA 18,'CENTRO EDUCATIVO INTEGRAL GIRON ALFARO (C.E.I.G.A.)',9A CALLE 7-17 COLONIA ATLANTIDA,22560784,ZUHILEM YESENIA ESTRADA ORTIZ,,PRIMARIA,PRIVADO,URBANA,CERRADA TEMPORALMENTE,MONOLINGUE,MATUTINA,DIARIO(REGULAR),GUATEMALA NORTE
00-18-1035-43,01-104,CIUDAD CAPITAL,ZONA 18,CPMI INFANTIL 'MUNDO DE AMOR',8A. CALLE 10-78 COLONIA ATLANTIDA,22555780,ISRAEL PORTILLO HERNANDEZ,,PRIMARIA,PRIVADO,URBANA,CERRADA DEFINITIVAMENTE,MONOLINGUE,MATUTINA,DIARIO(REGULAR),GUATEMALA NORTE
00-18-1036-43,01-110,CIUDAD CAPITAL,ZONA 18,LICEO 'IXMUCANE',9A CALLE 8-47 COLONIA ATLANTIDA,22582082,ZUHILEM YESENIA ESTRADA ORTIZ,,PRIMARIA,PRIVADO,URBANA,CERRADA TEMPORALMENTE,MONOLINGUE,MATUTINA,DIARIO(REGULAR),GUATEMALA NORTE
00-18-1037-43,01-01-0020,CIUDAD CAPITAL,ZONA 18,'CENTRO EDUCACIONAL MAYAB',12 CALLE 23-60 COLONIA EL PARAISO II,22570171,ISRAEL PORTILLO HERNÁNDEZ,ANIBAL FRANCISCO PEREZ PEREZ,PRIMARIA,PRIVADO,URBANA,ABIERTA,MONOLINGUE,MATUTINA,DIARIO(REGULAR),GUATEMALA NORTE
00-18-1038-43,01-01-0011,CIUDAD CAPITAL,ZONA 18,CENTRO EDUCATIVO FE Y ALEGRIA NO.4,23 AVE. 13-14 COLONIA EL LIMON,51393998,YAMILET VERSALI AGUILAR PEREZ,MARTA REGINA YACÓN SALVADOR,PRIMARIA,PRIVADO,URBANA,ABIERTA,MONOLINGUE,MATUTINA,DIARIO(REGULAR),GUATEMALA NORTE
00-18-1039-43,01-110,CIUDAD CAPITAL,ZONA 18,CPMI COLEGIO PARTICULAR MIXTO EVANGELICO MARANATHA,4A AVE. 8-31 RESIDENCIALES ATLANTIDA,22596797,ZUHILEM YESENIA ESTRADA ORTIZ,ILIA LUSITANA ARRIOLA REYNA,PRIMARIA,PRIVADO,URBANA,CERRADA TEMPORALMENTE,MONOLINGUE,MATUTINA,DIARIO(REGULAR),GUATEMALA NORTE
00-18-1041-43,,CIUDAD CAPITAL,ZONA 18,'CENTRO PEDAGOGICO AMERICANO',9A CALLE 9-67 COLONIA ATLANTIDA ZONA 18,,,,PRIMARIA,PRIVADO,URBANA,CERRADA DEFINITIVAMENTE,MONOLINGUE,MATUTINA,DIARIO(REGULAR),GUATEMALA NORTE
00-18-1042-43,01-01-0018,CIUDAD CAPITAL,ZONA 18,CPMI BILINGUE 'EL BOSQUECITO',9A CALLE 8-6 COLONIA SAN RAFAEL LA LAGUNA I,22574016,ISRAEL PORTILLO HERNÁNDEZ,MARÍA ANTONIA ILLESCAS GÁLVEZ,PRIMARIA,PRIVADO,URBANA,ABIERTA,MONOLINGUE,MATUTINA,DIARIO(REGULAR),GUATEMALA NORTE
00-18-1043-43,01-105,CIUDAD CAPITAL,ZONA 18,'CENTRO DE ESTUDIOS PRIMARIOS DR. ALFONSO PONCE ARCHILA',27 AVE. 5-20 COLONIA LAVARREDA,22584553,YAMILET VERSALÍ AGUÍLAR PÉREZ,,PRIMARIA,PRIVADO,URBANA,CERRADA TEMPORALMENTE,MONOLINGUE,MATUTINA,DIARIO(REGULAR),GUATEMALA NORTE
00-18-1044-43,01-110,CIUDAD CAPITAL,ZONA 18,COLEGIO EVANGELICO HOGAR DE FE,20 AVE. FINAL 20-00 COLONIA EL PARAISO I,22602609,ZUHILEM YESENIA ESTRADA ORTIZ,ZUHILEM YESENIA ESTRADA ORTÍZ,PRIMARIA,PRIVADO,URBANA,CERRADA TEMPORALMENTE,MONOLINGUE,MATUTINA,DIARIO(REGULAR),GUATEMALA NORTE
00-18-1045-43,01-104,CIUDAD CAPITAL,ZONA 18,COLEGIO MIXTO BILINGUE EL PARAISO,12 CALLE 23-92 COLONIA PARAISO II,22420968,ISRAEL PORTILLO HERNANDEZ,,PRIMARIA,PRIVADO,URBANA,CERRADA TEMPORALMENTE,MONOLINGUE,MATUTINA,DIARIO(REGULAR),GUATEMALA NORTE
00-18-1046-42,01-104,CIUDAD CAPITAL,ZONA 18,COLEGIO MIXTO INFANTIL 'MUNDO DE AMOR',7A CALLE 9-40 COLONIA ATLANTIDA,22555780,ISRAEL PORTILLO HERNANDEZ,--,PARVULOS,PRIVADO,URBANA,CERRADA DEFINITIVAMENTE,MONOLINGUE,MATUTINA,DIARIO(REGULAR),GUATEMALA NORTE
00-18-1046-43,,CIUDAD CAPITAL,ZONA 18,CPMI 'MI PRIMER COLEGIO',5A AVE. 9-13 COLONIA ATLANTIDA ZONA 18,,,,PRIMARIA,PRIVADO,URBANA,CERRADA TEMPORALMENTE,MONOLINGUE,MATUTINA,DIARIO(REGULAR),GUATEMALA NORTE
00-18-1047-43,01-104,CIUDAD CAPITAL,ZONA 18,CPMI 'PAN DE VIDA',9A CALLE 30-70 COLONIA EL PARAISO II,57786153,ISRAEL PORTILLO HERNANDEZ,,PRIMARIA,PRIVADO,URBANA,CERRADA DEFINITIVAMENTE,MONOLINGUE,MATUTINA,DIARIO(REGULAR),GUATEMALA NORTE
00-18-1048-43,01-01-0014,CIUDAD CAPITAL,ZONA 18,"COLEGIO EVANGELICO MIXTO EJERCITO DE SALVACION ""MAYA""","LOTE 262, MANZANA 2 COLONIA MAYA",22601519,RONI GUSTABO PUAC IBAÑEZ,EVELYN  MARTÍNEZ URÍZAR,PRIMARIA,PRIVADO,URBANA,ABIERTA,MONOLINGUE,MATUTINA,DIARIO(REGULAR),GUATEMALA NORTE
00-18-1049-43,01-01-0011,CIUDAD CAPITAL,ZONA 18,CENTRO EDUCATIVO FE Y ALEGRIA NO.4,23 AVE.13-14 COLONIA EL LIMON,51393998,YAMILET VERSALI AGUILAR PEREZ,MARTA REGINA YACÓN SALVADOR,PRIMARIA,PRIVADO,URBANA,ABIERTA,MONOLINGUE,VESPERTINA,DIARIO(REGULAR),GUATEMALA NORTE
00-18-1050-43,01-111,CIUDAD CAPITAL,ZONA 18,COLEGIO BILINGUE 'EL BOSQUECITO',9A CALLE 8-6 COLONIA SAN RAFAEL LA LAGUNA I,22574016,ROSA ALBA LOPEZ PIRIR,EDWIN RODOLFO RÍMOLA AGUIRRE,PRIMARIA,PRIVADO,URBANA,CERRADA TEMPORALMENTE,MONOLINGUE,VESPERTINA,DIARIO(REGULAR),GUATEMALA NORTE
00-18-1051-44,01-01-0036,CIUDAD CAPITAL,ZONA 18,EOPA NO.39,"12 AVENIDA 9-00, COLONIA MAYA",54585802,CARLOS HUMBERTO GONZALEZ DE LEON,CLAUDIA MARIBEL LIQUE MARROQUIN,PRIMARIA DE ADULTOS,OFICIAL,URBANA,ABIERTA,MONOLINGUE,NOCTURNA,DIARIO(REGULAR),GUATEMALA NORTE
00-18-1052-44,01-01-0024,CIUDAD CAPITAL,ZONA 18,EOPA NO.42  SAN RAFAEL LA LAGUNA I,25 AVENIDA 12-10 COLONIA EL PARAISO I,54669170,CARLOS HUMBERTO GONZALEZ DE LEON,JULIÁN  MATZAR XILOJ,PRIMARIA DE ADULTOS,OFICIAL,URBANA,ABIERTA,MONOLINGUE,NOCTURNA,DIARIO(REGULAR),GUATEMALA NORTE
00-18-1053-44,01-403,CIUDAD CAPITAL,ZONA 18,EOPA NO.9 FLORENCIO GALVEZ,"LOTE 1 MANZANA 5 COLONIA JUANA DE ARCO ZONA 18, GUATEMALA",,CARLOS HUMBERTO GONZÁLEZ DE LEÓN,,PRIMARIA DE ADULTOS,OFICIAL,URBANA,CERRADA TEMPORALMENTE,MONOLINGUE,NOCTURNA,DIARIO(REGULAR),GUATEMALA NORTE
00-18-1054-44,,CIUDAD CAPITAL,ZONA 18,EOPA NO.44 'LAVARREDA',"9A CALLE Y 14 AVE. COLONIA LAVARREDA ZONA 18, GUATEMALA",,,,PRIMARIA DE ADULTOS,OFICIAL,URBANA,CERRADA DEFINITIVAMENTE,MONOLINGUE,NOCTURNA,DIARIO(REGULAR),GUATEMALA NORTE
00-18-1055-45,01-01-0014,CIUDAD CAPITAL,ZONA 18,INSTITUTO NACIONAL DE EDUCACIÓN BÁSICA,"LOTE 1, MANZANA 9 ""A"" COLONIA MAYA",22600274,RONI GUSTABO PUAC IBAÑEZ,JOSÉ AROLDO CHAY AGUILAR,BASICO,OFICIAL,URBANA,ABIERTA,MONOLINGUE,MATUTINA,DIARIO(REGULAR),GUATEMALA NORTE
00-18-1056-45,01-01-0014,CIUDAD CAPITAL,ZONA 18,INEB,COLONIA MAYA,22600273,RONI GUSTABO PUAC IBAÑEZ,ALBA PATRICIA ARGUETA HIGUEROS,BASICO,OFICIAL,URBANA,ABIERTA,MONOLINGUE,VESPERTINA,DIARIO(REGULAR),GUATEMALA NORTE
00-18-1057-45,01-01-0020,CIUDAD CAPITAL,ZONA 18,INEB SAN RAFAEL LA LAGUNA,9A CALLE 26-60 COLONIA EL PARAISO II,22427893,ISRAEL PORTILLO HERNÁNDEZ,ESTHER  MARTÍNEZ CASTILLO,BASICO,OFICIAL,URBANA,ABIERTA,MONOLINGUE,VESPERTINA,DIARIO(REGULAR),GUATEMALA NORTE
00-18-1058-45,01-01-0011,CIUDAD CAPITAL,ZONA 18,IEEB FE Y ALEGRIA  NO.5,"KM. 7.5 CARRETERA A SAN PEDRO AYAMPUC, COLONIA EL LIMON",22602418,YAMILET VERSALI AGUILAR PEREZ,NOÉ ABIMAEL SIAN ORDOÑEZ,BASICO,PRIVADO,URBANA,ABIERTA,MONOLINGUE,MATUTINA,DIARIO(REGULAR),GUATEMALA NORTE
00-18-1059-45,01-110,CIUDAD CAPITAL,ZONA 18,COLEGIO EVANGELICO  HOGAR DE FE,20 AVE. FINAL 20-00 COLONIA EL PARAISO I,22602609,ZUHILEM YESENIA ESTRADA ORTIZ,ZUHILEM YESENIA ESTRADA ORTÍZ,BASICO,PRIVADO,URBANA,CERRADA TEMPORALMENTE,MONOLINGUE,VESPERTINA,DIARIO(REGULAR),GUATEMALA NORTE
00-18-1060-45,01-110,CIUDAD CAPITAL,ZONA 18,'CENTRO EDUCATIVO INTEGRAL GIRON ALFARO' (C.E.I.G.A),9A CALLE 7-17 COLONIA ATLANTIDA,22560784,ZUHILEM YESENIA ESTRADA ORTIZ,,BASICO,PRIVADO,URBANA,CERRADA TEMPORALMENTE,MONOLINGUE,MATUTINA,DIARIO(REGULAR),GUATEMALA NORTE
00-18-1061-45,,CIUDAD CAPITAL,ZONA 18,LICEO 'IXMUCANE',9A CALLE 8-53 COLONIA ATLANTIDA ZONA 18,,,,BASICO,PRIVADO,URBANA,CERRADA TEMPORALMENTE,MONOLINGUE,MATUTINA,DIARIO(REGULAR),GUATEMALA NORTE
00-18-1062-45,,CIUDAD CAPITAL,ZONA 18,'CENTRO PEDAGOGICO AMERICANO',9A CALLE 9-67 COLONIA ATLANTIDA ZONA 18,,,,BASICO,PRIVADO,URBANA,CERRADA TEMPORALMENTE,MONOLINGUE,VESPERTINA,DIARIO(REGULAR),GUATEMALA NORTE
00-18-1063-45,01-104,CIUDAD CAPITAL,ZONA 18,IPMB 'EL PARAISO',12 CALLE 23-92 COLONIA PARAISO II,22420968,ISRAEL PORTILLO HERNANDEZ,,BASICO,PRIVADO,URBANA,CERRADA TEMPORALMENTE,MONOLINGUE,VESPERTINA,DIARIO(REGULAR),GUATEMALA NORTE
00-18-1064-45,01-01-0020,CIUDAD CAPITAL,ZONA 18,'CENTRO EDUCACIONAL MAYAB',12 CALLE 23-6O COLONIA EL PARAISO II,22570171,ISRAEL PORTILLO HERNÁNDEZ,ENNIO OSVALDO PÉREZ PÉREZ,BASICO,PRIVADO,URBANA,ABIERTA,MONOLINGUE,VESPERTINA,DIARIO(REGULAR),GUATEMALA NORTE
00-18-1065-45,01-110,CIUDAD CAPITAL,ZONA 18,IPMB EVANGELICO  MARANATHA,4A AVE. 8-31 COLONIA ATLANTIDA,22596797,ZUHILEM YESENIA ESTRADA ORTIZ,DINA MARISEL FIGUEROA ALONZO,BASICO,PRIVADO,URBANA,CERRADA TEMPORALMENTE,MONOLINGUE,MATUTINA,DIARIO(REGULAR),GUATEMALA NORTE
00-18-1066-45,,CIUDAD CAPITAL,ZONA 18,'CENTRO EDUCATIVO INTEGRAL GIRON ALFARO' (C.E.I.G.A),9A CALLE 7-17 COLONIA ATLANTIDA ZONA 18,,,,BASICO,PRIVADO,URBANA,CERRADA TEMPORALMENTE,MONOLINGUE,NOCTURNA,DIARIO(REGULAR),GUATEMALA NORTE
00-18-1067-45,01-110,CIUDAD CAPITAL,ZONA 18,IPMB 'INDIRA GANDHI',9A AVE. 5-33 COLONIA ATLANTIDA,,ZUHILEM YESENIA ESTRADA ORTIZ,,BASICO,PRIVADO,URBANA,CERRADA TEMPORALMENTE,MONOLINGUE,MATUTINA,DIARIO(REGULAR),GUATEMALA NORTE
00-18-1067-46,01-110,CIUDAD CAPITAL,ZONA 18,INSTITUTO PRIVADO MIXTO DE EDUCACION DIVERSIFICADA COLEGIO  INDIRA GANDHI,9A AVE. 5-33 COLONIA ATLANTIDA,,ZUHILEM YESENIA ESTRADA ORTIZ,MILDRED YADIRA HERNANDEZ LAZA LUX,DIVERSIFICADO,PRIVADO,URBANA,CERRADA TEMPORALMENTE,MONOLINGUE,MATUTINA,DIARIO(REGULAR),GUATEMALA NORTE
00-18-1068-45,01-01-0009,CIUDAD CAPITAL,ZONA 18,IPMB JOSEFINA ANTILLON MILLA,LOTE 11 MANZANA 5 COLONIA JUANA DE ARCO,41409949,YAMILET VERSALI AGUILAR PEREZ,JAIME LYONEL ERICASTILLA HERNÁNDEZ,BASICO,PRIVADO,URBANA,ABIERTA,MONOLINGUE,VESPERTINA,DIARIO(REGULAR),GUATEMALA NORTE
00-18-1068-46,01-104,CIUDAD CAPITAL,ZONA 18,INSTITUTO PRIVADO MIXTO DE EDUCACION DIVERSIFICADA JOSEFINA ANTILLON MILLA,"LOTE I, MANZANA 9 A , COLONIA MAYA ZONA 18",,ISRAEL PORTILLO HERNANDEZ,----,DIVERSIFICADO,PRIVADO,URBANA,CERRADA DEFINITIVAMENTE,MONOLINGUE,NOCTURNA,DIARIO(REGULAR),GUATEMALA NORTE
00-18-1069-45,01-407,CIUDAD CAPITAL,ZONA 18,CENTRO EDUCATIVO INTEGRAL 'GIRON ALFARO' (C.E.I.G.A),9A CALLE 7-17 COLONIA ATLANTIDA,,LILIAN YOLANDA RODRIGUEZ PINTO DE CASTRO,,BASICO,PRIVADO,URBANA,CERRADA TEMPORALMENTE,MONOLINGUE,NOCTURNA,DIARIO(REGULAR),GUATEMALA NORTE
00-18-1069-46,,CIUDAD CAPITAL,ZONA 18,INSTITUTO PRIVADO MIXTO DE EDUCACION DIVERSIFICADA 'CENTRO EDUCATIVO INTEGRAL GIRON ALFARO' (C.E.I.G.A.),9A CALLE 7-17 COLONIA ATLANTIDA ZONA 18,,,,DIVERSIFICADO,PRIVADO,URBANA,CERRADA DEFINITIVAMENTE,MONOLINGUE,NOCTURNA,DIARIO(REGULAR),GUATEMALA NORTE
00-18-1070-45,01-407,CIUDAD CAPITAL,ZONA 18,IPMB 'EXDUCERE',13 AVE. 13-00 COLONIA SAN RAFAEL,22570171,LILIAN YOLANDA RODRIGUEZ PINTO DE CASTRO,,BASICO,PRIVADO,URBANA,CERRADA DEFINITIVAMENTE,MONOLINGUE,NOCTURNA,DIARIO(REGULAR),GUATEMALA NORTE
00-18-1070-46,01-407,CIUDAD CAPITAL,ZONA 18,INSTITUTO PRIVADO MIXTO 'EXDUCERE',13 AVE. 13-00 SAN RAFAEL II,22570171,LILIAN YOLANDA RODRIGUEZ PINTO DE CASTRO,,DIVERSIFICADO,PRIVADO,URBANA,CERRADA DEFINITIVAMENTE,MONOLINGUE,INTERMEDIA,DIARIO(REGULAR),GUATEMALA NORTE
00-18-1071-45,,CIUDAD CAPITAL,ZONA 18,IPMB 'ALVARO CONTRERAS VELEZ',DIAGONAL 27 FINAL COLONIA SAN RAFAEL I ZONA 18,,,,BASICO,PRIVADO,URBANA,CERRADA TEMPORALMENTE,MONOLINGUE,NOCTURNA,DIARIO(REGULAR),GUATEMALA NORTE
00-18-1071-46,,CIUDAD CAPITAL,ZONA 18,INSTITUTO PRIVADO MIXTO DE EDUCACION DIVERSIFICADA 'ALVARO CONTRERAS VELEZ',DIAGONAL 27 FINAL COLONIA SAN RAFAEL I ZONA 18,,,,DIVERSIFICADO,PRIVADO,URBANA,CERRADA DEFINITIVAMENTE,MONOLINGUE,NOCTURNA,DIARIO(REGULAR),GUATEMALA NORTE
00-18-1132-42,01-01-0018,CIUDAD CAPITAL,ZONA 18,EODP ANEXA A EOUM NO.116,"DIAGONAL 27, COLONIA SAN RAFAEL LA LAGUNA I",51004475,ISRAEL PORTILLO HERNÁNDEZ,ALBERTO FELIPE YAX,PARVULOS,OFICIAL,URBANA,ABIERTA,MONOLINGUE,MATUTINA,DIARIO(REGULAR),GUATEMALA NORTE
00-18-1134-42,01-01-0014,CIUDAD CAPITAL,ZONA 18,"EODP ANEXA A EOUM NO. 76 ""FRAY IGNACIO BARNOYA""","12 AVENIDA 9-00, COLONIA MAYA",59323473,RONI GUSTABO PUAC IBAÑEZ,EVELIN GABRIELA CARDONA GARRIDO,PARVULOS,OFICIAL,URBANA,ABIERTA,MONOLINGUE,MATUTINA,DIARIO(REGULAR),GUATEMALA NORTE
00-18-1135-42,01-01-0011,CIUDAD CAPITAL,ZONA 18,EODP ANEXA A EOUM NO.454  SANTA ELENA III,"25 AVENIDA 17-00, COLONIA SANTA ELENA III",52415861,YAMILET VERSALI AGUILAR PEREZ,MIRIAM ROSARIO LÓPEZ OSORIO,PARVULOS,OFICIAL,URBANA,ABIERTA,MONOLINGUE,MATUTINA,DIARIO(REGULAR),GUATEMALA NORTE
00-18-1136-42,01-01-0020,CIUDAD CAPITAL,ZONA 18,EODP ANEXA A EOUM NO.436,"25 AVENIDA 12-10, COLONIA PARAISO I",,ISRAEL PORTILLO HERNÁNDEZ,ESTELA MARIBEL NIJ REYES,PARVULOS,OFICIAL,URBANA,ABIERTA,MONOLINGUE,MATUTINA,DIARIO(REGULAR),GUATEMALA NORTE
00-18-1137-42,01-01-0021,CIUDAD CAPITAL,ZONA 18,EODP ANEXA A EOUM NO.440  ALAMEDA NORTE,"17 CALLE 23-91, COLONIA ALAMEDA NORTE",,ISRAEL PORTILLO HERNÁNDEZ,SUCELY MAGALY REVOLORIO LLAMAS,PARVULOS,OFICIAL,URBANA,ABIERTA,MONOLINGUE,MATUTINA,DIARIO(REGULAR),GUATEMALA NORTE
00-18-1138-42,01-01-0009,CIUDAD CAPITAL,ZONA 18,EODP ANEXA A EOUM NO.155,14 AVENIDA Y 5A. CALLE COLONIA LAVARREDA,47295793,YAMILET VERSALI AGUILAR PEREZ,ANA LUCRECIA MONROY MAZUL,PARVULOS,OFICIAL,URBANA,ABIERTA,MONOLINGUE,MATUTINA,DIARIO(REGULAR),GUATEMALA NORTE
00-18-1140-42,,CIUDAD CAPITAL,ZONA 18,EODP ANEXA A EOUM NO.622 'LOS PINOS',30 AVE. 17 CALLE COLONIA LOS PINOS ZONA 18,22552 57,,,PARVULOS,OFICIAL,URBANA,CERRADA DEFINITIVAMENTE,MONOLINGUE,MATUTINA,DIARIO(REGULAR),GUATEMALA NORTE
00-18-1154-42,01-01-0014,CIUDAD CAPITAL,ZONA 18,ANEXA A COLEGIO 'INGENIERO MOSHE DAYAN',MANZANA 7  A  LOTE 967 COLONIA MAYA,22553553,RONI GUSTABO PUAC IBAÑEZ,MAYRA ELIZABETH DÍAZ PAÍZ,PARVULOS,PRIVADO,URBANA,ABIERTA,MONOLINGUE,MATUTINA,DIARIO(REGULAR),GUATEMALA NORTE
00-18-1155-42,01-01-0019,CIUDAD CAPITAL,ZONA 18,CENTRO EDUCATIVO DE FORMACION INTEGRAL -CEFI-,6A CALLE 59-00 COLONIA PINARES DEL NORTE,22420695,ISRAEL PORTILLO HERNÁNDEZ,MARIA DE FATIMA CARRERA GIRON,PARVULOS,PRIVADO,URBANA,ABIERTA,MONOLINGUE,MATUTINA,DIARIO(REGULAR),GUATEMALA NORTE
00-18-1157-42,01-111,CIUDAD CAPITAL,ZONA 18,EPDP ANEXA A 'LICEO LAS COLINAS',6A AVE. 13-10 COLONIA SAN RAFAEL III LAS COLINAS,22428519,ROSA ALBA LOPEZ PIRIR,,PARVULOS,PRIVADO,URBANA,CERRADA TEMPORALMENTE,MONOLINGUE,MATUTINA,DIARIO(REGULAR),GUATEMALA NORTE
00-18-1158-42,01-01-0009,CIUDAD CAPITAL,ZONA 18,COLEGIO MIXTO DULCE INFANCIA,LOTE 11 MANZANA 5 COLONIA JUANA DE ARCO,30079030,YAMILET VERSALI AGUILAR PEREZ,ELY LEOPOLDO FERNÁNDEZ LIGORRIA,PARVULOS,PRIVADO,URBANA,ABIERTA,MONOLINGUE,MATUTINA,DIARIO(REGULAR),GUATEMALA NORTE
00-18-1159-42,,CIUDAD CAPITAL,ZONA 18,EPDP ANEXA A COLEGIO 'NUEVO COBAN LUZ DEL SABER',1A AVE. 1-92 COLONIA JUANA DE ARCO ZONA 18,,,,PARVULOS,PRIVADO,URBANA,CERRADA DEFINITIVAMENTE,MONOLINGUE,MATUTINA,DIARIO(REGULAR),GUATEMALA NORTE
00-18-1167-43,01-01-0020,CIUDAD CAPITAL,ZONA 18,EOUM NO.455,"9A CALLE 26-60 COLONIA PARAISO II,",55156265,ISRAEL PORTILLO HERNÁNDEZ,ALMA DINORA MAYORGA RUANO,PRIMARIA,OFICIAL,URBANA,ABIERTA,MONOLINGUE,MATUTINA,DIARIO(REGULAR),GUATEMALA NORTE
00-18-1168-43,01-01-0009,CIUDAD CAPITAL,ZONA 18,EOUM NO.621,16 AVENIDA 4-84 COLONIA RENACIMIENTO MUNICIPAL,45067177,YAMILET VERSALI AGUILAR PEREZ,PAOLA ELIZABETH SECAIDA LÓPEZ,PRIMARIA,OFICIAL,URBANA,ABIERTA,MONOLINGUE,MATUTINA,DIARIO(REGULAR),GUATEMALA NORTE
00-18-1169-43,01-01-0018,CIUDAD CAPITAL,ZONA 18,EOUM NO.116,DIAGONAL 27 COLONIA SAN RAFAEL LA LAGUNA,51004475,ISRAEL PORTILLO HERNÁNDEZ,ALBERTO FELIPE YAX,PRIMARIA,OFICIAL,URBANA,ABIERTA,MONOLINGUE,MATUTINA,DIARIO(REGULAR),GUATEMALA NORTE
00-18-1170-43,01-01-0020,CIUDAD CAPITAL,ZONA 18,EOUM NO.437,26 AVE. 9-30 COLONIA PARAISO II,54144779,ISRAEL PORTILLO HERNÁNDEZ,LOYDA AZUCENA HERNÁNDEZ RAYMUNDO,PRIMARIA,OFICIAL,URBANA,ABIERTA,MONOLINGUE,MATUTINA,DIARIO(REGULAR),GUATEMALA NORTE
00-18-1172-43,01-01-0018,CIUDAD CAPITAL,ZONA 18,ESCUELA OFICIAL URBANA MIXTA NO. 90,4A. AVENIDA 13-00 SAN RAFAEL LA LAGUNA III LAS COLINAS,56982622,ISRAEL PORTILLO HERNÁNDEZ,MARINA  AJCOJÓN JULAJUJ,PRIMARIA,OFICIAL,URBANA,ABIERTA,MONOLINGUE,MATUTINA,DIARIO(REGULAR),GUATEMALA NORTE
00-18-1173-43,01-01-0021,CIUDAD CAPITAL,ZONA 18,EOUM NO.91 GRAL. FRANCISCO DE PAULA SANTANDER Y ANTONIA SANTOS',"BARRIO COLOMBIA, COLONIA SAN RAFAEL LA LAGUNA",56323446,ISRAEL PORTILLO HERNÁNDEZ,MARÍA OLIVIA PARADA,PRIMARIA,OFICIAL,URBANA,ABIERTA,MONOLINGUE,MATUTINA,DIARIO(REGULAR),GUATEMALA NORTE
00-18-1175-43,01-01-0018,CIUDAD CAPITAL,ZONA 18,EOUM SAN RAFAEL LA LAGUNA II,13 AVE. 13-00 COLONIA SAN RAFAEL LA LAGUNA II,22574386,ISRAEL PORTILLO HERNÁNDEZ,LETICIA IVONE SOLIS RODRÍGUEZ,PRIMARIA,OFICIAL,URBANA,ABIERTA,MONOLINGUE,MATUTINA,DIARIO(REGULAR),GUATEMALA NORTE
00-18-1176-43,01-104,CIUDAD CAPITAL,ZONA 18,CEES ANEXA A EOUM NO.436,"25 AVE. 12-10 COLONIA PARAISO I ZONA 18, GUATEMALA",,ISRAEL PORTILLO HERNANDEZ,,PRIMARIA,OFICIAL,URBANA,CERRADA DEFINITIVAMENTE,MONOLINGUE,MATUTINA,DIARIO(REGULAR),GUATEMALA NORTE
00-18-1177-43,01-01-0014,CIUDAD CAPITAL,ZONA 18,EOUM NO.76 FRAY IGNACIO BARNOYA,12 AVENIDA  9-00 COLONIA MAYA,59323473,RONI GUSTABO PUAC IBAÑEZ,EVELIN GABRIELA CARDONA GARRIDO,PRIMARIA,OFICIAL,URBANA,ABIERTA,MONOLINGUE,MATUTINA,DIARIO(REGULAR),GUATEMALA NORTE
00-18-1178-43,01-01-0011,CIUDAD CAPITAL,ZONA 18,EOUM NO.454,25 AVENIDA  17-00 COLONIA SANTA ELENA III,54793640,YAMILET VERSALI AGUILAR PEREZ,MIRIAM ROSARIO LÓPEZ OSORIO,PRIMARIA,OFICIAL,URBANA,ABIERTA,MONOLINGUE,MATUTINA,DIARIO(REGULAR),GUATEMALA NORTE
00-18-1180-43,01-01-0015,CIUDAD CAPITAL,ZONA 18,EOUM NO.611,MANZANA 4 LOTE 61 COLONIA EL ROSARIO,22554378,RONI GUSTABO PUAC IBAÑEZ,NEREYDA PAHOLA VILLATORO MARTÍNEZ,PRIMARIA,OFICIAL,URBANA,ABIERTA,MONOLINGUE,MATUTINA,DIARIO(REGULAR),GUATEMALA NORTE
00-18-1181-43,01-01-0009,CIUDAD CAPITAL,ZONA 18,EOUM NO.110  JUANA DE ARCO,"19A. AVENIDA 12-30, COLONIA JUANA DE ARCO",47475702,YAMILET VERSALI AGUILAR PEREZ,MIRIAM JUDITH GARCIA GONZÁLEZ,PRIMARIA,OFICIAL,URBANA,ABIERTA,MONOLINGUE,MATUTINA,DIARIO(REGULAR),GUATEMALA NORTE
00-18-1182-43,01-01-0021,CIUDAD CAPITAL,ZONA 18,"EOUM NO. 154 ""LA ALAMEDA""",25 AVENIDA  12-04 COLONIA ALAMEDA IV,31735230,ISRAEL PORTILLO HERNÁNDEZ,HÉCTOR ANTONIO ENRIQUEZ NAVAS,PRIMARIA,OFICIAL,URBANA,ABIERTA,MONOLINGUE,MATUTINA,DIARIO(REGULAR),GUATEMALA NORTE
00-18-1183-43,01-01-0021,CIUDAD CAPITAL,ZONA 18,"EOUM NO. 440  ""ALAMEDA NORTE""",17 CALLE 23-91 COLONIA ALAMEDA NORTE,22575006,ISRAEL PORTILLO HERNÁNDEZ,SUCELY MAGALY REVOLORIO LLAMAS,PRIMARIA,OFICIAL,URBANA,ABIERTA,MONOLINGUE,MATUTINA,DIARIO(REGULAR),GUATEMALA NORTE
00-18-1185-43,01-01-0018,CIUDAD CAPITAL,ZONA 18,EOUM NO.143 SAN RAFAEL LA LAGUNA,DIAGONAL 27 COLONIA SAN RAFAEL LA LAGUNA I,56780348,ISRAEL PORTILLO HERNÁNDEZ,IRIS MAGNOLIA GARCÍA SAMAYOA,PRIMARIA,OFICIAL,URBANA,ABIERTA,MONOLINGUE,VESPERTINA,DIARIO(REGULAR),GUATEMALA NORTE
00-18-1186-43,01-01-0014,CIUDAD CAPITAL,ZONA 18,"ESCUELA OFICIAL URBANA MIXTA NO. 76  ""FRAY IGNACIO BARNOYA""",12 AV. 9-00 COLONIA MAYA,55215213,RONI GUSTABO PUAC IBAÑEZ,DORIS EMELIS ARANA Y ARANA,PRIMARIA,OFICIAL,URBANA,ABIERTA,MONOLINGUE,VESPERTINA,DIARIO(REGULAR),GUATEMALA NORTE
00-18-1187-43,01-01-0018,CIUDAD CAPITAL,ZONA 18,EOUM 'JOHN F. KENNEDY',3A AVENIDA LOTE 200 COLONIA KENNEDY,22423417,ISRAEL PORTILLO HERNÁNDEZ,LUCRECIA  FLORES CASTILLO,PRIMARIA,OFICIAL,URBANA,ABIERTA,MONOLINGUE,VESPERTINA,DIARIO(REGULAR),GUATEMALA NORTE
00-18-1188-43,01-01-0009,CIUDAD CAPITAL,ZONA 18,EOUM NO.104 'PUERTO RICO',14 AVE. Y 5A CALLE COLONIA LAVARREDA,54172488,YAMILET VERSALI AGUILAR PEREZ,BERTA MARITZA RODAS REYES,PRIMARIA,OFICIAL,URBANA,ABIERTA,MONOLINGUE,VESPERTINA,DIARIO(REGULAR),GUATEMALA NORTE
00-18-1189-43,01-01-0018,CIUDAD CAPITAL,ZONA 18,"EOUM SAN RAFAEL LA LAGUNA II,","13 AVE. 13-00 COLONIA SAN RAFAEL LA LAGUNA II,",22423503,ISRAEL PORTILLO HERNÁNDEZ,ABDI NOEMI ESCOBAR CHINCHILLA,PRIMARIA,OFICIAL,URBANA,ABIERTA,MONOLINGUE,VESPERTINA,DIARIO(REGULAR),GUATEMALA NORTE
00-18-1190-43,01-01-0021,CIUDAD CAPITAL,ZONA 18,EOUM NO.91 'SAN RAFAEL LA LAGUNA IV',BARRIO COLOMBIA COLONIA SAN RAFAEL LA LAGUNA IV,58053450,ISRAEL PORTILLO HERNÁNDEZ,ZOILA LEDESMA RUÍZ VALDEZ,PRIMARIA,OFICIAL,URBANA,ABIERTA,MONOLINGUE,VESPERTINA,DIARIO(REGULAR),GUATEMALA NORTE
00-18-1191-43,01-01-0009,CIUDAD CAPITAL,ZONA 18,EOUM NO.147  JUANA DE ARCO,LOTE 1 MANZANA 5 COLONIA JUANA DE ARCO,22564330,YAMILET VERSALI AGUILAR PEREZ,JULIO ERNESTO PACAY XOL,PRIMARIA,OFICIAL,URBANA,ABIERTA,MONOLINGUE,VESPERTINA,DIARIO(REGULAR),GUATEMALA NORTE
00-18-1192-43,01-01-0020,CIUDAD CAPITAL,ZONA 18,EOUM NO.436,25 AVENIDA 12-10 COLONIA PARAISO I,42161884,ISRAEL PORTILLO HERNÁNDEZ,ESTELA MARIBEL NIJ REYES,PRIMARIA,OFICIAL,URBANA,ABIERTA,MONOLINGUE,MATUTINA,DIARIO(REGULAR),GUATEMALA NORTE
00-18-1193-43,01-01-0020,CIUDAD CAPITAL,ZONA 18,EOUM NO.438,26 AVENIDA 9-30 COLONIA PARAISO II,55050340,ISRAEL PORTILLO HERNÁNDEZ,ALBERT ESTUARDO RAMÍREZ ROQUE,PRIMARIA,OFICIAL,URBANA,ABIERTA,MONOLINGUE,VESPERTINA,DIARIO(REGULAR),GUATEMALA NORTE
00-18-1194-43,,CIUDAD CAPITAL,ZONA 18,EOUM NO.440 'ALAMEDA NORTE',"17 CALLE 23-91 COLONIA ALAMEDA NORTE ZONA 18, GUATEMALA",,,,PRIMARIA,OFICIAL,URBANA,CERRADA DEFINITIVAMENTE,MONOLINGUE,VESPERTINA,DIARIO(REGULAR),GUATEMALA NORTE
00-18-1207-43,01-01-0023,CIUDAD CAPITAL,ZONA 18,EOUM NO.622 LOS PINOS,"30 AVENIDA Y 17 CALLE, COLONIA LOS PINOS",42076081,CESAR ARNOLDO MARTINEZ GARCIA,LESBIA MAGALY GONZALEZ LÓPEZ,PRIMARIA,OFICIAL,URBANA,ABIERTA,MONOLINGUE,MATUTINA,DIARIO(REGULAR),GUATEMALA NORTE
00-18-1219-43,01-111,CIUDAD CAPITAL,ZONA 18,'LICEO LAS COLINAS',6A AVE. 13-10 COLONIA SAN RAFAEL III LAS COLINAS,22428519,ROSA ALBA LOPEZ PIRIR,,PRIMARIA,PRIVADO,URBANA,CERRADA TEMPORALMENTE,MONOLINGUE,MATUTINA,DIARIO(REGULAR),GUATEMALA NORTE
00-18-1220-43,,CIUDAD CAPITAL,ZONA 18,CPMI 'LIRIO DE LOS VALLES',"3A AVE. 7-48 COLONIA KENNEDY, ZONA 18",,,,PRIMARIA,PRIVADO,URBANA,CERRADA TEMPORALMENTE,MONOLINGUE,MATUTINA,DIARIO(REGULAR),GUATEMALA NORTE
00-18-1221-43,01-01-0014,CIUDAD CAPITAL,ZONA 18,CPMI 'INGENIERO MOSHE DAYAN',MANZANA 7 A LOTE 967 COLONIA MAYA,22553553,RONI GUSTABO PUAC IBAÑEZ,MAYRA ELIZABETH DÍAZ PAÍZ,PRIMARIA,PRIVADO,URBANA,ABIERTA,MONOLINGUE,MATUTINA,DIARIO(REGULAR),GUATEMALA NORTE
00-18-1222-43,01-01-0009,CIUDAD CAPITAL,ZONA 18,COLEGIO MIXTO DULCE INFANCIA,"1ERA. CALLE, MANZANA 5 LOTE 11 COLONIA JUANA DE ARCO",22582301,YAMILET VERSALI AGUILAR PEREZ,ELY LEOPOLDO FERNÁNDEZ LIGORRIA,PRIMARIA,PRIVADO,URBANA,ABIERTA,MONOLINGUE,MATUTINA,DIARIO(REGULAR),GUATEMALA NORTE
00-18-1223-43,01-104,CIUDAD CAPITAL,ZONA 18,CPMI LICEO FUENTE DE VIDA,"LOTE 163, MANZANA 23 COLONIA MAYA",22554026,ISRAEL PORTILLO HERNANDEZ,,PRIMARIA,PRIVADO,URBANA,CERRADA DEFINITIVAMENTE,MONOLINGUE,MATUTINA,DIARIO(REGULAR),GUATEMALA NORTE
00-18-1225-43,01-111,CIUDAD CAPITAL,ZONA 18,CPMI 'ANTORCHA DE LUZ',3A AVE. 7-40 COLONIA KENNEDY,22574492,ROSA ALBA LOPEZ PIRIR,,PRIMARIA,PRIVADO,URBANA,CERRADA DEFINITIVAMENTE,MONOLINGUE,MATUTINA,DIARIO(REGULAR),GUATEMALA NORTE
00-18-1226-43,,CIUDAD CAPITAL,ZONA 18,'LICEO EVANGELICO FUENTE CARMESI',LOTE 102 Y 103 SECCION 'C' COLONIA LAS ILUSIONES ZONA 18,,,,PRIMARIA,PRIVADO,URBANA,CERRADA TEMPORALMENTE,MONOLINGUE,MATUTINA,DIARIO(REGULAR),GUATEMALA NORTE
00-18-1227-43,,CIUDAD CAPITAL,ZONA 18,CPMI 'EL TRIUNFO',13 CALLE A 24-13 COLONIA ALAMEDA III ZONA 18,,,,PRIMARIA,PRIVADO,URBANA,CERRADA DEFINITIVAMENTE,MONOLINGUE,MATUTINA,DIARIO(REGULAR),GUATEMALA NORTE
00-18-1228-43,,CIUDAD CAPITAL,ZONA 18,CPMI 'NUEVO COBAN LUZ DEL SABER',1A AVE. 1-92 COLONIA JUANA DE ARCO ZONA 18,,,,PRIMARIA,PRIVADO,URBANA,CERRADA DEFINITIVAMENTE,MONOLINGUE,MATUTINA,DIARIO(REGULAR),GUATEMALA NORTE
00-18-1229-43,01-111,CIUDAD CAPITAL,ZONA 18,CPMI BILINGUE 'GUATEMAYA',3AV 5-53 COLONIA KENNEDY ZONA 18,22422315,ROSA ALBA LOPEZ PIRIR,,PRIMARIA,PRIVADO,URBANA,CERRADA DEFINITIVAMENTE,MONOLINGUE,MATUTINA,DIARIO(REGULAR),GUATEMALA NORTE
00-18-1243-45,01-104,CIUDAD CAPITAL,ZONA 18,'LICEO CRISTIANO FUENTE DE VIDA',MANZANA 3 LOTE 365 COLONIA MAYA,22554026,ISRAEL PORTILLO HERNANDEZ,,BASICO,PRIVADO,URBANA,CERRADA DEFINITIVAMENTE,MONOLINGUE,VESPERTINA,DIARIO(REGULAR),GUATEMALA NORTE
00-18-1244-45,,CIUDAD CAPITAL,ZONA 18,COLEGIO 'SALOME JIL',25 AVE. 12-01 COLONIA EL PARAISO I ZONA 18,,,,BASICO,PRIVADO,URBANA,CERRADA DEFINITIVAMENTE,MONOLINGUE,VESPERTINA,DIARIO(REGULAR),GUATEMALA NORTE
00-18-2186-43,01-01-0019,CIUDAD CAPITAL,ZONA 18,'CENTRO EDUCATIVO DE FORMACION INTEGRAL' (C.E.F.I.),6A CALLE 59-00 COLONIA PINARES DEL NORTE,22420695,ISRAEL PORTILLO HERNÁNDEZ,MARIA DE FATIMA CARRERA GIRON,PRIMARIA,PRIVADO,URBANA,ABIERTA,MONOLINGUE,MATUTINA,DIARIO(REGULAR),GUATEMALA NORTE
00-18-2187-45,,CIUDAD CAPITAL,ZONA 18,CENTRO EDUCATIVO INTEGRAL 'GIRON ALFARO' (C.E.I.G.A) BACHILLERATO POR MADUREZ,9A CALLE 7-17 COLONIA ATLANTIDA ZONA 18,,,,BASICO,PRIVADO,URBANA,CERRADA DEFINITIVAMENTE,MONOLINGUE,NOCTURNA,DIARIO(REGULAR),GUATEMALA NORTE
00-18-2187-46,,CIUDAD CAPITAL,ZONA 18,INSTITUTO PRIVADO MIXTO DE EDUCACION DIVERSIFICADA 'CENTRO EDUCATIVO INTEGRAL GIRON ALFARO'(CEIGA)BACHILLERATO POR MADUREZ,9A CALLE 7-17 COLONIA ATLANTIDA,,,,DIVERSIFICADO,PRIVADO,URBANA,CERRADA TEMPORALMENTE,MONOLINGUE,NOCTURNA,DIARIO(REGULAR),GUATEMALA NORTE
00-18-2303-42,01-01-0011,CIUDAD CAPITAL,ZONA 18,COLEGIO EVANGELICO  EJERCITO DE SALVACION,COSTADO DERECHO A ENTRADA DE COLONIA EL LIMON,22600723,YAMILET VERSALI AGUILAR PEREZ,MÓNICA ELIZABETH ROJAS IXCOY,PARVULOS,PRIVADO,URBANA,ABIERTA,MONOLINGUE,MATUTINA,DIARIO(REGULAR),GUATEMALA NORTE
00-18-2304-43,,CIUDAD CAPITAL,ZONA 18,COLEGIO CRISTIANO 'LA ALAMEDAS',12 CALLE 'D' 17-43 COLONIA ALAMEDA IV ZONA 18,,,,PRIMARIA,PRIVADO,URBANA,CERRADA TEMPORALMENTE,MONOLINGUE,MATUTINA,DIARIO(REGULAR),GUATEMALA NORTE
00-18-2305-43,01-111,CIUDAD CAPITAL,ZONA 18,CPMI 'RAYITO DE LUZ',14 CALLE 24-03 ALAMEDA III,22421368,ROSA ALBA LOPEZ PIRIR,,PRIMARIA,PRIVADO,URBANA,CERRADA TEMPORALMENTE,MONOLINGUE,MATUTINA,DIARIO(REGULAR),GUATEMALA NORTE
00-18-2306-45,01-111,CIUDAD CAPITAL,ZONA 18,'LICEO LAS COLINAS',6A AVE. 13-10 COLONIA SAN RAFAEL III LAS COLINAS,22428519,ROSA ALBA LOPEZ PIRIR,,BASICO,PRIVADO,URBANA,CERRADA TEMPORALMENTE,MONOLINGUE,MATUTINA,DIARIO(REGULAR),GUATEMALA NORTE
00-18-2308-45,01-111,CIUDAD CAPITAL,ZONA 18,IPMB EJERCITO DE SALVACION,COSTADO DERECHO ENTRADA COLONIA EL LIMON,22600723,ROSA ALBA LOPEZ PIRIR,,BASICO,PRIVADO,URBANA,CERRADA DEFINITIVAMENTE,MONOLINGUE,MATUTINA,DIARIO(REGULAR),GUATEMALA NORTE
00-18-2309-45,,CIUDAD CAPITAL,ZONA 18,IPMB 'LICEO LAS COLINAS',6A AVE. 13-10 COLONIA SAN RAFAEL III LAS COLINAS ZONA 18,,,,BASICO,PRIVADO,URBANA,CERRADA TEMPORALMENTE,MONOLINGUE,NOCTURNA,DIARIO(REGULAR),GUATEMALA NORTE
00-18-2310-45,,CIUDAD CAPITAL,ZONA 18,IPMB EVENGELICO 'EJERCITO DE SALVACION',CENTRO COMUNAL COLONIA EL LIMON ZONA 18,,,,BASICO,PRIVADO,URBANA,CERRADA TEMPORALMENTE,MONOLINGUE,NOCTURNA,DIARIO(REGULAR),GUATEMALA NORTE
00-18-2391-42,01-01-0018,CIUDAD CAPITAL,ZONA 18,EODP ANEXA A EOUM NO.617  JOHN F. KENNEDY,"3A. AVENIDA LOTE 200, COLONIA KENNEDY",41046152,ISRAEL PORTILLO HERNÁNDEZ,HELIN BEATRIZ TORREBLANCA MERIDA,PARVULOS,OFICIAL,URBANA,ABIERTA,MONOLINGUE,MATUTINA,DIARIO(REGULAR),GUATEMALA NORTE
00-18-2401-43,01-01-0018,CIUDAD CAPITAL,ZONA 18,EOUM NO.617 JOHN F. KENNEDY,3A AVE. LOTE 200 COLONIA KENNEDY,41046152,ISRAEL PORTILLO HERNÁNDEZ,HELIN BEATRIZ TORREBLANCA MERIDA,PRIMARIA,OFICIAL,URBANA,ABIERTA,MONOLINGUE,MATUTINA,DIARIO(REGULAR),GUATEMALA NORTE
00-18-2582-42,,CIUDAD CAPITAL,ZONA 18,EPDP 'JARDIN INFANTIL CARROUSEL',11 CALLE 'A' 37-16 ZONA 18 PARAISO II,,,,PARVULOS,PRIVADO,URBANA,CERRADA DEFINITIVAMENTE,MONOLINGUE,MATUTINA,DIARIO(REGULAR),GUATEMALA NORTE
00-18-2583-42,01-110,CIUDAD CAPITAL,ZONA 18,JARDIN INFANTIL CARRUSEL DE NIÑOS,9A AV 4-47 RESIDENCIALES ATLANTIDA,22580851,ZUHILEM YESENIA ESTRADA ORTIZ,MARTHA ELENA MARTINEZ COBOS,PARVULOS,PRIVADO,URBANA,CERRADA TEMPORALMENTE,MONOLINGUE,MATUTINA,DIARIO(REGULAR),GUATEMALA NORTE
00-18-2584-45,01-104,CIUDAD CAPITAL,ZONA 18,'COLEGIO EVANGELICO PAN DE VIDA',9A CALLE 31-70 PARAISO II,57786153,ISRAEL PORTILLO HERNANDEZ,,BASICO,PRIVADO,URBANA,CERRADA DEFINITIVAMENTE,MONOLINGUE,VESPERTINA,DIARIO(REGULAR),GUATEMALA NORTE
00-18-2585-45,,CIUDAD CAPITAL,ZONA 18,'LICEO CRISTIANO LAS ALAMEDAS',12 CALLE 'D' 17-43 ZONA 18 ALAMEDA IV,,,,BASICO,PRIVADO,URBANA,CERRADA TEMPORALMENTE,MONOLINGUE,MATUTINA,DIARIO(REGULAR),GUATEMALA NORTE
00-18-2586-45,01-01-0009,CIUDAD CAPITAL,ZONA 18,COLEGIO MIXTO EVANGELICO VALLE DE GERAR,MANZANA II LOTE 40 COLONIA JUANA DE ARCO,22581344,YAMILET VERSALI AGUILAR PEREZ,FAUSTINO  MORALES REYES,BASICO,PRIVADO,URBANA,ABIERTA,MONOLINGUE,VESPERTINA,DIARIO(REGULAR),GUATEMALA NORTE
00-18-2587-42,01-01-0015,CIUDAD CAPITAL,ZONA 18,EODP ANEXA A EOUM NO.611,MANZ. 1-B L.6-B COL. EL ROSARIO,22554378,RONI GUSTABO PUAC IBAÑEZ,NEREYDA PAHOLA VILLATORO MARTÍNEZ,PARVULOS,OFICIAL,URBANA,ABIERTA,MONOLINGUE,MATUTINA,DIARIO(REGULAR),GUATEMALA NORTE
00-18-2588-42,01-01-0014,CIUDAD CAPITAL,ZONA 18,EPDP ANEXA A 'COLEGIO PARROQUIAL VIRGEN DEL ROSARIO',MANZANA 12 LOTE 434 COLONIA MAYA,22600086,RONI GUSTABO PUAC IBAÑEZ,CLAUDIA MARIA CHAVEZ DE CUJCUJ,PARVULOS,PRIVADO,URBANA,ABIERTA,MONOLINGUE,MATUTINA,DIARIO(REGULAR),GUATEMALA NORTE
00-18-2589-43,01-01-0014,CIUDAD CAPITAL,ZONA 18,CPMI PARROQUIAL  VIRGEN DEL ROSARIO,MANZANA 12 LOTE 434 COLONIA MAYA,22600086,RONI GUSTABO PUAC IBAÑEZ,CLAUDIA MARIA CHAVEZ DE CUJCUJ,PRIMARIA,PRIVADO,URBANA,ABIERTA,MONOLINGUE,MATUTINA,DIARIO(REGULAR),GUATEMALA NORTE
00-18-2590-43,01-01-0011,CIUDAD CAPITAL,ZONA 18,COLEGIO EVANGELICO EJERCITO DE SALVACION LIMON,COSTADO DERECHO ENTRADA A LA COLONIA EL LIMON,22600723,YAMILET VERSALI AGUILAR PEREZ,ANA ISABEL CUC RAMOS,PRIMARIA,PRIVADO,URBANA,ABIERTA,MONOLINGUE,MATUTINA,DIARIO(REGULAR),GUATEMALA NORTE
00-18-2591-45,,CIUDAD CAPITAL,ZONA 18,IPMB 'EVANGELICO EJERCITO DE SALVACION',ENTRADA A COLONIA EL LIMON,,,,BASICO,PRIVADO,URBANA,CERRADA TEMPORALMENTE,MONOLINGUE,MATUTINA,DIARIO(REGULAR),GUATEMALA NORTE
00-18-2792-44,01-01-0024,CIUDAD CAPITAL,ZONA 18,EOPA NO.54 BARRIO COLOMBIA,"MANZANA 5 LOTE 01, COLONIA JUANA DE ARCO",52905901,CARLOS HUMBERTO GONZALEZ DE LEON,MARTA LUISA CASTELLANOS CHANG,PRIMARIA DE ADULTOS,OFICIAL,URBANA,ABIERTA,MONOLINGUE,NOCTURNA,DIARIO(REGULAR),GUATEMALA NORTE
00-18-2833-42,01-01-0016,CIUDAD CAPITAL,ZONA 18,GRANJA ENCANTADA,40 CALLE  47-19 COLONIA LA PASCUA,22553974,RONI GUSTABO PUAC IBAÑEZ,WENDY REGINA ORTIZ CHAVARRIA,PARVULOS,PRIVADO,URBANA,ABIERTA,MONOLINGUE,MATUTINA,DIARIO(REGULAR),GUATEMALA NORTE
00-18-2834-42,01-01-0023,CIUDAD CAPITAL,ZONA 18,"EODP ANEXA A EOUM ""OSCAR DE LEON PALACIOS""",KM. 12.5 RUTA AL ATLANTICO,42430207,CESAR ARNOLDO MARTINEZ GARCIA,JAVIER  SOTO VALDEZ,PARVULOS,OFICIAL,URBANA,ABIERTA,MONOLINGUE,MATUTINA,DIARIO(REGULAR),GUATEMALA NORTE
00-18-2835-42,,CIUDAD CAPITAL,ZONA 18,EPDP LA SABIDURIA,LOTE 7 JARDINES DEL ROSARIO,,,,PARVULOS,PRIVADO,URBANA,CERRADA DEFINITIVAMENTE,MONOLINGUE,MATUTINA,DIARIO(REGULAR),GUATEMALA NORTE
00-18-2854-43,01-01-0016,CIUDAD CAPITAL,ZONA 18,CPMI GRANJA ENCANTADA,40 CALLE  47-19 COLONIA LA PASCUA,22553974,RONI GUSTABO PUAC IBAÑEZ,WENDY REGINA ORTIZ CHAVARRIA,PRIMARIA,PRIVADO,URBANA,ABIERTA,MONOLINGUE,MATUTINA,DIARIO(REGULAR),GUATEMALA NORTE
00-18-2855-43,01-01-0018,CIUDAD CAPITAL,ZONA 18,EOUM NO.65 'DOMINGO JUARROS',COLONIA SAN RAFAEL LA LAGUNA III,30707379,ISRAEL PORTILLO HERNÁNDEZ,MARÍA ANGÉLICA GONZÁLEZ MEJÍA,PRIMARIA,OFICIAL,URBANA,ABIERTA,MONOLINGUE,VESPERTINA,DIARIO(REGULAR),GUATEMALA NORTE
00-18-2856-43,,CIUDAD CAPITAL,ZONA 18,CPMI 'LA SABIDURIA',LOTE 7 MANZ.B JARDINES DEL ROSARIO,,,,PRIMARIA,PRIVADO,URBANA,CERRADA DEFINITIVAMENTE,MONOLINGUE,MATUTINA,DIARIO(REGULAR),GUATEMALA NORTE
00-18-2858-43,,CIUDAD CAPITAL,ZONA 18,EORM SANTA BARBARA,COLONIA SANTA BARBARA KM. 15.5 RUTA AL ATLANTICO,,,,PRIMARIA,OFICIAL,RURAL,CERRADA DEFINITIVAMENTE,MONOLINGUE,MATUTINA,DIARIO(REGULAR),GUATEMALA NORTE
00-18-2859-43,01-01-0023,CIUDAD CAPITAL,ZONA 18,EORM NO.603 'OSCAR DE LEON PALACIOS',KILOMETRO 12.5 RUTA AL ATLANTICO ALDEA LO DE RODRIGUEZ,54135451,CESAR ARNOLDO MARTINEZ GARCIA,GRISELDA LISET PAZ MURALLES,PRIMARIA,OFICIAL,RURAL,ABIERTA,MONOLINGUE,VESPERTINA,DIARIO(REGULAR),GUATEMALA NORTE
00-18-2860-42,,CIUDAD CAPITAL,ZONA 18,EPDP JARDIN INFANTIL 'CARROUSEL',"11 CALLE 'A' 37-16, COLONIA PARAISO III",,,,PARVULOS,PRIVADO,URBANA,CERRADA DEFINITIVAMENTE,MONOLINGUE,MATUTINA,DIARIO(REGULAR),GUATEMALA NORTE
00-18-2885-42,,CIUDAD CAPITAL,ZONA 18,EPDP 'HORACIO QUIROGA',"SECCION 'A' LOTE # 36, COLONIA LAS ILUSIONES ZONA 18",,,,PARVULOS,PRIVADO,URBANA,CERRADA DEFINITIVAMENTE,MONOLINGUE,MATUTINA,DIARIO(REGULAR),GUATEMALA NORTE
00-18-2885-43,,CIUDAD CAPITAL,ZONA 18,CPMI 'HORACIO QUIROGA',"SECCION 'A' LOTE 36, COLONIA LA ILUSIONES",22553633,,,PRIMARIA,PRIVADO,URBANA,CERRADA DEFINITIVAMENTE,MONOLINGUE,MATUTINA,DIARIO(REGULAR),GUATEMALA NORTE
00-18-2891-45,,CIUDAD CAPITAL,ZONA 18,IPMB NAKBANI,L-1 MANZ. 'F' LLANO LARGO,,,,BASICO,PRIVADO,URBANA,CERRADA DEFINITIVAMENTE,MONOLINGUE,VESPERTINA,DIARIO(REGULAR),GUATEMALA NORTE
00-18-2892-45,,CIUDAD CAPITAL,ZONA 18,IPMB 'LA SABIDURIA',"LOTE 7, JARDINES DEL ROSARIO. ZONA 18",,,,BASICO,PRIVADO,URBANA,CERRADA DEFINITIVAMENTE,MONOLINGUE,VESPERTINA,DIARIO(REGULAR),GUATEMALA NORTE
00-18-2918-46,,CIUDAD CAPITAL,ZONA 18,INSTITUTO PRIVADO MIXTO DE EDUCACION DIVERSIFICADO COLEGIO 'LICEO LAS COLINAS',"6a. AVE. 13-10, COLONIA SAN RAFAEL III LAS COLINAS",,,,DIVERSIFICADO,PRIVADO,URBANA,CERRADA DEFINITIVAMENTE,MONOLINGUE,VESPERTINA,DIARIO(REGULAR),GUATEMALA NORTE
00-18-2973-43,01-104,CIUDAD CAPITAL,ZONA 18,LICEO SAN RAFAEL ARCANGEL,10A. CALLE 2-19 SAN RAFAEL I,22420042,ISRAEL PORTILLO HERNANDEZ,JOSEFA AMELIA LOPEZ URRUTIA,PRIMARIA,PRIVADO,URBANA,CERRADA DEFINITIVAMENTE,MONOLINGUE,MATUTINA,DIARIO(REGULAR),GUATEMALA NORTE
00-18-2974-42,,CIUDAD CAPITAL,ZONA 18,LICEO 'SAN RAFAEL ARCANGEL',10 CALLE 2-19 SAN RAFAEL I ZONA 18,,,,PARVULOS,PRIVADO,URBANA,CERRADA DEFINITIVAMENTE,MONOLINGUE,MATUTINA,DIARIO(REGULAR),GUATEMALA NORTE
00-18-2996-42,,CIUDAD CAPITAL,ZONA 18,CENTRO EDUC. SAN RAFAEL,"12 AV. 9-02, ZONA 18 , COL. SAN RAFAEL LA LAGUNA II",,,,PARVULOS,PRIVADO,URBANA,CERRADA DEFINITIVAMENTE,MONOLINGUE,MATUTINA,DIARIO(REGULAR),GUATEMALA NORTE
00-18-2996-43,,CIUDAD CAPITAL,ZONA 18,CENTRO EDUCACIONAL SAN RAFAEL,"12 AV. 9-04 ZONA 18, COL. SAN RAFAEL LA LAGUNA II",,,,PRIMARIA,PRIVADO,URBANA,CERRADA TEMPORALMENTE,MONOLINGUE,MATUTINA,DIARIO(REGULAR),GUATEMALA NORTE
00-18-3004-43,,CIUDAD CAPITAL,ZONA 18,CENTRO EDUCATIVO 'MI SEGUNDO HOGAR',"11 CALLE 'A' 37-16 ZONA 18, COL. PARAISO II, GUATEMALA",,,,PRIMARIA,PRIVADO,URBANA,CERRADA DEFINITIVAMENTE,MONOLINGUE,MATUTINA,DIARIO(REGULAR),GUATEMALA NORTE
00-18-3005-42,01-110,CIUDAD CAPITAL,ZONA 18,CENTRO EDUCACIONAL CRISTIANO 'KERIGMA',11 AVE 12-25 COLONIA ATLANTIDA,56927863,ZUHILEM YESENIA ESTRADA ORTIZ,,PARVULOS,PRIVADO,URBANA,CERRADA TEMPORALMENTE,MONOLINGUE,MATUTINA,DIARIO(REGULAR),GUATEMALA NORTE
00-18-3005-43,01-110,CIUDAD CAPITAL,ZONA 18,CENTRO EDUCACIONAL CRISTIANO 'KERIGMA',11 AV. 12-24 COL. ATLANTIDA,56927863,ZUHILEM YESENIA ESTRADA ORTIZ,,PRIMARIA,PRIVADO,URBANA,CERRADA TEMPORALMENTE,MONOLINGUE,MATUTINA,DIARIO(REGULAR),GUATEMALA NORTE
00-18-3006-43,,CIUDAD CAPITAL,ZONA 18,CPMI DIURNO SAN CARLOS,"11 CALLE H 28-62 ZONA 18, COL. PARAISO I, GUATEMALA",,,,PRIMARIA,PRIVADO,URBANA,CERRADA DEFINITIVAMENTE,MONOLINGUE,MATUTINA,DIARIO(REGULAR),GUATEMALA NORTE
00-18-3007-43,,CIUDAD CAPITAL,ZONA 18,CPMI MUNDO DE AMOR,7A. CALLE 9-40 ZONA 18,,,,PRIMARIA,PRIVADO,URBANA,CERRADA DEFINITIVAMENTE,MONOLINGUE,MATUTINA,DIARIO(REGULAR),GUATEMALA NORTE
00-18-3007-45,,CIUDAD CAPITAL,ZONA 18,IPMB MUNDO DE AMOR,7a. CALLE 9-40 ZONA 18 RES. ATLANTIDA,,,,BASICO,PRIVADO,URBANA,CERRADA DEFINITIVAMENTE,MONOLINGUE,MATUTINA,DIARIO(REGULAR),GUATEMALA NORTE
00-18-3019-45,,CIUDAD CAPITAL,ZONA 18,CENTRO EDUCATIVO 'EL ALAMO',"13 CALLE 'A' 24-13 COL. ALAMEDA III, ZONA 18, GUATEMALA",,,,BASICO,PRIVADO,URBANA,CERRADA TEMPORALMENTE,MONOLINGUE,MATUTINA,DIARIO(REGULAR),GUATEMALA NORTE
00-18-3080-42,01-01-0009,CIUDAD CAPITAL,ZONA 18,COLEGIO CRISTIANO ELIM NORTE,KM 6 RUTA AL ATLANTICO,22585870,YAMILET VERSALI AGUILAR PEREZ,JACKELINE NOHEMI MORALES ROSALES,PARVULOS,PRIVADO,URBANA,ABIERTA,MONOLINGUE,MATUTINA,DIARIO(REGULAR),GUATEMALA NORTE
00-18-3080-43,01-01-0009,CIUDAD CAPITAL,ZONA 18,COLEGIO CRISTIANO ELIM NORTE,KM 6 RUTA AL ATLANTICO,22585870,YAMILET VERSALI AGUILAR PEREZ,ALMA JUDITH CHILISNA HERNÁNDEZ,PRIMARIA,PRIVADO,URBANA,ABIERTA,MONOLINGUE,MATUTINA,DIARIO(REGULAR),GUATEMALA NORTE
00-18-3081-42,01-01-0016,CIUDAD CAPITAL,ZONA 18,EODP ANEXA A LA ESCUELA OFICIAL URBANA MIXTA LAS ILUSIONES,"LOTE NO.49 SECCION  D , COLONIA LAS ILUSIONES",22604545,RONI GUSTABO PUAC IBAÑEZ,SILVIA MARGARITA MEJÍA HERNÁNDEZ,PARVULOS,OFICIAL,URBANA,ABIERTA,MONOLINGUE,MATUTINA,DIARIO(REGULAR),GUATEMALA NORTE
00-18-3081-43,01-01-0016,CIUDAD CAPITAL,ZONA 18,EOUM 'LAS ILUSIONES',"LOTE #49, SECCION 'D' COLONIA LAS ILUSIONES",22604545,RONI GUSTABO PUAC IBAÑEZ,SILVIA MARGARITA MEJÍA HERNÁNDEZ,PRIMARIA,OFICIAL,URBANA,ABIERTA,MONOLINGUE,MATUTINA,DIARIO(REGULAR),GUATEMALA NORTE
00-18-3082-42,01-106,CIUDAD CAPITAL,ZONA 18,EPDP 'SUNCHAIRO',61 AVE F 5-46 PINARES DEL NORTE,22422271,CESAR ARNOLDO MARTINEZ GARCIA,,PARVULOS,PRIVADO,URBANA,CERRADA DEFINITIVAMENTE,MONOLINGUE,MATUTINA,DIARIO(REGULAR),GUATEMALA NORTE
00-18-3082-43,01-106,CIUDAD CAPITAL,ZONA 18,CPMI SUNCHAIRO,61 AVE. F 5-30 COL PINARES DEL NORTE.,22422271,CESAR ARNOLDO MARTINEZ GARCIA,FLORENTINA DEL CARMEN SAMAYOA POLANCO,PRIMARIA,PRIVADO,URBANA,CERRADA DEFINITIVAMENTE,MONOLINGUE,MATUTINA,DIARIO(REGULAR),GUATEMALA NORTE
00-18-3110-43,,CIUDAD CAPITAL,ZONA 18,CENTRO EDUCATIVO EXPERIMENTAL NNAT. DE SODIFAG,"23 AV. 13-01 ZONA 18, COL. EL LIMON, PARROQUIA CRISTO NTA. PAZ",,,,PRIMARIA,PRIVADO,URBANA,CERRADA DEFINITIVAMENTE,MONOLINGUE,VESPERTINA,DIARIO(REGULAR),GUATEMALA NORTE
00-18-3127-42,01-01-0011,CIUDAD CAPITAL,ZONA 18,COLEGIO MIXTO ATLANTIDA LA MONTAÑA,12 AVENIDA 13-95 COLONIA ATLANTIDA,22551360,YAMILET VERSALI AGUILAR PEREZ,EVA MARÍA CARDONA CORDERO,PARVULOS,PRIVADO,URBANA,ABIERTA,MONOLINGUE,MATUTINA,DIARIO(REGULAR),GUATEMALA NORTE
00-18-3127-43,01-01-0011,CIUDAD CAPITAL,ZONA 18,COLEGIO MIXTO   ATLANTIDA LA MONTAÑA,12 AVENIDA 13-95  COLONIA ATLANTIDA,22551360,YAMILET VERSALI AGUILAR PEREZ,EVA MARÍA CARDONA CORDERO,PRIMARIA,PRIVADO,URBANA,ABIERTA,MONOLINGUE,MATUTINA,DIARIO(REGULAR),GUATEMALA NORTE
00-18-3144-45,01-01-0019,CIUDAD CAPITAL,ZONA 18,COLEGIO MIXTO DE ENSEÑANZA BASICA SUPERACION JUVENIL,6A. CALLE 59-00 COLONIA PINARES DEL NORTE,22420695,ISRAEL PORTILLO HERNÁNDEZ,CARLOS ENRIQUE CARRERA CABRERA,BASICO,PRIVADO,URBANA,ABIERTA,MONOLINGUE,MATUTINA,DIARIO(REGULAR),GUATEMALA NORTE
00-18-3162-42,01-111,CIUDAD CAPITAL,ZONA 18,"COLEGIO EVANGÉLICO MIXTO  EJERCITO DE SALVACION ""MAYA""","LOTE 262, MANZANA 2, COL. MAYA",22601519,ROSA ALBA LOPEZ PIRIR,VILMA JEANNETTE MARROQUÍN XILOJ,PARVULOS,PRIVADO,URBANA,CERRADA TEMPORALMENTE,MONOLINGUE,MATUTINA,DIARIO(REGULAR),GUATEMALA NORTE
00-18-3162-43,01-01-0013,CIUDAD CAPITAL,ZONA 18,EORM NO. 590  CEIBA,KM. 13.5 RUTA AL ATLANTICO,22614866,CESAR ARNOLDO MARTINEZ GARCIA,ALFREDO DE JESÚS PALMA MARTÍNEZ,PRIMARIA,OFICIAL,RURAL,ABIERTA,MONOLINGUE,MATUTINA,DIARIO(REGULAR),GUATEMALA NORTE
00-18-3163-42,,CIUDAD CAPITAL,ZONA 18,EPDP EVANGELICO 'EJERCITO DE SALVACION',"LOTE 262, MANZANA 2, COLONIA MAYA ZONA 18",,,,PARVULOS,PRIVADO,URBANA,CERRADA DEFINITIVAMENTE,MONOLINGUE,MATUTINA,DIARIO(REGULAR),GUATEMALA NORTE
00-18-4012-42,,CIUDAD CAPITAL,ZONA 18,EODP,SANTA BARBARA,,,,PARVULOS,OFICIAL,URBANA,CERRADA DEFINITIVAMENTE,MONOLINGUE,MATUTINA,DIARIO(REGULAR),GUATEMALA NORTE
00-18-4418-45,,CIUDAD CAPITAL,ZONA 18,IPMB EVANGELICO 'HOGAR DE FE',"20 AVENIDA FINAL 20-00 ZONA 18, COLONIA PARAISO I",,,,BASICO,PRIVADO,URBANA,CERRADA DEFINITIVAMENTE,MONOLINGUE,NOCTURNA,DIARIO(REGULAR),GUATEMALA NORTE
00-18-4444-43,01-01-0009,CIUDAD CAPITAL,ZONA 18,COLEGIO MIXTO GALILEA,4A. CALLE  A  29-42 COLONIA GALILEA,56962412,YAMILET VERSALI AGUILAR PEREZ,JUANA EDITH LÓPEZ BARRIOS,PRIMARIA,PRIVADO,URBANA,ABIERTA,MONOLINGUE,MATUTINA,DIARIO(REGULAR),GUATEMALA NORTE
00-18-4445-43,01-110,CIUDAD CAPITAL,ZONA 18,CPMI 'JARDIN DE AMOR',"L. 584 MANZANA 5, COLONIA MAYA",52185515,ZUHILEM YESENIA ESTRADA ORTIZ,,PRIMARIA,PRIVADO,URBANA,CERRADA DEFINITIVAMENTE,MONOLINGUE,MATUTINA,DIARIO(REGULAR),GUATEMALA NORTE
00-18-4447-42,,CIUDAD CAPITAL,ZONA 18,EPDP 'LINDA INFANCIA',"2A. AVENIDA 13-07 ZONA 18, LAS COLINAS SAN RAFAEL 3",,,,PARVULOS,PRIVADO,URBANA,CERRADA DEFINITIVAMENTE,MONOLINGUE,MATUTINA,DIARIO(REGULAR),GUATEMALA NORTE
00-18-4448-42,01-01-0009,CIUDAD CAPITAL,ZONA 18,COLEGIO MIXTO GALILEA,4A. CALLE 'A' 29-42 GALILEA,30430700,YAMILET VERSALI AGUILAR PEREZ,MARÍA ELIZABETH LÓPEZ BARRENO,PARVULOS,PRIVADO,URBANA,ABIERTA,MONOLINGUE,MATUTINA,DIARIO(REGULAR),GUATEMALA NORTE
00-18-4449-45,01-01-0009,CIUDAD CAPITAL,ZONA 18,IPMB CRISTIANO 'ELIM NORTE',"KM. 6.5 RUTA AL ATLANTICO,",22585870,YAMILET VERSALI AGUILAR PEREZ,BERTA ELENA MORALES RUIZ,BASICO,PRIVADO,URBANA,ABIERTA,MONOLINGUE,MATUTINA,DIARIO(REGULAR),GUATEMALA NORTE
00-18-4450-45,01-104,CIUDAD CAPITAL,ZONA 18,IPMB 'MUNDO DE AMOR',8A. AVENIDA 10-78 COL. ATLANTIDA,22580315,ISRAEL PORTILLO HERNANDEZ,,BASICO,PRIVADO,URBANA,CERRADA TEMPORALMENTE,MONOLINGUE,MATUTINA,DIARIO(REGULAR),GUATEMALA NORTE
00-18-4586-42,01-106,CIUDAD CAPITAL,ZONA 18,LICEO ESPAÑOL APLICADO,KM. 15.5 RUTA AL ATLANTICO FINCA LA AVENTURERA,22555044,CESAR ARNOLDO MARTINEZ GARCIA,,PARVULOS,PRIVADO,URBANA,CERRADA DEFINITIVAMENTE,MONOLINGUE,MATUTINA,DIARIO(REGULAR),GUATEMALA NORTE
00-18-4587-43,01-106,CIUDAD CAPITAL,ZONA 18,LICEO ESPAÑOL APLICADO,KM. 15.5 RUTA AL ATLANTICO FINCA LA AVENTURERA,,CESAR ARNOLDO MARTINEZ GARCIA,,PRIMARIA,PRIVADO,URBANA,CERRADA DEFINITIVAMENTE,MONOLINGUE,MATUTINA,DIARIO(REGULAR),GUATEMALA NORTE
00-18-4655-45,,CIUDAD CAPITAL,ZONA 18,IPMB 'DULCE INFANCIA',"LOTE #11 MANZANA 5, COL. JUANA DE ARCO, ZONA 18",,,,BASICO,PRIVADO,URBANA,CERRADA TEMPORALMENTE,MONOLINGUE,MATUTINA,DIARIO(REGULAR),GUATEMALA NORTE
00-18-4713-42,,CIUDAD CAPITAL,ZONA 18,LICEO 'MONTE ALEGRE',"3A CALLE 'A' 29-81 ZONA 18, RESINDENCIALES ATLANTICO",,,,PARVULOS,PRIVADO,URBANA,CERRADA DEFINITIVAMENTE,MONOLINGUE,MATUTINA,DIARIO(REGULAR),GUATEMALA NORTE
00-18-4714-43,01-01-0009,CIUDAD CAPITAL,ZONA 18,COLEGIO EVANGELICO VALLE DE GERAR,"MANZANA II LOTE 40, COLONIA JUANA DE ARCO,",55955854,YAMILET VERSALI AGUILAR PEREZ,FAUSTINO  MORALES REYES,PRIMARIA,PRIVADO,URBANA,ABIERTA,MONOLINGUE,MATUTINA,DIARIO(REGULAR),GUATEMALA NORTE
00-18-6825-43,01-111,CIUDAD CAPITAL,ZONA 18,LICEO MIXTO 'MONTE ALEGRE',0 CALLE 'A' 28-97 RESIDENSIALES ATLANTICO,,ROSA ALBA LOPEZ PIRIR,,PRIMARIA,PRIVADO,URBANA,CERRADA TEMPORALMENTE,MONOLINGUE,MATUTINA,DIARIO(REGULAR),GUATEMALA NORTE
00-18-6826-42,01-110,CIUDAD CAPITAL,ZONA 18,LICEO 'MONTEALEGRE',0 CALLE 'A' 28-97 ZONA 18 RESIDENCIALES ATLANTICO,,ZUHILEM YESENIA ESTRADA ORTIZ,,PARVULOS,PRIVADO,URBANA,CERRADA DEFINITIVAMENTE,MONOLINGUE,MATUTINA,DIARIO(REGULAR),GUATEMALA NORTE
00-18-6897-43,,CIUDAD CAPITAL,ZONA 18,EOUM,COLONIA EL LIMON,,,,PRIMARIA,OFICIAL,URBANA,CERRADA DEFINITIVAMENTE,MONOLINGUE,MATUTINA,DIARIO(REGULAR),GUATEMALA NORTE
00-18-6953-42,,CIUDAD CAPITAL,ZONA 18,EPDP 'GILCHRIS',5A. AVENIDA 8-18 ZONA 18 RESIDENCIALES ATLANTIDA,22563132,,,PARVULOS,PRIVADO,URBANA,CERRADA DEFINITIVAMENTE,MONOLINGUE,MATUTINA,DIARIO(REGULAR),GUATEMALA NORTE
00-18-6954-45,01-01-0014,CIUDAD CAPITAL,ZONA 18,IPMB ING. MOSHE DAYAN,MANZANA 7 'A' LOTE 967 COLONIA MAYA,22553553,RONI GUSTABO PUAC IBAÑEZ,ANA MARIA CRUZ RECINOS,BASICO,PRIVADO,URBANA,ABIERTA,MONOLINGUE,MATUTINA,DIARIO(REGULAR),GUATEMALA NORTE
00-18-6955-46,,CIUDAD CAPITAL,ZONA 18,COLEGIO EVANGELICO 'HOGAR DE FE',20 AV. FINAL 20-00 ZONA 18 COLONIA PARAISO I,,,,DIVERSIFICADO,PRIVADO,URBANA,CERRADA DEFINITIVAMENTE,MONOLINGUE,NOCTURNA,DIARIO(REGULAR),GUATEMALA NORTE
00-18-6957-43,01-01-0011,CIUDAD CAPITAL,ZONA 18,EOUM,13 CALLE D 21-20 ASENTAMIENTO 14 DE ENERO,58904872,YAMILET VERSALI AGUILAR PEREZ,LUIS ARMANDO CUTÉ CARRANZA,PRIMARIA,OFICIAL,URBANA,ABIERTA,MONOLINGUE,MATUTINA,DIARIO(REGULAR),GUATEMALA NORTE
00-18-6958-43,01-111,CIUDAD CAPITAL,ZONA 18,CENTRO EDUCATIVO JUAN PABLO II,"14 CALLE  A  3-02 LAS COLINAS, SAN RAFAEL LA LAGUNA",22571320,ROSA ALBA LOPEZ PIRIR,IRIS MAGNOLIA GARCÍA SAMAYOA,PRIMARIA,PRIVADO,URBANA,CERRADA DEFINITIVAMENTE,MONOLINGUE,MATUTINA,DIARIO(REGULAR),GUATEMALA NORTE
00-18-6959-43,,CIUDAD CAPITAL,ZONA 18,LICEO MIXTO PEDAGOGICO 'APRENDER ES VIVIR',LOTE 260 MANZANA 11 ZONA 18 COLONIA EL ROSARIO,,,,PRIMARIA,PRIVADO,URBANA,CERRADA TEMPORALMENTE,MONOLINGUE,MATUTINA,DIARIO(REGULAR),GUATEMALA NORTE
00-18-6971-42,01-111,CIUDAD CAPITAL,ZONA 18,CENTRO EDUCATIVO JUAN PABLO II,"14 CALLE  A  3-02 LAS COLINAS, SAN RAFAEL LA LAGUNA",22571320,ROSA ALBA LOPEZ PIRIR,IRIS MAGNOLIA GARCÍA SAMAYOA,PARVULOS,PRIVADO,URBANA,CERRADA DEFINITIVAMENTE,MONOLINGUE,MATUTINA,DIARIO(REGULAR),GUATEMALA NORTE
00-18-6972-42,01-01-0018,CIUDAD CAPITAL,ZONA 18,EODP SAN RAFAEL III LAS COLINAS,13 CALLE B 03-80 SAN RAFAEL III,22573205,ISRAEL PORTILLO HERNÁNDEZ,JACQUELINE WHALESKA CASTILLO MONZÓN,PARVULOS,OFICIAL,URBANA,ABIERTA,MONOLINGUE,MATUTINA,DIARIO(REGULAR),GUATEMALA NORTE
00-18-6986-42,01-01-0020,CIUDAD CAPITAL,ZONA 18,EODP ANEXA A EOUM NO.436,"25 AVENIDA 12-10, COLONIA PARAISO I",44664436,ISRAEL PORTILLO HERNÁNDEZ,GHANDI NICOLAS GRANADOS HERNANDEZ,PARVULOS,OFICIAL,URBANA,ABIERTA,MONOLINGUE,VESPERTINA,DIARIO(REGULAR),GUATEMALA NORTE
00-18-6998-42,,CIUDAD CAPITAL,ZONA 18,EOUM 'OSCAR DE LEON PALACIOS# #590,KM. 13.5 RUTA AL ATLANTICO ZONA 18,,,,PARVULOS,OFICIAL,URBANA,CERRADA DEFINITIVAMENTE,MONOLINGUE,MATUTINA,DIARIO(REGULAR),GUATEMALA NORTE
00-18-7019-45,,CIUDAD CAPITAL,ZONA 18,IPMB 'GRANJA ENCANTADA',"GRANJA AGUA TIBIA, LOTE 51, LAS TAPIAS ZONA 18",,,,BASICO,PRIVADO,URBANA,CERRADA TEMPORALMENTE,MONOLINGUE,VESPERTINA,DIARIO(REGULAR),GUATEMALA NORTE
00-18-7020-45,01-01-0023,CIUDAD CAPITAL,ZONA 18,INSTITUTO NACIONAL EXPERIMENTAL DE EDUCACION BASICA CON ORIENTACION OCUPACIONAL PROFESOR HECTOR NERI CASTAÑEDA CALDERON,KM. 9 RUTA AL ATLANTICO,22616422,CESAR ARNOLDO MARTINEZ GARCIA,SILDA NINETH MALDONADO CARDONA,BASICO,OFICIAL,URBANA,ABIERTA,MONOLINGUE,MATUTINA,DIARIO(REGULAR),GUATEMALA NORTE
00-18-7026-42,,CIUDAD CAPITAL,ZONA 18,LICEO PEDAGOGICO APRENDER ES VIVIR,LOTE 260 MANZANA 11 ZONA 18 COLONIA EL ROSARIO,,,,PARVULOS,PRIVADO,URBANA,CERRADA DEFINITIVAMENTE,MONOLINGUE,MATUTINA,DIARIO(REGULAR),GUATEMALA NORTE
00-18-7032-42,01-01-0013,CIUDAD CAPITAL,ZONA 18,EODP ANEXA A EOUM SANTA BARBARA,"KM. 15.5 RUTA AL ATLANTICO, COLONIA SANTA BARBARA",42227387,CESAR ARNOLDO MARTINEZ GARCIA,THELMA VIOLETA ESPAÑA REYES,PARVULOS,OFICIAL,URBANA,ABIERTA,MONOLINGUE,MATUTINA,DIARIO(REGULAR),GUATEMALA NORTE
00-18-7040-45,,CIUDAD CAPITAL,ZONA 18,INEE FE Y ALEGRIA NO. 5,"KM. 7.5 CARRETERA SAN PEDRO AYAMPUC, ZONA 18 COL. EL LIMON",,,,BASICO,OFICIAL,URBANA,CERRADA DEFINITIVAMENTE,MONOLINGUE,MATUTINA,DIARIO(REGULAR),GUATEMALA NORTE
00-18-7051-45,01-01-0021,CIUDAD CAPITAL,ZONA 18,INSTITUTO NACIONAL DE EDUCACIÓN BÁSICA,17 CALLE 21 AV. B  FINAL COL. ALAMEDA NORTE,42284345,ISRAEL PORTILLO HERNÁNDEZ,ALBA LUZ RODRIGUEZ GARCIA,BASICO,OFICIAL,URBANA,ABIERTA,MONOLINGUE,MATUTINA,DIARIO(REGULAR),GUATEMALA NORTE
00-18-7064-46,01-01-0013,CIUDAD CAPITAL,ZONA 18,COLEGIO MIXTO JUVENTUD ACTIVA,"KILOMETR0 15, RUTA AL ATLANTICO, COLONIA SAN PASCUAL II, LOTE 6 Y 12",22554550,CESAR ARNOLDO MARTINEZ GARCIA,WENCESLAO  TOBAR SALGUERO,DIVERSIFICADO,PRIVADO,URBANA,ABIERTA,MONOLINGUE,MATUTINA,DIARIO(REGULAR),GUATEMALA NORTE
00-18-7065-45,,CIUDAD CAPITAL,ZONA 18,LICEO MIXTO 'MONTE ALEGRE',"15 CALLE 30-15 ZONA 18, COLONIA LOS PINOS",,,,BASICO,PRIVADO,URBANA,CERRADA DEFINITIVAMENTE,MONOLINGUE,VESPERTINA,DIARIO(REGULAR),GUATEMALA NORTE
00-18-7074-45,01-104,CIUDAD CAPITAL,ZONA 18,LICEO SAN RAFAEL ARCANGEL,10 CALLE 2-19 SAN RAFAEL I,22420042,ISRAEL PORTILLO HERNANDEZ,JOSEFA AMELIA LOPEZ URRUTIA,BASICO,PRIVADO,URBANA,CERRADA DEFINITIVAMENTE,MONOLINGUE,VESPERTINA,DIARIO(REGULAR),GUATEMALA NORTE
00-18-7075-42,,CIUDAD CAPITAL,ZONA 18,CPMI 'SAN RAFAEL',"LOTE 10 MZ. 29 COLONIA 'JUANA DE ARCO', ZONA 18",22561718,,,PARVULOS,PRIVADO,URBANA,CERRADA TEMPORALMENTE,MONOLINGUE,MATUTINA,DIARIO(REGULAR),GUATEMALA NORTE
00-18-7076-43,01-106,CIUDAD CAPITAL,ZONA 18,CPMI SAN RAFAEL,LOTE 10 MZ. 29 COLONIA JUANA DE ARCO,30415710,CESAR ARNOLDO MARTINEZ GARCIA,OSCAR DAVID RODENAS CUESI,PRIMARIA,PRIVADO,URBANA,CERRADA TEMPORALMENTE,MONOLINGUE,MATUTINA,DIARIO(REGULAR),GUATEMALA NORTE
00-18-7077-45,01-106,CIUDAD CAPITAL,ZONA 18,INSTITUTO PARTICULAR MIXTO 'SAN RAFAEL',"LOTE 21, COLONIA LO DE RODRIGUEZ KILOMETRO 12.5 RUTA AL ATLANTICO",53095105-53173610,CESAR ARNOLDO MARTINEZ GARCIA,,BASICO,PRIVADO,URBANA,CERRADA TEMPORALMENTE,MONOLINGUE,VESPERTINA,DIARIO(REGULAR),GUATEMALA NORTE
00-18-7107-42,01-111,CIUDAD CAPITAL,ZONA 18,JARDIN INFANTIL 'KENNEDY',"7A. CALLE LOTE 6 'A' ANEXO KENNEDY,",59036365,ROSA ALBA LOPEZ PIRIR,,PARVULOS,PRIVADO,URBANA,CERRADA TEMPORALMENTE,MONOLINGUE,MATUTINA,DIARIO(REGULAR),GUATEMALA NORTE
00-18-7122-42,01-01-0018,CIUDAD CAPITAL,ZONA 18,EODP ANEXA A EOUM,COLONIA SAN RAFAEL LA LAGUNA III,56982623,ISRAEL PORTILLO HERNÁNDEZ,MARINA  AJCOJÓN JULAJUJ,PARVULOS,OFICIAL,URBANA,ABIERTA,MONOLINGUE,MATUTINA,DIARIO(REGULAR),GUATEMALA NORTE
00-18-7123-42,01-01-0018,CIUDAD CAPITAL,ZONA 18,EODP ANEXA A EOUM,"13 AVENIDA 13-00, COLONIA SAN RAFAEL LA LAGUNA II",22423503,ISRAEL PORTILLO HERNÁNDEZ,ABDI NOEMI ESCOBAR CHINCHILLA,PARVULOS,OFICIAL,URBANA,ABIERTA,MONOLINGUE,VESPERTINA,DIARIO(REGULAR),GUATEMALA NORTE
00-18-7125-42,,CIUDAD CAPITAL,ZONA 18,EODP NO.53 JUANA DE ARCO,"5A. CALLE 10-45, ZONA 18 COLONIA JUANA DE ARCO, CIUDAD CAPITAL, GUATEMALA",,,,PARVULOS,OFICIAL,URBANA,CERRADA DEFINITIVAMENTE,MONOLINGUE,MATUTINA,DIARIO(REGULAR),GUATEMALA NORTE
00-18-7130-43,01-01-0011,CIUDAD CAPITAL,ZONA 18,EOUM,"13 CALLE, SECTOR 6, MANZANA 56, COLONIA EL LIMON,",30010199,YAMILET VERSALI AGUILAR PEREZ,HELEN ELIANA BAL SAJBOCHOL,PRIMARIA,OFICIAL,URBANA,ABIERTA,MONOLINGUE,VESPERTINA,DIARIO(REGULAR),GUATEMALA NORTE
00-18-7132-43,01-01-0021,CIUDAD CAPITAL,ZONA 18,EOUM,COLONIA LOMAS DE SANTA FAZ,59154430,ISRAEL PORTILLO HERNÁNDEZ,SANDRA MARIBEL HERNÁNDEZ ENRÍQUEZ,PRIMARIA,OFICIAL,URBANA,ABIERTA,MONOLINGUE,VESPERTINA,DIARIO(REGULAR),GUATEMALA NORTE
00-18-7191-42,,CIUDAD CAPITAL,ZONA 18,CENTRO EDUCACIONAL INTEGRAL 'KANTIANO',COLONIA RESIDENCIAL SAN RAFAEL EL PRADO LOTE 17 Y 18 ZONA 18,22585420,,,PARVULOS,PRIVADO,URBANA,CERRADA TEMPORALMENTE,MONOLINGUE,MATUTINA,DIARIO(REGULAR),GUATEMALA NORTE
00-18-7192-43,,CIUDAD CAPITAL,ZONA 18,CENTRO EDUCACIONAL INTEGRAL 'KANTIANO',COLONIA RESIDENCIAL SAN RAFAEL EL PRADO LOTE 17 Y 18 ZONA 18,22895137,,,PRIMARIA,PRIVADO,URBANA,CERRADA TEMPORALMENTE,MONOLINGUE,MATUTINA,DIARIO(REGULAR),GUATEMALA NORTE
00-18-7228-42,01-111,CIUDAD CAPITAL,ZONA 18,LICEO PINARES,59 AVE. 'B' 2-28 PINARES DEL NORTE,22571182,ROSA ALBA LOPEZ PIRIR,,PARVULOS,PRIVADO,URBANA,CERRADA TEMPORALMENTE,MONOLINGUE,MATUTINA,DIARIO(REGULAR),GUATEMALA NORTE
00-18-7229-43,01-111,CIUDAD CAPITAL,ZONA 18,LICEO PINARES,59 AVE. 'B' 2-28 PINARES DEL NORTE,22571180,ROSA ALBA LOPEZ PIRIR,,PRIMARIA,PRIVADO,URBANA,CERRADA TEMPORALMENTE,MONOLINGUE,MATUTINA,DIARIO(REGULAR),GUATEMALA NORTE
00-18-7235-45,01-01-0011,CIUDAD CAPITAL,ZONA 18,LICEO DE CIENCIAS Y TECNICAS DE COMPUTACION,0 CALLE 12-67 RUTA AL ATLANTICO KM. 5.5,22584488,YAMILET VERSALI AGUILAR PEREZ,WALTER GUILLERMO MURALLES LOPEZ,BASICO,PRIVADO,URBANA,ABIERTA,MONOLINGUE,MATUTINA,DIARIO(REGULAR),GUATEMALA NORTE
00-18-7236-45,,CIUDAD CAPITAL,ZONA 18,LICEO DE CIENCIAS Y TECNICAS DE COMPUTACION,0 CALLE 12-67 RUTA AL ATLANTICO KM. 5.5,,,,BASICO,PRIVADO,URBANA,CERRADA TEMPORALMENTE,MONOLINGUE,VESPERTINA,DIARIO(REGULAR),GUATEMALA NORTE
00-18-7237-46,01-01-0011,CIUDAD CAPITAL,ZONA 18,LICEO DE CIENCIAS Y TECNICAS DE COMPUTACION,0 CALLE 12-67 RUTA AL ATLANTICO,22584488,YAMILET VERSALI AGUILAR PEREZ,WALTER GUILLERMO MURALLES LOPEZ,DIVERSIFICADO,PRIVADO,URBANA,ABIERTA,MONOLINGUE,MATUTINA,DIARIO(REGULAR),GUATEMALA NORTE
00-18-7238-46,,CIUDAD CAPITAL,ZONA 18,LICEO DE CIENCIAS Y TECNICAS DE COMPUTACION,0 CALLE 12-67 RUTA AL ATLANTICO KM. 5.5,,,,DIVERSIFICADO,PRIVADO,URBANA,CERRADA DEFINITIVAMENTE,MONOLINGUE,VESPERTINA,DIARIO(REGULAR),GUATEMALA NORTE
00-18-7273-42,01-01-0011,CIUDAD CAPITAL,ZONA 18,EODP ANEXA A EOUM,COLONIA EL LIMON,58904872,YAMILET VERSALI AGUILAR PEREZ,LUIS ARMANDO CUTÉ CARRANZA,PARVULOS,OFICIAL,URBANA,ABIERTA,MONOLINGUE,MATUTINA,DIARIO(REGULAR),GUATEMALA NORTE
00-18-7277-42,,CIUDAD CAPITAL,ZONA 18,COLEGIO MIXTO CRISTIANO 'CRISTO REY',"14 CALLE 9-23, COLONIA SAN RAFAEL III, LAS COLINAS, ZONA 18.",,,,PARVULOS,PRIVADO,URBANA,CERRADA TEMPORALMENTE,MONOLINGUE,MATUTINA,DIARIO(REGULAR),GUATEMALA NORTE
00-18-7278-43,,CIUDAD CAPITAL,ZONA 18,COLEGIO MIXTO CRISTIANO 'CRISTO REY',"14 CALLE 9-23, COLONIA SAN RAFAEL III, LAS COLINAS, ZONA 18.",,,,PRIMARIA,PRIVADO,URBANA,CERRADA TEMPORALMENTE,MONOLINGUE,MATUTINA,DIARIO(REGULAR),GUATEMALA NORTE
00-18-7348-45,,CIUDAD CAPITAL,ZONA 18,LICEO MONTEALEGRE,"O CALLE 'A' 28-97 ZONA 18, COLONIA RESIDENCIALES ATLANTICO",22551072,,,BASICO,PRIVADO,URBANA,CERRADA DEFINITIVAMENTE,MONOLINGUE,MATUTINA,DIARIO(REGULAR),GUATEMALA NORTE
00-18-7371-42,01-01-0009,CIUDAD CAPITAL,ZONA 18,EODP NO.110  JUANA DE ARCO,"19 AVENIDA 12-30, COLONIA JUANA DE ARCO",40375079,YAMILET VERSALI AGUILAR PEREZ,MIRIAM JUDITH GARCIA GONZÁLEZ,PARVULOS,OFICIAL,URBANA,ABIERTA,MONOLINGUE,MATUTINA,DIARIO(REGULAR),GUATEMALA NORTE
00-18-7476-45,01-01-0019,CIUDAD CAPITAL,ZONA 18,COLEGIO MIXTO EVANGELICO 'GILGAL',"7A. CALLE 'A' 59-49, COLONIA PINARES DEL NORTE",58258355,ISRAEL PORTILLO HERNÁNDEZ,CÉSAR AUGUSTO PINEDA PÉREZ,BASICO,PRIVADO,URBANA,ABIERTA,MONOLINGUE,VESPERTINA,DIARIO(REGULAR),GUATEMALA NORTE
00-18-7492-42,01-01-0018,CIUDAD CAPITAL,ZONA 18,EODP ANEXA A EOUM NO.65 'DOMINGO JUARROS',"COLONIA SAN RAFAEL III, LAS COLINAS",54313797,ISRAEL PORTILLO HERNÁNDEZ,MARÍA ANGÉLICA GONZÁLEZ MEJÍA,PARVULOS,OFICIAL,URBANA,ABIERTA,MONOLINGUE,VESPERTINA,DIARIO(REGULAR),GUATEMALA NORTE
00-18-7493-42,,CIUDAD CAPITAL,ZONA 18,EODP ANEXA SAN RAFAEL LA LAGUNA II,,,,,PARVULOS,OFICIAL,URBANA,CERRADA DEFINITIVAMENTE,MONOLINGUE,MATUTINA,DIARIO(REGULAR),GUATEMALA NORTE
00-18-7494-42,01-01-0021,CIUDAD CAPITAL,ZONA 18,EODP LOMAS DE SANTA FAZ,"MANZANA A SECTOR NO.1 LOTE N0.5, COLONIA LOMAS DE SANTA FAZ",22422735,ISRAEL PORTILLO HERNÁNDEZ,BRENDA CECIBEL RUEDA ESTRADA,PARVULOS,OFICIAL,URBANA,ABIERTA,MONOLINGUE,VESPERTINA,DIARIO(REGULAR),GUATEMALA NORTE
00-18-7495-42,01-01-0013,CIUDAD CAPITAL,ZONA 18,EODP ANEXA NO. 590  LA CEIBA,KM. 13.5 RUTA AL ATLANTICO,22614866,CESAR ARNOLDO MARTINEZ GARCIA,ALFREDO DE JESÚS PALMA MARTÍNEZ,PARVULOS,OFICIAL,URBANA,ABIERTA,MONOLINGUE,MATUTINA,DIARIO(REGULAR),GUATEMALA NORTE
00-18-7496-42,01-01-0016,CIUDAD CAPITAL,ZONA 18,EODP ANEXA A EORM NO. 467  LA PASCUA,"CAMINO A LA FINCA LA PASCUA,",,RONI GUSTABO PUAC IBAÑEZ,GUSTAVO ALONZO HERNÁNDEZ BOJORQUEZ,PARVULOS,OFICIAL,URBANA,ABIERTA,MONOLINGUE,MATUTINA,DIARIO(REGULAR),GUATEMALA NORTE
00-18-7497-42,01-01-0015,CIUDAD CAPITAL,ZONA 18,EODP ANEXA A EOUM NO.385,ALDEA LAS TAPIAS,52133755,RONI GUSTABO PUAC IBAÑEZ,FRANCISCA  CHIPIX LÓPEZ,PARVULOS,OFICIAL,URBANA,ABIERTA,MONOLINGUE,VESPERTINA,DIARIO(REGULAR),GUATEMALA NORTE
00-18-7498-42,01-01-0015,CIUDAD CAPITAL,ZONA 18,EODP ANEXA A EOUM NO.111,CALLE REAL LAS TAPIAS,22554154,RONI GUSTABO PUAC IBAÑEZ,EVELIN SIOMARA FRANCO CHUR,PARVULOS,OFICIAL,URBANA,ABIERTA,MONOLINGUE,MATUTINA,DIARIO(REGULAR),GUATEMALA NORTE
00-18-7499-42,,CIUDAD CAPITAL,ZONA 18,EODP ANEXA NO.602,ALDEA CONCEPCION EL CHATO,22554616,,,PARVULOS,OFICIAL,URBANA,CERRADA DEFINITIVAMENTE,MONOLINGUE,MATUTINA,DIARIO(REGULAR),GUATEMALA NORTE
00-18-7500-42,01-01-0013,CIUDAD CAPITAL,ZONA 18,"EODP ANEXA A EOUM NO.315, JM, COMUNIDAD SAN PASCUAL III,",KM. 15 RUTA AL ATLÁNTICO COMUNIDAD SAN PASCUAL III,22554871,CESAR ARNOLDO MARTINEZ GARCIA,AMÉRICA CECILIA LÓPEZ PINEDA,PARVULOS,OFICIAL,URBANA,ABIERTA,MONOLINGUE,MATUTINA,DIARIO(REGULAR),GUATEMALA NORTE
00-18-7501-42,01-01-0020,CIUDAD CAPITAL,ZONA 18,EODP -PAIN-,23 AV. 12-68 PARAISO I SALON COMUNAL,54268220,ISRAEL PORTILLO HERNÁNDEZ,JESSICA CORINA MONTERROZA LÓPEZ,PARVULOS,OFICIAL,URBANA,ABIERTA,MONOLINGUE,MATUTINA,DIARIO(REGULAR),GUATEMALA NORTE
00-18-7502-43,01-01-0016,CIUDAD CAPITAL,ZONA 18,EORM NO.467,"COLONIA LA PASCUA, CAMINO A FINCA LA PASCUA",,RONI GUSTABO PUAC IBAÑEZ,GUSTAVO ALONZO HERNÁNDEZ BOJORQUEZ,PRIMARIA,OFICIAL,URBANA,ABIERTA,MONOLINGUE,MATUTINA,DIARIO(REGULAR),GUATEMALA NORTE
00-18-7503-43,01-01-0015,CIUDAD CAPITAL,ZONA 18,EOUM NO.385,ALDEA LAS TAPIAS,52133755,RONI GUSTABO PUAC IBAÑEZ,FRANCISCA  CHIPIX LÓPEZ,PRIMARIA,OFICIAL,URBANA,ABIERTA,MONOLINGUE,VESPERTINA,DIARIO(REGULAR),GUATEMALA NORTE
00-18-7504-43,01-01-0015,CIUDAD CAPITAL,ZONA 18,EOUM NO.111,CALLE REAL LAS TAPIAS,22554154,RONI GUSTABO PUAC IBAÑEZ,EVELIN SIOMARA FRANCO CHUR,PRIMARIA,OFICIAL,URBANA,ABIERTA,MONOLINGUE,MATUTINA,DIARIO(REGULAR),GUATEMALA NORTE
00-18-7505-43,,CIUDAD CAPITAL,ZONA 18,EORM NO. 602,ALDEA 'EL CHATO',,,,PRIMARIA,OFICIAL,RURAL,CERRADA DEFINITIVAMENTE,MONOLINGUE,MATUTINA,DIARIO(REGULAR),GUATEMALA NORTE
00-18-7506-43,01-01-0013,CIUDAD CAPITAL,ZONA 18,EOUM NO. 315 COMUNIDAD SAN PASCUAL III,KM.15 RUTA AL ATLANTICO,22554871,CESAR ARNOLDO MARTINEZ GARCIA,AMÉRICA CECILIA LÓPEZ PINEDA,PRIMARIA,OFICIAL,URBANA,ABIERTA,MONOLINGUE,MATUTINA,DIARIO(REGULAR),GUATEMALA NORTE
00-18-7507-43,01-01-0021,CIUDAD CAPITAL,ZONA 18,EOUM,LOMAS DE SANTA FAZ,22425359,ISRAEL PORTILLO HERNÁNDEZ,MARÍA DE LOS ANGELES RUANO ALMEDA,PRIMARIA,OFICIAL,URBANA,ABIERTA,MONOLINGUE,MATUTINA,DIARIO(REGULAR),GUATEMALA NORTE
00-18-7508-43,,CIUDAD CAPITAL,ZONA 18,EOUM 455 PARAISO II SECTOR III,ZONA 18 GUATEMALA,,,,PRIMARIA,OFICIAL,URBANA,CERRADA DEFINITIVAMENTE,MONOLINGUE,MATUTINA,DIARIO(REGULAR),GUATEMALA NORTE
00-18-7509-43,,CIUDAD CAPITAL,ZONA 18,EORM #85,COLONIA LOMAS DEL NORTE,,,,PRIMARIA,OFICIAL,RURAL,CERRADA DEFINITIVAMENTE,MONOLINGUE,MATUTINA,DIARIO(REGULAR),GUATEMALA NORTE
00-18-7515-45,01-110,CIUDAD CAPITAL,ZONA 18,INSTITUTO EXPERIMENTAL DE EDUCACION BASICA FE Y ALEGRIA # 5,"KM. 7.5 CARRETERA A SAN PEDRO AYAMPUC, COLONIA EL LIMON",22602418,ZUHILEM YESENIA ESTRADA ORTIZ,,BASICO,OFICIAL,URBANA,CERRADA TEMPORALMENTE,MONOLINGUE,VESPERTINA,DIARIO(REGULAR),GUATEMALA NORTE
00-18-7516-45,01-01-0016,CIUDAD CAPITAL,ZONA 18,"LICEO MIXTO EVANGELICO ""FUENTE DE ENSEÑANZA""",LOTE 25 Y 40 DE LA SECCIÓN G COLONIA LAS ILUSIONES,59452532,RONI GUSTABO PUAC IBAÑEZ,MARIA LUISA CHACON ALDANA,BASICO,PRIVADO,URBANA,ABIERTA,MONOLINGUE,MATUTINA,DIARIO(REGULAR),GUATEMALA NORTE
00-18-7517-45,01-110,CIUDAD CAPITAL,ZONA 18,LICEO MONTEALEGRE,0 CALLE 28-97 RESIDENCIALES ATLANTICO,22551072,ZUHILEM YESENIA ESTRADA ORTIZ,,BASICO,PRIVADO,URBANA,CERRADA DEFINITIVAMENTE,MONOLINGUE,VESPERTINA,DIARIO(REGULAR),GUATEMALA NORTE
00-18-7529-45,,CIUDAD CAPITAL,ZONA 18,LICEO AMERICANO TECNOLOGICO DE COMPUTACION,MZ. 1 LOTE 192 COLONIA MAYA,22600294,,,BASICO,PRIVADO,URBANA,CERRADA DEFINITIVAMENTE,MONOLINGUE,MATUTINA,DIARIO(REGULAR),GUATEMALA NORTE
00-18-7562-42,01-111,CIUDAD CAPITAL,ZONA 18,COLEGIO INFANTIL 'RETOYOS',"61AV. 'D' 5-07 ZONA 18, PINARES DEL NORTE",22423043,ROSA ALBA LOPEZ PIRIR,,PARVULOS,PRIVADO,URBANA,CERRADA TEMPORALMENTE,MONOLINGUE,MATUTINA,DIARIO(REGULAR),GUATEMALA NORTE
00-18-7582-42,01-110,CIUDAD CAPITAL,ZONA 18,CENTRO INTERACTIVO DE EDUCACION 'CREARE',3A. CALLE B 7-72 COL. RESIDENCIALES ATLANTIDA,22582231,ZUHILEM YESENIA ESTRADA ORTIZ,,PARVULOS,PRIVADO,URBANA,CERRADA TEMPORALMENTE,MONOLINGUE,MATUTINA,DIARIO(REGULAR),GUATEMALA NORTE
00-18-7584-45,01-111,CIUDAD CAPITAL,ZONA 18,LICEO PINARES,59 AVE. 'B' 6-28 PINARES DEL NORTE,22571180,ROSA ALBA LOPEZ PIRIR,,BASICO,PRIVADO,URBANA,CERRADA TEMPORALMENTE,MONOLINGUE,MATUTINA,DIARIO(REGULAR),GUATEMALA NORTE
00-18-7592-42,,CIUDAD CAPITAL,ZONA 18,LICEO AMERICANO TECNOLOGICO DE COMPUTACION,LOTE 192 MANZANA 1 COLONIA MAYA,22553550,,,PARVULOS,PRIVADO,URBANA,CERRADA DEFINITIVAMENTE,MONOLINGUE,MATUTINA,DIARIO(REGULAR),GUATEMALA NORTE
00-18-7593-43,,CIUDAD CAPITAL,ZONA 18,LICEO AMERICANO TECNOLOGICO DE COMPUTO,LOTE 192 MANZANA 1 COLONIA MAYA,22553550,,,PRIMARIA,PRIVADO,URBANA,CERRADA DEFINITIVAMENTE,MONOLINGUE,MATUTINA,DIARIO(REGULAR),GUATEMALA NORTE
00-18-7594-43,,CIUDAD CAPITAL,ZONA 18,LICEO AMERICANO TECNOLOGICO DE COMPUTACION,LOTE 192 MANZANA 1 COLONIA MAYA,22553550,,,PRIMARIA,PRIVADO,URBANA,CERRADA DEFINITIVAMENTE,MONOLINGUE,VESPERTINA,DIARIO(REGULAR),GUATEMALA NORTE
00-18-7595-45,,CIUDAD CAPITAL,ZONA 18,LICEO AMERICANO TECNOLOGICO DE COMPUTACION,LOTE 192 MANZANA 1 COLONIA MAYA,22553550,,,BASICO,PRIVADO,URBANA,CERRADA DEFINITIVAMENTE,MONOLINGUE,VESPERTINA,DIARIO(REGULAR),GUATEMALA NORTE
00-18-7596-46,,CIUDAD CAPITAL,ZONA 18,LICEO AMERICANO TECNOLOGICO DE COMPUTACION,LOTE 192 MANZANA 1 COLONIA MAYA,22553550,,,DIVERSIFICADO,PRIVADO,URBANA,CERRADA DEFINITIVAMENTE,MONOLINGUE,MATUTINA,DIARIO(REGULAR),GUATEMALA NORTE
00-18-7635-43,01-01-0016,CIUDAD CAPITAL,ZONA 18,CPUM LICEO MIXTO EVANGELICO 'FUENTE DE ENSEÑANZA',LOTE 25 Y 40 DE LA SECCIÓN G COLONIA LAS ILUSIONES,59452532,RONI GUSTABO PUAC IBAÑEZ,MARIA LUISA CHACON ALDANA,PRIMARIA,PRIVADO,URBANA,ABIERTA,MONOLINGUE,MATUTINA,DIARIO(REGULAR),GUATEMALA NORTE
00-18-7657-46,,CIUDAD CAPITAL,ZONA 18,LICEO TECNICO.,4AV. LOTE 460 COLONIA KENNEDY ZONA 18.,22428911,,,DIVERSIFICADO,PRIVADO,URBANA,CERRADA TEMPORALMENTE,MONOLINGUE,MATUTINA,DIARIO(REGULAR),GUATEMALA NORTE
00-18-7658-46,,CIUDAD CAPITAL,ZONA 18,LICEO AMERICANO TECNOLOGICO EN COMPUTACION,LOTE 192 MANZANA 1 COLONIA MAYA,,,,DIVERSIFICADO,PRIVADO,URBANA,CERRADA TEMPORALMENTE,MONOLINGUE,DOBLE,SABATINO,GUATEMALA NORTE
00-18-7659-44,,CIUDAD CAPITAL,ZONA 18,LICEO AMERICANO TECNOLOGICO DE COMPUTACION,LOTE 192 MANZANA 1 COLONIA MAYA,,,,PRIMARIA DE ADULTOS,PRIVADO,URBANA,CERRADA TEMPORALMENTE,MONOLINGUE,INTERMEDIA,DIARIO(REGULAR),GUATEMALA NORTE
00-18-7660-45,,CIUDAD CAPITAL,ZONA 18,LICEO AMERICANO TECNOLOGICO DE COMPUTACION,LOTE 192 MANZANA 1 COLONIA MAYA,,,,BASICO,PRIVADO,URBANA,CERRADA TEMPORALMENTE,MONOLINGUE,INTERMEDIA,DIARIO(REGULAR),GUATEMALA NORTE
00-18-7662-45,,CIUDAD CAPITAL,ZONA 18,LICEO AMERICANO TECNOLOGICO DE COMPUTACION,LOTE 192 MANZANA 1 COLONIA MAYA,,,,BASICO,PRIVADO,URBANA,CERRADA TEMPORALMENTE,MONOLINGUE,DOBLE,SABATINO,GUATEMALA NORTE
00-18-7663-44,,CIUDAD CAPITAL,ZONA 18,LICEO AMERICANO TECNOLOGICO DE COMPUTACION,LOTE 192 MANZANA 1 COLONIA MAYA,,,,PRIMARIA DE ADULTOS,PRIVADO,URBANA,CERRADA DEFINITIVAMENTE,MONOLINGUE,MATUTINA,SABATINO,GUATEMALA NORTE
00-18-7665-42,,CIUDAD CAPITAL,ZONA 18,JARDIN INFANTIL KENNEDY,6AV. LOTE 205 COLONIA KENNEDY ZONA 18,,,,PARVULOS,PRIVADO,URBANA,CERRADA DEFINITIVAMENTE,MONOLINGUE,MATUTINA,DIARIO(REGULAR),GUATEMALA NORTE
00-18-7682-43,01-110,CIUDAD CAPITAL,ZONA 18,EORM NO. 454,COLONIA SANTA ELENA III ZONA 18 GUATEMALA,,ZUHILEM YESENIA ESTRADA ORTIZ,,PRIMARIA,OFICIAL,RURAL,CERRADA TEMPORALMENTE,MONOLINGUE,VESPERTINA,DIARIO(REGULAR),GUATEMALA NORTE
00-18-7684-43,01-01-0013,CIUDAD CAPITAL,ZONA 18,ESCUELA OFICIAL RURAL MIXTA NO.590 LO DE RODRÍGUEZ,LO DE RODRIGUEZ,22615426,CESAR ARNOLDO MARTINEZ GARCIA,CELSO ARTURO VÁSQUEZ PAXTOR,PRIMARIA,OFICIAL,RURAL,ABIERTA,MONOLINGUE,VESPERTINA,DIARIO(REGULAR),GUATEMALA NORTE
00-18-7685-43,,CIUDAD CAPITAL,ZONA 18,EORM NO. 611,COLONIA EL ROSARIO,,,,PRIMARIA,OFICIAL,RURAL,CERRADA DEFINITIVAMENTE,MONOLINGUE,VESPERTINA,DIARIO(REGULAR),GUATEMALA NORTE
00-18-7689-43,01-01-0020,CIUDAD CAPITAL,ZONA 18,EOUM ALAMEDA III NO.439,"25 AVENIDA Y 12 CALLE, COLONIA PARAISO 1",36326429,ISRAEL PORTILLO HERNÁNDEZ,FLUDBIA ISABEL ZAMORA VARGAS,PRIMARIA,OFICIAL,URBANA,ABIERTA,MONOLINGUE,VESPERTINA,DIARIO(REGULAR),GUATEMALA NORTE
00-18-7694-42,01-01-0011,CIUDAD CAPITAL,ZONA 18,EODP ANEXA A EOUM,13 CALLE SECTOR 6 MANZANA 56 COLONIA EL LIMON,30010199,YAMILET VERSALI AGUILAR PEREZ,HELEN ELIANA BAL SAJBOCHOL,PARVULOS,OFICIAL,URBANA,ABIERTA,MONOLINGUE,VESPERTINA,DIARIO(REGULAR),GUATEMALA NORTE
00-18-7695-42,01-01-0014,CIUDAD CAPITAL,ZONA 18,"EODP ANEXA A EOUM  NO. 76 JV,  ""FRAY IGNACIO BARNOYA""","12 AVENIDA 9-00, COLONIA MAYA",55215213,RONI GUSTABO PUAC IBAÑEZ,DORIS EMELIS ARANA Y ARANA,PARVULOS,OFICIAL,URBANA,ABIERTA,MONOLINGUE,VESPERTINA,DIARIO(REGULAR),GUATEMALA NORTE
00-18-7696-42,01-01-0020,CIUDAD CAPITAL,ZONA 18,EODP ANEXA A EOUM  LA ALAMEDA III NO. 439,25 AVENIDA Y 12 CALLE COLONIA PARAISO I,36326429,ISRAEL PORTILLO HERNÁNDEZ,FLUDBIA ISABEL ZAMORA VARGAS,PARVULOS,OFICIAL,URBANA,ABIERTA,MONOLINGUE,VESPERTINA,DIARIO(REGULAR),GUATEMALA NORTE
00-18-7697-42,01-01-0020,CIUDAD CAPITAL,ZONA 18,EODP ANEXA A EOUM NO.154  LA ALAMEDA,"25 AVENIDA 12-01, COLONIA EL PARAISO I",,ISRAEL PORTILLO HERNÁNDEZ,ISABEL ASUNCIÓN DÍAZ SÁNCHEZ,PARVULOS,OFICIAL,URBANA,ABIERTA,MONOLINGUE,VESPERTINA,DIARIO(REGULAR),GUATEMALA NORTE
00-18-7698-42,,CIUDAD CAPITAL,ZONA 18,EODP ANEXA A EOUM,LAS ILUSIONES SECC.D LOTE 64 ZONA 18,,,,PARVULOS,OFICIAL,URBANA,CERRADA DEFINITIVAMENTE,MONOLINGUE,VESPERTINA,DIARIO(REGULAR),GUATEMALA NORTE
00-18-7699-42,01-01-0020,CIUDAD CAPITAL,ZONA 18,EODP ANEXA A EOUM NO.438  PARAISO II,"26 AVENIDA 9-30, COLONIA EL PARAISO II",55050340,ISRAEL PORTILLO HERNÁNDEZ,ALBERT ESTUARDO RAMÍREZ ROQUE,PARVULOS,OFICIAL,URBANA,ABIERTA,MONOLINGUE,VESPERTINA,DIARIO(REGULAR),GUATEMALA NORTE
00-18-7700-42,,CIUDAD CAPITAL,ZONA 18,EODP ANEXA A EOUM NO.61,ABRAHAM O Y ORANTES AV MOCTEZUMA COLONIA BETHANIA,,,,PARVULOS,OFICIAL,URBANA,CERRADA DEFINITIVAMENTE,MONOLINGUE,VESPERTINA,DIARIO(REGULAR),GUATEMALA NORTE
00-18-7701-42,,CIUDAD CAPITAL,ZONA 18,EODP ANEXA A EOUM 622,30AV. Y 17 CALLE COLONIA LOS PINOS ZONA 18,,,,PARVULOS,OFICIAL,URBANA,CERRADA DEFINITIVAMENTE,MONOLINGUE,VESPERTINA,DIARIO(REGULAR),GUATEMALA NORTE
00-18-7702-43,01-01-0020,CIUDAD CAPITAL,ZONA 18,"EOUM NO. 154  ""LA ALAMEDA""",25AV. 12-01 COLONIA EL PARAISO I,22570382,ISRAEL PORTILLO HERNÁNDEZ,ISABEL ASUNCIÓN DÍAZ SÁNCHEZ,PRIMARIA,OFICIAL,URBANA,ABIERTA,MONOLINGUE,VESPERTINA,DIARIO(REGULAR),GUATEMALA NORTE
00-18-7725-43,01-110,CIUDAD CAPITAL,ZONA 18,ESCUELA ALTERNATIVA LUZ Y ESPERANZA/GRUPO CEIBA,23AV. G 15-41 COLONIA EL LIMON,22305599,ZUHILEM YESENIA ESTRADA ORTIZ,MARCO ANTONIO CACEROS MORALES,PRIMARIA,PRIVADO,URBANA,CERRADA TEMPORALMENTE,MONOLINGUE,MATUTINA,DIARIO(REGULAR),GUATEMALA NORTE
00-18-7726-42,01-106,CIUDAD CAPITAL,ZONA 18,EODP ANEXA EOUM 440,17 CALLE 23-91 COLONIA ALAMEDA NORTE ZONA 18,,CESAR ARNOLDO MARTINEZ GARCIA,,PARVULOS,OFICIAL,URBANA,CERRADA TEMPORALMENTE,MONOLINGUE,VESPERTINA,DIARIO(REGULAR),GUATEMALA NORTE
00-18-7727-43,,CIUDAD CAPITAL,ZONA 18,EOUM LAS ILUSIONES,COLONIA LAS ILUSIONES SECCION D LOTE 64 ZONA 18 GUATEMALA,,,,PRIMARIA,OFICIAL,URBANA,CERRADA DEFINITIVAMENTE,MONOLINGUE,VESPERTINA,DIARIO(REGULAR),GUATEMALA NORTE
00-18-7745-42,01-106,CIUDAD CAPITAL,ZONA 18,COLEGIO MIXTO EVANGELICO 'BEZALEEL',1A. AVE. LOTE 6 MANZANA F RESIDENCIALES JARDINES DEL ROSARIO KM. 16.5,52143663,CESAR ARNOLDO MARTINEZ GARCIA,,PARVULOS,PRIVADO,URBANA,CERRADA DEFINITIVAMENTE,MONOLINGUE,MATUTINA,DIARIO(REGULAR),GUATEMALA NORTE
00-18-7746-43,01-106,CIUDAD CAPITAL,ZONA 18,COLEGIO MIXTO EVANGELICO 'BEZALEEL',1A. AVE. LOTE 6 MANZANA F RESIDENCIALES JARDINES DEL ROSARIO KM. 16.5,52143663,CESAR ARNOLDO MARTINEZ GARCIA,,PRIMARIA,PRIVADO,URBANA,CERRADA DEFINITIVAMENTE,MONOLINGUE,MATUTINA,DIARIO(REGULAR),GUATEMALA NORTE
00-18-7751-43,01-01-0023,CIUDAD CAPITAL,ZONA 18,EOUM NO.622  LOS PINOS,"31 AVENIDA Y 17 CALLE, COLONIA LOS PINOS",22560805,CESAR ARNOLDO MARTINEZ GARCIA,LORENA MARIBEL CIFUENTES ESPINAL,PRIMARIA,OFICIAL,URBANA,ABIERTA,MONOLINGUE,VESPERTINA,DIARIO(REGULAR),GUATEMALA NORTE
00-18-7754-42,01-106,CIUDAD CAPITAL,ZONA 18,CENTRO EDUCATIVO BAUTISTA SHALOM,KILOMETRO 9.5 CARRETERA AL ATLANTICO,22561708,CESAR ARNOLDO MARTINEZ GARCIA,,PARVULOS,PRIVADO,URBANA,CERRADA DEFINITIVAMENTE,MONOLINGUE,MATUTINA,DIARIO(REGULAR),GUATEMALA NORTE
00-18-7755-43,01-106,CIUDAD CAPITAL,ZONA 18,CENTRO EDUCATIVO BAUTISTA SHALOM,KILOMETRO 9.5 CARRETERA AL ATLANTICO,22561708,CESAR ARNOLDO MARTINEZ GARCIA,,PRIMARIA,PRIVADO,URBANA,CERRADA DEFINITIVAMENTE,MONOLINGUE,MATUTINA,DIARIO(REGULAR),GUATEMALA NORTE
00-18-7756-46,01-104,CIUDAD CAPITAL,ZONA 18,LICEO SAN RAFAEL ARCANGEL,10A. CALLE 2-19 SAN RAFAEL 1,22420042,ISRAEL PORTILLO HERNANDEZ,JOSEFA AMELIA LOPEZ URRUTIA,DIVERSIFICADO,PRIVADO,URBANA,CERRADA DEFINITIVAMENTE,MONOLINGUE,VESPERTINA,DIARIO(REGULAR),GUATEMALA NORTE
00-18-7758-42,01-01-0009,CIUDAD CAPITAL,ZONA 18,COLEGIO MIXTO MARISCAL 'JOSE VICTOR ZAVALA',"1A. CALLE 'A' 28-41, RESIDENCIALES ATLANTIDA",41730638,YAMILET VERSALI AGUILAR PEREZ,JOSÉ MIGUEL GALLARDO MORALES,PARVULOS,PRIVADO,URBANA,CERRADA TEMPORALMENTE,MONOLINGUE,MATUTINA,DIARIO(REGULAR),GUATEMALA NORTE
00-18-7759-43,01-01-0009,CIUDAD CAPITAL,ZONA 18,COLEGIO MIXTO MARISCAL 'JOSE VICTOR ZAVALA',1A. CALLE A 28-41 RESIDENCIALES ATLANTICO,41730638,YAMILET VERSALI AGUILAR PEREZ,JOSÉ MIGUEL GALLARDO MORALES,PRIMARIA,PRIVADO,URBANA,CERRADA TEMPORALMENTE,MONOLINGUE,MATUTINA,DIARIO(REGULAR),GUATEMALA NORTE
00-18-7760-42,01-111,CIUDAD CAPITAL,ZONA 18,COLEGIO MIXTO 'VILLAS DE SAN RAFAEL',"12 CALLE 26-28, VILLAS DE SAN RAFAEL",22423501,ROSA ALBA LOPEZ PIRIR,,PARVULOS,PRIVADO,URBANA,CERRADA TEMPORALMENTE,MONOLINGUE,MATUTINA,DIARIO(REGULAR),GUATEMALA NORTE
00-18-7761-43,01-111,CIUDAD CAPITAL,ZONA 18,COLEGIO MIXTO 'VILLAS DE SAN RAFAEL',"12 CALLE 26-28, VILLAS DE SAN RAFAEL",22423501,ROSA ALBA LOPEZ PIRIR,,PRIMARIA,PRIVADO,URBANA,CERRADA TEMPORALMENTE,MONOLINGUE,MATUTINA,DIARIO(REGULAR),GUATEMALA NORTE
00-18-7762-45,01-111,CIUDAD CAPITAL,ZONA 18,COLEGIO MIXTO 'VILLAS DE SAN RAFAEL',12 CALLE 26-28 VILLAS DE SAN RAFAEL,22423501,ROSA ALBA LOPEZ PIRIR,,BASICO,PRIVADO,URBANA,CERRADA TEMPORALMENTE,MONOLINGUE,VESPERTINA,DIARIO(REGULAR),GUATEMALA NORTE
00-18-7768-43,01-111,CIUDAD CAPITAL,ZONA 18,COLEGIO EVANGELICO PERSPECTIVA,LOTE 319 MANZANA 24 COLONIA JUANA DE ARCO,41736163,ROSA ALBA LOPEZ PIRIR,CRUZ FELIPE MIJANGOS,PRIMARIA,PRIVADO,URBANA,CERRADA TEMPORALMENTE,MONOLINGUE,MATUTINA,DIARIO(REGULAR),GUATEMALA NORTE
00-18-7769-45,01-111,CIUDAD CAPITAL,ZONA 18,COLEGIO EVANGELICO PERSPECTIVA,LOTE 319 MANZANA 24 COLONIA JUANA DE ARCO,41736163,ROSA ALBA LOPEZ PIRIR,CRUZ FELIPE MIJANGOS,BASICO,PRIVADO,URBANA,CERRADA TEMPORALMENTE,MONOLINGUE,VESPERTINA,DIARIO(REGULAR),GUATEMALA NORTE
00-18-7777-45,01-01-0009,CIUDAD CAPITAL,ZONA 18,LICEO DE COMPUTACION C.S.S.,13A. 6-46 COLONIA LAVARREDA,33225766,YAMILET VERSALI AGUILAR PEREZ,ANNABELLA EMPERATRIZ JIMÉNEZ CASTELLANOS,BASICO,PRIVADO,URBANA,ABIERTA,MONOLINGUE,MATUTINA,DIARIO(REGULAR),GUATEMALA NORTE
00-18-7778-46,,CIUDAD CAPITAL,ZONA 18,LICEO DE COMPUTACION C.S.S.,"13 AVENIDA 9-46 ZONA 18, COLONIA LAVARREDA",22561189,,,DIVERSIFICADO,PRIVADO,URBANA,CERRADA TEMPORALMENTE,MONOLINGUE,MATUTINA,DIARIO(REGULAR),GUATEMALA NORTE
00-18-7786-45,01-01-0023,CIUDAD CAPITAL,ZONA 18,IEBC,"KM. 12.5 RUTA AL ATLANTICO, LO DE RODRIGUEZ",42430207,CESAR ARNOLDO MARTINEZ GARCIA,JAVIER  SOTO VALDEZ,BASICO,COOPERATIVA,URBANA,ABIERTA,MONOLINGUE,VESPERTINA,DIARIO(REGULAR),GUATEMALA NORTE
00-18-7789-42,01-01-0020,CIUDAD CAPITAL,ZONA 18,EODP ANEXA A EOUM 'EL CERRITO',"CALLE PRINCIPAL SECTOR 7, ASENTAMIENTO EL CERRITO",42228787,ISRAEL PORTILLO HERNÁNDEZ,MAYRA ESTHER BURRERO LÓPEZ,PARVULOS,OFICIAL,URBANA,ABIERTA,MONOLINGUE,MATUTINA,DIARIO(REGULAR),GUATEMALA NORTE
00-18-7790-43,01-01-0020,CIUDAD CAPITAL,ZONA 18,EOUM 'EL CERRITO',"CALLE PRINCIPAL SECTOR 7, ASENTAMIENTO EL CERRITO",55701416,ISRAEL PORTILLO HERNÁNDEZ,MAYRA ESTHER BURRERO LÓPEZ,PRIMARIA,OFICIAL,URBANA,ABIERTA,MONOLINGUE,MATUTINA,DIARIO(REGULAR),GUATEMALA NORTE
00-18-7810-42,01-01-0018,CIUDAD CAPITAL,ZONA 18,COLEGIO MIXTO  CABAÑA ENCANTADA,"LOTE 1 MANZANA 3, COLONIA SAN RAFAEL BUENA VISTA",22574570,ISRAEL PORTILLO HERNÁNDEZ,MARÍA ALBERTINA RODRÍGUEZ BERGANZA,PARVULOS,PRIVADO,URBANA,ABIERTA,MONOLINGUE,MATUTINA,DIARIO(REGULAR),GUATEMALA NORTE
00-18-7811-43,01-01-0018,CIUDAD CAPITAL,ZONA 18,COLEGIO MIXTO  CABAÑA ENCANTADA,"LOTE 1 MANZANA 3, COLONIA SAN RAFAEL BUENA VISTA",22574570,ISRAEL PORTILLO HERNÁNDEZ,MARÍA ALBERTINA RODRÍGUEZ BERGANZA,PRIMARIA,PRIVADO,URBANA,ABIERTA,MONOLINGUE,MATUTINA,DIARIO(REGULAR),GUATEMALA NORTE
00-18-7830-42,01-01-0009,CIUDAD CAPITAL,ZONA 18,EODP ANEXA A EOUM NO.104  PUERTO RICO,"14 AVENIDA Y 5A. CALLE, COLONIA LAVARREDA",54172488,YAMILET VERSALI AGUILAR PEREZ,BERTA MARITZA RODAS REYES,PARVULOS,OFICIAL,URBANA,ABIERTA,MONOLINGUE,VESPERTINA,DIARIO(REGULAR),GUATEMALA NORTE
00-18-7844-42,01-111,CIUDAD CAPITAL,ZONA 18,COLEGIO 'MI NIÑO GENIO',"24 AVENIDA 10-68, PARAISO II",22420807,ROSA ALBA LOPEZ PIRIR,EDNA ELIZABETH CORDOVA FLORES,PARVULOS,PRIVADO,URBANA,CERRADA TEMPORALMENTE,MONOLINGUE,MATUTINA,DIARIO(REGULAR),GUATEMALA NORTE
00-18-7845-43,01-111,CIUDAD CAPITAL,ZONA 18,COLEGIO 'MI NIÑO GENIO',"24 AVENIDA 10-68, PARAISO II",22420807,ROSA ALBA LOPEZ PIRIR,MARIA RAQUEL ROSALES CATALAN,PRIMARIA,PRIVADO,URBANA,CERRADA TEMPORALMENTE,MONOLINGUE,MATUTINA,DIARIO(REGULAR),GUATEMALA NORTE
00-18-7852-45,01-110,CIUDAD CAPITAL,ZONA 18,COLEGIO 'JARDIN DE AMOR',"LOTE 584,MANZANA 5, COLONIA MAYA",52185515,ZUHILEM YESENIA ESTRADA ORTIZ,,BASICO,PRIVADO,URBANA,CERRADA DEFINITIVAMENTE,MONOLINGUE,MATUTINA,DIARIO(REGULAR),GUATEMALA NORTE
00-18-7860-42,01-110,CIUDAD CAPITAL,ZONA 18,COLEGIO ARCOIRIS DE AMOR,MANZANA 34 LOTE 13 COLONIA LIMON,40173080,ZUHILEM YESENIA ESTRADA ORTIZ,IRIS BEATRÍZ DÁVILA FLORIÁN,PARVULOS,PRIVADO,URBANA,CERRADA DEFINITIVAMENTE,MONOLINGUE,MATUTINA,DIARIO(REGULAR),GUATEMALA NORTE
00-18-7861-43,01-110,CIUDAD CAPITAL,ZONA 18,COLEGIO ARCOIRIS DE AMOR,MANZANA 34 LOTE 13 COLONIA LIMON,40173080,ZUHILEM YESENIA ESTRADA ORTIZ,IRIS BEATRÍZ DÁVILA FLORIÁN,PRIMARIA,PRIVADO,URBANA,CERRADA DEFINITIVAMENTE,MONOLINGUE,MATUTINA,DIARIO(REGULAR),GUATEMALA NORTE
00-18-7875-42,01-01-0009,CIUDAD CAPITAL,ZONA 18,LICEO JUVENIL DE COMPUTACION C.S.S,13 AVE. 13-46 COLONIA LA VARREDA,33225766,YAMILET VERSALI AGUILAR PEREZ,ANNABELLA EMPERATRIZ JIMÉNEZ CASTELLANOS,PARVULOS,PRIVADO,URBANA,ABIERTA,MONOLINGUE,MATUTINA,DIARIO(REGULAR),GUATEMALA NORTE
00-18-7876-43,01-01-0009,CIUDAD CAPITAL,ZONA 18,LICEO JUVENIL DE COMPUTACION C.S.S,13 AVE. 13-46 COLONIA LAVARREDA,33225766,YAMILET VERSALI AGUILAR PEREZ,JORGE LUIS XAJIL,PRIMARIA,PRIVADO,URBANA,ABIERTA,MONOLINGUE,MATUTINA,DIARIO(REGULAR),GUATEMALA NORTE
00-18-7877-45,01-105,CIUDAD CAPITAL,ZONA 18,LICEO JUVENIL DE COMPUTACION C.S.S,13AVE. 13-46 COLONIA LAVARREDA,22561189,YAMILET VERSALÍ AGUÍLAR PÉREZ,,BASICO,PRIVADO,URBANA,CERRADA DEFINITIVAMENTE,MONOLINGUE,MATUTINA,DIARIO(REGULAR),GUATEMALA NORTE
00-18-7878-46,01-01-0009,CIUDAD CAPITAL,ZONA 18,LICEO JUVENIL DE COMPUTACION C.S.S,13 AVE. 13-46 LAVARREDA,33225766,YAMILET VERSALI AGUILAR PEREZ,ANNABELLA EMPERATRIZ JIMÉNEZ CASTELLANOS,DIVERSIFICADO,PRIVADO,URBANA,ABIERTA,MONOLINGUE,MATUTINA,DIARIO(REGULAR),GUATEMALA NORTE
00-18-7883-42,01-001,CIUDAD CAPITAL,ZONA 18,CEIN -PAIN-,"23 AVENIDA 12-68, SALON COMUNAL",,SANDRA LIZZETH CRUZ IZAGUIRRE,,PARVULOS,OFICIAL,URBANA,CERRADA DEFINITIVAMENTE,MONOLINGUE,MATUTINA,DIARIO(REGULAR),GUATEMALA NORTE
00-18-7886-42,01-302,CIUDAD CAPITAL,ZONA 18,COLEGIO EVANGELICO MODERNO INTEGRAL,5A. AVENIDA 11-03,,HECTOR EDELMIRO FLORES BRINGUEZ,,PARVULOS,PRIVADO,URBANA,CERRADA TEMPORALMENTE,MONOLINGUE,MATUTINA,DIARIO(REGULAR),GUATEMALA NORTE
00-18-7887-43,01-302,CIUDAD CAPITAL,ZONA 18,COLEGIO EVANGELICO MODERNO INTEGRAL,5A. AVENIDA 11-03 ZONA 18 COLONIA ATLANTIDA,,HECTOR EDELMIRO FLORES BRINGUEZ,,PRIMARIA,PRIVADO,URBANA,CERRADA DEFINITIVAMENTE,MONOLINGUE,MATUTINA,DIARIO(REGULAR),GUATEMALA NORTE
00-18-7893-42,01-01-0014,CIUDAD CAPITAL,ZONA 18,LICEO FRANCO GUATEMALTECO,"MANZANA 19, LOTE 627, COLONIA MAYA",22554243,RONI GUSTABO PUAC IBAÑEZ,BERTA ALICIA CHUR BARILLAS,PARVULOS,PRIVADO,RURAL,ABIERTA,MONOLINGUE,VESPERTINA,DIARIO(REGULAR),GUATEMALA NORTE
00-18-7894-43,01-01-0014,CIUDAD CAPITAL,ZONA 18,LICEO FRANCO GUATEMALTECO,"MANZANA 19, LOTE 627, COLONIA MAYA",22554243,RONI GUSTABO PUAC IBAÑEZ,BERTA ALICIA CHUR BARILLAS,PRIMARIA,PRIVADO,URBANA,ABIERTA,MONOLINGUE,MATUTINA,DIARIO(REGULAR),GUATEMALA NORTE
00-18-7904-42,01-111,CIUDAD CAPITAL,ZONA 18,LICEO SAN JOSE DE LOS PINARES,7A. CALLE A 59-49 PINARES DEL NORTE,22421929,ROSA ALBA LOPEZ PIRIR,,PARVULOS,PRIVADO,URBANA,CERRADA DEFINITIVAMENTE,MONOLINGUE,MATUTINA,DIARIO(REGULAR),GUATEMALA NORTE
00-18-7905-43,01-111,CIUDAD CAPITAL,ZONA 18,LICEO SAN JOSE DE LOS PINARES,7A. CALLE A 59-49 PINARES DEL NORTE,22421929,ROSA ALBA LOPEZ PIRIR,,PRIMARIA,PRIVADO,URBANA,CERRADA DEFINITIVAMENTE,MONOLINGUE,MATUTINA,DIARIO(REGULAR),GUATEMALA NORTE
00-18-7919-42,,CIUDAD CAPITAL,ZONA 18,COLEGIO UNIVERESAL,11AV. 10-28 ZONA 18,22563185,,,PARVULOS,PRIVADO,URBANA,CERRADA TEMPORALMENTE,MONOLINGUE,MATUTINA,DIARIO(REGULAR),GUATEMALA NORTE
00-18-7920-43,,CIUDAD CAPITAL,ZONA 18,COLEGIO UNIVERSAL,11 AV. 10-28 ZONA 18 COLONIA ATLANTIDA,22563185,,,PRIMARIA,PRIVADO,URBANA,CERRADA TEMPORALMENTE,MONOLINGUE,MATUTINA,DIARIO(REGULAR),GUATEMALA NORTE
00-18-7922-43,01-111,CIUDAD CAPITAL,ZONA 18,JARDIN INFANTIL 'KENNEDY',6A. AVENIDA LOTE 205 COLONIA KENNEDY,59036365,ROSA ALBA LOPEZ PIRIR,,PRIMARIA,PRIVADO,URBANA,CERRADA DEFINITIVAMENTE,MONOLINGUE,MATUTINA,DIARIO(REGULAR),GUATEMALA NORTE
00-18-7935-43,01-104,CIUDAD CAPITAL,ZONA 18,CENTRO EDUCATIVO  EL MANANTIAL,"MANZANA  7 A,  LOTE 977 COLONIA MAYA",22602216,ISRAEL PORTILLO HERNANDEZ,GLADYS ELIZABETH RODRIGUEZ VELOZO,PRIMARIA,PRIVADO,URBANA,CERRADA TEMPORALMENTE,MONOLINGUE,MATUTINA,DIARIO(REGULAR),GUATEMALA NORTE
00-18-7936-45,01-104,CIUDAD CAPITAL,ZONA 18,CENTRO EDUCATIVO  EL MANANTIAL,"MANZANA 7  A LOTE 977, COLONIA MAYA",22602216,ISRAEL PORTILLO HERNANDEZ,GLADYS ELIZABETH RODRIGUEZ VELOZO,BASICO,PRIVADO,URBANA,CERRADA TEMPORALMENTE,MONOLINGUE,VESPERTINA,DIARIO(REGULAR),GUATEMALA NORTE
00-18-7939-45,01-106,CIUDAD CAPITAL,ZONA 18,LICEO ESPAÑOL APLICADO,KM. 15.5 RUTA AL ATLANTICO FINCA LA AVENTURERA,22555044,CESAR ARNOLDO MARTINEZ GARCIA,,BASICO,PRIVADO,URBANA,CERRADA DEFINITIVAMENTE,MONOLINGUE,MATUTINA,DIARIO(REGULAR),GUATEMALA NORTE
00-18-7941-42,01-111,CIUDAD CAPITAL,ZONA 18,LICEO MIXTO 'MAESTRO APOSTOL',14 CALLE 23-05 ALAMEDA III ZONA 18,22573876,ROSA ALBA LOPEZ PIRIR,,PARVULOS,PRIVADO,URBANA,CERRADA TEMPORALMENTE,MONOLINGUE,MATUTINA,DIARIO(REGULAR),GUATEMALA NORTE
00-18-7942-43,01-111,CIUDAD CAPITAL,ZONA 18,LICEO MIXTO 'MAESTRO APOSTOL',"LOTE 21 MANZANA E, COLONIA VILLAS ALAMEDA",22421603,ROSA ALBA LOPEZ PIRIR,,PRIMARIA,PRIVADO,URBANA,CERRADA TEMPORALMENTE,MONOLINGUE,MATUTINA,DIARIO(REGULAR),GUATEMALA NORTE
00-18-7943-42,,CIUDAD CAPITAL,ZONA 18,LICEO MIXTO 'MAESTRO APOSTOL',"LOTE 21 MANZANA E, COLONIA VILLAS ALAMEDA",22421603,,,PARVULOS,PRIVADO,URBANA,CERRADA DEFINITIVAMENTE,MONOLINGUE,VESPERTINA,DIARIO(REGULAR),GUATEMALA NORTE
00-18-7944-43,,CIUDAD CAPITAL,ZONA 18,LICEO MIXTO 'MAESTRO APOSTOL',"LOTE 21 MANZANA E, COLONIA VILLAS ALAMEDA",22421603,,,PRIMARIA,PRIVADO,URBANA,CERRADA TEMPORALMENTE,MONOLINGUE,VESPERTINA,DIARIO(REGULAR),GUATEMALA NORTE
00-18-7986-44,01-407,CIUDAD CAPITAL,ZONA 18,ESCUELA ALTERNATIVA 'LUZ Y ESPERANZA/GRUPO CEIBA',23 AVE. 13-01 COLONIA EL LIMON,22541124,LILIAN YOLANDA RODRIGUEZ PINTO DE CASTRO,,PRIMARIA DE ADULTOS,PRIVADO,URBANA,CERRADA TEMPORALMENTE,MONOLINGUE,INTERMEDIA,DIARIO(REGULAR),GUATEMALA NORTE
00-18-7990-42,,CIUDAD CAPITAL,ZONA 18,COLEGIO LOS QUERUBINES,61 AV. 5-69 PINARES DEL NORTE,,,,PARVULOS,PRIVADO,URBANA,CERRADA TEMPORALMENTE,MONOLINGUE,MATUTINA,DIARIO(REGULAR),GUATEMALA NORTE
00-18-7994-42,01-110,CIUDAD CAPITAL,ZONA 18,LICEO CRISTIANO CAMINO DEL SABER NORTE,24 AVENIDA 10-28 SANTA GENOVEVA III,22560299,ZUHILEM YESENIA ESTRADA ORTIZ,CECILIA CATALINA REYES BATZ,PARVULOS,PRIVADO,URBANA,CERRADA DEFINITIVAMENTE,MONOLINGUE,MATUTINA,DIARIO(REGULAR),GUATEMALA NORTE
00-18-7995-43,01-110,CIUDAD CAPITAL,ZONA 18,LICEO CRISTIANO CAMINO DEL SABER NORTE,24 AVENIDA 10-28 SANTA GENOVEVA III,22560299,ZUHILEM YESENIA ESTRADA ORTIZ,CLAUDIA SUSANA PALENCIA GONZÁLEZ,PRIMARIA,PRIVADO,URBANA,CERRADA DEFINITIVAMENTE,MONOLINGUE,MATUTINA,DIARIO(REGULAR),GUATEMALA NORTE
00-18-8038-42,01-01-0009,CIUDAD CAPITAL,ZONA 18,EODP ANEXA A EOUM NO.621,"16 AVENIDA 4-84, COLONIA RENACIMIENTO MUNICIPAL",45067177,YAMILET VERSALI AGUILAR PEREZ,PAOLA ELIZABETH SECAIDA LÓPEZ,PARVULOS,OFICIAL,URBANA,ABIERTA,MONOLINGUE,MATUTINA,DIARIO(REGULAR),GUATEMALA NORTE
00-18-8039-42,01-01-0020,CIUDAD CAPITAL,ZONA 18,EODP ANEXA A EOUM NO.439,"25 AVENIDA Y 12 CALLE, COLONIA PARAISO I",,ISRAEL PORTILLO HERNÁNDEZ,FLORIDALMA  HERNÁNDEZ MARTÍNEZ,PARVULOS,OFICIAL,URBANA,ABIERTA,MONOLINGUE,MATUTINA,DIARIO(REGULAR),GUATEMALA NORTE
00-18-8040-42,01-01-0023,CIUDAD CAPITAL,ZONA 18,EODP ANEXA A EOUM  LOS PINOS,30 AVE. 17 CALLE COLONIA LOS PINOS,22560805,CESAR ARNOLDO MARTINEZ GARCIA,LORENA MARIBEL CIFUENTES ESPINAL,PARVULOS,OFICIAL,URBANA,ABIERTA,MONOLINGUE,VESPERTINA,DIARIO(REGULAR),GUATEMALA NORTE
00-18-8050-43,,CIUDAD CAPITAL,ZONA 18,COLEGIO HISPANO,LOTE 27A.MANZANA 27 B COLONIA MAYA ZONA 18,22553133,,,PRIMARIA,PRIVADO,URBANA,CERRADA DEFINITIVAMENTE,MONOLINGUE,MATUTINA,DIARIO(REGULAR),GUATEMALA NORTE
00-18-8051-42,,CIUDAD CAPITAL,ZONA 18,COLEGIO HISPANO,LOTE 27A MANZANA 27B COLONIA MAYA ZONA 18,22553133,,,PARVULOS,PRIVADO,URBANA,CERRADA TEMPORALMENTE,MONOLINGUE,MATUTINA,DIARIO(REGULAR),GUATEMALA NORTE
00-18-8052-41,,CIUDAD CAPITAL,ZONA 18,COLEGIO HISPANO,LOTE N#27A MANZANA #27B COLONIA MAYA ZONA 18,22553133,,,PREPRIMARIA BILINGUE,PRIVADO,URBANA,CERRADA DEFINITIVAMENTE,BILINGUE,MATUTINA,DIARIO(REGULAR),GUATEMALA NORTE
00-18-8053-43,,CIUDAD CAPITAL,ZONA 18,EOUM,LOTE 49 SECCION D COLONIA LAS ILUSIONES,22554061,,,PRIMARIA,OFICIAL,URBANA,CERRADA DEFINITIVAMENTE,MONOLINGUE,VESPERTINA,DIARIO(REGULAR),GUATEMALA NORTE
00-18-8054-43,01-01-0016,CIUDAD CAPITAL,ZONA 18,EOUM,LOTE 49 SECCION D COLONIA LAS ILUSIONES,22600280,RONI GUSTABO PUAC IBAÑEZ,ELMER GIOVANNI RAMOS CORONADO,PRIMARIA,OFICIAL,URBANA,ABIERTA,MONOLINGUE,VESPERTINA,DIARIO(REGULAR),GUATEMALA NORTE
00-18-8055-42,01-01-0016,CIUDAD CAPITAL,ZONA 18,EODP ANEXA A ESCUELA OFICIAL URBANA MIXTA LAS ILUCIONES,LOTE 49 SECCION D COLONIA LAS ILUCIONES,50160957,RONI GUSTABO PUAC IBAÑEZ,ELMER GIOVANNI RAMOS CORONADO,PARVULOS,OFICIAL,URBANA,ABIERTA,MONOLINGUE,VESPERTINA,DIARIO(REGULAR),GUATEMALA NORTE
00-18-8059-42,01-111,CIUDAD CAPITAL,ZONA 18,COLEGIO MIXTO SENDA DEL SABER,LOTE 7 ENTRADA A COLONIA EL ROSARIO,22602825,ROSA ALBA LOPEZ PIRIR,,PARVULOS,PRIVADO,URBANA,CERRADA TEMPORALMENTE,MONOLINGUE,MATUTINA,DIARIO(REGULAR),GUATEMALA NORTE
00-18-8060-43,01-111,CIUDAD CAPITAL,ZONA 18,COLEGIO MIXTO SENDA DEL SABER,LOTE 7 ENTRADA A COLONIA EL ROSARIO,22602825,ROSA ALBA LOPEZ PIRIR,,PRIMARIA,PRIVADO,URBANA,CERRADA TEMPORALMENTE,MONOLINGUE,MATUTINA,DIARIO(REGULAR),GUATEMALA NORTE
00-18-8061-45,01-111,CIUDAD CAPITAL,ZONA 18,COLEGIO MIXTO SENDA DEL SABER,LOTE 7 ENTRADA COLONIA EL ROSARIO,22601476,ROSA ALBA LOPEZ PIRIR,,BASICO,PRIVADO,URBANA,CERRADA TEMPORALMENTE,MONOLINGUE,VESPERTINA,DIARIO(REGULAR),GUATEMALA NORTE
00-18-8062-45,01-407,CIUDAD CAPITAL,ZONA 18,COLEGIO MIXTO SENDA DEL SABER,LOTE 7 ENTRADA A COLONIA EL ROSARIO,22601476,LILIAN YOLANDA RODRIGUEZ PINTO DE CASTRO,,BASICO,PRIVADO,URBANA,CERRADA TEMPORALMENTE,MONOLINGUE,DOBLE,FIN DE SEMANA,GUATEMALA NORTE
00-18-8063-46,01-407,CIUDAD CAPITAL,ZONA 18,COLEGIO MIXTO SENDA DEL SABER,LOTE 7 ENTRADA A COLONIA EL ROSARIO,,LILIAN YOLANDA RODRIGUEZ PINTO DE CASTRO,,DIVERSIFICADO,PRIVADO,URBANA,CERRADA TEMPORALMENTE,MONOLINGUE,DOBLE,FIN DE SEMANA,GUATEMALA NORTE
00-18-8065-42,01-01-0021,CIUDAD CAPITAL,ZONA 18,CEIN -PAIN-,26 AVENIDA 12-43 VILLAS DE SAN RAFAEL,,ISRAEL PORTILLO HERNÁNDEZ,HILLARY JASMINE SALGUERO GARCÍA,PARVULOS,OFICIAL,URBANA,ABIERTA,MONOLINGUE,MATUTINA,DIARIO(REGULAR),GUATEMALA NORTE
00-18-8066-42,01-111,CIUDAD CAPITAL,ZONA 18,COLEGIO CASITA DE FANTASIA,12AV. 9-04 SAN RAFAEL II,,ROSA ALBA LOPEZ PIRIR,,PARVULOS,PRIVADO,URBANA,CERRADA TEMPORALMENTE,MONOLINGUE,MATUTINA,DIARIO(REGULAR),GUATEMALA NORTE
00-18-8067-43,,CIUDAD CAPITAL,ZONA 18,COLEGIO CASITA DE FANTASIA,12AV. 9-04 SAN RAFAEL II,,,,PRIMARIA,PRIVADO,URBANA,CERRADA TEMPORALMENTE,MONOLINGUE,VESPERTINA,DIARIO(REGULAR),GUATEMALA NORTE
00-18-8118-42,01-111,CIUDAD CAPITAL,ZONA 18,LICEO MIXTO 'TIKAL INTELECTUAL',MANZANA 1 LOTE #3 COLONIA LA JOYA,22601825-22603263,ROSA ALBA LOPEZ PIRIR,,PARVULOS,PRIVADO,URBANA,CERRADA TEMPORALMENTE,MONOLINGUE,MATUTINA,DIARIO(REGULAR),GUATEMALA NORTE
00-18-8119-43,01-111,CIUDAD CAPITAL,ZONA 18,LICEO MIXTO 'TIKAL INTELECTUAL',MANZANA 1 LOTE #3 COLONIA LA JOYA,22601825-22603263,ROSA ALBA LOPEZ PIRIR,,PRIMARIA,PRIVADO,URBANA,CERRADA TEMPORALMENTE,MONOLINGUE,MATUTINA,DIARIO(REGULAR),GUATEMALA NORTE
00-18-8122-43,01-110,CIUDAD CAPITAL,ZONA 18,COLEGIO INDIRA GANDI,9A. AV. 5-33 ZONA 18 RESIDENCIALES ATLANTIDA,,ZUHILEM YESENIA ESTRADA ORTIZ,,PRIMARIA,PRIVADO,URBANA,CERRADA TEMPORALMENTE,MONOLINGUE,MATUTINA,DIARIO(REGULAR),GUATEMALA NORTE
00-18-8123-45,01-106,CIUDAD CAPITAL,ZONA 18,CENTRO EDUCATIVO JUVENIL BAUTISTA 'SHALOM',KM. 9.5 CARRETERA AL ATLANTICO,22561708,CESAR ARNOLDO MARTINEZ GARCIA,,BASICO,PRIVADO,URBANA,CERRADA DEFINITIVAMENTE,MONOLINGUE,MATUTINA,DIARIO(REGULAR),GUATEMALA NORTE
00-18-8154-45,01-01-0009,CIUDAD CAPITAL,ZONA 18,COLEGIO MIXTO GALILEA,4TA. CALLE  A  29-42 RESIDENCIALES GALILEA,22580452,YAMILET VERSALI AGUILAR PEREZ,JAIME LYONEL ERICASTILLA HERNÁNDEZ,BASICO,PRIVADO,URBANA,ABIERTA,MONOLINGUE,MATUTINA,DIARIO(REGULAR),GUATEMALA NORTE
00-18-8235-42,01-001,CIUDAD CAPITAL,ZONA 18,CEIN -PAIN-,"15 AVENIDA 25-59, VILLAS DE SAN RAFAEL",,SANDRA LIZZETH CRUZ IZAGUIRRE,,PARVULOS,OFICIAL,RURAL,CERRADA TEMPORALMENTE,MONOLINGUE,MATUTINA,DIARIO(REGULAR),GUATEMALA NORTE
00-18-8244-42,01-111,CIUDAD CAPITAL,ZONA 18,CENTRO PEDAGOGICO CRISTIANO CAMINO,4TA. AVE. 146 COLONIA KENNEDY,22570403,ROSA ALBA LOPEZ PIRIR,,PARVULOS,PRIVADO,URBANA,CERRADA TEMPORALMENTE,MONOLINGUE,MATUTINA,DIARIO(REGULAR),GUATEMALA NORTE
00-18-8245-43,01-111,CIUDAD CAPITAL,ZONA 18,CENTRO PEDAGOGICO CRISTIANO CAMINO,4TA. AVE. 146 COLONIA KENNEDY,22570403,ROSA ALBA LOPEZ PIRIR,,PRIMARIA,PRIVADO,URBANA,CERRADA TEMPORALMENTE,MONOLINGUE,MATUTINA,DIARIO(REGULAR),GUATEMALA NORTE
00-18-8258-42,01-01-0011,CIUDAD CAPITAL,ZONA 18,COLEGIO JARDIN INFANTIL ESTRELLITAS,4A. AVE. 8-73 RESIDENCIALES ATLANTIDA,59714630,YAMILET VERSALI AGUILAR PEREZ,ROSA AMPARO ORTEGA PARDO,PARVULOS,PRIVADO,URBANA,ABIERTA,MONOLINGUE,MATUTINA,DIARIO(REGULAR),GUATEMALA NORTE
00-18-8314-42,01-111,CIUDAD CAPITAL,ZONA 18,COLEGIO MIXTO 'EL PEREGRINO',14 CALLE 'A' 23-06 COLONIA ALAMEDA III,57060900,ROSA ALBA LOPEZ PIRIR,,PARVULOS,PRIVADO,URBANA,CERRADA TEMPORALMENTE,MONOLINGUE,MATUTINA,DIARIO(REGULAR),GUATEMALA NORTE
00-18-8315-43,01-111,CIUDAD CAPITAL,ZONA 18,COLEGIO MIXTO 'EL PEREGRINO',14 CALLE 'A' 23-06 COLONIA ALAMEDA III,57060900,ROSA ALBA LOPEZ PIRIR,,PRIMARIA,PRIVADO,URBANA,CERRADA TEMPORALMENTE,MONOLINGUE,MATUTINA,DIARIO(REGULAR),GUATEMALA NORTE
00-18-8316-42,01-01-0014,CIUDAD CAPITAL,ZONA 18,COLEGIO  LOS OLIVOS DEL NORTE,RESIDENCIALES LOS OLIVOS,22852203,RONI GUSTABO PUAC IBAÑEZ,VALERIE PAOLA ARÉVALO ALFONSO,PARVULOS,PRIVADO,URBANA,ABIERTA,MONOLINGUE,MATUTINA,DIARIO(REGULAR),GUATEMALA NORTE
00-18-8317-43,01-01-0014,CIUDAD CAPITAL,ZONA 18,COLEGIO  LOS OLIVOS DEL NORTE,RESIDENCIALES LOS OLIVOS,22852203,RONI GUSTABO PUAC IBAÑEZ,MARÍA EUGENIA RABBÉ MARTÍNEZ,PRIMARIA,PRIVADO,URBANA,ABIERTA,MONOLINGUE,MATUTINA,DIARIO(REGULAR),GUATEMALA NORTE
00-18-8321-45,01-106,CIUDAD CAPITAL,ZONA 18,COLEGIO CRISTIANO GOZO Y FELICIDAD SUNCHAIRO,61 AVE. 'F' 5-30,22422271,CESAR ARNOLDO MARTINEZ GARCIA,,BASICO,PRIVADO,URBANA,CERRADA DEFINITIVAMENTE,MONOLINGUE,MATUTINA,DIARIO(REGULAR),GUATEMALA NORTE
00-18-8328-43,,CIUDAD CAPITAL,ZONA 18,COLEGIO MIXTO CRISTIANO 'LA LUZ',3A. AVENIDA 3-18 COLONIA KENNEDY,22429297,,,PRIMARIA,PRIVADO,URBANA,CERRADA DEFINITIVAMENTE,MONOLINGUE,MATUTINA,DIARIO(REGULAR),GUATEMALA NORTE
00-18-8365-45,01-01-0011,CIUDAD CAPITAL,ZONA 18,COLEGIO MIXTO ATLANTIDA LA MONTAÑA,12AV. 13-95 ATLANTIDA,22551360,YAMILET VERSALI AGUILAR PEREZ,MIRIAM PATRICIA GÓMEZ,BASICO,PRIVADO,URBANA,ABIERTA,MONOLINGUE,MATUTINA,DIARIO(REGULAR),GUATEMALA NORTE
00-18-8452-45,01-110,CIUDAD CAPITAL,ZONA 18,LICEO EVANGELICO FUENTE SAGRADA DEL SABER,LOTE 8 A SECCION I COLONIA LAS ILUSIONES,51326447,ZUHILEM YESENIA ESTRADA ORTIZ,DINA LISSETTE CHAMALÉ MARCOS,BASICO,PRIVADO,URBANA,CERRADA DEFINITIVAMENTE,MONOLINGUE,MATUTINA,DIARIO(REGULAR),GUATEMALA NORTE
00-18-8453-46,01-110,CIUDAD CAPITAL,ZONA 18,LICEO MIXTO EVANGELICO FUENTE SAGRADA DEL SABER,LOTE 8 SECCION I COLONIA LAS ILUSIONES,22603689,ZUHILEM YESENIA ESTRADA ORTIZ,DINA LISSETTE CHAMALÉ MARCOS,DIVERSIFICADO,PRIVADO,URBANA,CERRADA DEFINITIVAMENTE,MONOLINGUE,MATUTINA,DIARIO(REGULAR),GUATEMALA NORTE
00-18-8461-42,01-111,CIUDAD CAPITAL,ZONA 18,CENTRO EDUCATIVO 'PEDRO BONILLI',"25 AVENIDA 14-56, ALAMEDA I",22429792,ROSA ALBA LOPEZ PIRIR,,PARVULOS,PRIVADO,URBANA,CERRADA DEFINITIVAMENTE,MONOLINGUE,DOBLE,DIARIO(REGULAR),GUATEMALA NORTE
00-18-8462-42,01-01-0021,CIUDAD CAPITAL,ZONA 18,"LICEO EN COMPUTACION ""SHOFAR""",12 CALLE D 17-43 ALAMEDA IV ZONA 18,22421859,ISRAEL PORTILLO HERNÁNDEZ,MARÍA ALDINA COLINDRES PAZ,PARVULOS,PRIVADO,URBANA,ABIERTA,MONOLINGUE,MATUTINA,DIARIO(REGULAR),GUATEMALA NORTE
00-18-8463-43,01-01-0021,CIUDAD CAPITAL,ZONA 18,"LICEO EN COMPUTACION ""SHOFAR""",12 CALLE D 17-43 ALAMEDA IV,55526057,ISRAEL PORTILLO HERNÁNDEZ,NORMA AMÉRICA MONTÚFAR URÍZAR,PRIMARIA,PRIVADO,URBANA,ABIERTA,MONOLINGUE,MATUTINA,DIARIO(REGULAR),GUATEMALA NORTE
00-18-8464-45,01-01-0021,CIUDAD CAPITAL,ZONA 18,"LICEO  EN COMPUTACION ""SHOFAR""",12 CALLE D 17-43 ALAMEDA IV,55526057,ISRAEL PORTILLO HERNÁNDEZ,EVELYN JEANNETH ARAGÓN REYES,BASICO,PRIVADO,URBANA,ABIERTA,MONOLINGUE,MATUTINA,DIARIO(REGULAR),GUATEMALA NORTE
00-18-8465-46,01-01-0021,CIUDAD CAPITAL,ZONA 18,"LICEO EN COMPUTACION ""SHOFAR""",12 CALLE D 17-43 ALAMEDA IV,55526057,ISRAEL PORTILLO HERNÁNDEZ,EVELYN JEANNETH ARAGÓN REYES,DIVERSIFICADO,PRIVADO,URBANA,ABIERTA,MONOLINGUE,MATUTINA,DIARIO(REGULAR),GUATEMALA NORTE
00-18-8466-42,01-110,CIUDAD CAPITAL,ZONA 18,COLEGIO 'UN MUNDO DE PAZ',"20 AVENIDA Y 13 CALLE, COLONIA EL LIMON",,ZUHILEM YESENIA ESTRADA ORTIZ,,PARVULOS,PRIVADO,URBANA,CERRADA TEMPORALMENTE,MONOLINGUE,MATUTINA,DIARIO(REGULAR),GUATEMALA NORTE
00-18-8467-43,01-110,CIUDAD CAPITAL,ZONA 18,COLEGIO 'UN MUNDO DE PAZ',"20 AVENIDA Y 13 CALLE, COLONIA EL LIMON",,ZUHILEM YESENIA ESTRADA ORTIZ,,PRIMARIA,PRIVADO,URBANA,CERRADA TEMPORALMENTE,MONOLINGUE,MATUTINA,DIARIO(REGULAR),GUATEMALA NORTE
00-18-8486-43,,CIUDAD CAPITAL,ZONA 18,EOUM NO.622 'LOS PINOS',"30 AVENIDA Y 17 CALLE, COLONIA LOS PINOS",22552757,,,PRIMARIA,OFICIAL,URBANA,CERRADA DEFINITIVAMENTE,MONOLINGUE,VESPERTINA,DIARIO(REGULAR),GUATEMALA NORTE
00-18-8496-45,01-403,CIUDAD CAPITAL,ZONA 18,ESCUELA ALTERNATIVA  LUZ Y ESPERANZA,23 AVENIDA  G  15-41 COLONIA EL LIMON,22305599,CARLOS HUMBERTO GONZÁLEZ DE LEÓN,MARCO ANTONIO CASTILLO CASTILLO,BASICO,PRIVADO,URBANA,CERRADA TEMPORALMENTE,MONOLINGUE,INTERMEDIA,DIARIO(REGULAR),GUATEMALA NORTE
00-18-8505-42,01-110,CIUDAD CAPITAL,ZONA 18,COLEGIO PARROQUIAL MIXTO LA PRECIOSISIMA SANGRE,12 AVENIDA 12-05 COLONIA ATLANTIDA,22560824,ZUHILEM YESENIA ESTRADA ORTIZ,ANNA MELITA BAÑOS MORO,PARVULOS,PRIVADO,URBANA,CERRADA TEMPORALMENTE,MONOLINGUE,MATUTINA,DIARIO(REGULAR),GUATEMALA NORTE
00-18-8506-43,01-110,CIUDAD CAPITAL,ZONA 18,COLEGIO PARROQUIAL MIXTO LA PRECIOSISIMA SANGRE,"12 AVENIDA 12-05 , COLONIA ATLANTIDA",22560824,ZUHILEM YESENIA ESTRADA ORTIZ,,PRIMARIA,PRIVADO,URBANA,CERRADA TEMPORALMENTE,MONOLINGUE,MATUTINA,DIARIO(REGULAR),GUATEMALA NORTE
00-18-8539-43,01-01-0020,CIUDAD CAPITAL,ZONA 18,EOUM NO. 436,25 AVENIDA 12-10 COLONIA PARAISO I,44664436,ISRAEL PORTILLO HERNÁNDEZ,GHANDI NICOLAS GRANADOS HERNANDEZ,PRIMARIA,OFICIAL,URBANA,ABIERTA,MONOLINGUE,VESPERTINA,DIARIO(REGULAR),GUATEMALA NORTE
00-18-8541-43,01-110,CIUDAD CAPITAL,ZONA 18,CENTRO EDUCATIVO 'ESMIRNA',SECCION 'G' LOTE 6 COLONIA VALLES DEL ENCINO,22603699,ZUHILEM YESENIA ESTRADA ORTIZ,,PRIMARIA,PRIVADO,URBANA,CERRADA DEFINITIVAMENTE,MONOLINGUE,MATUTINA,DIARIO(REGULAR),GUATEMALA NORTE
00-18-8562-45,01-111,CIUDAD CAPITAL,ZONA 18,LICEO MIXTO 'TIKAL INTELECTUAL',"MANZANA 1 LOTE 3, COLONIA LA JOYA",22601825-22603263,ROSA ALBA LOPEZ PIRIR,,BASICO,PRIVADO,URBANA,CERRADA TEMPORALMENTE,MONOLINGUE,VESPERTINA,DIARIO(REGULAR),GUATEMALA NORTE
00-18-8566-43,01-01-0011,CIUDAD CAPITAL,ZONA 18,JARDIN INFANTIL 'ESTRELLITAS',4A. AVENIDA 8-73 RESIDENCIALES ATLANTIDA,59714630,YAMILET VERSALI AGUILAR PEREZ,ROSA AMPARO ORTEGA PARDO,PRIMARIA,PRIVADO,URBANA,ABIERTA,MONOLINGUE,MATUTINA,DIARIO(REGULAR),GUATEMALA NORTE
00-18-8585-42,01-111,CIUDAD CAPITAL,ZONA 18,COLEGIO MUNDO INFANTIL 'LAS HORMIGUITAS',61 AV. 6-33 PINARES DEL NORTE,22422652,ROSA ALBA LOPEZ PIRIR,,PARVULOS,PRIVADO,URBANA,CERRADA DEFINITIVAMENTE,MONOLINGUE,MATUTINA,DIARIO(REGULAR),GUATEMALA NORTE
00-18-8586-45,01-110,CIUDAD CAPITAL,ZONA 18,LICEO CRISTIANO CAMINO DEL SABER NORTE,24 AVENIDA 10-28 SANTA GENOVEVA III,22560299,ZUHILEM YESENIA ESTRADA ORTIZ,HÈCTOR RAÚL MOSCOSO ORELLANA,BASICO,PRIVADO,URBANA,CERRADA DEFINITIVAMENTE,MONOLINGUE,MATUTINA,DIARIO(REGULAR),GUATEMALA NORTE
00-18-8608-42,01-01-0019,CIUDAD CAPITAL,ZONA 18,COLEGIO MIXTO EVANGELICO GILGAL,63AV. A 5-98 COLONIA PINARES DEL NORTE,58258355,ISRAEL PORTILLO HERNÁNDEZ,GLORIA ARGENTINA SÁNCHEZ OROZCO,PARVULOS,PRIVADO,URBANA,ABIERTA,MONOLINGUE,MATUTINA,DIARIO(REGULAR),GUATEMALA NORTE
00-18-8609-43,01-01-0019,CIUDAD CAPITAL,ZONA 18,COLEGIO MIXTO EVANGELICO GILGAL,63AV. A 5-98,58258355,ISRAEL PORTILLO HERNÁNDEZ,GLORIA ARGENTINA SÁNCHEZ OROZCO,PRIMARIA,PRIVADO,URBANA,ABIERTA,MONOLINGUE,MATUTINA,DIARIO(REGULAR),GUATEMALA NORTE
00-18-8622-45,01-01-0014,CIUDAD CAPITAL,ZONA 18,COLEGIO LOS OLIVOS DEL NORTE,RESIDENCIALES LOS OLIVOS,22852203,RONI GUSTABO PUAC IBAÑEZ,IVONNE HAYDÉE MÉNDEZ CIFUENTES DE PARDO,BASICO,PRIVADO,URBANA,ABIERTA,MONOLINGUE,MATUTINA,DIARIO(REGULAR),GUATEMALA NORTE
00-18-8635-46,01-01-0023,CIUDAD CAPITAL,ZONA 18,CENTRO EDUCATIVO JUVENIL BAUTISTA  SHALOM,KM. 9.5 CARRETERA AL ATLANTICO,25053535,CESAR ARNOLDO MARTINEZ GARCIA,NIDIA JANETH CRÚZ LÓPEZ,DIVERSIFICADO,PRIVADO,URBANA,ABIERTA,MONOLINGUE,MATUTINA,DIARIO(REGULAR),GUATEMALA NORTE
00-18-8649-46,01-01-0019,CIUDAD CAPITAL,ZONA 18,COLEGIO MIXTO EVANGELICO 'GILGAL',"63 AVENIDA 'A' 5-98, COLONIA PINARES DEL NORTE",58258355,ISRAEL PORTILLO HERNÁNDEZ,CÉSAR AUGUSTO PINEDA PÉREZ,DIVERSIFICADO,PRIVADO,URBANA,ABIERTA,MONOLINGUE,VESPERTINA,DIARIO(REGULAR),GUATEMALA NORTE
00-18-8653-46,,CIUDAD CAPITAL,ZONA 18,LICEO AMERICANO TECNOLOGICO DE COMPUTACION,"MANZANA 1 LOTE 192, COLONIA MAYA",22600294,,,DIVERSIFICADO,PRIVADO,URBANA,CERRADA DEFINITIVAMENTE,MONOLINGUE,VESPERTINA,DIARIO(REGULAR),GUATEMALA NORTE
00-18-8654-42,01-01-0014,CIUDAD CAPITAL,ZONA 18,COLEGIO MUNDO EDUCATIVO DIGITAL,28 AVENIDA 26-87 COLONIA MAYA,22553637,RONI GUSTABO PUAC IBAÑEZ,BLANCA MARIBEL MEJÍA SALAS,PARVULOS,PRIVADO,URBANA,ABIERTA,MONOLINGUE,MATUTINA,DIARIO(REGULAR),GUATEMALA NORTE
00-18-8655-43,01-01-0014,CIUDAD CAPITAL,ZONA 18,COLEGIO MUNDO EDUCATIVO DIGITAL,28 AVENIDA 26-87 COLONIA MAYA,22553637,RONI GUSTABO PUAC IBAÑEZ,KAREN ESTEFANY RECINOS MEJÍA,PRIMARIA,PRIVADO,URBANA,ABIERTA,MONOLINGUE,MATUTINA,DIARIO(REGULAR),GUATEMALA NORTE
00-18-8686-42,01-01-0011,CIUDAD CAPITAL,ZONA 18,EODP ANEXA A EORM N.118 FELISA SOTO MONTENEGRO,14 CALLE 4-68 COLONIA ATLANTIDA,22563818,YAMILET VERSALI AGUILAR PEREZ,LORNA MARLENY SIMEÓN CALDERÓN,PARVULOS,OFICIAL,URBANA,ABIERTA,MONOLINGUE,VESPERTINA,DIARIO(REGULAR),GUATEMALA NORTE
00-18-8693-42,01-01-0020,CIUDAD CAPITAL,ZONA 18,EODP ANEXA A EOUM,"ESQUINA DE ARCO PRINCIPAL Y ARCO NO.5 LOTE 00, COLONIA FATIMA",42406621,ISRAEL PORTILLO HERNÁNDEZ,LEILA MYRA GONZÁLEZ SOLIS,PARVULOS,OFICIAL,URBANA,ABIERTA,MONOLINGUE,MATUTINA,DIARIO(REGULAR),GUATEMALA NORTE
00-18-8694-43,01-01-0020,CIUDAD CAPITAL,ZONA 18,EOUM,ARCO PRINCIPAL ARCO 5 LOTE 00 COLONIA FATIMA,42406621,ISRAEL PORTILLO HERNÁNDEZ,LEILA MYRA GONZÁLEZ SOLIS,PRIMARIA,OFICIAL,URBANA,ABIERTA,MONOLINGUE,MATUTINA,DIARIO(REGULAR),GUATEMALA NORTE
00-18-8710-42,01-110,CIUDAD CAPITAL,ZONA 18,LICEO MIXTO EVANGELICO FUENTE SAGRADA DEL SABER,LOTE 8 A SECCION I COLONIA LAS ILUSIONES GUATEMALA,22603689,ZUHILEM YESENIA ESTRADA ORTIZ,SANDRA LILI MONTENEGRO BARRIOS,PARVULOS,PRIVADO,URBANA,CERRADA DEFINITIVAMENTE,MONOLINGUE,MATUTINA,DIARIO(REGULAR),GUATEMALA NORTE
00-18-8711-43,01-110,CIUDAD CAPITAL,ZONA 18,LICEO MIXTO EVANGELICO FUENTE SAGRADA DEL SABER,LOTE 8 A SECCION I COLONIA LAS ILUSIONES,22603689,ZUHILEM YESENIA ESTRADA ORTIZ,SANDRA LILI MONTENEGRO BARRIOS,PRIMARIA,PRIVADO,URBANA,CERRADA DEFINITIVAMENTE,MONOLINGUE,MATUTINA,DIARIO(REGULAR),GUATEMALA NORTE
00-18-8731-42,01-01-0018,CIUDAD CAPITAL,ZONA 18,JARDIN INFANTIL MIS MANITAS,11 AV. 9-25 SAN RAFAEL II,43758052,ISRAEL PORTILLO HERNÁNDEZ,SILVIA PATRICIA GARCÍA,PARVULOS,PRIVADO,URBANA,CERRADA TEMPORALMENTE,MONOLINGUE,MATUTINA,DIARIO(REGULAR),GUATEMALA NORTE
00-18-8737-42,01-01-0019,CIUDAD CAPITAL,ZONA 18,COLEGIO 'DULCE HOGAR',59 AV. 'A' 6-61 COLONIA PINARES DEL NORTE,22571177,ISRAEL PORTILLO HERNÁNDEZ,OLGA MARINA GARCÍA PALENCIA,PARVULOS,PRIVADO,URBANA,ABIERTA,MONOLINGUE,MATUTINA,DIARIO(REGULAR),GUATEMALA NORTE
00-18-8738-46,01-111,CIUDAD CAPITAL,ZONA 18,LICEO PINARES,59 AV.  B  6-28 COLONIA PINARES DEL NORTE,22571182,ROSA ALBA LOPEZ PIRIR,CARLOS ENRIQUE CHIQUITÓ BURRIÓN,DIVERSIFICADO,PRIVADO,URBANA,CERRADA TEMPORALMENTE,MONOLINGUE,MATUTINA,DIARIO(REGULAR),GUATEMALA NORTE
00-18-8747-42,01-01-0018,CIUDAD CAPITAL,ZONA 18,COLEGIO  MUNDO INFANTIL PEQUEÑAS ESTRELLAS,LOTE 30 MANZANA 5 RESIDENCIALES SAN RAFAEL BUENA VISTA,55952716,ISRAEL PORTILLO HERNÁNDEZ,WENDY ROXANA CIPRIANO MORENO,PARVULOS,PRIVADO,URBANA,ABIERTA,MONOLINGUE,MATUTINA,DIARIO(REGULAR),GUATEMALA NORTE
00-18-8748-42,01-01-0018,CIUDAD CAPITAL,ZONA 18,EODP ANEXA A EOUM JOHN F. KENNEDY,3A. AV. LOTE 200 COLONIA KENNEDY,22423417,ISRAEL PORTILLO HERNÁNDEZ,LUCRECIA  FLORES CASTILLO,PARVULOS,OFICIAL,URBANA,ABIERTA,MONOLINGUE,VESPERTINA,DIARIO(REGULAR),GUATEMALA NORTE
00-18-8749-46,01-01-0014,CIUDAD CAPITAL,ZONA 18,COLEGIO LOS OLIVOS DEL NORTE,RESIDENCIALES LOS OLIVOS,22852206,RONI GUSTABO PUAC IBAÑEZ,MARÍA EUGENIA RABBÉ MARTÍNEZ,DIVERSIFICADO,PRIVADO,URBANA,ABIERTA,MONOLINGUE,MATUTINA,DIARIO(REGULAR),GUATEMALA NORTE
00-18-8750-46,01-110,CIUDAD CAPITAL,ZONA 18,COLEGIO LOS OLIVOS DEL NORTE,RESIDENCIALES LOS OLIVOS,"22852203, 22852205",ZUHILEM YESENIA ESTRADA ORTIZ,,DIVERSIFICADO,PRIVADO,URBANA,CERRADA TEMPORALMENTE,MONOLINGUE,VESPERTINA,DIARIO(REGULAR),GUATEMALA NORTE
00-18-8754-45,01-110,CIUDAD CAPITAL,ZONA 18,COLEGIO LOS OLIVOS,RESIDENCIALES LOS OLIVOS,22852205,ZUHILEM YESENIA ESTRADA ORTIZ,,BASICO,PRIVADO,URBANA,CERRADA TEMPORALMENTE,MONOLINGUE,VESPERTINA,DIARIO(REGULAR),GUATEMALA NORTE
00-18-8765-45,01-01-0014,CIUDAD CAPITAL,ZONA 18,LICEO AMERICANO TECNOLOGICO DE COMPUTACION,LOTE 928 MZ. 8 COLONIA MAYA,22602017,RONI GUSTABO PUAC IBAÑEZ,DAVID  OLIVA LIMA,BASICO,PRIVADO,URBANA,ABIERTA,MONOLINGUE,MATUTINA,DIARIO(REGULAR),GUATEMALA NORTE
00-18-8766-46,01-01-0014,CIUDAD CAPITAL,ZONA 18,LICEO AMERICANO TECNOLOGICO DE COMPUTACION,LOTE 928 MZ. 8 COLONIA MAYA,22602017,RONI GUSTABO PUAC IBAÑEZ,DAVID  OLIVA LIMA,DIVERSIFICADO,PRIVADO,URBANA,ABIERTA,MONOLINGUE,MATUTINA,DIARIO(REGULAR),GUATEMALA NORTE
00-18-8774-42,01-001,CIUDAD CAPITAL,ZONA 18,PAIN- CEINE,7A. CALLE  A  60-63 COLONIA PINARES DEL NORTE,22451445,SANDRA LIZZETH CRUZ IZAGUIRRE,,PARVULOS,OFICIAL,URBANA,CERRADA DEFINITIVAMENTE,MONOLINGUE,MATUTINA,DIARIO(REGULAR),GUATEMALA NORTE
00-18-8781-45,01-110,CIUDAD CAPITAL,ZONA 18,CENTRO EDUCACIONAL CRISTIANO KERIGMA,11 AV. 12-25 COLONIA ATLANTIDA,55900309,ZUHILEM YESENIA ESTRADA ORTIZ,,BASICO,PRIVADO,URBANA,CERRADA TEMPORALMENTE,MONOLINGUE,MATUTINA,DIARIO(REGULAR),GUATEMALA NORTE
00-18-8848-42,01-01-0018,CIUDAD CAPITAL,ZONA 18,EODP NO.143 'SAN RAFAEL I',DIAGONAL 27 SAN RAFAEL LA LAGUNA I,56780348,ISRAEL PORTILLO HERNÁNDEZ,IRIS MAGNOLIA GARCÍA SAMAYOA,PARVULOS,OFICIAL,URBANA,ABIERTA,MONOLINGUE,VESPERTINA,DIARIO(REGULAR),GUATEMALA NORTE
00-18-8864-44,01-407,CIUDAD CAPITAL,ZONA 18,CENTRO EDUCATIVO SAN JOSE,27 AV. 31-39 COLONIA LAS TAPIAS,55106636,LILIAN YOLANDA RODRIGUEZ PINTO DE CASTRO,,PRIMARIA DE ADULTOS,PRIVADO,URBANA,CERRADA DEFINITIVAMENTE,MONOLINGUE,DOBLE,FIN DE SEMANA,GUATEMALA NORTE
00-18-8865-45,01-407,CIUDAD CAPITAL,ZONA 18,CENTRO EDUCATIVO 'SAN JOSE',27AV. 31-39 COLONIA LAS TAPIAS,55106636,LILIAN YOLANDA RODRIGUEZ PINTO DE CASTRO,,BASICO,PRIVADO,URBANA,CERRADA DEFINITIVAMENTE,MONOLINGUE,DOBLE,FIN DE SEMANA,GUATEMALA NORTE
00-18-8866-46,01-407,CIUDAD CAPITAL,ZONA 18,CENTRO EDUCATIVO SAN JOSE,27 AV. 31-39 COLONIA LAS TAPIAS,,LILIAN YOLANDA RODRIGUEZ PINTO DE CASTRO,---,DIVERSIFICADO,PRIVADO,URBANA,CERRADA DEFINITIVAMENTE,MONOLINGUE,DOBLE,FIN DE SEMANA,GUATEMALA NORTE
00-18-8896-45,01-106,CIUDAD CAPITAL,ZONA 18,LICEO DE CIENCIAS Y TECNICAS DE COMPUTACION,0 CALLE 12-67 LA VARREDA,22584488,CESAR ARNOLDO MARTINEZ GARCIA,ZOILA OCTAVILA QUIJADA FOLGAR,BASICO,PRIVADO,URBANA,CERRADA TEMPORALMENTE,MONOLINGUE,DOBLE,FIN DE SEMANA,GUATEMALA NORTE
00-18-8897-45,01-01-0036,CIUDAD CAPITAL,ZONA 18,LICEO DE CIENCIAS Y TECNICAS DE COMPUTACION,0 CALLE 12-67 LAVARREDA,22584488,CARLOS HUMBERTO GONZALEZ DE LEON,WALTER GUILLERMO MURALLES LOPEZ,BASICO,PRIVADO,URBANA,ABIERTA,MONOLINGUE,DOBLE,FIN DE SEMANA,GUATEMALA NORTE
00-18-8898-46,01-01-0036,CIUDAD CAPITAL,ZONA 18,LICEO DE CIENCIAS Y TECNICAS DE COMPUTACION,0 CALLE 12-67 LAVARREDA,22584488,CARLOS HUMBERTO GONZALEZ DE LEON,WALTER GUILLERMO MURALLES LOPEZ,DIVERSIFICADO,PRIVADO,URBANA,ABIERTA,MONOLINGUE,DOBLE,FIN DE SEMANA,GUATEMALA NORTE
00-18-8899-46,01-106,CIUDAD CAPITAL,ZONA 18,LICEO DE CIENCIAS Y TECNICAS DE COMPUTACION,0 CALLE 12-67 LA VARREDA,22584488,CESAR ARNOLDO MARTINEZ GARCIA,ZOILA OCTAVILA QUIJADA FOLGAR,DIVERSIFICADO,PRIVADO,URBANA,CERRADA TEMPORALMENTE,MONOLINGUE,DOBLE,FIN DE SEMANA,GUATEMALA NORTE
00-18-8902-45,01-01-0014,CIUDAD CAPITAL,ZONA 18,LICEO FRANCO GUATEMALTECO,"MANZANA 19, LOTE 627, COLONIA MAYA",22554243,RONI GUSTABO PUAC IBAÑEZ,LORNA MARLENY SIMEÓN CALDERÓN,BASICO,PRIVADO,URBANA,ABIERTA,MONOLINGUE,MATUTINA,DIARIO(REGULAR),GUATEMALA NORTE
00-18-8906-43,,CIUDAD CAPITAL,ZONA 18,CENTRO INTERACTIVO DE EDUCACION 'CREARE',3A. CALLE 'B' 7-72 RESIDENCIALES ATLANTIDA,22582231,,,PRIMARIA,PRIVADO,URBANA,CERRADA TEMPORALMENTE,MONOLINGUE,MATUTINA,DIARIO(REGULAR),GUATEMALA NORTE
00-18-8908-42,01-01-0015,CIUDAD CAPITAL,ZONA 18,CENTRO EDUCATIVO  SARMIENTO,LOTE 16 MANZANA X RESIDENCIALES CANAAN,22545428,RONI GUSTABO PUAC IBAÑEZ,AMILZA YADIRA ARIAS CHUR,PARVULOS,PRIVADO,URBANA,ABIERTA,MONOLINGUE,MATUTINA,DIARIO(REGULAR),GUATEMALA NORTE
00-18-8909-43,01-01-0015,CIUDAD CAPITAL,ZONA 18,CENTRO EDUCATIVO  SARMIENTO,LOTE 16 MANZANA X RESIDENCIALES CANAAN,22545428,RONI GUSTABO PUAC IBAÑEZ,AMILZA YADIRA ARIAS CHUR,PRIMARIA,PRIVADO,URBANA,ABIERTA,MONOLINGUE,MATUTINA,DIARIO(REGULAR),GUATEMALA NORTE
00-18-8918-42,01-111,CIUDAD CAPITAL,ZONA 18,COLEGIO 'OASIS DEL SABER',"4A. AVENIDA 5-85, COLONIA KENNEDY",24591189,ROSA ALBA LOPEZ PIRIR,,PARVULOS,PRIVADO,URBANA,CERRADA TEMPORALMENTE,MONOLINGUE,MATUTINA,DIARIO(REGULAR),GUATEMALA NORTE
00-18-8919-43,01-111,CIUDAD CAPITAL,ZONA 18,COLEGIO 'OASIS DEL SABER',"4A. AVENIDA 5-85, COLONIA KENNEDY",24591189,ROSA ALBA LOPEZ PIRIR,MARA PATRICIA MISS GARZO DE ESQUIVEL,PRIMARIA,PRIVADO,URBANA,CERRADA TEMPORALMENTE,MONOLINGUE,MATUTINA,DIARIO(REGULAR),GUATEMALA NORTE
00-18-8921-43,01-110,CIUDAD CAPITAL,ZONA 18,COLEGIO DE FORMACION PROFESIONAL EN COMPUTACION,MANZANA 5 LOTE 579 COLONIA MAYA,57121298,ZUHILEM YESENIA ESTRADA ORTIZ,,PRIMARIA,PRIVADO,URBANA,CERRADA TEMPORALMENTE,MONOLINGUE,MATUTINA,DIARIO(REGULAR),GUATEMALA NORTE
00-18-8922-45,,CIUDAD CAPITAL,ZONA 18,COLEGIO DE FORMACION PROFESIONAL EN COMPUTACION,MANZANA 5 LOTE 579 COLONIA MAYA,52995680,,,BASICO,PRIVADO,URBANA,CERRADA TEMPORALMENTE,MONOLINGUE,MATUTINA,DIARIO(REGULAR),GUATEMALA NORTE
00-18-8923-46,,CIUDAD CAPITAL,ZONA 18,COLEGIO DE FORMACION PROFESIONAL EN COMPUTACION,MANZANA 5 LOTE 579 COLONIA MAYA,52995680,,,DIVERSIFICADO,PRIVADO,URBANA,CERRADA TEMPORALMENTE,MONOLINGUE,MATUTINA,DIARIO(REGULAR),GUATEMALA NORTE
00-18-8924-44,01-01-0036,CIUDAD CAPITAL,ZONA 18,COLEGIO DE FORMACION PROFESIONAL EN COMPUTACION -C.F.P.C.-,MANZANA 5 LOTE 579 COLONIA MAYA,22603936,CARLOS HUMBERTO GONZALEZ DE LEON,FRANCISCO ROLANDO CORZANTES,PRIMARIA DE ADULTOS,PRIVADO,URBANA,ABIERTA,MONOLINGUE,DOBLE,FIN DE SEMANA,GUATEMALA NORTE
00-18-8925-45,01-403,CIUDAD CAPITAL,ZONA 18,COLEGIO DE FORMACION PROFESIONAL EN COMPUTACION -C.F.P.C.-,MANZANA 5 LOTE 579 COLONIA MAYA,22603936,CARLOS HUMBERTO GONZÁLEZ DE LEÓN,FRANCISCO ROLANDO CORZANTES,BASICO,PRIVADO,URBANA,CERRADA TEMPORALMENTE,MONOLINGUE,DOBLE,FIN DE SEMANA,GUATEMALA NORTE
00-18-8926-46,01-403,CIUDAD CAPITAL,ZONA 18,COLEGIO DE FORMACION PROFESIONAL EN COMPUTACION -C.F.P.C.-,MANZANA 5 LOTE 579 COLONIA MAYA,22603936,CARLOS HUMBERTO GONZÁLEZ DE LEÓN,FRANCISCO ROLANDO CORZANTES,DIVERSIFICADO,PRIVADO,URBANA,CERRADA TEMPORALMENTE,MONOLINGUE,DOBLE,FIN DE SEMANA,GUATEMALA NORTE
00-18-8991-42,01-01-0015,CIUDAD CAPITAL,ZONA 18,"EODP ANEXA A EORM ""HELENA C. DE CARRILLO""","LOTE 8 CALLEJON LA ESCUELITA, COLONIA LA ESTANCIA",,RONI GUSTABO PUAC IBAÑEZ,WENDY MARIELA MEJIA LUCERO,PARVULOS,OFICIAL,RURAL,ABIERTA,MONOLINGUE,MATUTINA,DIARIO(REGULAR),GUATEMALA NORTE
00-18-8992-43,01-01-0015,CIUDAD CAPITAL,ZONA 18,EORM HELENA  C. DE CARRILLO,LOTE 8 CALLEJON  A LA ESCUELITA COLONIA  LA ESTANCIA,,RONI GUSTABO PUAC IBAÑEZ,WENDY MARIELA MEJIA LUCERO,PRIMARIA,OFICIAL,RURAL,ABIERTA,MONOLINGUE,MATUTINA,DIARIO(REGULAR),GUATEMALA NORTE
00-18-8993-42,01-01-0023,CIUDAD CAPITAL,ZONA 18,LICEO CRISTIANO BRASIL,"LOTE 32,33 Y 34 SECTOR 4 MANZANA 3 RES. SAN ANTONIO",42283980,CESAR ARNOLDO MARTINEZ GARCIA,YANCY CRISTINA BARRIOS HUERTAS,PARVULOS,PRIVADO,URBANA,ABIERTA,MONOLINGUE,MATUTINA,DIARIO(REGULAR),GUATEMALA NORTE
00-18-8994-43,01-01-0023,CIUDAD CAPITAL,ZONA 18,LICEO CRISTIANO BRASIL,"LOTE 32, 33 Y 34 SECTOR 4 MANZANA 3 RES. SAN ANTONIO",43069501,CESAR ARNOLDO MARTINEZ GARCIA,MAMFREDO CAMILO SOBERANIS CÁZARES,PRIMARIA,PRIVADO,URBANA,ABIERTA,MONOLINGUE,MATUTINA,DIARIO(REGULAR),GUATEMALA NORTE
00-18-8995-45,01-01-0023,CIUDAD CAPITAL,ZONA 18,LICEO CRISTIANO BRASIL,"LOTE 32,33 Y 34 SECTOR 4 MANZANA 3 RES. SAN ANTONIO",42283980,CESAR ARNOLDO MARTINEZ GARCIA,ANDREA ESTEFANÍA ESQUIVEL AMADO,BASICO,PRIVADO,URBANA,ABIERTA,MONOLINGUE,VESPERTINA,DIARIO(REGULAR),GUATEMALA NORTE
00-18-9010-42,01-01-0015,CIUDAD CAPITAL,ZONA 18,COLEGIO MIXTO 'VALLE DE JESUS',"43  AVENIDA  ""B""  44-70 RESIDENCIALES  VALLE DE JESUS",22604053,RONI GUSTABO PUAC IBAÑEZ,CRISTINA ELIZABETH PINEDA RUÍZ,PARVULOS,PRIVADO,URBANA,ABIERTA,MONOLINGUE,MATUTINA,DIARIO(REGULAR),GUATEMALA NORTE
00-18-9011-43,01-01-0015,CIUDAD CAPITAL,ZONA 18,COLEGIO MIXTO 'VALLE DE JESUS',"43 AVENIDA ""B""  44-70 RESIDENCIALES  VALLE DE JESUS",22604053,RONI GUSTABO PUAC IBAÑEZ,BRENDA MARLENY GUTIERREZ HERRERA,PRIMARIA,PRIVADO,URBANA,ABIERTA,MONOLINGUE,MATUTINA,DIARIO(REGULAR),GUATEMALA NORTE
00-18-9012-42,01-01-0014,CIUDAD CAPITAL,ZONA 18,COLEGIO  TORRE FUERTE,"LOTE 9, 10 Y 11 FRACCIONAMIENTO LAS CRUCES, MANZANA 27  A  ENTRADA COL.MAYA",22600802,RONI GUSTABO PUAC IBAÑEZ,ASTRID MARITZA ORTÍZ CHACÓN,PARVULOS,PRIVADO,URBANA,ABIERTA,MONOLINGUE,MATUTINA,DIARIO(REGULAR),GUATEMALA NORTE
00-18-9013-43,01-01-0014,CIUDAD CAPITAL,ZONA 18,COLEGIO  TORRE FUERTE,"LOTE 9, 10 Y 11 FRACCIONAMIENTO LAS CRUCES, MANZANA 27  A  ENTRADA COL.MAYA",22600370,RONI GUSTABO PUAC IBAÑEZ,ASTRID MARITZA ORTÍZ CHACÓN,PRIMARIA,PRIVADO,URBANA,ABIERTA,MONOLINGUE,MATUTINA,DIARIO(REGULAR),GUATEMALA NORTE
00-18-9014-42,01-111,CIUDAD CAPITAL,ZONA 18,COLEGIO MIXTO DEL NORTE,"5A. CALLE 61-92, PINARES DEL NORTE",58259763,ROSA ALBA LOPEZ PIRIR,GLORIA AÍDA PACAY CÚ,PARVULOS,PRIVADO,URBANA,CERRADA TEMPORALMENTE,MONOLINGUE,MATUTINA,DIARIO(REGULAR),GUATEMALA NORTE
00-18-9015-43,01-111,CIUDAD CAPITAL,ZONA 18,COLEGIO MIXTO DEL NORTE,"5A. CALLE 61-92, PINARES DEL NORTE",58259763,ROSA ALBA LOPEZ PIRIR,GLORIA AÍDA PACAY CÚ,PRIMARIA,PRIVADO,URBANA,CERRADA TEMPORALMENTE,MONOLINGUE,MATUTINA,DIARIO(REGULAR),GUATEMALA NORTE
00-18-9016-45,01-111,CIUDAD CAPITAL,ZONA 18,CENTRO EDUCATIVO JUAN PABLO II,"14 CALLE  A  3-02, SAN RAFAEL III, LAS COLINAS",22571320,ROSA ALBA LOPEZ PIRIR,IRIS MAGNOLIA GARCÍA SAMAYOA,BASICO,PRIVADO,URBANA,CERRADA DEFINITIVAMENTE,MONOLINGUE,VESPERTINA,DIARIO(REGULAR),GUATEMALA NORTE
00-18-9017-42,01-01-0019,CIUDAD CAPITAL,ZONA 18,COLEGIO MIXTO CRISTIANO 'SALEM',"61 AVENIDA 5-07, COLONIA PINARES DEL NORTE",22420815,ISRAEL PORTILLO HERNÁNDEZ,CESAR ARTURO ERNESTO DE LEÓN ORDOÑEZ,PARVULOS,PRIVADO,URBANA,CERRADA TEMPORALMENTE,MONOLINGUE,MATUTINA,DIARIO(REGULAR),GUATEMALA NORTE
00-18-9018-43,01-01-0019,CIUDAD CAPITAL,ZONA 18,COLEGIO MIXTO CRISTIANO 'SALEM',"61 AVENIDA 5-07, COLONIA PINARES DEL NORTE",22571252,ISRAEL PORTILLO HERNÁNDEZ,CESAR ARTURO ERNESTO DE LEÓN ORDOÑEZ,PRIMARIA,PRIVADO,URBANA,CERRADA TEMPORALMENTE,MONOLINGUE,MATUTINA,DIARIO(REGULAR),GUATEMALA NORTE
00-18-9071-46,01-104,CIUDAD CAPITAL,ZONA 18,LICEO CRISTIANO FUENTE DE VIDA,LOTE 163 MANZANA 23 COLONIA MAYA,22554026,ISRAEL PORTILLO HERNANDEZ,,DIVERSIFICADO,PRIVADO,URBANA,CERRADA DEFINITIVAMENTE,MONOLINGUE,MATUTINA,DIARIO(REGULAR),GUATEMALA NORTE
00-18-9085-42,01-01-0021,CIUDAD CAPITAL,ZONA 18,COLEGIO 'LAS ALAMEDAS',25 AV. 12-15 COLONIA ALAMEDA I,56901136,ISRAEL PORTILLO HERNÁNDEZ,NEREYDA VIOLETA SILIEZAR AVILA,PARVULOS,PRIVADO,URBANA,CERRADA TEMPORALMENTE,MONOLINGUE,MATUTINA,DIARIO(REGULAR),GUATEMALA NORTE
00-18-9123-42,01-110,CIUDAD CAPITAL,ZONA 18,COLEGIO 'ARMADURA DE CRISTO',"LOTE 99 MANZANA 24, COLONIA MAYA",52942572,ZUHILEM YESENIA ESTRADA ORTIZ,,PARVULOS,PRIVADO,URBANA,CERRADA TEMPORALMENTE,MONOLINGUE,MATUTINA,DIARIO(REGULAR),GUATEMALA NORTE
00-18-9124-43,01-110,CIUDAD CAPITAL,ZONA 18,COLEGIO 'ARMADURA DE CRISTO',"LOTE 99 MANZANA 24, COLONIA MAYA",52942572,ZUHILEM YESENIA ESTRADA ORTIZ,,PRIMARIA,PRIVADO,URBANA,CERRADA TEMPORALMENTE,MONOLINGUE,MATUTINA,DIARIO(REGULAR),GUATEMALA NORTE
00-18-9127-42,01-01-0011,CIUDAD CAPITAL,ZONA 18,COLEGIO MIXTO  EL CASTILLO,"9A. AVENIDA  A  9-20, COLONIA ATLANTIDA",22550149,YAMILET VERSALI AGUILAR PEREZ,EVELYN ZUGEIRA FIGUEROA AVENDAÑO,PARVULOS,PRIVADO,URBANA,ABIERTA,MONOLINGUE,MATUTINA,DIARIO(REGULAR),GUATEMALA NORTE
00-18-9128-43,01-01-0011,CIUDAD CAPITAL,ZONA 18,COLEGIO MIXTO  EL CASTILLO,"9A. AVENIDA  A  9-20, COLONIA ATLANTIDA",22550149,YAMILET VERSALI AGUILAR PEREZ,EVELYN ZUGEIRA FIGUEROA AVENDAÑO,PRIMARIA,PRIVADO,URBANA,ABIERTA,MONOLINGUE,MATUTINA,DIARIO(REGULAR),GUATEMALA NORTE
00-18-9144-42,01-01-0019,CIUDAD CAPITAL,ZONA 18,COLEGIO CRISTIANO KYRIOS,"62 AVENIDA 5-60, PINARES DEL NORTE",50183135,ISRAEL PORTILLO HERNÁNDEZ,MARÍA VICTORIA RAMÍREZ RUIZ,PARVULOS,PRIVADO,URBANA,ABIERTA,MONOLINGUE,MATUTINA,DIARIO(REGULAR),GUATEMALA NORTE
00-18-9203-45,01-106,CIUDAD CAPITAL,ZONA 18,COLEGIO CRISTIANO GOZO Y FELICIDAD 'SUNCHAIRO',"61 AVENIDA 2F' 5-30, PINARES DEL NORTE",22421975,CESAR ARNOLDO MARTINEZ GARCIA,,BASICO,PRIVADO,URBANA,CERRADA DEFINITIVAMENTE,MONOLINGUE,VESPERTINA,DIARIO(REGULAR),GUATEMALA NORTE
00-18-9212-43,01-01-0015,CIUDAD CAPITAL,ZONA 18,COLEGIO TECNOLOGICO HOMBRE DE NAZARETH,"LOTE 60 MANZANA 4, COLONIA EL ROSARIO",51269018,RONI GUSTABO PUAC IBAÑEZ,SULMAN ESPERANZA JIMENEZ CASTAÑAZA,PRIMARIA,PRIVADO,URBANA,ABIERTA,MONOLINGUE,MATUTINA,DIARIO(REGULAR),GUATEMALA NORTE
00-18-9213-45,01-01-0015,CIUDAD CAPITAL,ZONA 18,COLEGIO TECNOLOGICO HOMBRE DE NAZARETH,"LOTE 60 MANZANA 4, COLONIA EL ROSARIO",51269018,RONI GUSTABO PUAC IBAÑEZ,SULMAN ESPERANZA JIMENEZ CASTAÑAZA,BASICO,PRIVADO,URBANA,ABIERTA,MONOLINGUE,VESPERTINA,DIARIO(REGULAR),GUATEMALA NORTE
00-18-9214-45,01-106,CIUDAD CAPITAL,ZONA 18,COLEGIO TECNOLOGICO HOMBRE DE NAZARETH,"LOTE 60 MANZANA 4, COLONIA EL ROSARIO",22554484,CESAR ARNOLDO MARTINEZ GARCIA,SULMAN ESPERANZA JIMENEZ CASTAÑAZA,BASICO,PRIVADO,URBANA,CERRADA TEMPORALMENTE,MONOLINGUE,DOBLE,FIN DE SEMANA,GUATEMALA NORTE
00-18-9215-46,01-407,CIUDAD CAPITAL,ZONA 18,COLEGIO PRIVADO MIXTO EN COMPUTACION 'FERMAT',"LOTE 60 MANZANA 4, COLONIA EL ROSARIO",22554175,LILIAN YOLANDA RODRIGUEZ PINTO DE CASTRO,,DIVERSIFICADO,PRIVADO,URBANA,CERRADA TEMPORALMENTE,MONOLINGUE,VESPERTINA,DIARIO(REGULAR),GUATEMALA NORTE
00-18-9216-46,01-407,CIUDAD CAPITAL,ZONA 18,COLEGIO PRIVADO MIXTO EN COMPUATCION 'FERMAT',"LOTE 60 MANZANA 4, COLONIA EL ROSARIO",22554175,LILIAN YOLANDA RODRIGUEZ PINTO DE CASTRO,,DIVERSIFICADO,PRIVADO,URBANA,CERRADA TEMPORALMENTE,MONOLINGUE,DOBLE,FIN DE SEMANA,GUATEMALA NORTE
00-18-9217-46,01-407,CIUDAD CAPITAL,ZONA 18,COLEGIO PRIVADO MIXTO EN COMPUTACION 'FERMAT' (POR MADUREZ),"LOTE 60 MANZANA 4, COLONIA EL ROSARIO",22541175,LILIAN YOLANDA RODRIGUEZ PINTO DE CASTRO,,DIVERSIFICADO,PRIVADO,URBANA,CERRADA TEMPORALMENTE,MONOLINGUE,DOBLE,FIN DE SEMANA,GUATEMALA NORTE
00-18-9237-42,01-104,CIUDAD CAPITAL,ZONA 18,ESCUELA OFICIAL DE PARVULOS,6TA. AVE. 4-54,47182955,ISRAEL PORTILLO HERNANDEZ,,PARVULOS,OFICIAL,URBANA,CERRADA DEFINITIVAMENTE,MONOLINGUE,DOBLE,DIARIO(REGULAR),GUATEMALA NORTE
00-18-9252-45,01-106,CIUDAD CAPITAL,ZONA 18,COLEGIO MIXTO EVANGELICO 'BEZALEEL',1A. AV. LOTE 6 MANZANA 'F' RESIDENCIALES JARDINES DEL ROSARIO KM. 16.5 RUTA AL ATLANTICO,52143663,CESAR ARNOLDO MARTINEZ GARCIA,,BASICO,PRIVADO,URBANA,CERRADA DEFINITIVAMENTE,MONOLINGUE,VESPERTINA,DIARIO(REGULAR),GUATEMALA NORTE
00-18-9253-42,01-110,CIUDAD CAPITAL,ZONA 18,COLEGIO 'JARDIN DE AMOR',LOTE 584 MANZANA 5 COLONIA MAYA,52185515,ZUHILEM YESENIA ESTRADA ORTIZ,,PARVULOS,PRIVADO,URBANA,CERRADA DEFINITIVAMENTE,MONOLINGUE,MATUTINA,DIARIO(REGULAR),GUATEMALA NORTE
00-18-9254-43,01-01-0023,CIUDAD CAPITAL,ZONA 18,COLEGIO CRISTIANO  PUEBLO DE DIOS,MANZANA 3 SECTOR  A LOTES 12 Y 13 RESIDENCIALES STA CLARA I KM. 10 RUTA AL ATLANTICO,22607960,CESAR ARNOLDO MARTINEZ GARCIA,FREDY AMILCAR CRUZ,PRIMARIA,PRIVADO,URBANA,ABIERTA,MONOLINGUE,MATUTINA,DIARIO(REGULAR),GUATEMALA NORTE
00-18-9273-42,01-01-0016,CIUDAD CAPITAL,ZONA 18,LICEO MARKEV,"CASA 29 MANZANA U, RESIDENCIALES EL PRADO",44068573,RONI GUSTABO PUAC IBAÑEZ,ELSA  CABRERA GALDÁMEZ,PARVULOS,PRIVADO,URBANA,ABIERTA,MONOLINGUE,MATUTINA,DIARIO(REGULAR),GUATEMALA NORTE
00-18-9274-43,01-01-0016,CIUDAD CAPITAL,ZONA 18,LICEO MARKEV,"CASA 29 MANZANA U, RESIDENCIALES EL PRADO",44068573,RONI GUSTABO PUAC IBAÑEZ,ELSA  CABRERA GALDÁMEZ,PRIMARIA,PRIVADO,URBANA,ABIERTA,MONOLINGUE,MATUTINA,DIARIO(REGULAR),GUATEMALA NORTE
00-18-9275-45,01-01-0014,CIUDAD CAPITAL,ZONA 18,COLEGIO  MUNDO EDUCATIVO DIGITAL,28 AVENIDA 26-87 COLONIA MAYA,22604152,RONI GUSTABO PUAC IBAÑEZ,VILMA BEATRIZ DE LEÓN ORDOÑEZ,BASICO,PRIVADO,URBANA,ABIERTA,MONOLINGUE,MATUTINA,DIARIO(REGULAR),GUATEMALA NORTE
00-18-9276-45,01-110,CIUDAD CAPITAL,ZONA 18,COLEGIO  MUNDO EDUCATIVO DIGITAL,"LOTE 927 MANZANA 8, COLONIA MAYA",22553637,ZUHILEM YESENIA ESTRADA ORTIZ,VILMA BEATRIZ DE LEÓN ORDOÑEZ,BASICO,PRIVADO,URBANA,CERRADA TEMPORALMENTE,MONOLINGUE,VESPERTINA,DIARIO(REGULAR),GUATEMALA NORTE
00-18-9313-45,01-01-0018,CIUDAD CAPITAL,ZONA 18,COLEGIO CRISTIANO NUEVO CAMINO,"4A. AVENIDA LOTE 146, COLONIA KENNEDY",22570403,ISRAEL PORTILLO HERNÁNDEZ,ROÉL ANTONIO VILLATORO GONZÁLEZ,BASICO,PRIVADO,URBANA,ABIERTA,MONOLINGUE,MATUTINA,DIARIO(REGULAR),GUATEMALA NORTE
00-18-9348-42,01-01-0021,CIUDAD CAPITAL,ZONA 18,COLEGIO MIXTO CRISTIANO ARCOIRIS,LOTE 21 MANZANA D RESIDENCIALES VILLAS ALAMEDA,22425638,ISRAEL PORTILLO HERNÁNDEZ,ILSE MARINA DARDON ALVAREZ,PARVULOS,PRIVADO,URBANA,ABIERTA,MONOLINGUE,MATUTINA,DIARIO(REGULAR),GUATEMALA NORTE
00-18-9349-43,01-01-0021,CIUDAD CAPITAL,ZONA 18,COLEGIO MIXTO CRISTIANO ARCOIRIS,LOTE 21 MANZANA D RESIDENCIALES VILLAS ALAMEDA,22425638,ISRAEL PORTILLO HERNÁNDEZ,ILSE MARINA DARDON ALVAREZ,PRIMARIA,PRIVADO,URBANA,ABIERTA,MONOLINGUE,MATUTINA,DIARIO(REGULAR),GUATEMALA NORTE
00-18-9367-42,01-104,CIUDAD CAPITAL,ZONA 18,LICEO MIXTO VALLE ENCANTADO,LOTE 59 COLONIA EL VALLE,56969152,ISRAEL PORTILLO HERNANDEZ,MARELYN CAROLINA CASTILLO ORTEGA,PARVULOS,PRIVADO,URBANA,CERRADA TEMPORALMENTE,MONOLINGUE,MATUTINA,DIARIO(REGULAR),GUATEMALA NORTE
00-18-9368-43,01-104,CIUDAD CAPITAL,ZONA 18,LICEO MIXTO VALLE ENCANTADO,LOTE 59 COLONIA EL VALLE,56969152,ISRAEL PORTILLO HERNANDEZ,LUBIA CONSUELO DE LEÓN RAMOS,PRIMARIA,PRIVADO,URBANA,CERRADA TEMPORALMENTE,MONOLINGUE,MATUTINA,DIARIO(REGULAR),GUATEMALA NORTE
00-18-9388-42,01-111,CIUDAD CAPITAL,ZONA 18,COLEGIO  LOS PIONEROS,"1A. CALLE 10-55, COLONIA ATLANTIDA",22560266,ROSA ALBA LOPEZ PIRIR,MARIAN ALEXIS GARCIA CHAPETON,PARVULOS,PRIVADO,URBANA,CERRADA TEMPORALMENTE,MONOLINGUE,MATUTINA,DIARIO(REGULAR),GUATEMALA NORTE
00-18-9420-42,27-003,CIUDAD CAPITAL,ZONA 18,CENTRO INFANTIL NO.26,"21 AVENIDA 15-49, COLONIA EL LIMON",22300060,LESVIA AMPARO VELASQUEZ GOMEZ,,PARVULOS,OFICIAL,URBANA,CERRADA DEFINITIVAMENTE,MONOLINGUE,DOBLE,DIARIO(REGULAR),GUATEMALA NORTE
00-18-9433-45,01-111,CIUDAD CAPITAL,ZONA 18,COLEGIO MIXTO DEL NORTE,5A. CALLE 61-92 PINARES DEL NORTE,58259763,ROSA ALBA LOPEZ PIRIR,CLARA LUZ BAÍZA PÉREZ,BASICO,PRIVADO,URBANA,CERRADA TEMPORALMENTE,MONOLINGUE,MATUTINA,DIARIO(REGULAR),GUATEMALA NORTE
00-18-9434-45,01-01-0018,CIUDAD CAPITAL,ZONA 18,COLEGIO SANTA CATALINA DE SIENA,14 CALLE A 9-22 SAN RAFAEL III,42520413,ISRAEL PORTILLO HERNÁNDEZ,MARIA ELENA HERNANDEZ XITAMUL,BASICO,PRIVADO,URBANA,ABIERTA,MONOLINGUE,MATUTINA,DIARIO(REGULAR),GUATEMALA NORTE
00-18-9435-42,01-01-0023,CIUDAD CAPITAL,ZONA 18,COLEGIO CRISTIANO PUEBLO DE DIOS,KM.10 R/AL ATLANTICO MANZANA 3 SEC A LOTES 12 Y 13 RES SANTA CLARA,22607960,CESAR ARNOLDO MARTINEZ GARCIA,FREDY AMILCAR CRUZ,PARVULOS,PRIVADO,URBANA,ABIERTA,MONOLINGUE,MATUTINA,DIARIO(REGULAR),GUATEMALA NORTE
00-18-9438-42,01-01-0013,CIUDAD CAPITAL,ZONA 18,EODP ANEXA A ESCUELA OFICIAL RURAL MIXTA NO. 590 LO DE RODRÍGUEZ,KM. 13.5 RUTA AL ATTLANTICO,22615426,CESAR ARNOLDO MARTINEZ GARCIA,CELSO ARTURO VÁSQUEZ PAXTOR,PARVULOS,OFICIAL,RURAL,ABIERTA,MONOLINGUE,VESPERTINA,DIARIO(REGULAR),GUATEMALA NORTE
00-18-9485-43,01-01-0019,CIUDAD CAPITAL,ZONA 18,COLEGIO CRISTIANO KYRIOS,62 AV. 5-61 PINARES DEL NORTE,50183141,ISRAEL PORTILLO HERNÁNDEZ,MYRIAM JUDITH ARREAZA RAMÍREZ,PRIMARIA,PRIVADO,URBANA,ABIERTA,MONOLINGUE,MATUTINA,DIARIO(REGULAR),GUATEMALA NORTE
00-18-9492-46,01-403,CIUDAD CAPITAL,ZONA 18,ESCUELA ALTERNATIVA LUZ Y ESPERANZA /GRUPO CEIBA,23AV. G 15-41 COLONIA EL LIMON,22305599,CARLOS HUMBERTO GONZÁLEZ DE LEÓN,MARCO ANTONIO CASTILLO CASTILLO,DIVERSIFICADO,PRIVADO,URBANA,CERRADA TEMPORALMENTE,MONOLINGUE,INTERMEDIA,DIARIO(REGULAR),GUATEMALA NORTE
00-18-9493-42,01-01-0021,CIUDAD CAPITAL,ZONA 18,"EODP ANEXA A EOUM  ""ASENTAMIENTO ALVARO ARZU""",23 AVENIDA FINAL ALAMEDA NORTE,,ISRAEL PORTILLO HERNÁNDEZ,JORGE AUGUSTO NAVAS MARTÍNEZ,PARVULOS,OFICIAL,URBANA,ABIERTA,MONOLINGUE,MATUTINA,DIARIO(REGULAR),GUATEMALA NORTE
00-18-9494-43,01-01-0021,CIUDAD CAPITAL,ZONA 18,"EOUM ""ASENTAMIENTO ALVARO ARZU""",23 AVENIDA FINAL ALAMEDA NORTE,50181927,ISRAEL PORTILLO HERNÁNDEZ,JORGE AUGUSTO NAVAS MARTÍNEZ,PRIMARIA,OFICIAL,URBANA,ABIERTA,MONOLINGUE,MATUTINA,DIARIO(REGULAR),GUATEMALA NORTE
00-18-9495-42,01-01-0020,CIUDAD CAPITAL,ZONA 18,EODP ÁLVARO ARZÚ,10A. CALLE 25 -76 COLONIA EL PARAISO II,22342673,ISRAEL PORTILLO HERNÁNDEZ,ANA LUISA ACAJABÓN GARCÍA,PARVULOS,OFICIAL,URBANA,ABIERTA,MONOLINGUE,MATUTINA,DIARIO(REGULAR),GUATEMALA NORTE
00-18-9496-43,01-01-0020,CIUDAD CAPITAL,ZONA 18,EOUM ASENTAMIENTO ÁLVARO ARZÚ EL PARAISO II,26 AVENIDA 9-59 COLONIA PARAÍSO II,42661506,ISRAEL PORTILLO HERNÁNDEZ,EVA CECILIA CHAN CARRILLO,PRIMARIA,OFICIAL,URBANA,ABIERTA,MONOLINGUE,MATUTINA,DIARIO(REGULAR),GUATEMALA NORTE
00-18-9510-42,01-01-0013,CIUDAD CAPITAL,ZONA 18,COLEGIO MIXTO LLANO LARGO,KM. 16.5 LOTES 8 Y 9 MZ. 'B' RESIDENC. JARDINES DEL ROSARIO RUTA AL ATLANTICO,22555512,CESAR ARNOLDO MARTINEZ GARCIA,JENYFER ANABELLA ROSALES AROCHE,PARVULOS,PRIVADO,URBANA,ABIERTA,MONOLINGUE,MATUTINA,DIARIO(REGULAR),GUATEMALA NORTE
00-18-9511-43,01-01-0013,CIUDAD CAPITAL,ZONA 18,COLEGIO MIXTO LLANO LARGO,KM. 16.5 LOTES 8 Y 9 MZ. B  RESIDENC. JARDINES DEL ROSARIO RUTA AL ATLANTICO,22555512,CESAR ARNOLDO MARTINEZ GARCIA,BÁRBARA ASTRID MICHELL BLANCO CHANG,PRIMARIA,PRIVADO,URBANA,ABIERTA,MONOLINGUE,MATUTINA,DIARIO(REGULAR),GUATEMALA NORTE
00-18-9512-45,01-01-0016,CIUDAD CAPITAL,ZONA 18,CENTRO EDUCATIVO SARMIENTO,LOTE 62 SECCION  D  COLONIA LAS ILUSIONES,22545428,RONI GUSTABO PUAC IBAÑEZ,LESLY INES CHAMALE TAQUÉ,BASICO,PRIVADO,URBANA,ABIERTA,MONOLINGUE,MATUTINA,DIARIO(REGULAR),GUATEMALA NORTE
00-18-9522-42,01-106,CIUDAD CAPITAL,ZONA 18,COLEGIO VILLA REAL ATLANTICO,LOTE 5A SECTOR 4 KM. 14.5 RUTA AL ATLANTICO RESIDENCIALES SOL LUNA,52199485,CESAR ARNOLDO MARTINEZ GARCIA,,PARVULOS,PRIVADO,URBANA,CERRADA DEFINITIVAMENTE,MONOLINGUE,MATUTINA,DIARIO(REGULAR),GUATEMALA NORTE
00-18-9523-43,01-106,CIUDAD CAPITAL,ZONA 18,COLEGIO VILLA REAL ATLANTICO,LOTE 5A SECTOR 4 KM. 14.5 RUTAL AL ATLANTICO RESIDENCIAL SOL LUNA,52199485,CESAR ARNOLDO MARTINEZ GARCIA,,PRIMARIA,PRIVADO,URBANA,CERRADA DEFINITIVAMENTE,MONOLINGUE,MATUTINA,DIARIO(REGULAR),GUATEMALA NORTE
00-18-9524-45,01-106,CIUDAD CAPITAL,ZONA 18,COLEGIO VILLA REAL ATLANTICO,LOTE 5A SECTOR 4 KM.14.5 RUTAL AL ATLANTICO RESIDENCIAL SOL LUNA,52199485,CESAR ARNOLDO MARTINEZ GARCIA,,BASICO,PRIVADO,URBANA,CERRADA DEFINITIVAMENTE,MONOLINGUE,MATUTINA,DIARIO(REGULAR),GUATEMALA NORTE
00-18-9525-42,01-110,CIUDAD CAPITAL,ZONA 18,ESCUELA ALTERNATIVA LUZ Y ESPERANZA GRUPO CEIBA,23 AVENIDA G 15-41 COLONIA EL LIMON,22445526,ZUHILEM YESENIA ESTRADA ORTIZ,,PARVULOS,PRIVADO,URBANA,CERRADA TEMPORALMENTE,MONOLINGUE,MATUTINA,DIARIO(REGULAR),GUATEMALA NORTE
00-18-9527-42,01-106,CIUDAD CAPITAL,ZONA 18,CENTRO EDUCATIVO INMACULADA CONCEPCION,27 AVENIDA 31-39 LAS TAPIAS,40114188,CESAR ARNOLDO MARTINEZ GARCIA,MARIA EUGENIA MOLINA LAFUENTE,PARVULOS,PRIVADO,URBANA,CERRADA TEMPORALMENTE,MONOLINGUE,MATUTINA,DIARIO(REGULAR),GUATEMALA NORTE
00-18-9528-43,01-106,CIUDAD CAPITAL,ZONA 18,CENTRO EDUCATIVO INMACULADA CONCEPCION,"27 AVENIDA 31-39, LAS TAPIAS",40114188,CESAR ARNOLDO MARTINEZ GARCIA,JESUS RANDOLFO GUILLEN VALENZUELA,PRIMARIA,PRIVADO,URBANA,CERRADA TEMPORALMENTE,MONOLINGUE,MATUTINA,DIARIO(REGULAR),GUATEMALA NORTE
00-18-9552-42,01-01-0021,CIUDAD CAPITAL,ZONA 18,COLEGIO 'SANTA MARIA DEL CAMINO',"13 CALLE 21-20, COLONIA ALAMEDA III",44664436,ISRAEL PORTILLO HERNÁNDEZ,CARMEN JEANNETH MORALES SOTO,PARVULOS,PRIVADO,URBANA,ABIERTA,MONOLINGUE,MATUTINA,DIARIO(REGULAR),GUATEMALA NORTE
00-18-9553-43,01-01-0021,CIUDAD CAPITAL,ZONA 18,COLEGIO 'SANTA MARIA DEL CAMINO',"13 CALLE 21-20, COLONIA ALAMEDA III",44664436,ISRAEL PORTILLO HERNÁNDEZ,CARMEN JEANNETH MORALES SOTO,PRIMARIA,PRIVADO,URBANA,ABIERTA,MONOLINGUE,MATUTINA,DIARIO(REGULAR),GUATEMALA NORTE
00-18-9578-42,01-01-0020,CIUDAD CAPITAL,ZONA 18,EODP ANEXA A EOUM,"CALLE PRINCIPAL SECTOR 7, ASENTAMIENTO EL CERRITO",22552682,ISRAEL PORTILLO HERNÁNDEZ,DANIELA FERNANDA CONDOMÍ ACEVEDO,PARVULOS,OFICIAL,URBANA,ABIERTA,MONOLINGUE,VESPERTINA,DIARIO(REGULAR),GUATEMALA NORTE
00-18-9579-43,01-01-0020,CIUDAD CAPITAL,ZONA 18,EOUM,"CALLE PRINCIPAL SECTOR 7, ASENTAMIENTO EL CERRITO",57178149,ISRAEL PORTILLO HERNÁNDEZ,DANIELA FERNANDA CONDOMÍ ACEVEDO,PRIMARIA,OFICIAL,URBANA,ABIERTA,MONOLINGUE,VESPERTINA,DIARIO(REGULAR),GUATEMALA NORTE
00-18-9603-42,01-01-0021,CIUDAD CAPITAL,ZONA 18,LICEO CRISTIANO JEHOVA TSIDKENU,2A. AVENIDA  C  LOTE 2 A  MANZANA 2 COLONIA EL RINCONCITO,52856603,ISRAEL PORTILLO HERNÁNDEZ,RUTH  SANTIZ0 JUMIQUE,PARVULOS,PRIVADO,URBANA,ABIERTA,MONOLINGUE,MATUTINA,DIARIO(REGULAR),GUATEMALA NORTE
00-18-9604-43,01-01-0021,CIUDAD CAPITAL,ZONA 18,LICEO CRISTIANO JEHOVA TSIDKENU,2A. AVENIDA  C  LOTE 2 A  MANZANA 2 COLONIA EL RINCONCITO,52856603,ISRAEL PORTILLO HERNÁNDEZ,RUTH  SANTIZ0 JUMIQUE,PRIMARIA,PRIVADO,URBANA,ABIERTA,MONOLINGUE,MATUTINA,DIARIO(REGULAR),GUATEMALA NORTE
00-18-9663-45,01-01-0023,CIUDAD CAPITAL,ZONA 18,COLEGIO CRISTIANO 'PUEBLO DE DIOS',"MANZANA 3 SECTOR 'A' LOTES NO. 11,12 Y 13 RESIDENCIALES SANTA CLARA I KM. 10 RUTA AL ATLANTICO",22607960,CESAR ARNOLDO MARTINEZ GARCIA,WENDY ROXANA MORALES LOPEZ,BASICO,PRIVADO,URBANA,ABIERTA,MONOLINGUE,MATUTINA,DIARIO(REGULAR),GUATEMALA NORTE
00-18-9669-45,01-01-0014,CIUDAD CAPITAL,ZONA 18,CENTRO EDUCATIVO LANCASTERIANO,"MANZANA 05, LOTE 579 COLONIA MAYA",22603936,RONI GUSTABO PUAC IBAÑEZ,MEVIZ ASIVIA ARGUETA ALVARADO,BASICO,PRIVADO,URBANA,ABIERTA,MONOLINGUE,MATUTINA,DIARIO(REGULAR),GUATEMALA NORTE
00-18-9670-46,01-01-0014,CIUDAD CAPITAL,ZONA 18,CENTRO EDUCATIVO LANCASTERIANO,"MANZANA 05, LOTE 579 COLONIA MAYA",22603936,RONI GUSTABO PUAC IBAÑEZ,MEVIZ ASIVIA ARGUETA ALVARADO,DIVERSIFICADO,PRIVADO,URBANA,ABIERTA,MONOLINGUE,MATUTINA,DIARIO(REGULAR),GUATEMALA NORTE
00-18-9671-45,01-01-0036,CIUDAD CAPITAL,ZONA 18,CENTRO EDUCATIVO LANCASTERIANO,"MANZANA 05, LOTE 579 COLONIA MAYA",22603936,CARLOS HUMBERTO GONZALEZ DE LEON,MEVIZ ASIVIA ARGUETA ALVARADO,BASICO,PRIVADO,URBANA,ABIERTA,MONOLINGUE,DOBLE,FIN DE SEMANA,GUATEMALA NORTE
00-18-9672-46,01-403,CIUDAD CAPITAL,ZONA 18,CENTRO EDUCATIVO LANCASTERIANO,"MANZANA 05, LOTE 579 COLONIA MAYA",22603936,CARLOS HUMBERTO GONZÁLEZ DE LEÓN,MEVIZ ASIVIA ARGUETA ALVARADO,DIVERSIFICADO,PRIVADO,URBANA,CERRADA TEMPORALMENTE,MONOLINGUE,DOBLE,FIN DE SEMANA,GUATEMALA NORTE
00-18-9706-45,01-01-0019,CIUDAD CAPITAL,ZONA 18,COLEGIO MIXTO CRISTIANO 'SALEM',"61 AVENIDA 5-07, COLONIA PINARES DEL NORTE",41710407,ISRAEL PORTILLO HERNÁNDEZ,CESAR ARTURO ERNESTO DE LEÓN ORDOÑEZ,BASICO,PRIVADO,URBANA,CERRADA TEMPORALMENTE,MONOLINGUE,MATUTINA,DIARIO(REGULAR),GUATEMALA NORTE
00-18-9707-45,01-407,CIUDAD CAPITAL,ZONA 18,CENTRO EDUCATIVO SAN JOSE,27 AVENIDA 31-39 COLONIA LAS TAPIAS,22326944,LILIAN YOLANDA RODRIGUEZ PINTO DE CASTRO,,BASICO,PRIVADO,URBANA,CERRADA DEFINITIVAMENTE,MONOLINGUE,DOBLE,FIN DE SEMANA,GUATEMALA NORTE
00-18-9754-45,01-01-0036,CIUDAD CAPITAL,ZONA 18,LICEO JUVENIL DE COMPUTACION C.S.S.,13 AVENIDA 13-46 COLONIA LAVARREDA,33225766,CARLOS HUMBERTO GONZALEZ DE LEON,ANNABELLA EMPERATRIZ JIMÉNEZ CASTELLANOS,BASICO,PRIVADO,URBANA,ABIERTA,MONOLINGUE,DOBLE,FIN DE SEMANA,GUATEMALA NORTE
00-18-9755-46,01-01-0036,CIUDAD CAPITAL,ZONA 18,LICEO JUVENIL DE COMPUTACION C.S.S.,13 AVENIDA 13-46 COLONIA LAVARREDA,33225766,CARLOS HUMBERTO GONZALEZ DE LEON,ANNABELLA EMPERATRIZ JIMÉNEZ CASTELLANOS,DIVERSIFICADO,PRIVADO,URBANA,ABIERTA,MONOLINGUE,DOBLE,FIN DE SEMANA,GUATEMALA NORTE
00-18-9777-45,01-01-0015,CIUDAD CAPITAL,ZONA 18,COLEGIO MIXTO 'VALLE DE JESUS',"43 AVENIDA ""B"" 44-70 ,RESIDENCIALES VALLE DE JESUS",22604053,RONI GUSTABO PUAC IBAÑEZ,SANDRA MARIBEL HERNÁNDEZ ENRÍQUEZ,BASICO,PRIVADO,URBANA,ABIERTA,MONOLINGUE,MATUTINA,DIARIO(REGULAR),GUATEMALA NORTE
00-18-9783-42,01-110,CIUDAD CAPITAL,ZONA 18,JARDIN INFANTIL 'GRANJITA DE DIEGO',LOTE 352 MANZANA 3 COLONIA MAYA,24505297,ZUHILEM YESENIA ESTRADA ORTIZ,,PARVULOS,PRIVADO,URBANA,CERRADA TEMPORALMENTE,MONOLINGUE,MATUTINA,DIARIO(REGULAR),GUATEMALA NORTE
00-18-9818-45,01-110,CIUDAD CAPITAL,ZONA 18,COLEGIO PARROQUIAL MIXTO LA PRECIOSISIMA SANGRE,12 AVENIDA 12-05 COLONIA ATLANTIDA,22560824,ZUHILEM YESENIA ESTRADA ORTIZ,,BASICO,PRIVADO,URBANA,CERRADA TEMPORALMENTE,MONOLINGUE,MATUTINA,DIARIO(REGULAR),GUATEMALA NORTE
00-18-9839-42,01-01-0015,CIUDAD CAPITAL,ZONA 18,COLEGIO REAL DEL VALLE,"27 AVENIDA 35-91, COLONIA VALLES DEL ENCINO",22603699,RONI GUSTABO PUAC IBAÑEZ,NADYA JOHANNA CASTRO MONROY,PARVULOS,PRIVADO,URBANA,ABIERTA,MONOLINGUE,MATUTINA,DIARIO(REGULAR),GUATEMALA NORTE
00-18-9840-43,01-01-0015,CIUDAD CAPITAL,ZONA 18,COLEGIO REAL DEL VALLE,"27 AVENIDA 35-91, COLONIA VALLES DEL ENCINO",22603699,RONI GUSTABO PUAC IBAÑEZ,ESTELA MARINA GIRON SANTOS,PRIMARIA,PRIVADO,URBANA,ABIERTA,MONOLINGUE,MATUTINA,DIARIO(REGULAR),GUATEMALA NORTE
00-18-9841-45,01-01-0015,CIUDAD CAPITAL,ZONA 18,COLEGIO REAL DEL VALLE,"27 AVENIDA 35-91, COLONIA VALLES DEL ENCINO",22603699,RONI GUSTABO PUAC IBAÑEZ,ALMA ARACELY BORRAYO RUANO,BASICO,PRIVADO,URBANA,ABIERTA,MONOLINGUE,MATUTINA,DIARIO(REGULAR),GUATEMALA NORTE
00-18-9847-45,01-106,CIUDAD CAPITAL,ZONA 18,INSTITUTO MIXTO DE EDUCACION BASICA POR COOPERATIVA EN FORMACION 'SANTA BARBARA',"LOTE 117, SECTOR 4, COLONIA SANTA BARBARA, KILOMETRO 15.5 RUTA AL ATLANTICO",,CESAR ARNOLDO MARTINEZ GARCIA,,BASICO,COOPERATIVA,URBANA,CERRADA DEFINITIVAMENTE,MONOLINGUE,VESPERTINA,DIARIO(REGULAR),GUATEMALA NORTE
00-19-0001-42,01-01-0075,CIUDAD CAPITAL,ZONA 19,CENTRO EDUCATIVO CRISTIANO FUENTE DE VIDA NO. 2,6A. AVENIDA 1-67 COLONIA LA FLORIDA,22775656,RONALD MAURICIO MORALES VIVAR,DELIA MAGDALENA GARCÍA MÉNDEZ,PARVULOS,PRIVADO,URBANA,ABIERTA,MONOLINGUE,MATUTINA,DIARIO(REGULAR),GUATEMALA OCCIDENTE
00-19-0002-43,01-01-0075,CIUDAD CAPITAL,ZONA 19,CENTRO EDUCATIVO CRISTIANO FUENTE DE VIDA NO. 2,6A. AVENIDA 1-67 COLONIA LA FLORIDA,22775656,RONALD MAURICIO MORALES VIVAR,WESLEY ARELY POTÓN MAYÉN,PRIMARIA,PRIVADO,URBANA,ABIERTA,MONOLINGUE,MATUTINA,DIARIO(REGULAR),GUATEMALA OCCIDENTE
00-19-0003-45,01-01-0075,CIUDAD CAPITAL,ZONA 19,CENTRO EDUCATIVO CRISTIANO FUENTE DE VIDA NO.2,6A. AVENIDA 1-67 COLONIA LA FLORIDA,22775656,RONALD MAURICIO MORALES VIVAR,LILIAN MARIBELL GUZMÁN PATZÁN,BASICO,PRIVADO,URBANA,ABIERTA,MONOLINGUE,MATUTINA,DIARIO(REGULAR),GUATEMALA OCCIDENTE
00-19-0004-45,01-01-0075,CIUDAD CAPITAL,ZONA 19,INEB,10 AVENIDA 1-36 ZONA 19 COLONIA LA FLORIDA,55144600,RONALD MAURICIO MORALES VIVAR,JUDITH IVONNE CRISTALES LÓPEZ,BASICO,OFICIAL,RURAL,ABIERTA,MONOLINGUE,MATUTINA,DIARIO(REGULAR),GUATEMALA OCCIDENTE
00-19-0005-45,01-01-0075,CIUDAD CAPITAL,ZONA 19,INEB PROFESORA NOEMÍ SANDOVAL CONDE DE MORÁN,9AV. 5-05 COLONIA LA FLORIDA,55053278,RONALD MAURICIO MORALES VIVAR,HÉCTOR DAVID GÓMEZ ARDIANO,BASICO,OFICIAL,URBANA,ABIERTA,MONOLINGUE,NOCTURNA,DIARIO(REGULAR),GUATEMALA OCCIDENTE
00-19-0006-45,01-620,CIUDAD CAPITAL,ZONA 19,INEB,3RA. CALLE 8-32 COLONIA LA FLORIDA,,RONALD MAURICIO MORALES VIVAR,---,BASICO,OFICIAL,URBANA,CERRADA TEMPORALMENTE,MONOLINGUE,MATUTINA,DIARIO(REGULAR),GUATEMALA OCCIDENTE
00-19-0007-44,01-01-0075,CIUDAD CAPITAL,ZONA 19,"CENTRO EDUCATIVO CRISTIANO ""FUENTE DE VIDA""","6A. AVENIDA 1-57, COLONIA LA FLORIDA",22775656,RONALD MAURICIO MORALES VIVAR,VIVIAN DALILA ESTRADA RUANO,PRIMARIA DE ADULTOS,PRIVADO,URBANA,ABIERTA,MONOLINGUE,DOBLE,FIN DE SEMANA,GUATEMALA OCCIDENTE
00-19-0008-45,01-620,CIUDAD CAPITAL,ZONA 19,COLEGIO ADVENTISTA FLORIDA,11 AVENIDA 3-48 LA FLORIDA,24375111,RONALD MAURICIO MORALES VIVAR,LESVIA LILIANA CHACATE TICURÚ,BASICO,PRIVADO,URBANA,CERRADA TEMPORALMENTE,MONOLINGUE,VESPERTINA,DIARIO(REGULAR),GUATEMALA OCCIDENTE
00-19-0009-42,01-01-0075,CIUDAD CAPITAL,ZONA 19,COLEGIO LA EDUCACION,"7A. AVENIDA 3-20, COLONIA LA FLORIDA",24310333,RONALD MAURICIO MORALES VIVAR,JENIFER SABRINA DE LEON URIZAR,PARVULOS,PRIVADO,URBANA,ABIERTA,MONOLINGUE,MATUTINA,DIARIO(REGULAR),GUATEMALA OCCIDENTE
00-19-0010-43,01-01-0075,CIUDAD CAPITAL,ZONA 19,COLEGIO LA EDUCACION,"7A. AVENIDA 3-20, COLONIA LA FLORIDA",24310333,RONALD MAURICIO MORALES VIVAR,AMANDA EUGENIA URIZAR SEVILLANOS,PRIMARIA,PRIVADO,URBANA,ABIERTA,MONOLINGUE,MATUTINA,DIARIO(REGULAR),GUATEMALA OCCIDENTE
00-19-0011-45,01-01-0075,CIUDAD CAPITAL,ZONA 19,COLEGIO LA EDUCACION,"7A. AVENIDA 3-20, COLONIA LA FLORIDA",24310333,RONALD MAURICIO MORALES VIVAR,NATALY GABRIELA DE LEÓN URIZAR,BASICO,PRIVADO,URBANA,ABIERTA,MONOLINGUE,MATUTINA,DIARIO(REGULAR),GUATEMALA OCCIDENTE
00-19-0012-45,01-620,CIUDAD CAPITAL,ZONA 19,COLEGIO LA EDUCACION,"7A. AVENIDA 3-20, COLONIA LA FLORIDA",24310333,RONALD MAURICIO MORALES VIVAR,NATALY GABRIELA DE LEON URIZAR,BASICO,PRIVADO,URBANA,CERRADA TEMPORALMENTE,MONOLINGUE,VESPERTINA,DIARIO(REGULAR),GUATEMALA OCCIDENTE
00-19-0013-46,01-01-0075,CIUDAD CAPITAL,ZONA 19,COLEGIO LA EDUCACIÓN,"7MA. AVENIDA 3-20, COLONIA LA FLORIDA GUATEMALA",24310333,RONALD MAURICIO MORALES VIVAR,NATALY GABRIELA DE LEÓN URIZAR,DIVERSIFICADO,PRIVADO,URBANA,ABIERTA,MONOLINGUE,VESPERTINA,DIARIO(REGULAR),GUATEMALA OCCIDENTE
00-19-0014-46,01-01-0075,CIUDAD CAPITAL,ZONA 19,COLEGIO CRISTIANO AVIVAMIENTO,"10A AVENIDA 8-77 ZONA 19, COLONIA LA FLORIDA",22191010,RONALD MAURICIO MORALES VIVAR,HELEN CAROLINA SIGÜENZA GUERRA,DIVERSIFICADO,PRIVADO,URBANA,ABIERTA,MONOLINGUE,MATUTINA,DIARIO(REGULAR),GUATEMALA OCCIDENTE
00-19-0015-46,01-410,CIUDAD CAPITAL,ZONA 19,COLEGIO CRISTIANO AVIVAMIENTO,10A AVENIDA 8-77 COLONIA LA FLORIDA,,CEDWIN EUGENIO CRUZ BUCARO,MARLEN ELIZABETH LOPEZ MAZARIEGOS,DIVERSIFICADO,PRIVADO,URBANA,CERRADA TEMPORALMENTE,MONOLINGUE,DOBLE,FIN DE SEMANA,GUATEMALA OCCIDENTE
00-19-0016-46,01-620,CIUDAD CAPITAL,ZONA 19,COLEGIO NUESTRA SEÑORA DE LOS MEDALLA MILAGROSA,12 AVENIDA 1-69 COLONIA LA FLORIDA,24334766,RONALD MAURICIO MORALES VIVAR,ANA DEL CARMENSANTIZO MARTINEZ,DIVERSIFICADO,PRIVADO,URBANA,CERRADA TEMPORALMENTE,MONOLINGUE,MATUTINA,DIARIO(REGULAR),GUATEMALA OCCIDENTE
00-19-0017-45,01-01-0075,CIUDAD CAPITAL,ZONA 19,COLEGIO BILINGUE SAN CARLOS,12 AVENIDA 7-72 COLONIA LA FLORIDA,24370988,RONALD MAURICIO MORALES VIVAR,ROLANDO  CORADO GALVEZ,BASICO,PRIVADO,URBANA,ABIERTA,MONOLINGUE,MATUTINA,DIARIO(REGULAR),GUATEMALA OCCIDENTE
00-19-0018-45,01-01-0075,CIUDAD CAPITAL,ZONA 19,LICEO TECNICO VOCACIONAL GALILEI,9NA. AVENIDA 4-31,53652975,RONALD MAURICIO MORALES VIVAR,SONIA JOSEFINA MORALES CAXAJ,BASICO,PRIVADO,URBANA,ABIERTA,MONOLINGUE,MATUTINA,DIARIO(REGULAR),GUATEMALA OCCIDENTE
00-19-0019-46,01-01-0075,CIUDAD CAPITAL,ZONA 19,LICEO TECNICO VOCACIONAL GALILEI,9NA. AVENIDA 4-31,24370206,RONALD MAURICIO MORALES VIVAR,SONIA JOSEFINA MORALES CAXAJ,DIVERSIFICADO,PRIVADO,URBANA,ABIERTA,MONOLINGUE,MATUTINA,DIARIO(REGULAR),GUATEMALA OCCIDENTE
00-19-0020-46,01-620,CIUDAD CAPITAL,ZONA 19,LICEO TECNICO VOCACIONAL GALILEI,9NA. AV. 4-31,24370206,RONALD MAURICIO MORALES VIVAR,SONIA JOSEFINA MORALES CAXAJ,DIVERSIFICADO,PRIVADO,URBANA,ABIERTA,MONOLINGUE,DOBLE,DIARIO(REGULAR),GUATEMALA OCCIDENTE
00-19-0021-46,01-409,CIUDAD CAPITAL,ZONA 19,INSTITUTO NACIONAL DE EDUCACION BASICA Y DIVERSIFICADA JORNADA NOCTURNA,9 AV. 5-05 COLONIA LA FLORIDA,59996502,IDALIA DEL ROSARIO LOPEZ SANDOVAL DE PAIZ,HÉCTOR DAVID GÓMEZ ARDIANO,DIVERSIFICADO,OFICIAL,URBANA,ABIERTA,MONOLINGUE,NOCTURNA,DIARIO(REGULAR),GUATEMALA OCCIDENTE
00-19-0022-42,01-01-0075,CIUDAD CAPITAL,ZONA 19,"LICEO MERR CI ""MENTES CREATIVAS PARA CRISTO""",11 AVENIDA 2-04 COLONIA LA FLORIDA,46036448,RONALD MAURICIO MORALES VIVAR,EVELYN CAROLINA MONTERROSO ALBIZURES,PARVULOS,PRIVADO,URBANA,ABIERTA,MONOLINGUE,MATUTINA,DIARIO(REGULAR),GUATEMALA OCCIDENTE
00-19-0023-43,01-01-0075,CIUDAD CAPITAL,ZONA 19,"LICEO MERR CI ""MENTES CREATIVAS PARA CRISTO""",11 AVENIDA 2-04 COLONIA LA FLORIDA,46036448,RONALD MAURICIO MORALES VIVAR,EVELYN CAROLINA MONTERROSO ALBIZURES,PRIMARIA,PRIVADO,URBANA,ABIERTA,MONOLINGUE,MATUTINA,DIARIO(REGULAR),GUATEMALA OCCIDENTE
00-19-0024-42,01-620,CIUDAD CAPITAL,ZONA 19,COLEGIO MIXTO BELÉN II,6TA. AVENIDA 0-39 COLONIA LA FLORIDA,22027878,RONALD MAURICIO MORALES VIVAR,ESTEFFANIE KANDY MARINA MÉNDEZ DÍAZ,PARVULOS,PRIVADO,URBANA,CERRADA TEMPORALMENTE,MONOLINGUE,MATUTINA,DIARIO(REGULAR),GUATEMALA OCCIDENTE
00-19-0025-43,01-620,CIUDAD CAPITAL,ZONA 19,COLEGIO MIXTO BELÉN II,6TA. AVENIDA 0-39 COLONIA LA FLORIDA,22027878,RONALD MAURICIO MORALES VIVAR,CLAUDIA CAROLINA CALDERÓN LOYO,PRIMARIA,PRIVADO,URBANA,CERRADA TEMPORALMENTE,MONOLINGUE,MATUTINA,DIARIO(REGULAR),GUATEMALA OCCIDENTE
00-19-0026-45,01-620,CIUDAD CAPITAL,ZONA 19,COLEGIO MIXTO BELÉN II,6TA. AVENIDA 0-39 COLONIA LA FLORIDA,22027878,RONALD MAURICIO MORALES VIVAR,JOAQUÍN ANTONIO MANCILLA RIVERA,BASICO,PRIVADO,URBANA,CERRADA TEMPORALMENTE,MONOLINGUE,MATUTINA,DIARIO(REGULAR),GUATEMALA OCCIDENTE
00-19-0027-44,01-409,CIUDAD CAPITAL,ZONA 19,CENTRO INTEGRAL EDUCATIVO SAN FRANCISCO,5TA. AVENIDA 7-30 COLONIA LA FLORIDA,23643638,IDALIA DEL ROSARIO LOPEZ SANDOVAL DE PAIZ,VILMA ISABEL OROZCO LÓPEZ,PRIMARIA DE ADULTOS,PRIVADO,URBANA,CERRADA DEFINITIVAMENTE,MONOLINGUE,DOBLE,FIN DE SEMANA,GUATEMALA OCCIDENTE
00-19-0028-45,01-409,CIUDAD CAPITAL,ZONA 19,CENTRO INTEGRAL EDUCATIVO SAN FRANCISCO,5TA. AVENIDA 7-30 COLONIA LA FLORIDA,23643638,IDALIA DEL ROSARIO LOPEZ SANDOVAL DE PAIZ,VILMA ISABEL OROZCO LÓPEZ,BASICO,PRIVADO,URBANA,CERRADA DEFINITIVAMENTE,MONOLINGUE,DOBLE,FIN DE SEMANA,GUATEMALA OCCIDENTE
00-19-0029-46,01-409,CIUDAD CAPITAL,ZONA 19,CENTRO INTEGRAL EDUCATIVO SAN FRANCISCO,5TA. AVENIDA 7-30 COLONIA LA FLORIDA,55086336,IDALIA DEL ROSARIO LOPEZ SANDOVAL DE PAIZ,VILMA ISABEL OROZCO LÓPEZ,DIVERSIFICADO,PRIVADO,URBANA,CERRADA DEFINITIVAMENTE,MONOLINGUE,DOBLE,FIN DE SEMANA,GUATEMALA OCCIDENTE
00-19-0030-45,01-409,CIUDAD CAPITAL,ZONA 19,CENTRO INTEGRAL EDUCATIVO SAN FRANCISCO,5TA. AVENIDA 7-30 COLONIA LA FLORIDA,23643638,IDALIA DEL ROSARIO LOPEZ SANDOVAL DE PAIZ,VILMA ISABEL OROZCO LÓPEZ,BASICO,PRIVADO,URBANA,CERRADA DEFINITIVAMENTE,MONOLINGUE,DOBLE,FIN DE SEMANA,GUATEMALA OCCIDENTE
00-19-0031-46,01-409,CIUDAD CAPITAL,ZONA 19,CENTRO INTEGRAL EDUCATIVO SAN FRANCISCO,5TA. AVENIDA 7-30 COLONIA LA FLORIDA,55086336,IDALIA DEL ROSARIO LOPEZ SANDOVAL DE PAIZ,VILMA ISABEL OROZCO LÓPEZ,DIVERSIFICADO,PRIVADO,URBANA,CERRADA DEFINITIVAMENTE,MONOLINGUE,DOBLE,FIN DE SEMANA,GUATEMALA OCCIDENTE
00-19-0032-42,01-01-0075,CIUDAD CAPITAL,ZONA 19,COLEGIO BILINGUE ESPECIALIZADO EN COMPUTACIÓN KAIROS,5A. AVENIDA 7-30 COLONIA LA FLORIDA,59394356,RONALD MAURICIO MORALES VIVAR,KATYA MERLIN PEREZ CARDONA,PARVULOS,PRIVADO,URBANA,ABIERTA,MONOLINGUE,MATUTINA,DIARIO(REGULAR),GUATEMALA OCCIDENTE
00-19-0033-43,01-01-0075,CIUDAD CAPITAL,ZONA 19,COLEGIO  BILINGUE ESPECIALIZADO EN COMPUTACIÓN KAIROS,5A. AVENIDA 7-30 COLONIA LA FLORIDA,59394356,RONALD MAURICIO MORALES VIVAR,KATYA MERLIN PEREZ CARDONA,PRIMARIA,PRIVADO,URBANA,ABIERTA,MONOLINGUE,MATUTINA,DIARIO(REGULAR),GUATEMALA OCCIDENTE
00-19-0034-45,01-01-0075,CIUDAD CAPITAL,ZONA 19,COLEGIO BILINGUE ESPECIALIZADO EN COMPUTACIÓN KAIROS,5A. AVENIDA 7-30 COLONIA LA FLORIDA,59394356,RONALD MAURICIO MORALES VIVAR,MIRNA DINORAH LÓPEZ NÁJERA,BASICO,PRIVADO,URBANA,ABIERTA,MONOLINGUE,MATUTINA,DIARIO(REGULAR),GUATEMALA OCCIDENTE
00-19-0035-46,01-01-0075,CIUDAD CAPITAL,ZONA 19,COLEGIO BILINGÜE ESPECIALIZADO EN COMPUTACIÓN KAIROS,5A. AVENIDA 7-30 COLONIA LA FLORIDA ZONA 19,59394356,RONALD MAURICIO MORALES VIVAR,MIRNA DINORAH LÓPEZ NÁJERA,DIVERSIFICADO,PRIVADO,URBANA,ABIERTA,MONOLINGUE,MATUTINA,DIARIO(REGULAR),GUATEMALA OCCIDENTE
00-19-0036-42,01-01-0075,CIUDAD CAPITAL,ZONA 19,ESCUELA OFICIAL URBANA MIXTA DE PÁRVULOS LAS GUACAMAYAS,10 CALLE FRACCIÓN ÁREA DE BARRANCO EN JURISDICCIÓN DE MIXCO ZONA 19 GUATEMALA,24320067,RONALD MAURICIO MORALES VIVAR,MAYRA ALEJANDRA MARTÍNEZ DE  LEÓN,PARVULOS,OFICIAL,URBANA,ABIERTA,MONOLINGUE,MATUTINA,DIARIO(REGULAR),GUATEMALA OCCIDENTE
00-19-0037-43,01-01-0075,CIUDAD CAPITAL,ZONA 19,COLEGIO EVANGÉLICO MIXTO INNOVADOR,9NA. AVENIDA 0-15 COLONIA LA FLORIDA ZONA 19,22939523,RONALD MAURICIO MORALES VIVAR,DANIEL ALEXANDER JIMÉNEZ LÓPEZ,PRIMARIA,PRIVADO,URBANA,ABIERTA,MONOLINGUE,MATUTINA,DIARIO(REGULAR),GUATEMALA OCCIDENTE
00-19-0038-45,01-01-0075,CIUDAD CAPITAL,ZONA 19,COLEGIO EVANGÉLICO MIXTO INNOVADOR,9NA. AVENIDA 0-15 ZONA 19 COLONIA LA FLORIDA,22939523,RONALD MAURICIO MORALES VIVAR,DANIEL ALEXANDER JIMÉNEZ LÓPEZ,BASICO,PRIVADO,URBANA,ABIERTA,MONOLINGUE,MATUTINA,DIARIO(REGULAR),GUATEMALA OCCIDENTE
00-19-0039-46,01-01-0075,CIUDAD CAPITAL,ZONA 19,COLEGIO EVANGÉLICO MIXTO INNOVADOR,9A. AVENIDA 0-15 ZONA 19 COLONIA LA FLORIDA GUATEMALA,22939523,RONALD MAURICIO MORALES VIVAR,DANIEL ALEXANDER JIMÉNEZ LÓPEZ,DIVERSIFICADO,PRIVADO,URBANA,ABIERTA,MONOLINGUE,MATUTINA,DIARIO(REGULAR),GUATEMALA OCCIDENTE
00-19-0040-45,01-01-0075,CIUDAD CAPITAL,ZONA 19,COLEGIO EVANGÉLICO MIXTO INNOVADOR,9NA.AVENIDA 0-15 ZONA 19 COLONIA LA FLORIDA,22939523,RONALD MAURICIO MORALES VIVAR,DANIEL ALEXANDER JIMÉNEZ LÓPEZ,BASICO,PRIVADO,URBANA,ABIERTA,MONOLINGUE,VESPERTINA,DIARIO(REGULAR),GUATEMALA OCCIDENTE
00-19-0041-46,01-01-0075,CIUDAD CAPITAL,ZONA 19,COLEGIO EVANGÉLICO MIXTO INNOVADOR,9O. AVENIDA 0-15  ZONA 19 COLONIA LA FLORIDA GUATEMALA,22939523,RONALD MAURICIO MORALES VIVAR,DANIEL ALEXANDER JIMÉNEZ LÓPEZ,DIVERSIFICADO,PRIVADO,URBANA,ABIERTA,MONOLINGUE,VESPERTINA,DIARIO(REGULAR),GUATEMALA OCCIDENTE
00-19-0042-42,01-01-0075,CIUDAD CAPITAL,ZONA 19,COLEGIO EVANGÉLICO MIXTO INNOVADOR,9A. AVENIDA 0-15 COLONIA LA FLORIDA ZONA 19,22939523,RONALD MAURICIO MORALES VIVAR,DANIEL ALEXANDER JIMÉNEZ LÓPEZ,PARVULOS,PRIVADO,URBANA,ABIERTA,MONOLINGUE,MATUTINA,DIARIO(REGULAR),GUATEMALA OCCIDENTE
00-19-0043-45,01-409,CIUDAD CAPITAL,ZONA 19,COLEGIO BILINGUE ESPECIALIZADO EN COMPUTACIÓN KAIROS,"5A. AVENIDA 7-30, COLONIA LA FLORIDA",59394356,IDALIA DEL ROSARIO LOPEZ SANDOVAL DE PAIZ,MIRNA DINORAH LÓPEZ NÁJERA,BASICO,PRIVADO,URBANA,CERRADA TEMPORALMENTE,MONOLINGUE,DOBLE,FIN DE SEMANA,GUATEMALA OCCIDENTE
00-19-0044-45,01-01-0075,CIUDAD CAPITAL,ZONA 19,INSTITUTO MIXTO GUATEMALTECO ISRAELI,9A AVENIDA 3-91 COLONIA LA FLORIDA,24310253,RONALD MAURICIO MORALES VIVAR,LUIS FERNANDO GARCÍA VÁSQUEZ,BASICO,PRIVADO,URBANA,ABIERTA,MONOLINGUE,MATUTINA,DIARIO(REGULAR),GUATEMALA OCCIDENTE
00-19-0045-42,01-620,CIUDAD CAPITAL,ZONA 19,LICEO COMERCIAL TECNOLOGICO EL RODEO,CALZADA SAN JUAN 6-53 COLONIA LA FLORIDA,23083552,RONALD MAURICIO MORALES VIVAR,RINA FRANCISCA PORTILLO HERNANDEZ,PARVULOS,PRIVADO,URBANA,CERRADA TEMPORALMENTE,MONOLINGUE,MATUTINA,DIARIO(REGULAR),GUATEMALA OCCIDENTE
00-19-0046-43,01-620,CIUDAD CAPITAL,ZONA 19,LICEO COMERCIAL TECNOLOGICO EL RODEO,CALZADA SAN JUAN 6-53 COLONIA LA FLORIDA,23083552,RONALD MAURICIO MORALES VIVAR,RINA FRANCISCA PORTILLO HERNANDEZ,PRIMARIA,PRIVADO,URBANA,CERRADA TEMPORALMENTE,MONOLINGUE,MATUTINA,DIARIO(REGULAR),GUATEMALA OCCIDENTE
00-19-0047-45,01-620,CIUDAD CAPITAL,ZONA 19,LICEO COMERCIAL TECNOLOGICO EL RODEO,CALZADA SAN JUAN 6-53 COLONIA LA FLORIDA,57351810,RONALD MAURICIO MORALES VIVAR,ANA ELIZABETH CUXIL CHAPAS,BASICO,PRIVADO,URBANA,CERRADA TEMPORALMENTE,MONOLINGUE,MATUTINA,DIARIO(REGULAR),GUATEMALA OCCIDENTE
00-19-0048-46,01-620,CIUDAD CAPITAL,ZONA 19,LICEO COMERCIAL TECNOLOGICO EL RODEO,CALZADA SAN JUAN 6-53 COLONIA LA FLORIDA ZONA 19 GUATEMALA,57351810,RONALD MAURICIO MORALES VIVAR,ANA ELIZABETH CUXIL CHAPAS,DIVERSIFICADO,PRIVADO,URBANA,CERRADA TEMPORALMENTE,MONOLINGUE,MATUTINA,DIARIO(REGULAR),GUATEMALA OCCIDENTE
00-19-0049-44,01-620,CIUDAD CAPITAL,ZONA 19,LICEO COMERCIAL TECNOLOGICO EL RODEO,CALZADA SAN JUAN 6-53 COLONIA LA FLORIDA,23083552,RONALD MAURICIO MORALES VIVAR,ANA ELIZABETH CUXIL CHAPAS,PRIMARIA DE ADULTOS,PRIVADO,URBANA,CERRADA TEMPORALMENTE,MONOLINGUE,DOBLE,FIN DE SEMANA,GUATEMALA OCCIDENTE
00-19-0050-45,01-409,CIUDAD CAPITAL,ZONA 19,LICEO COMERCIAL TECNOLOGICO EL RODEO,CALZADA SAN JUAN 6-53 COLONIA LA FLORIDA,23083552,IDALIA DEL ROSARIO LOPEZ SANDOVAL DE PAIZ,MARA LUZ LARIOS GUILLÉN,BASICO,PRIVADO,URBANA,ABIERTA,MONOLINGUE,DOBLE,FIN DE SEMANA,GUATEMALA OCCIDENTE
00-19-0051-45,01-620,CIUDAD CAPITAL,ZONA 19,LICEO COMERCIAL TECNOLOGICO EL RODEO,CALZADA SAN JUAN 6-53 COLONIA LA FLORIDA,23083552,RONALD MAURICIO MORALES VIVAR,ANA ELIZABETH CUXIL CHAPAS,BASICO,PRIVADO,URBANA,CERRADA TEMPORALMENTE,MONOLINGUE,DOBLE,FIN DE SEMANA,GUATEMALA OCCIDENTE
00-19-0052-46,01-620,CIUDAD CAPITAL,ZONA 19,LICEO COMERCIAL TECNOLOGICO EL RODEO,CALZADA SAN JUAN 6-53 COLONIA LA FLORIDA ZONA 19 GUATEMALA,57351810,RONALD MAURICIO MORALES VIVAR,ANA ELIZABETH CUXIL CHAPAS,DIVERSIFICADO,PRIVADO,URBANA,CERRADA TEMPORALMENTE,MONOLINGUE,DOBLE,FIN DE SEMANA,GUATEMALA OCCIDENTE
00-19-0053-46,01-409,CIUDAD CAPITAL,ZONA 19,LICEO COMERCIAL TECNOLOGICO EL RODEO,CALZADA SAN JUAN 6-53 COLONIA LA FLORIDA,23083552,IDALIA DEL ROSARIO LOPEZ SANDOVAL DE PAIZ,MARA LUZ LARIOS GUILLÉN,DIVERSIFICADO,PRIVADO,URBANA,CERRADA DEFINITIVAMENTE,MONOLINGUE,DOBLE,FIN DE SEMANA,GUATEMALA OCCIDENTE
00-19-0054-43,01-620,CIUDAD CAPITAL,ZONA 19,"LICEO EDUCATIVO AMERICANO ""L. E. A.""",6A. AVENIDA 9-18 ZONA 19 COLONIA LA FLORIDA,48529630,RONALD MAURICIO MORALES VIVAR,HIDALGO ANTONIO SANDOVAL ESCOBAR,PRIMARIA,PRIVADO,URBANA,CERRADA TEMPORALMENTE,MONOLINGUE,MATUTINA,DIARIO(REGULAR),GUATEMALA OCCIDENTE
00-19-0055-42,01-620,CIUDAD CAPITAL,ZONA 19,"LICEO EDUCATIVO AMERICANO ""L.E.A""",6A. AVENIDA 9-18  COLONIA LA FLORIDA  ZONA 19,56227961,RONALD MAURICIO MORALES VIVAR,HIDALGO ANTONIO SANDOVAL ESCOBAR,PARVULOS,PRIVADO,URBANA,CERRADA TEMPORALMENTE,MONOLINGUE,MATUTINA,DIARIO(REGULAR),GUATEMALA OCCIDENTE
00-19-0056-46,01-409,CIUDAD CAPITAL,ZONA 19,COLEGIO BILINGUE ESPECIALIZADO EN COMPUTACIÓN KAIROS,"5A. AVENIDA 7-30 ZONA 19, COLONIA LA FLORIDA",59394356,IDALIA DEL ROSARIO LOPEZ SANDOVAL DE PAIZ,MIRNA DINORAH LÓPEZ NÁJERA,DIVERSIFICADO,PRIVADO,URBANA,CERRADA TEMPORALMENTE,MONOLINGUE,DOBLE,FIN DE SEMANA,GUATEMALA OCCIDENTE
00-19-0057-42,01-620,CIUDAD CAPITAL,ZONA 19,LICEO  TECNOLÓGICO  DE   ARTE  VIRTUAL,3A.  CALLE  6-18  COLONIA   LA FLORIDA  ZONA  19,24375721,RONALD MAURICIO MORALES VIVAR,RITA  HERNÁNDEZ GÁLVEZ,PARVULOS,PRIVADO,URBANA,ABIERTA,MONOLINGUE,MATUTINA,DIARIO(REGULAR),GUATEMALA OCCIDENTE
00-19-0058-43,01-620,CIUDAD CAPITAL,ZONA 19,LICEO  TECNOLÓGICO   DE  ARTE  VIRTUAL,3A.  CALLE  6-18  COLONIA  LA  FLORIDA  ZONA  19,24375721,RONALD MAURICIO MORALES VIVAR,RITA  HERNÁNDEZ GÁLVEZ,PRIMARIA,PRIVADO,URBANA,ABIERTA,MONOLINGUE,MATUTINA,DIARIO(REGULAR),GUATEMALA OCCIDENTE
00-19-0059-46,01-01-0075,CIUDAD CAPITAL,ZONA 19,CENTRO EDUCATIVO CRISTIANO FUENTE DE VIDA NÚMERO 2,6A. AVENIDA 1-67 ZONA 19 COLONIA LA FLORIDA,22775656,RONALD MAURICIO MORALES VIVAR,LILIAN MARIBELL GUZMÁN PATZÁN,DIVERSIFICADO,PRIVADO,URBANA,ABIERTA,MONOLINGUE,MATUTINA,DIARIO(REGULAR),GUATEMALA OCCIDENTE
00-19-0060-44,01-01-0075,CIUDAD CAPITAL,ZONA 19,CENTRO EDUCATIVO CRISTIANO FUENTE DE VIDA NÚMERO 2,6A. AVENIDA 1-67 ZONA 19 COLONIA LA FLORIDA,22775656,RONALD MAURICIO MORALES VIVAR,LILIAN MARIBELL GUZMÁN PATZÁN,PRIMARIA DE ADULTOS,PRIVADO,URBANA,ABIERTA,MONOLINGUE,DOBLE,FIN DE SEMANA,GUATEMALA OCCIDENTE
00-19-0061-45,01-01-0075,CIUDAD CAPITAL,ZONA 19,CENTRO EDUCATIVO CRISTIANO FUENTE DE VIDA NÚMERO 2,6A. AVENIDA 1-67 ZONA 19 COLONIA LA FLORIDA,22775656,RONALD MAURICIO MORALES VIVAR,LILIAN MARIBELL GUZMÁN PATZÁN,BASICO,PRIVADO,URBANA,ABIERTA,MONOLINGUE,DOBLE,FIN DE SEMANA,GUATEMALA OCCIDENTE
00-19-0062-45,01-620,CIUDAD CAPITAL,ZONA 19,CENTRO EDUCATIVO CRISTIANO FUENTE DE VIDA NÚMERO 2,6A. AVENIDA 1-67 ZONA 19 COLONIA LA FLORIDA,22775656,RONALD MAURICIO MORALES VIVAR,LILIAN MARIBELL GUZMÁN PATZÁN,BASICO,PRIVADO,URBANA,CERRADA DEFINITIVAMENTE,MONOLINGUE,DOBLE,FIN DE SEMANA,GUATEMALA OCCIDENTE
00-19-0063-46,01-01-0075,CIUDAD CAPITAL,ZONA 19,CENTRO EDUCATIVO CRISTIANO FUENTE DE VIDA NÚMERO 2,6A. AVENIDA 1-67 ZONA 19 COLONIA LA FLORIDA,22775656,RONALD MAURICIO MORALES VIVAR,LILIAN MARIBELL GUZMÁN PATZÁN,DIVERSIFICADO,PRIVADO,URBANA,ABIERTA,MONOLINGUE,DOBLE,FIN DE SEMANA,GUATEMALA OCCIDENTE
00-19-0064-46,01-620,CIUDAD CAPITAL,ZONA 19,CENTRO EDUCATIVO CRISTIANO FUENTE DE VIDA NÚMERO 2,6A. AVENIDA 1-67 ZONA 19 COLONIA LA FLORIDA,22775656,RONALD MAURICIO MORALES VIVAR,LILIAN MARIBELL GUZMÁN PATZÁN,DIVERSIFICADO,PRIVADO,URBANA,CERRADA DEFINITIVAMENTE,MONOLINGUE,DOBLE,FIN DE SEMANA,GUATEMALA OCCIDENTE
00-19-0065-46,01-01-0075,CIUDAD CAPITAL,ZONA 19,LICEO  TÉCNICO VOCACIONAL GALILEI,"9A.  AVENIDA 4-31 ZONA 19,  COLONIA  LA FLORIDA",53652975,RONALD MAURICIO MORALES VIVAR,SONIA JOSEFINA MORALES CAXAJ,DIVERSIFICADO,PRIVADO,URBANA,ABIERTA,MONOLINGUE,DOBLE,FIN DE SEMANA,GUATEMALA OCCIDENTE
00-19-0066-46,01-99-0095,CIUDAD CAPITAL,ZONA 19,LICEO  TÉCNICO  VOCACIONAL  GALILEI,"9A.  AVENIDA  4-31 ZONA  19,  COLONIA  LA  FLORIDA",53652975,MARCELINO ARNULFO DE LEÓN MEJÍA,SONIA JOSEFINA MORALES CAXAJ,DIVERSIFICADO,PRIVADO,URBANA,ABIERTA,MONOLINGUE,DOBLE,FIN DE SEMANA,GUATEMALA OCCIDENTE
00-19-0067-46,01-620,CIUDAD CAPITAL,ZONA 19,LICEO TÉCNICO VOCACIONAL  GALILEI,"9A.  AVENIDA  4-31 ZONA  19,  COLONIA  LA  FLORIDA",24370206,RONALD MAURICIO MORALES VIVAR,SONIA JOSEFINA MORALES CAXAJ,DIVERSIFICADO,PRIVADO,URBANA,ABIERTA,MONOLINGUE,DOBLE,FIN DE SEMANA,GUATEMALA OCCIDENTE
00-19-0068-45,01-620,CIUDAD CAPITAL,ZONA 19,LICEO TÉCNICO VOCACIONAL  GALILEI,"9A.  AVENIDA  4-31 ZONA  19,  COLONIA  LA  FLORIDA",24370206,RONALD MAURICIO MORALES VIVAR,SONIA JOSEFINA MORALES CAXAJ,BASICO,PRIVADO,URBANA,ABIERTA,MONOLINGUE,DOBLE,FIN DE SEMANA,GUATEMALA OCCIDENTE
00-19-0069-45,01-01-0075,CIUDAD CAPITAL,ZONA 19,LICEO TÉCNICO VOCACIONAL  GALILEI,"9A.  AVENIDA  4-31 ZONA  19,  COLONIA  LA  FLORIDA",53652975,RONALD MAURICIO MORALES VIVAR,SONIA JOSEFINA MORALES CAXAJ,BASICO,PRIVADO,URBANA,ABIERTA,MONOLINGUE,DOBLE,FIN DE SEMANA,GUATEMALA OCCIDENTE
00-19-0070-46,01-01-0075,CIUDAD CAPITAL,ZONA 19,LICEO TÉCNICO VOCACIONAL  GALILEI,"9A.  AVENIDA  4-31 ZONA  19,  COLONIA  LA  FLORIDA",53652975,RONALD MAURICIO MORALES VIVAR,SONIA JOSEFINA MORALES CAXAJ,DIVERSIFICADO,PRIVADO,URBANA,ABIERTA,MONOLINGUE,DOBLE,DIARIO(REGULAR),GUATEMALA OCCIDENTE
00-19-0071-46,01-01-0075,CIUDAD CAPITAL,ZONA 19,LICEO TÉCNICO VOCACIONAL  GALILEI,"9A.  AVENIDA  4-31 ZONA  19,  COLONIA  LA  FLORIDA",53652975,RONALD MAURICIO MORALES VIVAR,SONIA JOSEFINA MORALES CAXAJ,DIVERSIFICADO,PRIVADO,URBANA,ABIERTA,MONOLINGUE,MATUTINA,DIARIO(REGULAR),GUATEMALA OCCIDENTE
00-19-0072-42,01-01-0075,CIUDAD CAPITAL,ZONA 19,COLEGIO  BAIOLI,"8A. AVENIDA 3-70 ZONA 19, COLONIA  LA  FLORIDA",55111654,RONALD MAURICIO MORALES VIVAR,YENIFER STHEFANY MONROY GARCIA,PARVULOS,PRIVADO,URBANA,ABIERTA,MONOLINGUE,MATUTINA,DIARIO(REGULAR),GUATEMALA OCCIDENTE
00-19-0073-43,01-01-0075,CIUDAD CAPITAL,ZONA 19,COLEGIO  BAIOLI,"8A. AVENIDA 3-70 ZONA 19, COLONIA  LA  FLORIDA",55111654,RONALD MAURICIO MORALES VIVAR,YENIFER STHEFANY MONROY GARCIA,PRIMARIA,PRIVADO,URBANA,ABIERTA,MONOLINGUE,MATUTINA,DIARIO(REGULAR),GUATEMALA OCCIDENTE
00-19-0074-42,01-01-0075,CIUDAD CAPITAL,ZONA 19,"COLEGIO  EDUCATIVO  ""LICDA. KIMBERLY  MAZARIEGOS  ENRÍQUEZ  NO. 1""",8VA.  CALLE  11-25  Z. 19  COL.  LA  FLORIDA,24378357,RONALD MAURICIO MORALES VIVAR,KARYN YANETH GUTIERREZ AYALA,PARVULOS,PRIVADO,URBANA,ABIERTA,MONOLINGUE,MATUTINA,DIARIO(REGULAR),GUATEMALA OCCIDENTE
00-19-0075-43,01-01-0075,CIUDAD CAPITAL,ZONA 19,"COLEGIO EDUCATIVO ""LICDA. KIMBERLY  MAZARIEGOS ENRIQUEZ NO. 1""",8VA.  CALLE  11-25  Z. 19  COL.  LA  FLORIDA,24378357,RONALD MAURICIO MORALES VIVAR,ANA MARIA ENRIQUEZ,PRIMARIA,PRIVADO,URBANA,ABIERTA,MONOLINGUE,MATUTINA,DIARIO(REGULAR),GUATEMALA OCCIDENTE
00-19-0076-45,01-01-0075,CIUDAD CAPITAL,ZONA 19,"COLEGIO EDUCATIVO  ""LICDA. KIMBERLY  MAZARIEGOS  ENRÍQUEZ N. 1""",8VA. CALLE  11-25  ZONA 19  COL.  LA  FLORIDA,24378357,RONALD MAURICIO MORALES VIVAR,HUGO LEONEL AQUINO ABREGO,BASICO,PRIVADO,URBANA,ABIERTA,MONOLINGUE,MATUTINA,DIARIO(REGULAR),GUATEMALA OCCIDENTE
00-19-0077-46,01-01-0075,CIUDAD CAPITAL,ZONA 19,"COLEGIO  EDUCATIVO  ""LICDA. KIMBERLY  MAZARIEGOS  ENRÍQUEZ  NO. 1""",8VA.  CALLE  11-25  Z. 19  COL.  LA  FLORIDA,24378357,RONALD MAURICIO MORALES VIVAR,HUGO LEONEL AQUINO ABREGO,DIVERSIFICADO,PRIVADO,URBANA,ABIERTA,MONOLINGUE,MATUTINA,DIARIO(REGULAR),GUATEMALA OCCIDENTE
00-19-0078-42,01-01-0075,CIUDAD CAPITAL,ZONA 19,"COLEGIO  EDUCATIVO  ""LICDA. KIMBERLY  MAZARIEGOS  ENRÍQUEZ  NO. 2""",8VA. CALLE  11-22 Z. 19  COL. LA FLORIDA,24378357,RONALD MAURICIO MORALES VIVAR,EVELYN LOURDES CHINCHILLA GÓMEZ,PARVULOS,PRIVADO,URBANA,ABIERTA,MONOLINGUE,MATUTINA,DIARIO(REGULAR),GUATEMALA OCCIDENTE
00-19-0079-43,01-01-0075,CIUDAD CAPITAL,ZONA 19,"COLEGIO EDUCATIVO ""LICDA. KIMBERLY MAZARIEGOS ENRIQUEZ NO. 2""",8VA.  CALLE  11-22  Z.  19  COL.  LA  FLORIDA,24378357,RONALD MAURICIO MORALES VIVAR,SINDY LISSETTE PELÉN MAQUÌZ,PRIMARIA,PRIVADO,URBANA,ABIERTA,MONOLINGUE,MATUTINA,DIARIO(REGULAR),GUATEMALA OCCIDENTE
00-19-0080-45,01-01-0075,CIUDAD CAPITAL,ZONA 19,"COLEGIO EDUCATIVO LICDA.  KIMBERLY  MAZARIEGOS  ENRÍQUEZ NO. 2""",8VA.  CALLE  11-22  Z. 19  COL.  LA  FLORIDA,24378357,RONALD MAURICIO MORALES VIVAR,MARISELA  SEQUÉN DÍAS,BASICO,PRIVADO,URBANA,ABIERTA,MONOLINGUE,MATUTINA,DIARIO(REGULAR),GUATEMALA OCCIDENTE
00-19-0081-46,01-01-0075,CIUDAD CAPITAL,ZONA 19,"COLEGIO  EDUCATIVO "" LICDA.  KIMBERLY  MAZARIEGOS  ENRÍQUEZ NO. 2""",8VA.  CALLE 11-22  Z.  19  COL.  LA  FLORIDA,24378357,RONALD MAURICIO MORALES VIVAR,MARISELA  SEQUÉN DÍAS,DIVERSIFICADO,PRIVADO,URBANA,ABIERTA,MONOLINGUE,MATUTINA,DIARIO(REGULAR),GUATEMALA OCCIDENTE
00-19-0082-42,01-01-0075,CIUDAD CAPITAL,ZONA 19,"COLEGIO EDUCATIVO  ""LICDA. KIMBERLY  MAZARIEGOS  ENRÍQUEZ N. 3""",10 AVENIDA 02-79 COLONIA  LA  FLORIDA  ZONA  19,24378357,RONALD MAURICIO MORALES VIVAR,STHEPHANIE GUISSELLE GONZALEZ,PARVULOS,PRIVADO,URBANA,ABIERTA,MONOLINGUE,MATUTINA,DIARIO(REGULAR),GUATEMALA OCCIDENTE
00-19-0083-43,01-01-0075,CIUDAD CAPITAL,ZONA 19,"COLEGIO  EDUCATIVO   ""LICDA. KIMBERLY  MAZARIEGOS  ENRÍQUEZ NO. 3""",10  AVENIDA  02-79  COLONIA  LA  FLORIDA  ZONA  19,24378357,RONALD MAURICIO MORALES VIVAR,MARTA REBECA TORRES NUFIO,PRIMARIA,PRIVADO,URBANA,ABIERTA,MONOLINGUE,MATUTINA,DIARIO(REGULAR),GUATEMALA OCCIDENTE
00-19-0084-45,01-01-0075,CIUDAD CAPITAL,ZONA 19,"COLEGIO EDUCATIVO ""LICDA. KIMBERLY  MAZARIEGOS ENRIQUEZ NO 3""",10 AVENIDA 02-79 ZONA 19  COLONIA  LA  FLORIDA,24378357,RONALD MAURICIO MORALES VIVAR,BYRON FERNANDO BÁMACA DE LA CRUZ,BASICO,PRIVADO,URBANA,ABIERTA,MONOLINGUE,MATUTINA,DIARIO(REGULAR),GUATEMALA OCCIDENTE
00-19-0085-46,01-01-0075,CIUDAD CAPITAL,ZONA 19,"COLEGIO EDUCATIVO ""LICDA. KIMBERLY  MAZARIEGOS ENRIQUEZ NO. 3""",10  AVENIDA 2-79  COLONIA  LA  FLORIDA ZONA 19,24378357,RONALD MAURICIO MORALES VIVAR,BYRON FERNANDO BÁMACA DE LA CRUZ,DIVERSIFICADO,PRIVADO,URBANA,ABIERTA,MONOLINGUE,MATUTINA,DIARIO(REGULAR),GUATEMALA OCCIDENTE
00-19-0086-45,01-01-0075,CIUDAD CAPITAL,ZONA 19,COLEGIO  MIXTO  SAN PEDRO  DAMIAN,8A. AVENIDA 01-41  COLONIA LA FLORIDA ZONA 19,24375834,RONALD MAURICIO MORALES VIVAR,KARLA MERCEDES PINEDA CHÁVEZ,BASICO,PRIVADO,URBANA,ABIERTA,MONOLINGUE,MATUTINA,DIARIO(REGULAR),GUATEMALA OCCIDENTE
00-19-0087-46,01-01-0075,CIUDAD CAPITAL,ZONA 19,COLEGIO  MIXTO SAN  PEDRO  DAMIAN,8A.  AVENIDA  01-41 COLONIA  LA FLORIDA  ZONA  19,24375834,RONALD MAURICIO MORALES VIVAR,KARLA MERCEDES PINEDA CHÁVEZ,DIVERSIFICADO,PRIVADO,URBANA,ABIERTA,MONOLINGUE,MATUTINA,DIARIO(REGULAR),GUATEMALA OCCIDENTE
00-19-0088-45,01-01-0075,CIUDAD CAPITAL,ZONA 19,CENTRO EDUCATIVO CRISTIANO FUENTE DE VIDA NÚMERO  2,6A. AVENIDA 1-67 ZONA 19 COLONIA LA FLORIDA,22775656,RONALD MAURICIO MORALES VIVAR,LILIAN MARIBELL GUZMÁN PATZÁN,BASICO,PRIVADO,URBANA,ABIERTA,MONOLINGUE,SIN JORNADA,SEMIPRESENCIAL (FIN DE SEMANA),GUATEMALA OCCIDENTE
00-19-0089-46,01-01-0075,CIUDAD CAPITAL,ZONA 19,CENTRO EDUCATIVO CRISTIANO FUENTE DE VIDA NÚMERO  2,6A. AVENIDA 1-67 ZONA 19 COLONIA LA FLORIDA,22775656,RONALD MAURICIO MORALES VIVAR,LILIAN MARIBELL GUZMÁN PATZÁN,DIVERSIFICADO,PRIVADO,URBANA,ABIERTA,MONOLINGUE,SIN JORNADA,SEMIPRESENCIAL (FIN DE SEMANA),GUATEMALA OCCIDENTE
00-19-0090-45,01-01-0075,CIUDAD CAPITAL,ZONA 19,"CENTRO EDUCATIVO CRISTIANO ""FUENTE DE VIDA""","6A. AVENIDA 1-57 ZONA 19, COLONIA LA FLORIDA CENTRO EDUCATIVO CRISTIANO ""FUENTE DE VIDA""",22775656,RONALD MAURICIO MORALES VIVAR,VIVIAN DALILA ESTRADA RUANO,BASICO,PRIVADO,URBANA,ABIERTA,MONOLINGUE,SIN JORNADA,SEMIPRESENCIAL (FIN DE SEMANA),GUATEMALA OCCIDENTE
00-19-0091-46,01-01-0075,CIUDAD CAPITAL,ZONA 19,"CENTRO EDUCATIVO CRISTIANO ""FUENTE DE VIDA""",6A. AVENIDA 1-57 ZONA 19 COLONIA LA FLORIDA,22775656,RONALD MAURICIO MORALES VIVAR,VIVIAN DALILA ESTRADA RUANO,DIVERSIFICADO,PRIVADO,URBANA,ABIERTA,MONOLINGUE,SIN JORNADA,SEMIPRESENCIAL (FIN DE SEMANA),GUATEMALA OCCIDENTE
00-19-0092-45,01-620,CIUDAD CAPITAL,ZONA 19,LICEO COMERCIAL TECNOLÓGICO EL RODEO,CALZADA SAN JUAN 6-53 COLONIA LA FLORIDA ZONA 19,55899805,RONALD MAURICIO MORALES VIVAR,ANA ELIZABETH CUXIL CHAPAS,BASICO,PRIVADO,URBANA,CERRADA TEMPORALMENTE,MONOLINGUE,SIN JORNADA,SEMIPRESENCIAL (FIN DE SEMANA),GUATEMALA OCCIDENTE
00-19-0093-45,01-01-0075,CIUDAD CAPITAL,ZONA 19,LICEO TÉCNICO VOCACIONAL GALILEI,"9A. AVENIDA 4-31 ZONA 19, COLONIA LA FLORIDA",53652975,RONALD MAURICIO MORALES VIVAR,SONIA JOSEFINA MORALES CAXAJ,BASICO,PRIVADO,URBANA,ABIERTA,MONOLINGUE,SIN JORNADA,SEMIPRESENCIAL (UN DÍA A LA SEMANA),GUATEMALA OCCIDENTE
00-19-0094-46,01-01-0075,CIUDAD CAPITAL,ZONA 19,LICEO TÉCNICO VOCACIONAL GALILEI,"9A. AVENIDA 4-31 ZONA 19, COLONIA LA FLORIDA",53652975,RONALD MAURICIO MORALES VIVAR,SONIA JOSEFINA MORALES CAXAJ,DIVERSIFICADO,PRIVADO,URBANA,ABIERTA,MONOLINGUE,SIN JORNADA,SEMIPRESENCIAL (UN DÍA A LA SEMANA),GUATEMALA OCCIDENTE
00-19-0095-42,01-01-0075,CIUDAD CAPITAL,ZONA 19,COLEGIO MIXTO SAN PEDRO DAMIÁN NO. 2,8A. AVENIDA 1-31 ZONA 19 COLONIA LA FLORIDA,24375834,RONALD MAURICIO MORALES VIVAR,GLENDA EUNISSE VÉLIZ FUENTES,PARVULOS,PRIVADO,URBANA,ABIERTA,MONOLINGUE,MATUTINA,DIARIO(REGULAR),GUATEMALA OCCIDENTE
00-19-0096-43,01-01-0075,CIUDAD CAPITAL,ZONA 19,COLEGIO MIXTO SAN PEDRO DAMIÁN NO. 2,8A. AVENIDA 1-31 ZONA 19 COLONIA LA FLORIDA,24375834,RONALD MAURICIO MORALES VIVAR,EVELYN LUCÍA VELIZ FUENTES,PRIMARIA,PRIVADO,URBANA,ABIERTA,MONOLINGUE,MATUTINA,DIARIO(REGULAR),GUATEMALA OCCIDENTE
00-19-0097-45,01-99-0090,CIUDAD CAPITAL,ZONA 19,COLEGIO MIXTO BELÉN,"6A.  AVENIDA 0-79 ZONA 19, COLONIA LA FLORIDA",22027878,IDALIA DEL ROSARIO LÓPEZ SANDOVAL,JOAQUIN ANTONIO MANCILLA RIVERA,BASICO,PRIVADO,URBANA,ABIERTA,MONOLINGUE,SIN JORNADA,SEMIPRESENCIAL (FIN DE SEMANA),GUATEMALA OCCIDENTE
00-19-0098-46,01-99-0090,CIUDAD CAPITAL,ZONA 19,COLEGIO PRIVADO MIXTO BELÉN,"6A. AVENIDA 0-79, COLONIA LA FLORIDA GUATEMALA",22027878,IDALIA DEL ROSARIO LÓPEZ SANDOVAL,JOAQUIN ANTONIO MANCILLA RIVERA,DIVERSIFICADO,PRIVADO,URBANA,ABIERTA,MONOLINGUE,SIN JORNADA,SEMIPRESENCIAL (FIN DE SEMANA),GUATEMALA OCCIDENTE
00-19-0099-46,01-620,CIUDAD CAPITAL,ZONA 19,LICEO COMERCIAL TECNOLÓGICO EL RODEO,CALZADA SAN JUAN 6-53 COLONIA LA FLORIDA ZONA 19 GUATEMALA,57351810,RONALD MAURICIO MORALES VIVAR,ANA ELIZABETH CUXIL CHAPAS,DIVERSIFICADO,PRIVADO,URBANA,CERRADA TEMPORALMENTE,MONOLINGUE,SIN JORNADA,SEMIPRESENCIAL (FIN DE SEMANA),GUATEMALA OCCIDENTE
00-19-0100-45,01-01-0075,CIUDAD CAPITAL,ZONA 19,COLEGIO EVANGÉLICO MIXTO INTEGRAL,9A. AVENIDA 4-80 ZONA 19 COLONIA LA FLORIDA,22939523,RONALD MAURICIO MORALES VIVAR,JUAN JOSÉ JIMÉNEZ LÓPEZ,BASICO,PRIVADO,URBANA,ABIERTA,MONOLINGUE,SIN JORNADA,SEMIPRESENCIAL (UN DÍA A LA SEMANA),GUATEMALA OCCIDENTE
00-19-0101-46,01-01-0075,CIUDAD CAPITAL,ZONA 19,COLEGIO EVANGÉLICO MIXTO INTEGRAL,"9A. AVENIDA 4-80 ZONA 19 COLONIA LA FLORIDA GUATEMALA, GUATEMALA",22939523,RONALD MAURICIO MORALES VIVAR,JUAN JOSÉ JIMÉNEZ LÓPEZ,DIVERSIFICADO,PRIVADO,URBANA,ABIERTA,MONOLINGUE,SIN JORNADA,SEMIPRESENCIAL (UN DÍA A LA SEMANA),GUATEMALA OCCIDENTE
00-19-0102-46,01-01-0075,CIUDAD CAPITAL,ZONA 19,INED M. A. HERMENEGILDO DE JESÚS PEREIRA DEL CID,9A. AVENIDA 5-05 ZONA 19 COLONIA LA FLORIDA,55053278,RONALD MAURICIO MORALES VIVAR,HÉCTOR DAVID GÓMEZ ARDIANO,DIVERSIFICADO,OFICIAL,URBANA,ABIERTA,MONOLINGUE,NOCTURNA,DIARIO(REGULAR),GUATEMALA OCCIDENTE
00-19-0103-46,01-01-0075,CIUDAD CAPITAL,ZONA 19,LICEO TÉCNICO SAN JUAN,"CALZADA SAN JUAN 06-53 COLONIA LA FLORIDA ZONA 19 GUATEMALA, GUATEMALA",25098974,RONALD MAURICIO MORALES VIVAR,HENRY DONALDO CIFUENTES HERNÁNDEZ,DIVERSIFICADO,PRIVADO,URBANA,ABIERTA,MONOLINGUE,MATUTINA,DIARIO(REGULAR),GUATEMALA OCCIDENTE
00-19-0104-45,01-01-0075,CIUDAD CAPITAL,ZONA 19,LICEO TÉCNICO SAN JUAN,CALZADA SAN JUAN 06-53 ZONA DIECINUEVE,25098974,RONALD MAURICIO MORALES VIVAR,HENRY DONALDO CIFUENTES HERNÁNDEZ,BASICO,PRIVADO,URBANA,ABIERTA,MONOLINGUE,MATUTINA,DIARIO(REGULAR),GUATEMALA OCCIDENTE
00-19-0105-43,01-01-0075,CIUDAD CAPITAL,ZONA 19,LICEO TÉCNICO SAN JUAN,CALZADA SAN JUAN 06-53 COLONIA LA FLORIDA ZONA DIECINUEVE,25098974,RONALD MAURICIO MORALES VIVAR,CLAUDIA MARIBEL FERNÁNDEZ,PRIMARIA,PRIVADO,URBANA,ABIERTA,MONOLINGUE,MATUTINA,DIARIO(REGULAR),GUATEMALA OCCIDENTE
00-19-0106-42,01-620,CIUDAD CAPITAL,ZONA 19,LICEO TÉCNICO SAN JUAN,CALZADA SAN JUAN 06-53 COLONIA LA FLORIDA ZONA DIECINUEVE,25098974,RONALD MAURICIO MORALES VIVAR,CLAUDIA LORENA MORALES CORDÓN,PARVULOS,PRIVADO,URBANA,ABIERTA,MONOLINGUE,MATUTINA,DIARIO(REGULAR),GUATEMALA OCCIDENTE
00-19-0107-46,01-01-0075,CIUDAD CAPITAL,ZONA 19,LICEO TÉCNICO SAN JUAN,CALZADA SAN JUAN 06-53 COLONIA LA FLORIDA ZONA 19 GUATEMALA,25098974,RONALD MAURICIO MORALES VIVAR,HENRY DONALDO CIFUENTES HERNÁNDEZ,DIVERSIFICADO,PRIVADO,URBANA,ABIERTA,MONOLINGUE,DOBLE,FIN DE SEMANA,GUATEMALA OCCIDENTE
00-19-0108-46,01-01-0075,CIUDAD CAPITAL,ZONA 19,LICEO TÉCNICO SAN JUAN,"CALZADA SAN JUAN 06-53 COLONIA LA FLORIDA ZONA 19 GUATEMALA, GUATEMALA",25098974,RONALD MAURICIO MORALES VIVAR,HENRY DONALDO CIFUENTES HERNÁNDEZ,DIVERSIFICADO,PRIVADO,URBANA,ABIERTA,MONOLINGUE,SIN JORNADA,SEMIPRESENCIAL (FIN DE SEMANA),GUATEMALA OCCIDENTE
00-19-0109-45,01-01-0075,CIUDAD CAPITAL,ZONA 19,LICEO TECNOLÓGICO SAN JUAN,CALZADA SAN JUAN 06-53 COLONIA LA FLORIDA ZONA DIECINUEVE,25098974,RONALD MAURICIO MORALES VIVAR,HENRY DONALDO CIFUENTES HERNÁNDEZ,BASICO,PRIVADO,URBANA,ABIERTA,MONOLINGUE,DOBLE,FIN DE SEMANA,GUATEMALA OCCIDENTE
00-19-0110-45,01-01-0075,CIUDAD CAPITAL,ZONA 19,LICEO TÉCNICO SAN JUAN,CALZADA SAN JUAN 06-53 COLONIA LA FLORIDA ZONA DIECINUEVE,25098974,RONALD MAURICIO MORALES VIVAR,HENRY DONALDO CIFUENTES HERNÁNDEZ,BASICO,PRIVADO,URBANA,ABIERTA,MONOLINGUE,SIN JORNADA,SEMIPRESENCIAL (DOS DÍAS A LA SEMANA),GUATEMALA OCCIDENTE
00-19-0111-44,01-01-0075,CIUDAD CAPITAL,ZONA 19,LICEO TÉCNICO SAN JUAN,CALZADA SAN JUAN 06-53 COLONIA LA FLORIDA ZONA DIECINUEVE,25098974,RONALD MAURICIO MORALES VIVAR,CLAUDIA MARIBEL FERNÁNDEZ,PRIMARIA DE ADULTOS,PRIVADO,URBANA,ABIERTA,MONOLINGUE,DOBLE,FIN DE SEMANA,GUATEMALA OCCIDENTE
00-19-0112-46,01-01-0075,CIUDAD CAPITAL,ZONA 19,INED M. A. HERMENEGILDO DE JESÚS PEREIRA DEL CID,9A. AVENIDA 5-05 ZONA  19 COLONIA LA FLORIDA,55053278,RONALD MAURICIO MORALES VIVAR,HÉCTOR DAVID GÓMEZ ARDIANO,DIVERSIFICADO,OFICIAL,URBANA,ABIERTA,MONOLINGUE,NOCTURNA,DIARIO(REGULAR),GUATEMALA OCCIDENTE
00-19-0113-44,01-01-0075,CIUDAD CAPITAL,ZONA 19,COLEGIO SAN PEDRO DAMIÁN NO. 3,8A. AVENIDA 1-31 COLONIA LA FLORIDA ZONA 19,24375834,RONALD MAURICIO MORALES VIVAR,EVELYN LUCÍA VELIZ FUENTES,PRIMARIA DE ADULTOS,PRIVADO,URBANA,ABIERTA,MONOLINGUE,DOBLE,FIN DE SEMANA,GUATEMALA OCCIDENTE
00-19-0114-45,01-01-0075,CIUDAD CAPITAL,ZONA 19,COLEGIO SAN PEDRO DAMIÁN NO. 3,8A. AVENIDA 1-31 COLONIA LA FLORIDA ZONA 19,24375834,RONALD MAURICIO MORALES VIVAR,MARÍA ELIZABETH BONILLA GRIJALVA,BASICO,PRIVADO,URBANA,ABIERTA,MONOLINGUE,DOBLE,FIN DE SEMANA,GUATEMALA OCCIDENTE
00-19-0115-45,01-01-0075,CIUDAD CAPITAL,ZONA 19,COLEGIO MIXTO SAN PEDRO DAMIÁN NO. 3,"8A. AVENIDA 1-31 ZONA 19, COLONIA LA FLORIDA",24375834,RONALD MAURICIO MORALES VIVAR,MARÍA ELIZABETH BONILLA GRIJALVA,BASICO,PRIVADO,URBANA,ABIERTA,MONOLINGUE,SIN JORNADA,SEMIPRESENCIAL (FIN DE SEMANA),GUATEMALA OCCIDENTE
00-19-0116-46,01-01-0075,CIUDAD CAPITAL,ZONA 19,COLEGIO MIXTO SAN PEDRO DAMIÁN NO. 3,"8A. AVENIDA 1-31 ZONA 19, COLONIA LA FLORIDA",24375834,RONALD MAURICIO MORALES VIVAR,MARÍA ELIZABETH BONILLA GRIJALVA,DIVERSIFICADO,PRIVADO,URBANA,ABIERTA,MONOLINGUE,SIN JORNADA,SEMIPRESENCIAL (FIN DE SEMANA),GUATEMALA OCCIDENTE
00-19-0117-45,01-01-0075,CIUDAD CAPITAL,ZONA 19,"LICEO MERR CI ""MENTES CREATIVAS PARA CRISTO""",11 AVENIDA 2-04 COLONIA LA FLORIDA,46036448,RONALD MAURICIO MORALES VIVAR,MAYRA PATRICIA LUTIN ALVAREZ,BASICO,PRIVADO,URBANA,ABIERTA,MONOLINGUE,MATUTINA,DIARIO(REGULAR),GUATEMALA OCCIDENTE
00-19-0118-45,01-01-0075,CIUDAD CAPITAL,ZONA 19,COLEGIO EVANGELICO MIXTO INTERAMERICANO EL REY JESUS,9NA. AVENIDA 0-86 ZONA 19 COLONIA LA FLORIDA,22125493,RONALD MAURICIO MORALES VIVAR,CARLOS FRANCISCO JIMENEZ LÓPEZ,BASICO,PRIVADO,URBANA,ABIERTA,MONOLINGUE,VESPERTINA,DIARIO(REGULAR),GUATEMALA OCCIDENTE
00-19-0119-46,01-01-0075,CIUDAD CAPITAL,ZONA 19,COLEGIO EVANGELICO MIXTO INTERAMERICANO EL REY JESUS,9NA. AVENIDA 0-86 ZONA 19 COLONIA LA FLORIDA,22125493,RONALD MAURICIO MORALES VIVAR,CARLOS FRANCISCO JIMENEZ LÓPEZ,DIVERSIFICADO,PRIVADO,URBANA,ABIERTA,MONOLINGUE,VESPERTINA,DIARIO(REGULAR),GUATEMALA OCCIDENTE
00-19-0120-46,01-01-0075,CIUDAD CAPITAL,ZONA 19,COLEGIO EVANGELICO MIXTO INTERAMERICANO EL REY JESUS,9NA. AVENIDA 0-86 ZONA 19 COLONIA LA FLORIDA,22125493,RONALD MAURICIO MORALES VIVAR,CARLOS FRANCISCO JIMENEZ LÓPEZ,DIVERSIFICADO,PRIVADO,URBANA,ABIERTA,MONOLINGUE,DOBLE,FIN DE SEMANA,GUATEMALA OCCIDENTE
00-19-0121-45,01-01-0075,CIUDAD CAPITAL,ZONA 19,COLEGIO EVANGELICO MIXTO INTERAMERICANO EL REY JESUS,9NA. AVENIDA 0-86 ZONA 19 COLONIA LA FLORIDA,22125493,RONALD MAURICIO MORALES VIVAR,CARLOS FRANCISCO JIMENEZ LÓPEZ,BASICO,PRIVADO,URBANA,ABIERTA,MONOLINGUE,DOBLE,FIN DE SEMANA,GUATEMALA OCCIDENTE
00-19-0122-45,01-01-0075,CIUDAD CAPITAL,ZONA 19,COLEGIO EVANGELICO MIXTO INTERAMERICANO EL REY JESUS,9NA. AVENIDA 0-86 ZONA 19 COLONIA LA FLORIDA,22125493,RONALD MAURICIO MORALES VIVAR,CARLOS FRANCISCO JIMENEZ LÓPEZ,BASICO,PRIVADO,URBANA,ABIERTA,MONOLINGUE,SIN JORNADA,SEMIPRESENCIAL (FIN DE SEMANA),GUATEMALA OCCIDENTE
00-19-0123-46,01-01-0075,CIUDAD CAPITAL,ZONA 19,COLEGIO EVANGELICO MIXTO INTERAMERICANO EL REY JESUS,9NA. AVENIDA 0-86 ZONA 19 COLONIA LA FLORIDA,22125493,RONALD MAURICIO MORALES VIVAR,CARLOS FRANCISCO JIMENEZ LÓPEZ,DIVERSIFICADO,PRIVADO,URBANA,ABIERTA,MONOLINGUE,SIN JORNADA,SEMIPRESENCIAL (FIN DE SEMANA),GUATEMALA OCCIDENTE
00-19-1072-42,01-01-0075,CIUDAD CAPITAL,ZONA 19,EODP NO.58,"6A. AVENIDA 9-18, ZONA 19  COLONIA LA FLORIDA",47130446,RONALD MAURICIO MORALES VIVAR,LUISA MARLENY FUENTES VELÁSQUEZ,PARVULOS,OFICIAL,URBANA,ABIERTA,MONOLINGUE,MATUTINA,DIARIO(REGULAR),GUATEMALA OCCIDENTE
00-19-1073-42,01-620,CIUDAD CAPITAL,ZONA 19,CENTRO EDUCATIVO 'SAN DAMIANI',8A AVE. 1-31 COLONIA LA FLORIDA,24375834,RONALD MAURICIO MORALES VIVAR,MARÍA DEL CARMEN FUENTES ESCOBAR,PARVULOS,PRIVADO,URBANA,CERRADA DEFINITIVAMENTE,MONOLINGUE,MATUTINA,DIARIO(REGULAR),GUATEMALA OCCIDENTE
00-19-1074-42,01-620,CIUDAD CAPITAL,ZONA 19,COLEGIO BILINGUE MIXTO 'ADELA RIVAS MELGAR',12 AVE. 3-33 COLONIA LA FLORIDA,24310353,RONALD MAURICIO MORALES VIVAR,,PARVULOS,PRIVADO,URBANA,CERRADA DEFINITIVAMENTE,MONOLINGUE,MATUTINA,DIARIO(REGULAR),GUATEMALA OCCIDENTE
00-19-1075-42,01-01-0075,CIUDAD CAPITAL,ZONA 19,INSTITUTO MIXTO GUATEMALTECO ISRAELI,9A AVE. 3-91 COLONIA LA FLORIDA,24310253,RONALD MAURICIO MORALES VIVAR,LOIDA VIOLETA RIVERA ALFARO,PARVULOS,PRIVADO,URBANA,ABIERTA,MONOLINGUE,MATUTINA,DIARIO(REGULAR),GUATEMALA OCCIDENTE
00-19-1076-42,01-01-0075,CIUDAD CAPITAL,ZONA 19,CEIN,12 AV. 5-59 COLONIA LA FLORIDA,41208328,RONALD MAURICIO MORALES VIVAR,MÓNICA RENÉ MARROQUÍN NAVAS,PARVULOS,OFICIAL,URBANA,ABIERTA,MONOLINGUE,DOBLE,DIARIO(REGULAR),GUATEMALA OCCIDENTE
00-19-1077-42,01-620,CIUDAD CAPITAL,ZONA 19,COLEGIO EVANGELICO MIXTO BAUTISTA INTERNACIONAL,6A AVE. 9-18 COLONIA LA FLORIDA,24328639,RONALD MAURICIO MORALES VIVAR,,PARVULOS,PRIVADO,URBANA,CERRADA TEMPORALMENTE,MONOLINGUE,MATUTINA,DIARIO(REGULAR),GUATEMALA OCCIDENTE
00-19-1078-42,01-620,CIUDAD CAPITAL,ZONA 19,COLEGIO   ADVENTISTA FLORIDA,"11 AVENIDA 3-46 ZONA 19, COLONIA LA FLORIDA",24375111,RONALD MAURICIO MORALES VIVAR,ROSA VIDALIA GUERRA Y GUERRA,PARVULOS,PRIVADO,URBANA,CERRADA TEMPORALMENTE,MONOLINGUE,MATUTINA,DIARIO(REGULAR),GUATEMALA OCCIDENTE
00-19-1079-43,01-01-0075,CIUDAD CAPITAL,ZONA 19,EOUM NO.59 PANAMERICANA,9A AVE. 5-05 COLONIA LA FLORIDA,41512181,RONALD MAURICIO MORALES VIVAR,AGUSTÍN  SIRÍN QUINAC,PRIMARIA,OFICIAL,URBANA,ABIERTA,MONOLINGUE,VESPERTINA,DIARIO(REGULAR),GUATEMALA OCCIDENTE
00-19-1080-43,01-01-0075,CIUDAD CAPITAL,ZONA 19,"EOUM ESCUELA OFICIAL URBANA MIXTA ""PANAMERICANA""",9A AVE. 5-05 COLONIA LA FLORIDA,22890813,RONALD MAURICIO MORALES VIVAR,YASMIN LILY JORDÁN RAMÍREZ,PRIMARIA,OFICIAL,URBANA,ABIERTA,MONOLINGUE,MATUTINA,DIARIO(REGULAR),GUATEMALA OCCIDENTE
00-19-1082-43,01-01-0075,CIUDAD CAPITAL,ZONA 19,COLEGIO PRIVADO MIXTO 'BELEN',6A. AVENIDA 0-79 COLONIA LA FLORIDA,22027878,RONALD MAURICIO MORALES VIVAR,JOAQUIN ANTONIO MANCILLA RIVERA,PRIMARIA,PRIVADO,URBANA,ABIERTA,MONOLINGUE,MATUTINA,DIARIO(REGULAR),GUATEMALA OCCIDENTE
00-19-1083-43,01-620,CIUDAD CAPITAL,ZONA 19,COLEGIO MIXTO EVANGELICO  PENIEL,9A AVE. 0-15 COLONIA LA FLORIDA,24322340,RONALD MAURICIO MORALES VIVAR,LILIAN RUTH CRUZ MORALES,PRIMARIA,PRIVADO,URBANA,CERRADA DEFINITIVAMENTE,MONOLINGUE,MATUTINA,DIARIO(REGULAR),GUATEMALA OCCIDENTE
00-19-1084-43,01-01-0075,CIUDAD CAPITAL,ZONA 19,INSTITUTO MIXTO  GUATEMALTECO ISRAELI,9A AVE. 3-91 COLONIA LA FLORIDA,24310253,RONALD MAURICIO MORALES VIVAR,SARA VIOLETA ALFARO MALDONADO,PRIMARIA,PRIVADO,URBANA,ABIERTA,MONOLINGUE,MATUTINA,DIARIO(REGULAR),GUATEMALA OCCIDENTE
00-19-1085-43,01-01-0075,CIUDAD CAPITAL,ZONA 19,EPUM 'NUESTRA SEÑORA DE LA MEDALLA MILAGROSA',12 AVE. 1-69 COLONIA LA FLORIDA,24334766,RONALD MAURICIO MORALES VIVAR,ANA DEL CARMEN SANTIZO MARTINEZ,PRIMARIA,PRIVADO,URBANA,ABIERTA,MONOLINGUE,MATUTINA,DIARIO(REGULAR),GUATEMALA OCCIDENTE
00-19-1086-43,,CIUDAD CAPITAL,ZONA 19,'CENTRO EDUCATIVO INTEGRAL TIJOBAL',9A AVE. 4-31 COLONIA LA FLORIDA ZONA 19,,,,PRIMARIA,PRIVADO,URBANA,CERRADA DEFINITIVAMENTE,MONOLINGUE,MATUTINA,DIARIO(REGULAR),GUATEMALA OCCIDENTE
00-19-1087-43,01-620,CIUDAD CAPITAL,ZONA 19,CENTRO EDUCATIVO 'SAN DAMIANI',8A AVE. 1-31 COLONIA LA FLORIDA,24375834,RONALD MAURICIO MORALES VIVAR,MARÍA DEL CARMEN FUENTES ESCOBAR,PRIMARIA,PRIVADO,URBANA,CERRADA DEFINITIVAMENTE,MONOLINGUE,MATUTINA,DIARIO(REGULAR),GUATEMALA OCCIDENTE
00-19-1088-43,01-620,CIUDAD CAPITAL,ZONA 19,COLEGIO ADVENTISTA  FLORIDA,11 AVE. 3-46 COLONIA LA FLORIDA,24375111,RONALD MAURICIO MORALES VIVAR,ROSA VIDALIA GUERRA Y GUERRA,PRIMARIA,PRIVADO,URBANA,CERRADA TEMPORALMENTE,MONOLINGUE,MATUTINA,DIARIO(REGULAR),GUATEMALA OCCIDENTE
00-19-1089-43,01-620,CIUDAD CAPITAL,ZONA 19,COLEGIO 'ADELA RIVAS MELGAR',12 AVE. 3-33 COLONIA LA FLORIDA,55910353,RONALD MAURICIO MORALES VIVAR,,PRIMARIA,PRIVADO,URBANA,CERRADA DEFINITIVAMENTE,MONOLINGUE,MATUTINA,DIARIO(REGULAR),GUATEMALA OCCIDENTE
00-19-1090-43,01-620,CIUDAD CAPITAL,ZONA 19,COLEGIO EVANGELICO MIXTO BAUTISTA INTERNACIONAL,6A AVE. 9-18 COLONIA LA FLORIDA,24311070,RONALD MAURICIO MORALES VIVAR,,PRIMARIA,PRIVADO,URBANA,CERRADA TEMPORALMENTE,MONOLINGUE,MATUTINA,DIARIO(REGULAR),GUATEMALA OCCIDENTE
00-19-1091-44,01-01-0075,CIUDAD CAPITAL,ZONA 19,EOPA NO.21 RAFAEL ZEA RUANO,9A AVE. 5-05 COLONIA LA FLORIDA,57967303,RONALD MAURICIO MORALES VIVAR,MYNOR RENÉ BÚCARO MÉNDEZ,PRIMARIA DE ADULTOS,OFICIAL,URBANA,ABIERTA,MONOLINGUE,NOCTURNA,DIARIO(REGULAR),GUATEMALA OCCIDENTE
00-19-1092-45,01-620,CIUDAD CAPITAL,ZONA 19,IPMB COLEGIO EVANGELICO 'PENIEL',9A AVE. 0-15 COLONIA LA FLORIDA,55922340,RONALD MAURICIO MORALES VIVAR,,BASICO,PRIVADO,URBANA,CERRADA TEMPORALMENTE,MONOLINGUE,VESPERTINA,DIARIO(REGULAR),GUATEMALA OCCIDENTE
00-19-1093-45,01-620,CIUDAD CAPITAL,ZONA 19,INSTITUTO MIXTO GUATEMALTECO ISRAELI,9A AVE. 3-91 COLONIA LA FLORIDA,24310253,RONALD MAURICIO MORALES VIVAR,DAVID ISAAC RIVERA SOSA,BASICO,PRIVADO,URBANA,CERRADA TEMPORALMENTE,MONOLINGUE,VESPERTINA,DIARIO(REGULAR),GUATEMALA OCCIDENTE
00-19-1094-45,01-01-0075,CIUDAD CAPITAL,ZONA 19,IPMB 'NUESTRA SEÑORA DE LA MEDALLA MILAGROSA',12 AVE. 1-69 COLONIA LA FLORIDA,24334766,RONALD MAURICIO MORALES VIVAR,ANA DEL CARMEN SANTIZO MARTINEZ,BASICO,PRIVADO,URBANA,ABIERTA,MONOLINGUE,VESPERTINA,DIARIO(REGULAR),GUATEMALA OCCIDENTE
00-19-1095-45,01-406,CIUDAD CAPITAL,ZONA 19,IPMB COLEGIO EVANGELICO 'PENIEL',9A AVE. 0-15 COLONIA LA FLORIDA ZONA 19,,MIGUEL ALVARO RODRIGUEZ PORTILLO,,BASICO,PRIVADO,URBANA,CERRADA TEMPORALMENTE,MONOLINGUE,NOCTURNA,DIARIO(REGULAR),GUATEMALA OCCIDENTE
00-19-1097-46,01-620,CIUDAD CAPITAL,ZONA 19,CENTRO ESCOLAR CRISTIANO  LA FUERZA PROFESIONAL DEL FUTURO,10A. AVENIDA 0-25 COLONIA LA FLORIDA,24324134,RONALD MAURICIO MORALES VIVAR,MARIO GONZALEZ,DIVERSIFICADO,PRIVADO,URBANA,CERRADA DEFINITIVAMENTE,MONOLINGUE,VESPERTINA,DIARIO(REGULAR),GUATEMALA OCCIDENTE
00-19-1098-45,01-620,CIUDAD CAPITAL,ZONA 19,COLEGIO PROFESOR EFRAIN URIZAR LEAL LA EDUCACION,7A AVE. 3-20 COLONIA LA FLORIDA,24310333,RONALD MAURICIO MORALES VIVAR,,BASICO,PRIVADO,URBANA,CERRADA TEMPORALMENTE,MONOLINGUE,VESPERTINA,DIARIO(REGULAR),GUATEMALA OCCIDENTE
00-19-1099-45,01-406,CIUDAD CAPITAL,ZONA 19,COLEGIO 'NUESTRA SEÑORA DE LA MEDALLA MILAGROSA',12 AVE. 1-69 COLONIA LA FLORIDA ZONA 19,,MIGUEL ALVARO RODRIGUEZ PORTILLO,,BASICO,PRIVADO,URBANA,CERRADA TEMPORALMENTE,MONOLINGUE,NOCTURNA,DIARIO(REGULAR),GUATEMALA OCCIDENTE
00-19-1099-46,01-102,CIUDAD CAPITAL,ZONA 19,INSTITUTO PRIVADO MIXTO DE EDUCACION DIVERSIFICADA COLEGIO NUESTRA SEÑORA DE LA MEDALLA MILAGROSA,12 AVE 1-69 COLONIA LA FLORIDA ZONA 19,,ZIZI ARELY LOPEZ CHINCHILLA,JORGE GRANADOS GUZMAN,DIVERSIFICADO,PRIVADO,URBANA,CERRADA TEMPORALMENTE,MONOLINGUE,INTERMEDIA,DIARIO(REGULAR),GUATEMALA OCCIDENTE
00-19-2167-42,01-01-0075,CIUDAD CAPITAL,ZONA 19,'LICEO BAUTISTA PALESTINA',6A AVE. 3-97 COLONIA LA FLORIDA,24342508,RONALD MAURICIO MORALES VIVAR,JOEL  GARCIA,PARVULOS,PRIVADO,URBANA,ABIERTA,MONOLINGUE,MATUTINA,DIARIO(REGULAR),GUATEMALA OCCIDENTE
00-19-2168-43,01-01-0075,CIUDAD CAPITAL,ZONA 19,'LICEO BAUTISTA PALESTINA',6A AVE. 3-97 COLONIA LA FLORIDA,24342508,RONALD MAURICIO MORALES VIVAR,JOEL  GARCIA,PRIMARIA,PRIVADO,URBANA,ABIERTA,MONOLINGUE,MATUTINA,DIARIO(REGULAR),GUATEMALA OCCIDENTE
00-19-2311-42,,CIUDAD CAPITAL,ZONA 19,COLEGIO EVANGELICO 'MODERNO INTEGRAL',"9A AVE. 4-80 ZONA 19, COLONIA LA FLORIDA",55970236,,,PARVULOS,PRIVADO,URBANA,CERRADA DEFINITIVAMENTE,MONOLINGUE,MATUTINA,DIARIO(REGULAR),GUATEMALA OCCIDENTE
00-19-2312-43,,CIUDAD CAPITAL,ZONA 19,EPUM COLEGIO EVANGELICO 'MODERNO INTEGRAL',9A AVE. 4-80 COLONIA LA FLORIDA ZONA 19,55970236,,,PRIMARIA,PRIVADO,URBANA,CERRADA DEFINITIVAMENTE,MONOLINGUE,MATUTINA,DIARIO(REGULAR),GUATEMALA OCCIDENTE
00-19-2313-45,,CIUDAD CAPITAL,ZONA 19,IPMB COLEGIO EVANGELICO 'MODERNO INTEGRAL',9A AVE. 4-80 COLONIA LA FLORIDA ZONA 19,55970236,,,BASICO,PRIVADO,URBANA,CERRADA DEFINITIVAMENTE,MONOLINGUE,VESPERTINA,DIARIO(REGULAR),GUATEMALA OCCIDENTE
00-19-2579-45,01-620,CIUDAD CAPITAL,ZONA 19,CENTRO EDUCATIVO 'SAN DAMIANI',8A AV 1-31 COLONIA LA FLORIDA,24375834,RONALD MAURICIO MORALES VIVAR,CLAUDIA ERCILIA JUÁREZ MONTERROSO,BASICO,PRIVADO,URBANA,CERRADA DEFINITIVAMENTE,MONOLINGUE,VESPERTINA,DIARIO(REGULAR),GUATEMALA OCCIDENTE
00-19-2592-46,01-01-0075,CIUDAD CAPITAL,ZONA 19,INSTITUTO MIXTO GUATEMALTECO ISRAELI,9A AV 3-91 LA FLORIDA,24310253,RONALD MAURICIO MORALES VIVAR,SARA VIOLETA ALFARO MALDONADO,DIVERSIFICADO,PRIVADO,URBANA,ABIERTA,MONOLINGUE,MATUTINA,DIARIO(REGULAR),GUATEMALA OCCIDENTE
00-19-2836-42,01-620,CIUDAD CAPITAL,ZONA 19,COLEGIO 'EDUCATIVO',"8a. CALLE 11-25, COLONIA LA FLORIDA",24378357,RONALD MAURICIO MORALES VIVAR,,PARVULOS,PRIVADO,URBANA,CERRADA DEFINITIVAMENTE,MONOLINGUE,MATUTINA,DIARIO(REGULAR),GUATEMALA OCCIDENTE
00-19-2861-43,01-620,CIUDAD CAPITAL,ZONA 19,COLEGIO 'EDUCATIVO',12 AV. 9-35 COLONIA LA FLORIDA,24378357,RONALD MAURICIO MORALES VIVAR,,PRIMARIA,PRIVADO,URBANA,CERRADA DEFINITIVAMENTE,MONOLINGUE,MATUTINA,DIARIO(REGULAR),GUATEMALA OCCIDENTE
00-19-2941-42,01-01-0075,CIUDAD CAPITAL,ZONA 19,COLEGIO NUESTRA SRA. DE LA MEDALLA MILAGROSA,8AV. 5-94 COLONIA LA FLORIDA,24334766,RONALD MAURICIO MORALES VIVAR,ANA DEL CARMEN SANTIZO MARTINEZ,PARVULOS,PRIVADO,URBANA,ABIERTA,MONOLINGUE,MATUTINA,DIARIO(REGULAR),GUATEMALA OCCIDENTE
00-19-2950-45,01-620,CIUDAD CAPITAL,ZONA 19,COLEGIO EDUCATIVO,12 AVE 9-35 COLONIA LA FLORIDA,24378357,RONALD MAURICIO MORALES VIVAR,,BASICO,PRIVADO,URBANA,CERRADA DEFINITIVAMENTE,MONOLINGUE,VESPERTINA,DIARIO(REGULAR),GUATEMALA OCCIDENTE
00-19-2963-45,,CIUDAD CAPITAL,ZONA 19,INSTITUTO GUATEMALTECO 'ISRAELI',9A AV. 3-91 LA FLORIDA ZONA 19,,,,BASICO,PRIVADO,URBANA,CERRADA DEFINITIVAMENTE,MONOLINGUE,MATUTINA,DIARIO(REGULAR),GUATEMALA OCCIDENTE
00-19-3083-45,01-620,CIUDAD CAPITAL,ZONA 19,COLEGIO PRIVADO MIXTO 'BELEN',6A. AVENIDA 0-79 COLONIA LA FLORIDA,22027878,RONALD MAURICIO MORALES VIVAR,,BASICO,PRIVADO,URBANA,CERRADA TEMPORALMENTE,MONOLINGUE,VESPERTINA,DIARIO(REGULAR),GUATEMALA OCCIDENTE
00-19-3103-45,,CIUDAD CAPITAL,ZONA 19,INSTITUTO 'GUATEMALTECO ISRAELI',"9A. AVE. 3-91 ZONA 19, COLONIA FLORIDA",,,,BASICO,PRIVADO,URBANA,CERRADA DEFINITIVAMENTE,MONOLINGUE,NOCTURNA,DIARIO(REGULAR),GUATEMALA OCCIDENTE
00-19-3143-45,,CIUDAD CAPITAL,ZONA 19,INEB EXPERIMENTAL CON ORIENTACION OCUPACIONAL 'SIMON BOLIVAR',"8A. AV. 18-58 ZONA 19, COLONIA 1RO. DE JULIO, MIXCO",,,,BASICO,OFICIAL,URBANA,CERRADA DEFINITIVAMENTE,MONOLINGUE,MATUTINA,DIARIO(REGULAR),GUATEMALA OCCIDENTE
00-19-4419-45,01-620,CIUDAD CAPITAL,ZONA 19,INSTITUTO NUESTRA CULTURA,8A. AVENIDA 1-41 COLONIA LA FLORIDA,24375834,RONALD MAURICIO MORALES VIVAR,GLENDA EUNISSE VÉLIZ FUENTES,BASICO,PRIVADO,URBANA,CERRADA DEFINITIVAMENTE,MONOLINGUE,VESPERTINA,FIN DE SEMANA,GUATEMALA OCCIDENTE
00-19-4440-46,01-620,CIUDAD CAPITAL,ZONA 19,INSTITUTO  NUESTRA CULTURA,8A. AVENIDA 1-41 COLONIA LA FLORIDA,24375834,RONALD MAURICIO MORALES VIVAR,GLENDA EUNISSE VÉLIZ FUENTES,DIVERSIFICADO,PRIVADO,URBANA,ABIERTA,MONOLINGUE,VESPERTINA,FIN DE SEMANA,GUATEMALA OCCIDENTE
00-19-4695-43,01-620,CIUDAD CAPITAL,ZONA 19,COLEGIO MIXTO 'ADELA RIVAS MELGAR',"12A. AVENIDA 3-33 ZONA 19, COLONIA LA FLORIDA",,RONALD MAURICIO MORALES VIVAR,,PRIMARIA,PRIVADO,URBANA,CERRADA TEMPORALMENTE,MONOLINGUE,MATUTINA,DIARIO(REGULAR),GUATEMALA OCCIDENTE
00-19-4724-45,,CIUDAD CAPITAL,ZONA 19,COLEGIO 'EDUCATIVO',"8A. CALLE 11-25 COLONIA LA FLORIDA, ZONA 19",55970853,,,BASICO,PRIVADO,URBANA,CERRADA DEFINITIVAMENTE,MONOLINGUE,VESPERTINA,DIARIO(REGULAR),GUATEMALA OCCIDENTE
00-19-7205-43,,CIUDAD CAPITAL,ZONA 19,COLEGIO EL APRENDIZAJE,18 CALLE A 8-41 COLONIA 1 DE JULIO ZONA 5 DE MIXCO,55928296,,,PRIMARIA,PRIVADO,URBANA,CERRADA DEFINITIVAMENTE,MONOLINGUE,MATUTINA,DIARIO(REGULAR),GUATEMALA OCCIDENTE
00-19-7310-45,01-01-0075,CIUDAD CAPITAL,ZONA 19,LICEO BAUTISTA PALESTINA,6 AV. 3-97 COLONIA LA FLORIDA,24342508,RONALD MAURICIO MORALES VIVAR,GREYSY ELIZABETH PÉREZ SICAJAU,BASICO,PRIVADO,URBANA,ABIERTA,MONOLINGUE,MATUTINA,DIARIO(REGULAR),GUATEMALA OCCIDENTE
00-19-7315-41,,CIUDAD CAPITAL,ZONA 19,CPPB COLEGIO 'SAN CARLOS',"12 AV. 7-72 ZONA 19, COLONIA LA FLORIDA",,,,PREPRIMARIA BILINGUE,PRIVADO,URBANA,CERRADA DEFINITIVAMENTE,BILINGUE,MATUTINA,DIARIO(REGULAR),GUATEMALA OCCIDENTE
00-19-7316-43,01-01-0075,CIUDAD CAPITAL,ZONA 19,'COLEGIO BILINGUE SAN CARLOS',12 AV. 7-72 COLONIA LA FLORIDA,24370988,RONALD MAURICIO MORALES VIVAR,SAIDA GIOVANNA SOLORZANO HERNÁNDEZ,PRIMARIA,PRIVADO,URBANA,ABIERTA,MONOLINGUE,MATUTINA,DIARIO(REGULAR),GUATEMALA OCCIDENTE
00-19-7317-42,01-01-0075,CIUDAD CAPITAL,ZONA 19,COLEGIO BILINGUE  SAN CARLOS,12 AV. 7-72 COLONIA LA FLORIDA,24370988,RONALD MAURICIO MORALES VIVAR,SINDY MARIBEL ALONZO BURRION,PARVULOS,PRIVADO,URBANA,ABIERTA,MONOLINGUE,MATUTINA,DIARIO(REGULAR),GUATEMALA OCCIDENTE
00-19-7318-43,01-620,CIUDAD CAPITAL,ZONA 19,COLEGIO PROFESOR EFRAIN URIZAR LEAL LA EDUCACION,7A. AVENIDA 3-20 COLONIA LA FLORIDA,24310333,RONALD MAURICIO MORALES VIVAR,,PRIMARIA,PRIVADO,URBANA,CERRADA TEMPORALMENTE,MONOLINGUE,MATUTINA,DIARIO(REGULAR),GUATEMALA OCCIDENTE
00-19-7319-46,01-620,CIUDAD CAPITAL,ZONA 19,COLEGIO PROFESOR EFRAIN URIZAR LEAL LA EDUCACION,7A. AVE. 3-20 COLONIA LA FLORIDA,24310333,RONALD MAURICIO MORALES VIVAR,,DIVERSIFICADO,PRIVADO,URBANA,CERRADA TEMPORALMENTE,MONOLINGUE,VESPERTINA,DIARIO(REGULAR),GUATEMALA OCCIDENTE
00-19-7339-42,01-620,CIUDAD CAPITAL,ZONA 19,CENTRO EDUCATIVO CRISTIANO 'FUENTE DE VIDA',6A. AV. 1-57 COLONIA LA FLORIDA,24323192,RONALD MAURICIO MORALES VIVAR,,PARVULOS,PRIVADO,URBANA,CERRADA TEMPORALMENTE,MONOLINGUE,MATUTINA,DIARIO(REGULAR),GUATEMALA OCCIDENTE
00-19-7340-43,01-01-0075,CIUDAD CAPITAL,ZONA 19,CENTRO EDUCATIVO CRISTIANO 'FUENTE DE VIDA',6A. AV. 1-57 COLONIA LA FLORIDA,22775656,RONALD MAURICIO MORALES VIVAR,DELIA MAGDALENA GARCÍA MÉNDEZ,PRIMARIA,PRIVADO,URBANA,ABIERTA,MONOLINGUE,MATUTINA,DIARIO(REGULAR),GUATEMALA OCCIDENTE
00-19-7341-45,01-01-0075,CIUDAD CAPITAL,ZONA 19,CENTRO EDUCATIVO CRISTIANO  FUENTE DE VIDA,6A. AV. 1-57 COLONIA LA FLORIDA,22775656,RONALD MAURICIO MORALES VIVAR,VIVIAN DALILA ESTRADA RUANO,BASICO,PRIVADO,URBANA,ABIERTA,MONOLINGUE,MATUTINA,DIARIO(REGULAR),GUATEMALA OCCIDENTE
00-19-7342-41,,CIUDAD CAPITAL,ZONA 19,CENTRO EDUCATIVO CRISTIANO 'FUENTE DE VIDA',"6A. AV. 1-57 ZONA 19, COLONIA LA FLORIDA",,,,PREPRIMARIA BILINGUE,PRIVADO,URBANA,CERRADA DEFINITIVAMENTE,BILINGUE,MATUTINA,DIARIO(REGULAR),GUATEMALA OCCIDENTE
00-19-7510-42,,CIUDAD CAPITAL,ZONA 19,EODP 'RAQUEL BLANDON DE CEREZO',,,,,PARVULOS,OFICIAL,URBANA,CERRADA DEFINITIVAMENTE,MONOLINGUE,MATUTINA,DIARIO(REGULAR),GUATEMALA OCCIDENTE
00-19-7527-46,01-620,CIUDAD CAPITAL,ZONA 19,COLEGIO PRIVADO MIXTO  BELEN,6A. AVENIDA 0-79 COLONIA LA FLORIDA,22027878,RONALD MAURICIO MORALES VIVAR,JOAQUIN ANTONIO MANCILLA RIVERA,DIVERSIFICADO,PRIVADO,URBANA,CERRADA DEFINITIVAMENTE,MONOLINGUE,VESPERTINA,DIARIO(REGULAR),GUATEMALA OCCIDENTE
00-19-7547-42,01-620,CIUDAD CAPITAL,ZONA 19,COLEGIO MIXTO EL TRIUNFO FLORIDA,5A. AVENIDA 4-04 COLONIA LA FLORIDA,24376333,RONALD MAURICIO MORALES VIVAR,,PARVULOS,PRIVADO,URBANA,CERRADA DEFINITIVAMENTE,MONOLINGUE,MATUTINA,DIARIO(REGULAR),GUATEMALA OCCIDENTE
00-19-7548-43,01-620,CIUDAD CAPITAL,ZONA 19,COLEGIO MIXTO EL TRIUNFO FLORIDA,2A. CALLE 5-38 COLONIA LA FLORIDA,24376333,RONALD MAURICIO MORALES VIVAR,,PRIMARIA,PRIVADO,URBANA,CERRADA DEFINITIVAMENTE,MONOLINGUE,MATUTINA,DIARIO(REGULAR),GUATEMALA OCCIDENTE
00-19-7564-42,01-01-0075,CIUDAD CAPITAL,ZONA 19,COLEGIO CRISTIANO AVIVAMIENTO,"10A. AVENIDA 8-77 ZONA 19, COLONIA LA FLORIDA GUATEMALA",22191010,RONALD MAURICIO MORALES VIVAR,ERICKA ZAMARA AGUILAR GARCÍA,PARVULOS,PRIVADO,URBANA,ABIERTA,MONOLINGUE,MATUTINA,DIARIO(REGULAR),GUATEMALA OCCIDENTE
00-19-7565-43,01-01-0075,CIUDAD CAPITAL,ZONA 19,COLEGIO CRISTIANO AVIVAMIENTO,"10A. AVE. 8-77 ZONA 19, COLONIA LA FLORIDA GUATEMALA",22191010,RONALD MAURICIO MORALES VIVAR,NADIA IVONNE PÉREZ MONROY,PRIMARIA,PRIVADO,URBANA,ABIERTA,MONOLINGUE,MATUTINA,DIARIO(REGULAR),GUATEMALA OCCIDENTE
00-19-7587-42,01-620,CIUDAD CAPITAL,ZONA 19,COLEGIO PROFESOR EFRAIN URIZAR LEAL LA EDUCACION,7A. AVE. 3-20 COLONIA LA FLORIDA,24310333,RONALD MAURICIO MORALES VIVAR,,PARVULOS,PRIVADO,URBANA,CERRADA TEMPORALMENTE,MONOLINGUE,MATUTINA,DIARIO(REGULAR),GUATEMALA OCCIDENTE
00-19-7842-42,,CIUDAD CAPITAL,ZONA 19,COLEGIO MIXTO BILINGUE 'AUGUSTO COMTE',10A. AVENIDA 6-81 ZONA 19 COLONIA LA FLORIDA,55921024,,,PARVULOS,PRIVADO,URBANA,CERRADA TEMPORALMENTE,MONOLINGUE,MATUTINA,DIARIO(REGULAR),GUATEMALA OCCIDENTE
00-19-7843-43,,CIUDAD CAPITAL,ZONA 19,COLEGIO MIXTO BILINGUE 'AUGUSTO COMTE',10A. AVENIDA 6-81 ZONA 19 COLONIA LA FLORIDA,55921024,,,PRIMARIA,PRIVADO,URBANA,CERRADA TEMPORALMENTE,MONOLINGUE,MATUTINA,DIARIO(REGULAR),GUATEMALA OCCIDENTE
00-19-7874-45,01-620,CIUDAD CAPITAL,ZONA 19,COLEGIO MIXTO EL TRIUNFO FLORIDA,5TA AV 4-04 COLONIA LA FLORIDA,24376333,RONALD MAURICIO MORALES VIVAR,ZOILA MARINA MEJICANO DE ESPAÑA,BASICO,PRIVADO,URBANA,CERRADA DEFINITIVAMENTE,MONOLINGUE,MATUTINA,DIARIO(REGULAR),GUATEMALA OCCIDENTE
00-19-7895-45,01-620,CIUDAD CAPITAL,ZONA 19,ESCUELA SUPERIOR DE INFORMATICA,13 AV. 1-63 COLONIA LA FLORIDA,24342389,RONALD MAURICIO MORALES VIVAR,,BASICO,PRIVADO,URBANA,CERRADA DEFINITIVAMENTE,MONOLINGUE,MATUTINA,DIARIO(REGULAR),GUATEMALA OCCIDENTE
00-19-7896-46,01-620,CIUDAD CAPITAL,ZONA 19,ESCUELA SUPERIOR DE INFORMATICA,13 AV. 1-63 COLONIA LA FLORIDA,24342389,RONALD MAURICIO MORALES VIVAR,WILHEN BAUTISTA,DIVERSIFICADO,PRIVADO,URBANA,CERRADA DEFINITIVAMENTE,MONOLINGUE,MATUTINA,DIARIO(REGULAR),GUATEMALA OCCIDENTE
00-19-7991-42,01-01-0075,CIUDAD CAPITAL,ZONA 19,COLEGIO MIXTO BILINGUE LOS CAPULLITOS,9AV. AVENIDA 1-86 COLONIA LA FLORIDA,24374099,RONALD MAURICIO MORALES VIVAR,EVELYN ROXANA MONTES DE OCA GONZÁLEZ,PARVULOS,PRIVADO,URBANA,ABIERTA,MONOLINGUE,MATUTINA,DIARIO(REGULAR),GUATEMALA OCCIDENTE
00-19-7992-43,01-01-0075,CIUDAD CAPITAL,ZONA 19,COLEGIO MIXTO BILINGUE LOS CAPULLITOS,9AV. 1-86 COLONIA LA FLORIDA,24374099,RONALD MAURICIO MORALES VIVAR,EVELYN ROXANA MONTES DE OCA GONZÁLEZ,PRIMARIA,PRIVADO,URBANA,ABIERTA,MONOLINGUE,MATUTINA,DIARIO(REGULAR),GUATEMALA OCCIDENTE
00-19-8013-46,,CIUDAD CAPITAL,ZONA 19,COLEGIO TECNOLOGICO INDUSTRIAL,11 AVE.,5972296-5926180,,,DIVERSIFICADO,PRIVADO,URBANA,CERRADA TEMPORALMENTE,MONOLINGUE,MATUTINA,DIARIO(REGULAR),GUATEMALA OCCIDENTE
00-19-8024-45,01-401,CIUDAD CAPITAL,ZONA 19,ESCUELA SUPERIOR DE INFORMATICA,"13 AV. 1-63, COLONIA LA FLORIDA",24342389,IXMUCANE ALDANA VILLAVICENCIO,,BASICO,PRIVADO,URBANA,CERRADA TEMPORALMENTE,MONOLINGUE,DOBLE,FIN DE SEMANA,GUATEMALA OCCIDENTE
00-19-8025-45,01-620,CIUDAD CAPITAL,ZONA 19,ESCUELA SUPERIOR DE INFORMATICA,"13 AV. 1-63, COLONIA LA FLORIDA",24342389,RONALD MAURICIO MORALES VIVAR,,BASICO,PRIVADO,URBANA,CERRADA DEFINITIVAMENTE,MONOLINGUE,DOBLE,FIN DE SEMANA,GUATEMALA OCCIDENTE
00-19-8026-46,01-620,CIUDAD CAPITAL,ZONA 19,ESCUELA SUPERIOR DE INFORMATICA,"13 AV. 1-63, COLONIA LA FLORIDA",24342389,RONALD MAURICIO MORALES VIVAR,JORGE GRANADOS GUZMÁN,DIVERSIFICADO,PRIVADO,URBANA,CERRADA DEFINITIVAMENTE,MONOLINGUE,DOBLE,FIN DE SEMANA,GUATEMALA OCCIDENTE
00-19-8039-43,,CIUDAD CAPITAL,ZONA 19,EOUM,COLONIA EL LIMON,,,,PRIMARIA,OFICIAL,URBANA,CERRADA DEFINITIVAMENTE,MONOLINGUE,VESPERTINA,DIARIO(REGULAR),GUATEMALA OCCIDENTE
00-19-8129-46,01-01-0075,CIUDAD CAPITAL,ZONA 19,"CENTRO EDUCATIVO CRISTIANO ""FUENTE DE VIDA""",6TA. AVE. 1-57 COLONIA LA FLORIDA,22775656,RONALD MAURICIO MORALES VIVAR,VIVIAN DALILA ESTRADA RUANO,DIVERSIFICADO,PRIVADO,URBANA,ABIERTA,MONOLINGUE,MATUTINA,DIARIO(REGULAR),GUATEMALA OCCIDENTE
00-19-8130-45,01-620,CIUDAD CAPITAL,ZONA 19,CENTRO EDUCATIVO CRISTIANO FUENTE DE VIDA (POR MADUREZ),6TA. AVE. 1-57 COLONIA LA FLORIDA,24323192,RONALD MAURICIO MORALES VIVAR,VIVIAN DALILA ESTRADA RUANO,BASICO,PRIVADO,URBANA,CERRADA DEFINITIVAMENTE,MONOLINGUE,MATUTINA,FIN DE SEMANA,GUATEMALA OCCIDENTE
00-19-8131-46,01-620,CIUDAD CAPITAL,ZONA 19,CENTRO EDUCATIVO CRISTIANO FUENTE DE VIDA,6TA. AVE. 1-57 COLONIA LA FLORIDA,24323192,RONALD MAURICIO MORALES VIVAR,VIVIAN DALILA ESTRADA RUANO,DIVERSIFICADO,PRIVADO,URBANA,CERRADA DEFINITIVAMENTE,MONOLINGUE,MATUTINA,FIN DE SEMANA,GUATEMALA OCCIDENTE
00-19-8144-45,01-620,CIUDAD CAPITAL,ZONA 19,CENTRO ESCOLAR CRISTIANO 'LA FUERZA PROFESIONAL DEL FUTURO',10A. AVENIDA 0-25 COLONIA LA FLORIDA,24324134,RONALD MAURICIO MORALES VIVAR,,BASICO,PRIVADO,URBANA,CERRADA DEFINITIVAMENTE,MONOLINGUE,MATUTINA,DIARIO(REGULAR),GUATEMALA OCCIDENTE
00-19-8145-42,01-001,CIUDAD CAPITAL,ZONA 19,CEIN -PAIN-,COLONIA SANTA MARTA,,SANDRA LIZZETH CRUZ IZAGUIRRE,,PARVULOS,OFICIAL,URBANA,CERRADA DEFINITIVAMENTE,MONOLINGUE,MATUTINA,DIARIO(REGULAR),GUATEMALA OCCIDENTE
00-19-8146-46,01-620,CIUDAD CAPITAL,ZONA 19,CENTRO ESCOLAR CRISTIANO 'LA FUERZA PROFESIONAL DEL FUTURO',10A. AVENIDA 0-25 COLONIA LA FLORIDA,24324134,RONALD MAURICIO MORALES VIVAR,JORGE GRANADOS GUZMÁN,DIVERSIFICADO,PRIVADO,URBANA,CERRADA DEFINITIVAMENTE,MONOLINGUE,MATUTINA,DIARIO(REGULAR),GUATEMALA OCCIDENTE
00-19-8326-46,01-620,CIUDAD CAPITAL,ZONA 19,INSTITUTO MIXTO  GUATEMALTECO ISRAELI,9A. AVENIDA 3-91 COLONIA LA FLORIDA,24310253,RONALD MAURICIO MORALES VIVAR,SARA VIOLETA ALFARO MALDONADO,DIVERSIFICADO,PRIVADO,URBANA,CERRADA TEMPORALMENTE,MONOLINGUE,VESPERTINA,DIARIO(REGULAR),GUATEMALA OCCIDENTE
00-19-8329-44,01-412,CIUDAD CAPITAL,ZONA 19,COLEGIO MIXTO ADELA RIVAS MELGAR,12 AVE. 3-33 COLONIA LA FLORIDA,24310353,ANGEL RODRIGO GONZÁLEZ LÓPEZ,,PRIMARIA DE ADULTOS,PRIVADO,URBANA,CERRADA TEMPORALMENTE,MONOLINGUE,VESPERTINA,FIN DE SEMANA,GUATEMALA OCCIDENTE
00-19-8377-45,01-01-0075,CIUDAD CAPITAL,ZONA 19,COLEGIO PRIVADO MIXTO 'BELEN',6A. AVENIDA 0-79 COLONIA LA FLORIDA,22027878,RONALD MAURICIO MORALES VIVAR,JOAQUIN ANTONIO MANCILLA RIVERA,BASICO,PRIVADO,URBANA,ABIERTA,MONOLINGUE,MATUTINA,DIARIO(REGULAR),GUATEMALA OCCIDENTE
00-19-8378-46,01-01-0075,CIUDAD CAPITAL,ZONA 19,COLEGIO PRIVADO MIXTO  BELÉN,6A. AVENIDA 0-79 COLONIA LA FLORIDA GUATEMALA,22027878,RONALD MAURICIO MORALES VIVAR,JOAQUIN ANTONIO MANCILLA RIVERA,DIVERSIFICADO,PRIVADO,URBANA,ABIERTA,MONOLINGUE,MATUTINA,DIARIO(REGULAR),GUATEMALA OCCIDENTE
00-19-8393-42,01-01-0075,CIUDAD CAPITAL,ZONA 19,COLEGIO PRIVADO MIXTO 'BELEN',6A. AVENIDA 0-79 COLONIA LA FLORIDA,22027878,RONALD MAURICIO MORALES VIVAR,JOAQUIN ANTONIO MANCILLA RIVERA,PARVULOS,PRIVADO,URBANA,ABIERTA,MONOLINGUE,MATUTINA,DIARIO(REGULAR),GUATEMALA OCCIDENTE
00-19-8604-42,01-620,CIUDAD CAPITAL,ZONA 19,COLEGIO MIXTO EVANGELICO PENIEL,9A. AV. 0-15 COLONIA LA FLORIDA,24322340,RONALD MAURICIO MORALES VIVAR,LILIAN RUTH CRUZ MORALES,PARVULOS,PRIVADO,URBANA,CERRADA DEFINITIVAMENTE,MONOLINGUE,MATUTINA,DIARIO(REGULAR),GUATEMALA OCCIDENTE
00-19-8741-42,01-620,CIUDAD CAPITAL,ZONA 19,COLEGIO INTEGRAL PARA EL DESARROLLO DEL NIÑO,9A. AV. 3-77 COLONIA LA FLORIDA,24328515,RONALD MAURICIO MORALES VIVAR,,PARVULOS,PRIVADO,URBANA,CERRADA DEFINITIVAMENTE,MONOLINGUE,MATUTINA,DIARIO(REGULAR),GUATEMALA OCCIDENTE
00-19-8742-43,01-620,CIUDAD CAPITAL,ZONA 19,COLEGIO INTEGRAL PARA EL DESARROLLO DEL NIÑO,9A. AV. 3-77 COLONIA LA FLORIDA,24328515,RONALD MAURICIO MORALES VIVAR,,PRIMARIA,PRIVADO,URBANA,CERRADA DEFINITIVAMENTE,MONOLINGUE,MATUTINA,DIARIO(REGULAR),GUATEMALA OCCIDENTE
00-19-8786-45,01-620,CIUDAD CAPITAL,ZONA 19,CENTRO EDUCATIVO CRISTIANO 'FUENTE DE VIDA',6TA. AV. 1-57 COLONIA LA FLORIDA,4323272-4323192,RONALD MAURICIO MORALES VIVAR,,BASICO,PRIVADO,URBANA,CERRADA TEMPORALMENTE,MONOLINGUE,MATUTINA,DIARIO(REGULAR),GUATEMALA OCCIDENTE
00-19-8787-45,01-01-0075,CIUDAD CAPITAL,ZONA 19,CENTRO EDUCATIVO CRISTIANO  FUENTE DE VIDA,6TA. AV. 1-57 COLONIA LA FLORIDA,22775656,RONALD MAURICIO MORALES VIVAR,VIVIAN DALILA ESTRADA RUANO,BASICO,PRIVADO,URBANA,ABIERTA,MONOLINGUE,DOBLE,FIN DE SEMANA,GUATEMALA OCCIDENTE
00-19-8788-46,01-01-0075,CIUDAD CAPITAL,ZONA 19,"CENTRO EDUCATIVO CRISTIANO  ""FUENTE DE VIDA""",6TA. AV. 1-57 COLONIA LA FLORIDA,22775656,RONALD MAURICIO MORALES VIVAR,VIVIAN DALILA ESTRADA RUANO,DIVERSIFICADO,PRIVADO,URBANA,ABIERTA,MONOLINGUE,DOBLE,FIN DE SEMANA,GUATEMALA OCCIDENTE
00-19-8873-42,01-620,CIUDAD CAPITAL,ZONA 19,CENTRO DE EDUCACION INTEGRAL AKANYA,10 CALLE 8-32 COLONIA LA FLORIDA,24379711,RONALD MAURICIO MORALES VIVAR,,PARVULOS,PRIVADO,URBANA,CERRADA TEMPORALMENTE,MONOLINGUE,MATUTINA,DIARIO(REGULAR),GUATEMALA OCCIDENTE
00-19-8874-43,01-620,CIUDAD CAPITAL,ZONA 19,CENTRO DE EDUCACION INTEGRAL AKANYA,10 CALLE 8-32 COLONIA LA FLORIDA,24379711,RONALD MAURICIO MORALES VIVAR,,PRIMARIA,PRIVADO,URBANA,CERRADA TEMPORALMENTE,MONOLINGUE,MATUTINA,DIARIO(REGULAR),GUATEMALA OCCIDENTE
00-19-8892-46,01-401,CIUDAD CAPITAL,ZONA 19,ESCUELA SUPERIOR DE INFORMATICA,13 AV. 1-63 COLONIA LA FLORIDA,24342389,IXMUCANE ALDANA VILLAVICENCIO,,DIVERSIFICADO,PRIVADO,URBANA,CERRADA TEMPORALMENTE,MONOLINGUE,DOBLE,FIN DE SEMANA,GUATEMALA OCCIDENTE
00-19-8907-44,01-620,CIUDAD CAPITAL,ZONA 19,INSTITUTO NUESTRA CULTURA,8A. AV. 1-41 COLONIA LA FLORIDA,24375834,RONALD MAURICIO MORALES VIVAR,GLENDA EUNISSE VÉLIZ FUENTES,PRIMARIA DE ADULTOS,PRIVADO,URBANA,ABIERTA,MONOLINGUE,VESPERTINA,FIN DE SEMANA,GUATEMALA OCCIDENTE
00-19-9022-42,01-620,CIUDAD CAPITAL,ZONA 19,COLEGIO EVANGELICO MIXTO INTEGRAL,9A. AVENIDA 4-80 COLONIA LA FLORIDA,24341798,RONALD MAURICIO MORALES VIVAR,,PARVULOS,PRIVADO,URBANA,CERRADA TEMPORALMENTE,MONOLINGUE,VESPERTINA,DIARIO(REGULAR),GUATEMALA OCCIDENTE
00-19-9023-43,01-620,CIUDAD CAPITAL,ZONA 19,COLEGIO EVANGELICO MIXTO INTEGRAL,"9A. AVENIDA 4-80, COLONIA LA FLORIDA",24341798,RONALD MAURICIO MORALES VIVAR,,PRIMARIA,PRIVADO,URBANA,CERRADA TEMPORALMENTE,MONOLINGUE,MATUTINA,DIARIO(REGULAR),GUATEMALA OCCIDENTE
00-19-9024-45,01-620,CIUDAD CAPITAL,ZONA 19,COLEGIO EVANGELICO MIXTO INTEGRAL,"9A. AVENIDA 4-80, COLONIA LA FLORIDA",24341798,RONALD MAURICIO MORALES VIVAR,,BASICO,PRIVADO,URBANA,CERRADA TEMPORALMENTE,MONOLINGUE,VESPERTINA,DIARIO(REGULAR),GUATEMALA OCCIDENTE
00-19-9025-46,01-620,CIUDAD CAPITAL,ZONA 19,COLEGIO EVANGELICO MIXTO INTEGRAL,"9A. AVENIDA 4-80, COLONIA LA FLORIDA",24341798,RONALD MAURICIO MORALES VIVAR,JUAN JOSÉ JIMÉNEZ LÓPEZ,DIVERSIFICADO,PRIVADO,URBANA,CERRADA TEMPORALMENTE,MONOLINGUE,VESPERTINA,DIARIO(REGULAR),GUATEMALA OCCIDENTE
00-19-9314-45,01-620,CIUDAD CAPITAL,ZONA 19,COLEGIO PRIVADO MIXTO  BELEN,6A. AVENIDA 0-79 COLONIA LA FLORIDA,22027878,RONALD MAURICIO MORALES VIVAR,JOAQUIN ANTONIO MANCILLA RIVERA,BASICO,PRIVADO,URBANA,CERRADA DEFINITIVAMENTE,MONOLINGUE,DOBLE,FIN DE SEMANA,GUATEMALA OCCIDENTE
00-19-9315-46,01-01-0075,CIUDAD CAPITAL,ZONA 19,COLEGIO PRIVADO MIXTO  BELÉN,6A. AVENIDA 0-79 COLONIA LA FLORIDA GUATEMALA,22027878,RONALD MAURICIO MORALES VIVAR,JOAQUIN ANTONIO MANCILLA RIVERA,DIVERSIFICADO,PRIVADO,URBANA,ABIERTA,MONOLINGUE,DOBLE,FIN DE SEMANA,GUATEMALA OCCIDENTE
00-19-9316-46,01-620,CIUDAD CAPITAL,ZONA 19,COLEGIO PRIVADO MIXTO  BELEN,6A. AVENIDA 0-79 COLONIA LA FLORIDA,22027878,RONALD MAURICIO MORALES VIVAR,JOAQUIN ANTONIO MANCILLA RIVERA,DIVERSIFICADO,PRIVADO,URBANA,CERRADA DEFINITIVAMENTE,MONOLINGUE,DOBLE,FIN DE SEMANA,GUATEMALA OCCIDENTE
00-19-9317-46,01-01-0075,CIUDAD CAPITAL,ZONA 19,COLEGIO PRIVADO MIXTO BELÉN,6A. AVENIDA 0-79 COLONIA LA FLORIDA GUATEMALA,22027878,RONALD MAURICIO MORALES VIVAR,JOAQUIN ANTONIO MANCILLA RIVERA,DIVERSIFICADO,PRIVADO,URBANA,ABIERTA,MONOLINGUE,DOBLE,DIARIO(REGULAR),GUATEMALA OCCIDENTE
00-19-9321-42,01-620,CIUDAD CAPITAL,ZONA 19,COLEGIO ESTRELLAS DEL SABER,6AV. 6-85 ZONA 19 LA FLORIDA,24356747,RONALD MAURICIO MORALES VIVAR,,PARVULOS,PRIVADO,URBANA,CERRADA TEMPORALMENTE,MONOLINGUE,MATUTINA,DIARIO(REGULAR),GUATEMALA OCCIDENTE
00-19-9322-43,01-620,CIUDAD CAPITAL,ZONA 19,COLEGIO ESTRELLAS DEL SABER,6AV. 6-85 ZONA 19 COLONIA LA FLORIDA,24356747,RONALD MAURICIO MORALES VIVAR,,PRIMARIA,PRIVADO,URBANA,CERRADA TEMPORALMENTE,MONOLINGUE,MATUTINA,DIARIO(REGULAR),GUATEMALA OCCIDENTE
00-19-9343-45,01-01-0075,CIUDAD CAPITAL,ZONA 19,COLEGIO CRISTIANO AVIVAMIENTO,10AV. 8-77 COLONIA LA FLORIDA ZONA 19 GUATEMALA,22191010,RONALD MAURICIO MORALES VIVAR,HELEN CAROLINA SIGÜENZA GUERRA,BASICO,PRIVADO,URBANA,ABIERTA,MONOLINGUE,MATUTINA,DIARIO(REGULAR),GUATEMALA OCCIDENTE
00-19-9515-45,01-409,CIUDAD CAPITAL,ZONA 19,COLEGIO EVANGELICO MIXTO INTEGRAL,9A. AVENIDA 4-80 COLONIA LA FLORIDA,24341798,IDALIA DEL ROSARIO LOPEZ SANDOVAL DE PAIZ,JUAN JOSÉ JIMÉNEZ LÓPEZ,BASICO,PRIVADO,URBANA,ABIERTA,MONOLINGUE,MATUTINA,FIN DE SEMANA,GUATEMALA OCCIDENTE
00-19-9516-46,01-409,CIUDAD CAPITAL,ZONA 19,COLEGIO EVANGELICO MIXTO INTEGRAL,9A. AVENIDA 4-80 COLONIA LA FLORIDA,24329034,IDALIA DEL ROSARIO LOPEZ SANDOVAL DE PAIZ,JUAN JOSÉ JIMÉNEZ LÓPEZ,DIVERSIFICADO,PRIVADO,URBANA,ABIERTA,MONOLINGUE,MATUTINA,FIN DE SEMANA,GUATEMALA OCCIDENTE
00-19-9530-42,01-99-0079,CIUDAD CAPITAL,ZONA 19,ESCUELA PRIVADA DE PARVULOS SOCIEDAD PROTECTORA DEL NIÑO,15 CALLE 5-61,24359570,OLGA MARINA AJQUEJAY SALOJ,YESENIA MARILÚ LÓPEZ OSEGUEDA,PARVULOS,PRIVADO,URBANA,ABIERTA,MONOLINGUE,DOBLE,DIARIO(REGULAR),GUATEMALA OCCIDENTE
00-19-9548-45,01-01-0075,CIUDAD CAPITAL,ZONA 19,COLEGIO PRIVADO MIXTO  BELEN,6A. AVENIDA 0-79 COLONIA LA FLORIDA,22027878,RONALD MAURICIO MORALES VIVAR,JOAQUIN ANTONIO MANCILLA RIVERA,BASICO,PRIVADO,URBANA,ABIERTA,MONOLINGUE,DOBLE,FIN DE SEMANA,GUATEMALA OCCIDENTE
00-19-9586-42,01-620,CIUDAD CAPITAL,ZONA 19,LICEO MIXTO BILINGUE SENDERO DE LUZ,9A. AVENIDA 8-39 ZONA 19 COLONIA LA FLORIDA,24509379,RONALD MAURICIO MORALES VIVAR,,PARVULOS,PRIVADO,URBANA,CERRADA TEMPORALMENTE,MONOLINGUE,MATUTINA,DIARIO(REGULAR),GUATEMALA OCCIDENTE
00-19-9587-43,01-620,CIUDAD CAPITAL,ZONA 19,LICEO MIXTO BILINGUE SENDERO DE LUZ,9A. AVENIDA 8-39 ZONA 19 COLONIA LA FLORIDA,24509379,RONALD MAURICIO MORALES VIVAR,,PRIMARIA,PRIVADO,URBANA,CERRADA TEMPORALMENTE,MONOLINGUE,MATUTINA,DIARIO(REGULAR),GUATEMALA OCCIDENTE
00-19-9589-42,01-01-0075,CIUDAD CAPITAL,ZONA 19,COLEGIO CRISTIANO 'SINAI',11 AVENIDA 3-83 COLONIA LA FLORIDA,54576698,RONALD MAURICIO MORALES VIVAR,SARA JUDITH PALACIOS SURQUÉ,PARVULOS,PRIVADO,URBANA,ABIERTA,MONOLINGUE,MATUTINA,DIARIO(REGULAR),GUATEMALA OCCIDENTE
00-19-9590-43,01-01-0075,CIUDAD CAPITAL,ZONA 19,COLEGIO CRISTIANO 'SINAI',11 AVENIDA 3-83 COLONIA LA FLORIDA,54576698,RONALD MAURICIO MORALES VIVAR,SENDY PATRICIA MORALES ESTRADA,PRIMARIA,PRIVADO,URBANA,ABIERTA,MONOLINGUE,MATUTINA,DIARIO(REGULAR),GUATEMALA OCCIDENTE
00-19-9793-46,99-001,CIUDAD CAPITAL,ZONA 19,INSTITUTO DIVERSIFICADO ADSCRITO AL INSTITUTO EXPERIMENTAL DE EDUCACION MEDIA  SIMON BOLIVAR,13-58 COLONIA 1O. DE JULIO,,SILVIA EUGENIA VALDEZ MONTERROSO DE CARBALLO,,DIVERSIFICADO,OFICIAL,URBANA,TEMPORAL TITULOS,MONOLINGUE,NOCTURNA,DIARIO(REGULAR),GUATEMALA OCCIDENTE
00-21-0001-46,01-208,CIUDAD CAPITAL,ZONA 21,"LICEO MIXTO CRISTIANO ISRAEL, SOCIEDAD ANONIMA",11 CALLE 4-17 RESIDENCIALES EUREKA 0372,20107822,LILIAN NINETH TEOS REYES,MARÍA REYNA GARCÍA OLIVA,DIVERSIFICADO,PRIVADO,URBANA,CERRADA TEMPORALMENTE,MONOLINGUE,MATUTINA,DIARIO(REGULAR),GUATEMALA SUR
00-21-0002-42,01-99-0156,CIUDAD CAPITAL,ZONA 21,"EODP ANEXA A EOUM ""RAMIRO DE LEON CARPIO""","19 AVENIDA ""B"" Y 12 CALLE COLONIA VENEZUELA",,NATALY FABIOLA SOTO ESPAÑA,CONCEPCIÓN JUSTINA MAZARIEGOS AVILA,PARVULOS,OFICIAL,URBANA,ABIERTA,MONOLINGUE,VESPERTINA,DIARIO(REGULAR),GUATEMALA SUR
00-21-0003-43,01-99-0156,CIUDAD CAPITAL,ZONA 21,"EOUM ""RAMIRO DE LEON CARPIO""","19 AVENIDA ""B"" Y 12 CALLE COLONIA VENEZUELA",47313296,NATALY FABIOLA SOTO ESPAÑA,CONCEPCIÓN JUSTINA MAZARIEGOS AVILA,PRIMARIA,OFICIAL,URBANA,ABIERTA,MONOLINGUE,VESPERTINA,DIARIO(REGULAR),GUATEMALA SUR
00-21-0004-43,01-99-0155,CIUDAD CAPITAL,ZONA 21,"EOUM ""12 DE DICIEMBRE""","COLONIA NUEVO AMANECER, 5A. CALLE FINAL GUAJITOS",48200761,ADILIO RIVERA MELÉNDREZ,EDNA GABRIELA SOCOP CHIGÜICHÓN,PRIMARIA,OFICIAL,RURAL,ABIERTA,MONOLINGUE,MATUTINA,DIARIO(REGULAR),GUATEMALA SUR
00-21-0005-42,01-99-0155,CIUDAD CAPITAL,ZONA 21,"EODP ANEXA A EOUM ""12 DE DICIEMBRE""","COLONIA NUEVO AMANECER, 5A. CALLE FINAL GUAJITOS",48200761,ADILIO RIVERA MELÉNDREZ,EDNA GABRIELA SOCOP CHIGÜICHÓN,PARVULOS,OFICIAL,URBANA,ABIERTA,MONOLINGUE,MATUTINA,DIARIO(REGULAR),GUATEMALA SUR
00-21-0006-43,01-99-0155,CIUDAD CAPITAL,ZONA 21,COLEGIO LA CASA DE LU,"2A. CALLE ""A"", 9-26, GUAJITOS",24776001,ADILIO RIVERA MELÉNDREZ,JEIMY PAOLA LÓPEZ GREGORIO,PRIMARIA,PRIVADO,URBANA,ABIERTA,MONOLINGUE,MATUTINA,DIARIO(REGULAR),GUATEMALA SUR
00-21-0007-46,01-99-0157,CIUDAD CAPITAL,ZONA 21,INSTITUTO NACIONAL DE EDUCACION DIVERSIFICADA,"LOTE 164, COLONIA MORSE",24793766,LILIAN NINETH TEOS REYES,GUSTAVO ADOLFO VALDÉS TOBAR,DIVERSIFICADO,OFICIAL,URBANA,ABIERTA,MONOLINGUE,MATUTINA,DIARIO(REGULAR),GUATEMALA SUR
00-21-0008-43,01-99-0156,CIUDAD CAPITAL,ZONA 21,EOUM LA ARENERA PARTE ALTA,COLONIA LA ARENERA PARTE ALTA,47152395,NATALY FABIOLA SOTO ESPAÑA,ESWIN YHOVANI GONZÁLEZ QUINILLA,PRIMARIA,OFICIAL,URBANA,ABIERTA,MONOLINGUE,VESPERTINA,DIARIO(REGULAR),GUATEMALA SUR
00-21-0009-42,01-99-0156,CIUDAD CAPITAL,ZONA 21,EODP ANEXA A EOUM LA ARENERA PARTE ALTA,COLONIA LA ARENERA PARTE ALTA,47498052,NATALY FABIOLA SOTO ESPAÑA,ESWIN YHOVANI GONZÁLEZ QUINILLA,PARVULOS,OFICIAL,URBANA,ABIERTA,MONOLINGUE,VESPERTINA,DIARIO(REGULAR),GUATEMALA SUR
00-21-0010-45,01-99-0154,CIUDAD CAPITAL,ZONA 21,INEB,"19. AVE. ""B"" Y 12 CALLE FINAL",54826160,BYRON FERNANDO BÁMACA DE LA CRUZ,CLAUDIA FANNI BORRAYO LUCERO,BASICO,OFICIAL,URBANA,ABIERTA,MONOLINGUE,NOCTURNA,DIARIO(REGULAR),GUATEMALA SUR
00-21-0011-46,01-99-0155,CIUDAD CAPITAL,ZONA 21,INSTITUTO TECNICO DE CAPACITACION Y PRODUCTIVIDAD -INTECAP-,"14 AVENIDA ""C"" 11-31 COLONIA ""JUSTO RUFINO BARRIOS""",23200200,ADILIO RIVERA MELÉNDREZ,EVELYN BETZAÉ MONZÓN MURALLES,DIVERSIFICADO,PRIVADO,URBANA,ABIERTA,MONOLINGUE,DOBLE,DIARIO(REGULAR),GUATEMALA SUR
00-21-0012-42,01-208,CIUDAD CAPITAL,ZONA 21,EODP,INSTALACIONES DE LA EOUM JUSTO RUFINO BARRIOS,,LILIAN NINETH TEOS REYES,---,PARVULOS,OFICIAL,URBANA,CERRADA TEMPORALMENTE,MONOLINGUE,MATUTINA,DIARIO(REGULAR),GUATEMALA SUR
00-21-0013-42,01-99-0157,CIUDAD CAPITAL,ZONA 21,CENTRO EDUCATIVO INTERPEDAGOGICO MUNDO CREATIVO,5A. CALLE 16-98 RESIDENCIALES EUREKA,55822550,LILIAN NINETH TEOS REYES,YLCE ANNELIESE SEQUEIDA SIL,PARVULOS,PRIVADO,URBANA,ABIERTA,MONOLINGUE,MATUTINA,DIARIO(REGULAR),GUATEMALA SUR
00-21-0014-43,01-99-0157,CIUDAD CAPITAL,ZONA 21,CENTRO EDUCATIVO INTERPEDAGOGICO MUNDO CREATIVO,"5A. CALLE 16-98, RESIDENCIALES EUREKA",55822550,LILIAN NINETH TEOS REYES,GUISELA BEATRIZ CASTRO LÓPEZ,PRIMARIA,PRIVADO,URBANA,ABIERTA,MONOLINGUE,MATUTINA,DIARIO(REGULAR),GUATEMALA SUR
00-21-0015-43,01-99-0156,CIUDAD CAPITAL,ZONA 21,ESCUELA OFICIAL DE NIÑAS REPUBLICA DE VENEZUELA,12 CALLE A 18-72 COLONIA VENEZUELA,24492514,NATALY FABIOLA SOTO ESPAÑA,MIRTA  REYES ASTURIAS,PRIMARIA,OFICIAL,URBANA,ABIERTA,MONOLINGUE,VESPERTINA,DIARIO(REGULAR),GUATEMALA SUR
00-21-0016-42,01-208,CIUDAD CAPITAL,ZONA 21,CENTRO EDUCATIVO EL ALFARERO,CALZADA JUSTO RUFINO BARRIOS 13-35,24497980,LILIAN NINETH TEOS REYES,KARLA XIOMARA OBREGÓN ESCRIBÁ,PARVULOS,PRIVADO,URBANA,CERRADA TEMPORALMENTE,MONOLINGUE,MATUTINA,DIARIO(REGULAR),GUATEMALA SUR
00-21-0017-43,01-208,CIUDAD CAPITAL,ZONA 21,CENTRO EDUCATIVO EL ALFARERO,CALZADA JUSTO RUFINO BARRIOS 13-35 ZONA 21,24497980,LILIAN NINETH TEOS REYES,DEYANIRA MADELEINE OBREGÓN ESCRIBÁ,PRIMARIA,PRIVADO,URBANA,CERRADA TEMPORALMENTE,MONOLINGUE,MATUTINA,DIARIO(REGULAR),GUATEMALA SUR
00-21-0018-45,01-208,CIUDAD CAPITAL,ZONA 21,CENTRO EDUCATIVO EL ALFARERO,CALZADA JUSTO RUFINO BARRIOS 13-35 ZONA 21,,LILIAN NINETH TEOS REYES,MÓNICA MARÍA OBREGÓN ESCRIBÁ,BASICO,PRIVADO,URBANA,CERRADA TEMPORALMENTE,MONOLINGUE,MATUTINA,DIARIO(REGULAR),GUATEMALA SUR
00-21-0019-43,01-635,CIUDAD CAPITAL,ZONA 21,JARDIN INFANTIL CRISTIANO EL ARCA DE NOE,33 AVENIDA 7-53 COLONIA JUSTO RUFINO BARRIOS,24496874,NATALY FABIOLA SOTO ESPAÑA DE TURCIOS,MARÍA DE LOURDES SOSA ENRÍQUEZ,PRIMARIA,PRIVADO,URBANA,CERRADA DEFINITIVAMENTE,MONOLINGUE,MATUTINA,DIARIO(REGULAR),GUATEMALA SUR
00-21-0020-42,01-99-0156,CIUDAD CAPITAL,ZONA 21,ALOYSIUS DAY CARE CENTER PREPRIMARIA,"4A. AVENIDA 18-15, CONDOMINIO NIMAJUYÚ I",24496165,NATALY FABIOLA SOTO ESPAÑA,ZAIDA LORIZA ZAMBRANO GONZÁLEZ,PARVULOS,PRIVADO,URBANA,ABIERTA,MONOLINGUE,MATUTINA,DIARIO(REGULAR),GUATEMALA SUR
00-21-0021-45,01-99-0156,CIUDAD CAPITAL,ZONA 21,INEB,6A. AVENIDA 16-95 ZONA 21,54381831,NATALY FABIOLA SOTO ESPAÑA,AXEL FENRIS ZAVALA RAMOS,BASICO,OFICIAL,URBANA,ABIERTA,MONOLINGUE,VESPERTINA,DIARIO(REGULAR),GUATEMALA SUR
00-21-0022-45,01-99-0156,CIUDAD CAPITAL,ZONA 21,INEB LA ARENERA,"17A. CALLE ""A"" ESQUINA, ASENTAMIENTO LA ARENERA PARTE ALTA",51255292,NATALY FABIOLA SOTO ESPAÑA,SANDRA MARLENE LUARCA OBREGON,BASICO,OFICIAL,URBANA,ABIERTA,MONOLINGUE,VESPERTINA,DIARIO(REGULAR),GUATEMALA SUR
00-21-0023-46,01-641,CIUDAD CAPITAL,ZONA 21,INSTITUTO NACIONAL DE EDUCACION DIVERSIFICADO,"19 AVENIDA B Y 12 CALLE FINAL, COLONIA VENEZUELA",54826160,MILTON ALONSO ALVAREZ FUENTES,CLAUDIA FANNI BORRAYO LUCERO,DIVERSIFICADO,OFICIAL,URBANA,CERRADA TEMPORALMENTE,MONOLINGUE,NOCTURNA,DIARIO(REGULAR),GUATEMALA SUR
00-21-0024-42,01-99-0156,CIUDAD CAPITAL,ZONA 21,LICEO CRISTIANO CIUDAD SANTA,"1A, AVENIDA 2A. CALLE LOTE NO. 11, COLONIA LA ESMERALDA, LOMA BLANCA",51255292,NATALY FABIOLA SOTO ESPAÑA,SANDRA MARLENE LUARCA OBREGON,PARVULOS,PRIVADO,URBANA,ABIERTA,MONOLINGUE,MATUTINA,DIARIO(REGULAR),GUATEMALA SUR
00-21-0025-42,01-99-0156,CIUDAD CAPITAL,ZONA 21,CENTRO DE EDUCACION INFANTIL HOPE,17 CALLE 10-92 LOMA BLANCA SECTOR LOS OLIVOS,24494049,NATALY FABIOLA SOTO ESPAÑA,MILDRED KARINA DE LEÓN PIRIR,PARVULOS,PRIVADO,URBANA,CERRADA DEFINITIVAMENTE,MONOLINGUE,MATUTINA,DIARIO(REGULAR),GUATEMALA SUR
00-21-0026-43,01-99-0155,CIUDAD CAPITAL,ZONA 21,COLEGIO MIXTO INTEGRAL ELIOS,2DA. CALLE 3-55 COLONIA GUAJITOS,47046382,ADILIO RIVERA MELÉNDREZ,ROXANA MARISOL MUY ALVARADO,PRIMARIA,PRIVADO,URBANA,ABIERTA,MONOLINGUE,MATUTINA,DIARIO(REGULAR),GUATEMALA SUR
00-21-0027-45,01-99-0155,CIUDAD CAPITAL,ZONA 21,COLEGIO MIXTO INTEGRAL ELIOS,2DA. CALLE 3-55 COLONIA GUAJITOS,47046382,ADILIO RIVERA MELÉNDREZ,ELIDA MARINA CASTILLO BARRIENTOS,BASICO,PRIVADO,URBANA,ABIERTA,MONOLINGUE,MATUTINA,DIARIO(REGULAR),GUATEMALA SUR
00-21-0028-43,01-99-0157,CIUDAD CAPITAL,ZONA 21,COLEGIO MIXTO EVANGELICO SENDAS CRISTIANAS,16 AVENIDA 9-10,24494433,LILIAN NINETH TEOS REYES,GLORIA MARÍA URRUTIA LÓPEZ,PRIMARIA,PRIVADO,URBANA,ABIERTA,MONOLINGUE,MATUTINA,DIARIO(REGULAR),GUATEMALA SUR
00-21-0029-42,01-99-0157,CIUDAD CAPITAL,ZONA 21,COLEGIO MIXTO EVANGELICO SENDAS CRISTIANAS,16 AVENIDA 9-10,24494433,LILIAN NINETH TEOS REYES,JESIKA DEL ROSARIO MINERA FRESE,PARVULOS,PRIVADO,URBANA,ABIERTA,MONOLINGUE,MATUTINA,DIARIO(REGULAR),GUATEMALA SUR
00-21-0030-42,01-635,CIUDAD CAPITAL,ZONA 21,COLEGIO MIS PEQUEÑOS TIGRES,"34 AVENIDA 7-05, COLONIA JUSTO RUFINO BARRIOS",46097140,NATALY FABIOLA SOTO ESPAÑA DE TURCIOS,THELMA EUGENIA DÍAZ ORTIZ,PARVULOS,PRIVADO,URBANA,CERRADA DEFINITIVAMENTE,MONOLINGUE,MATUTINA,DIARIO(REGULAR),GUATEMALA SUR
00-21-0031-43,01-635,CIUDAD CAPITAL,ZONA 21,COLEGIO MIS PEQUEÑOS TIGRES,"34 AVENIDA 7-05, COLONIA JUSTO RUFINO BARRIOS",46097140,NATALY FABIOLA SOTO ESPAÑA DE TURCIOS,MIRNA LORENA MORALES PEREZ,PRIMARIA,PRIVADO,URBANA,CERRADA DEFINITIVAMENTE,MONOLINGUE,MATUTINA,DIARIO(REGULAR),GUATEMALA SUR
00-21-0032-42,01-99-0156,CIUDAD CAPITAL,ZONA 21,EODP ANEXA A ESCUELA OFICIAL DE NIÑAS REPUBLICA DE VENEZUELA,12 CALLE A 18-72 COLONIA VENEZUELA,24492314,NATALY FABIOLA SOTO ESPAÑA,MIRTA  REYES ASTURIAS,PARVULOS,OFICIAL,URBANA,ABIERTA,MONOLINGUE,VESPERTINA,DIARIO(REGULAR),GUATEMALA SUR
00-21-0033-46,01-99-0155,CIUDAD CAPITAL,ZONA 21,"INSTITUTO DE EDUCACION BASICA POR COOPERATIVA DE ENSEÑANZA ""RAMIRO DE LEON CARPIO""","CALZADA JUSTO RUFINO BARRIOS, 3-38, COLONIA GUAJITOS",24795038,ADILIO RIVERA MELÉNDREZ,SANDRA PATRICIA FLORES MORALES,DIVERSIFICADO,COOPERATIVA,URBANA,ABIERTA,MONOLINGUE,MATUTINA,DIARIO(REGULAR),GUATEMALA SUR
00-21-0034-45,01-99-0155,CIUDAD CAPITAL,ZONA 21,IEBC DE ENSEÑANZA RAMIRO DE LEON CARPIO,"CALZADA JUSTO RUFINO BARRIOS, 3-38, COLONIA GUAJITOS",24795038,ADILIO RIVERA MELÉNDREZ,SANDRA PATRICIA FLORES MORALES,BASICO,COOPERATIVA,URBANA,ABIERTA,MONOLINGUE,MATUTINA,DIARIO(REGULAR),GUATEMALA SUR
00-21-0035-42,01-99-0155,CIUDAD CAPITAL,ZONA 21,"COLEGIO EVANGELICO MIXTO ""EBEN-EZER""","CALZADA JUSTO RUFINO BARRIOS 4-21, GUAJITOS",24795027,ADILIO RIVERA MELÉNDREZ,DÁMARIS EUNICE CLAUDIO ALVAREZ,PARVULOS,PRIVADO,URBANA,ABIERTA,MONOLINGUE,MATUTINA,DIARIO(REGULAR),GUATEMALA SUR
00-21-0036-43,01-99-0155,CIUDAD CAPITAL,ZONA 21,"COLEGIO EVANGELICO MIXTO ""EBEN-EZER""","CALZADA JUSTO RUFINO BARRIOS 4-21, GUAJITOS",24795027,ADILIO RIVERA MELÉNDREZ,KEREN MAITE TEMA CLAUDIO,PRIMARIA,PRIVADO,URBANA,ABIERTA,MONOLINGUE,MATUTINA,DIARIO(REGULAR),GUATEMALA SUR
00-21-0037-45,01-99-0155,CIUDAD CAPITAL,ZONA 21,"COLEGIO EVANGÉLICO MIXTO ""EBEN-EZER""","CALZADA JUSTO RUFINO BARRIOS 4-21, GUAJITOS",24795027,ADILIO RIVERA MELÉNDREZ,ZOEL ARMANDO NAVARIJO SIMEÓN,BASICO,PRIVADO,URBANA,ABIERTA,MONOLINGUE,MATUTINA,DIARIO(REGULAR),GUATEMALA SUR
00-21-0038-45,01-99-0156,CIUDAD CAPITAL,ZONA 21,COLEGIO JUAN MARCOS,"1A. AVENIDA Y 1A. CALLE, LOMA BLANCA",51128387,NATALY FABIOLA SOTO ESPAÑA,ISAIAS OBED RAMIREZ VELASQUEZ,BASICO,PRIVADO,URBANA,ABIERTA,MONOLINGUE,VESPERTINA,DIARIO(REGULAR),GUATEMALA SUR
00-21-0039-43,01-99-0156,CIUDAD CAPITAL,ZONA 21,COLEGIO JUAN MARCOS,"1A. AVENIDA Y 1A. CALLE, LOMA BLANCA",51128387,NATALY FABIOLA SOTO ESPAÑA,ISAIAS OBED RAMIREZ VELASQUEZ,PRIMARIA,PRIVADO,URBANA,ABIERTA,MONOLINGUE,MATUTINA,DIARIO(REGULAR),GUATEMALA SUR
00-21-0040-45,01-99-0155,CIUDAD CAPITAL,ZONA 21,COLEGIO MIXTO AMANECER JUVENIL,"5A. AVENIDA 05-15, COLONIA GUAJITOS",24497621,ADILIO RIVERA MELÉNDREZ,ELSY MAGALI SIPAQUE MARTÍNEZ,BASICO,PRIVADO,URBANA,ABIERTA,MONOLINGUE,MATUTINA,DIARIO(REGULAR),GUATEMALA SUR
00-21-0041-46,01-99-0157,CIUDAD CAPITAL,ZONA 21,LICEO MIXTO TECNICAS INTEGRALES,"9A. CALLE A, 06-80, ZONA 21, EUREKA",55100029,LILIAN NINETH TEOS REYES,MARÍA FERNANDA FAJARDO MOLINA,DIVERSIFICADO,PRIVADO,URBANA,ABIERTA,MONOLINGUE,MATUTINA,DIARIO(REGULAR),GUATEMALA SUR
00-21-0042-42,01-99-0155,CIUDAD CAPITAL,ZONA 21,CENTRO EDUCATIVO DEMOSOFT,"3A. AVENIDA 7-33, COLONIA VASQUEZ",24488335,ADILIO RIVERA MELÉNDREZ,MADELEINNE MARIAJOSE RANGEL SALAZAR,PARVULOS,PRIVADO,URBANA,ABIERTA,MONOLINGUE,MATUTINA,DIARIO(REGULAR),GUATEMALA SUR
00-21-0043-43,01-99-0155,CIUDAD CAPITAL,ZONA 21,CENTRO EDUCATIVO DEMOSOFT,"3A. AVENIDA 7-33, COLONIA VASQUEZ",24488335,ADILIO RIVERA MELÉNDREZ,SILVIA OTOMIE SALAZAR SALAZAR,PRIMARIA,PRIVADO,URBANA,ABIERTA,MONOLINGUE,MATUTINA,DIARIO(REGULAR),GUATEMALA SUR
00-21-0044-45,01-99-0155,CIUDAD CAPITAL,ZONA 21,CENTRO EDUCATIVO DEMOSOFT,"3A. AVENIDA 7-33, COLONIA VASQUEZ",24488335,ADILIO RIVERA MELÉNDREZ,LORNA ESTEFANIA ABALONI ARMAS,BASICO,PRIVADO,URBANA,ABIERTA,MONOLINGUE,MATUTINA,DIARIO(REGULAR),GUATEMALA SUR
00-21-0045-45,01-208,CIUDAD CAPITAL,ZONA 21,CENTRO EDUCATIVO DEMOSOFT,"3A. AVENIDA 7-33, COLONIA VASQUEZ",24488335,LILIAN NINETH TEOS REYES,MYNOR ENRIQUE GUERRA LOPEZ,BASICO,PRIVADO,URBANA,CERRADA TEMPORALMENTE,MONOLINGUE,VESPERTINA,DIARIO(REGULAR),GUATEMALA SUR
00-21-0046-46,01-99-0155,CIUDAD CAPITAL,ZONA 21,CENTRO EDUCATIVO DEMOSOFT,"3A. AVENIDA 7-33, COLONIA VASQUEZ",24490609,ADILIO RIVERA MELÉNDREZ,LORNA ESTEFANIA ABALONI ARMAS,DIVERSIFICADO,PRIVADO,URBANA,ABIERTA,MONOLINGUE,MATUTINA,DIARIO(REGULAR),GUATEMALA SUR
00-21-0047-46,01-208,CIUDAD CAPITAL,ZONA 21,CENTRO EDUCATIVO DEMOSOFT,"3A. AVENIDA 7-33, COLONIA VASQUEZ",24488335,LILIAN NINETH TEOS REYES,MYNOR ENRIQUE GUERRA LOPEZ,DIVERSIFICADO,PRIVADO,URBANA,CERRADA TEMPORALMENTE,MONOLINGUE,VESPERTINA,DIARIO(REGULAR),GUATEMALA SUR
00-21-0048-45,01-641,CIUDAD CAPITAL,ZONA 21,CENTRO EDUCATIVO DEMOSOFT,"3A. AVENIDA 7-33, COLONIA VASQUEZ",24488335,MILTON ALONSO ALVAREZ FUENTES,LORNA ESTEFANIA ABALONI ARMAS,BASICO,PRIVADO,URBANA,ABIERTA,MONOLINGUE,DOBLE,FIN DE SEMANA,GUATEMALA SUR
00-21-0049-46,01-99-0154,CIUDAD CAPITAL,ZONA 21,CENTRO EDUCATIVO DEMOSOFT,"3A. AVENIDA 7-33, COLONIA VASQUEZ",24490609,BYRON FERNANDO BÁMACA DE LA CRUZ,LORNA ESTEFANIA ABALONI ARMAS,DIVERSIFICADO,PRIVADO,URBANA,ABIERTA,MONOLINGUE,DOBLE,FIN DE SEMANA,GUATEMALA SUR
00-21-0050-46,01-641,CIUDAD CAPITAL,ZONA 21,CENTRO EDUCATIVO DEMOSOFT,"3A. AVENIDA 7-33, COLONIA VASQUEZ",24488335,MILTON ALONSO ALVAREZ FUENTES,LORNA ESTEFANIA ABALONI ARMAS,DIVERSIFICADO,PRIVADO,URBANA,CERRADA TEMPORALMENTE,MONOLINGUE,DOBLE,FIN DE SEMANA,GUATEMALA SUR
00-21-0051-42,01-99-0155,CIUDAD CAPITAL,ZONA 21,CENTRO EDUCATIVO MUNDO COLORES MAGICOS,"34 AVENIDA 9-15 ZONA 21, JUSTO RUFINO BARRIOS",24497783,ADILIO RIVERA MELÉNDREZ,MERCY MARIBEL ARANA ESTRADA,PARVULOS,PRIVADO,URBANA,ABIERTA,MONOLINGUE,VESPERTINA,DIARIO(REGULAR),GUATEMALA SUR
00-21-0052-43,01-99-0155,CIUDAD CAPITAL,ZONA 21,CENTRO EDUCATIVO MUNDO COLORES MAGICOS,"34 AVENIDA 9-15 ZONA 21, JUSTO RUFINO BARRIOS",22328220,ADILIO RIVERA MELÉNDREZ,NORMA RAQUEL HERNÁNDEZ ORTIZ,PRIMARIA,PRIVADO,URBANA,ABIERTA,MONOLINGUE,MATUTINA,DIARIO(REGULAR),GUATEMALA SUR
00-21-0053-43,01-99-0155,CIUDAD CAPITAL,ZONA 21,"JARDIN INFANTIL CRISTIANO ""EL ARCA DE NOE""","33A. AVENIDA 7-53, COLONIA JUSTO RUFINO BARRIOS",53085437,ADILIO RIVERA MELÉNDREZ,MARÍA JOSÉ HERNÁNDEZ RAMÍREZ,PRIMARIA,PRIVADO,URBANA,ABIERTA,MONOLINGUE,MATUTINA,DIARIO(REGULAR),GUATEMALA SUR
00-21-0054-46,01-99-0156,CIUDAD CAPITAL,ZONA 21,INED METROPOLITANO DEL SUR,"ASENTAMIENTO NUESTRA REALIDAD, NUESTRA REALIDAD, LOMA BLANCA, ZONA 21, GUATEMALA",42902669,NATALY FABIOLA SOTO ESPAÑA,SILVIA IRENE DE LEÓN VÁSQUEZ,DIVERSIFICADO,OFICIAL,URBANA,ABIERTA,MONOLINGUE,MATUTINA,DIARIO(REGULAR),GUATEMALA SUR
00-21-0055-45,01-99-0157,CIUDAD CAPITAL,ZONA 21,LICEO MIXTO TÉCNICAS INTEGRALES,"9A CALLE ""A"" 6-80 RESIDENCIALES EUREKA ZONA 21",55100029,LILIAN NINETH TEOS REYES,MARÍA FERNANDA FAJARDO MOLINA,BASICO,PRIVADO,URBANA,ABIERTA,MONOLINGUE,MATUTINA,DIARIO(REGULAR),GUATEMALA SUR
00-21-0056-46,01-99-0155,CIUDAD CAPITAL,ZONA 21,INSTITUTO NACIONAL DE EDUCACION DIVERSIFICADA,"14 CALLE FINAL Y 33 AVENIDA, COLONIA JUSTO RUFINO BARRIOS",24497840,ADILIO RIVERA MELÉNDREZ,JONHY  MONTENEGRO BARRIOS,DIVERSIFICADO,OFICIAL,URBANA,ABIERTA,MONOLINGUE,VESPERTINA,DIARIO(REGULAR),GUATEMALA SUR
00-21-0057-45,01-99-0155,CIUDAD CAPITAL,ZONA 21,COLEGIO LA CASA DE LÚ,"2A. CALLE ""A"" 09-26 ZONA 21, COLONIA GUAJITOS GUATEMALA",55565111,ADILIO RIVERA MELÉNDREZ,JEIMY PAOLA LÓPEZ GREGORIO,BASICO,PRIVADO,URBANA,ABIERTA,MONOLINGUE,MATUTINA,DIARIO(REGULAR),GUATEMALA SUR
00-21-0058-45,01-99-0155,CIUDAD CAPITAL,ZONA 21,INSTITUTO MIXTO PRIVADO INDUSTRIAL ISRAEL,"CALZADA JUSTO RUFINO BARRIOS, 13-35",59645008,ADILIO RIVERA MELÉNDREZ,OSCAR ENRIQUE SÁNCHEZ SIGÜENZA,BASICO,PRIVADO,URBANA,ABIERTA,MONOLINGUE,MATUTINA,DIARIO(REGULAR),GUATEMALA SUR
00-21-0059-45,01-635,CIUDAD CAPITAL,ZONA 21,INSTITUTO MIXTO PRIVADO INDUSTRIAL ISRAEL,"CALZADA JUSTO RUFINO BARRIOS, 13-35",24499286,NATALY FABIOLA SOTO ESPAÑA DE TURCIOS,JOSE WALFRE MIRANDA RODAS,BASICO,PRIVADO,URBANA,CERRADA TEMPORALMENTE,MONOLINGUE,VESPERTINA,DIARIO(REGULAR),GUATEMALA SUR
00-21-0060-46,01-99-0155,CIUDAD CAPITAL,ZONA 21,COLEGIO MIXTO AMANECER JUVENIL,"12 AVENIDA 05-15 COLONIA GUAJITOS, ZONA 21 GUATEMALA",24497621,ADILIO RIVERA MELÉNDREZ,ELSY MAGALI SIPAQUE MARTÍNEZ,DIVERSIFICADO,PRIVADO,URBANA,ABIERTA,MONOLINGUE,VESPERTINA,DIARIO(REGULAR),GUATEMALA SUR
00-21-0061-43,01-99-0156,CIUDAD CAPITAL,ZONA 21,CENTRO EDUCATIVO PROYECTO 70/7,0 AVENIDA B 19-10 ASENTAMIENTO LA ARENERA ZONA 21 GUATEMALA,54912874,NATALY FABIOLA SOTO ESPAÑA,ANGEL DE JESÚS GARCÍA CORO,PRIMARIA,PRIVADO,URBANA,ABIERTA,MONOLINGUE,MATUTINA,DIARIO(REGULAR),GUATEMALA SUR
00-21-0062-45,01-99-0156,CIUDAD CAPITAL,ZONA 21,CENTRO EDUCATIVO PROYECTO 70/7,0 AVENIDA B 19-10 ASENTAMIENTO LA ARENERA ZONA 21 GUATEMALA,54912874,NATALY FABIOLA SOTO ESPAÑA,ROSA HERMINIA ESTUPE GONZÁLEZ,BASICO,PRIVADO,URBANA,ABIERTA,MONOLINGUE,MATUTINA,DIARIO(REGULAR),GUATEMALA SUR
00-21-0063-43,01-635,CIUDAD CAPITAL,ZONA 21,LICEO CRISTIANO CIUDAD SANTA,1 AVENIDA Y 2 CALLE LOTE NO. 11 COLONIA LA ESMERALDA LOMA BLANCA ZONA 21 GUATEMALA,51255292,NATALY FABIOLA SOTO ESPAÑA DE TURCIOS,SANDRA MARLENE LUARCA OBREGON,PRIMARIA,PRIVADO,URBANA,ABIERTA,MONOLINGUE,MATUTINA,VIRTUAL A DISTANCIA,GUATEMALA SUR
00-21-0064-43,01-635,CIUDAD CAPITAL,ZONA 21,JARDIN INFANTIL CRISTIANO EL ARCA DE NOE,33 AVENIDA 7-53 ZONA 21 COLONIA JUSTO RUFINO BARRIOS GUATEMALA,24496874,NATALY FABIOLA SOTO ESPAÑA DE TURCIOS,MARÍA DE LOURDES SOSA ENRÍQUEZ,PRIMARIA,PRIVADO,URBANA,ABIERTA,MONOLINGUE,MATUTINA,VIRTUAL A DISTANCIA,GUATEMALA SUR
00-21-0065-45,01-99-0155,CIUDAD CAPITAL,ZONA 21,INSTITUTO MIXTO PRIVADO INDUSTRIAL ISRAEL,CALZADA JUSTO RUFINO BARRIOS 13-35,59645008,ADILIO RIVERA MELÉNDREZ,OSCAR ENRIQUE SÁNCHEZ SIGÜENZA,BASICO,PRIVADO,URBANA,ABIERTA,MONOLINGUE,MATUTINA,VIRTUAL A DISTANCIA,GUATEMALA SUR
00-21-0066-42,01-208,CIUDAD CAPITAL,ZONA 21,"LICEO MIXTO CRISTIANO ISRAEL, SOCIEDAD ANÓNIMA","10 CALLE A, 4-17 RESIDENCIALES EUREKA",24487822,LILIAN NINETH TEOS REYES,KEREEN CLEMENCIA DURANTE GARCIA,PARVULOS,PRIVADO,URBANA,ABIERTA,MONOLINGUE,MATUTINA,VIRTUAL A DISTANCIA,GUATEMALA SUR
00-21-0067-45,01-208,CIUDAD CAPITAL,ZONA 21,"LICEO MIXTO CRISTIANO ISRAEL, SOCIEDAD ANÓNIMA","10 CALLE A, 4-17 RESIDENCIALES EUREKA",24487822,LILIAN NINETH TEOS REYES,MARIA REYNA GARCIA OLIVA DE DURANTE,BASICO,PRIVADO,URBANA,ABIERTA,MONOLINGUE,MATUTINA,VIRTUAL A DISTANCIA,GUATEMALA SUR
00-21-0068-42,01-99-0157,CIUDAD CAPITAL,ZONA 21,"LICEO MIXTO CRISTIANO ISRAEL, SOCIEDAD ANÓNIMA","10A. CALLE A 4-17, RESIDENCIALES EUREKA",24487822,LILIAN NINETH TEOS REYES,MARÍA REYNA GARCÍA OLIVA,PARVULOS,PRIVADO,URBANA,ABIERTA,MONOLINGUE,INTERMEDIA,SEMIPRESENCIAL,GUATEMALA SUR
00-21-0069-43,01-99-0157,CIUDAD CAPITAL,ZONA 21,"LICEO MIXTO CRISTIANO ISRAEL, SOCIEDAD ANÓNIMA","10 CALLE A, 4-17 RESIDENCIALES EUREKA",24487822,LILIAN NINETH TEOS REYES,MARÍA REYNA GARCÍA OLIVA,PRIMARIA,PRIVADO,URBANA,ABIERTA,MONOLINGUE,MATUTINA,SEMIPRESENCIAL,GUATEMALA SUR
00-21-0070-45,01-208,CIUDAD CAPITAL,ZONA 21,"LICEO MIXTO CRISTIANO ISRAEL, SOCIEDAD ANÓNIMA","10A. CALLE A 4-17, RESIDENCIALES EUREKA",24487822,LILIAN NINETH TEOS REYES,MARIA REYNA GARCIA OLIVA DE DURANTE,BASICO,PRIVADO,URBANA,ABIERTA,MONOLINGUE,MATUTINA,SEMIPRESENCIAL,GUATEMALA SUR
00-21-0071-43,01-99-0157,CIUDAD CAPITAL,ZONA 21,"LICEO MIXTO CRISTIANO ISRAEL, SOCIEDAD ANÓNIMA","10A. CALLE A 4-17, RESIDENCIALES EUREKA",24487822,LILIAN NINETH TEOS REYES,MARÍA REYNA GARCÍA OLIVA,PRIMARIA,PRIVADO,URBANA,ABIERTA,MONOLINGUE,MATUTINA,A DISTANCIA,GUATEMALA SUR
00-21-0072-45,01-99-0157,CIUDAD CAPITAL,ZONA 21,"LICEO MIXTO CRISTIANO ISRAEL, SOCIEDAD ANÓNIMA","10A. CALLE A 4-17, RESIDENCIALES EUREKA",24487822,LILIAN NINETH TEOS REYES,MARÍA REYNA GARCÍA OLIVA,BASICO,PRIVADO,URBANA,ABIERTA,MONOLINGUE,MATUTINA,A DISTANCIA,GUATEMALA SUR
00-21-0073-42,01-635,CIUDAD CAPITAL,ZONA 21,JARDIN INFANTIL CRISTIANO EL ARCA DE NOE,"33A. AVENIDA 7-53, COLONIA JUSTO RUFINO BARRIOS",24496874,NATALY FABIOLA SOTO ESPAÑA DE TURCIOS,BRENDA AZUCENA GONÓN ARDÓN,PARVULOS,PRIVADO,URBANA,ABIERTA,MONOLINGUE,MATUTINA,VIRTUAL A DISTANCIA,GUATEMALA SUR
00-21-0074-42,01-99-0156,CIUDAD CAPITAL,ZONA 21,CENTRO EDUCATIVO PROYECTO 70/7,"00 AVENIDA B, 19-10, ASENTAMIENTO LA ARENERA",54912874,NATALY FABIOLA SOTO ESPAÑA,LUCY ADRIANA MARROQUÍN CABRERA,PARVULOS,PRIVADO,URBANA,ABIERTA,MONOLINGUE,MATUTINA,DIARIO(REGULAR),GUATEMALA SUR
00-21-0075-44,01-99-0154,CIUDAD CAPITAL,ZONA 21,CENTRO EDUCATIVO PROYECTO 70/7,"00 AVENIDA B, 19-10, ASENTAMIENTO LA ARENERA",54912874,BYRON FERNANDO BÁMACA DE LA CRUZ,ANGEL DE JESÚS GARCÍA CORO,PRIMARIA DE ADULTOS,PRIVADO,URBANA,ABIERTA,MONOLINGUE,DOBLE,FIN DE SEMANA,GUATEMALA SUR
00-21-0076-45,01-99-0154,CIUDAD CAPITAL,ZONA 21,CENTRO EDUCATIVO PROYECTO 70/7,"00 AVENIDA B, 19-10, ASENTAMIENTO LA ARENERA",54912874,BYRON FERNANDO BÁMACA DE LA CRUZ,ROSA HERMINIA ESTUPE GONZÁLEZ,BASICO,PRIVADO,URBANA,ABIERTA,MONOLINGUE,SIN JORNADA,SEMIPRESENCIAL (FIN DE SEMANA),GUATEMALA SUR
00-21-0077-46,01-99-0156,CIUDAD CAPITAL,ZONA 21,CENTRO EDUCATIVO PROYECTO 70/7,"00 AVENIDA B, 19-10, ASENTAMIENTO LA ARENERA",54912874,NATALY FABIOLA SOTO ESPAÑA,ROSA HERMINIA ESTUPE GONZÁLEZ,DIVERSIFICADO,PRIVADO,URBANA,ABIERTA,MONOLINGUE,VESPERTINA,DIARIO(REGULAR),GUATEMALA SUR
00-21-0078-46,01-99-0154,CIUDAD CAPITAL,ZONA 21,CENTRO EDUCATIVO PROYECTO 70/7,"00 AVENIDA B, 19-10, ASENTAMIENTO LA ARENERA",54912874,BYRON FERNANDO BÁMACA DE LA CRUZ,ROSA HERMINIA ESTUPE GONZÁLEZ,DIVERSIFICADO,PRIVADO,URBANA,ABIERTA,MONOLINGUE,DOBLE,FIN DE SEMANA,GUATEMALA SUR
00-21-0079-46,01-99-0154,CIUDAD CAPITAL,ZONA 21,CENTRO EDUCATIVO PROYECTO 70/7,"00 AVENIDA B, 19-10, ASENTAMIENTO LA ARENERA",54912874,BYRON FERNANDO BÁMACA DE LA CRUZ,ROSA HERMINIA ESTUPE GONZÁLEZ,DIVERSIFICADO,PRIVADO,URBANA,ABIERTA,MONOLINGUE,SIN JORNADA,SEMIPRESENCIAL (FIN DE SEMANA),GUATEMALA SUR
00-21-0080-42,01-99-0155,CIUDAD CAPITAL,ZONA 21,CENTRO COEDUCACIONAL ALFA SIGMA,4A. AVENIDA 5-27 COLONIA GUAJITOS,24775299,ADILIO RIVERA MELÉNDREZ,DIANA MARGARITA GONZÁLEZ AQUINO,PARVULOS,PRIVADO,URBANA,ABIERTA,MONOLINGUE,MATUTINA,DIARIO(REGULAR),GUATEMALA SUR
00-21-0081-43,01-99-0155,CIUDAD CAPITAL,ZONA 21,CENTRO COEDUCACIONAL ALFA SIGMA,4A. AVENIDA 5-27 COLONIA GUAJITOS,24775299,ADILIO RIVERA MELÉNDREZ,MARTA YOLANDA ALFARO MALDONADO,PRIMARIA,PRIVADO,URBANA,ABIERTA,MONOLINGUE,MATUTINA,DIARIO(REGULAR),GUATEMALA SUR
00-21-0082-45,01-99-0155,CIUDAD CAPITAL,ZONA 21,CENTRO COEDUCACIONAL ALFA SIGMA,4A. AVENIDA 5-27 GUAJITOS,24775299,ADILIO RIVERA MELÉNDREZ,IRMA YOLANDA MUÑOZ CRUZ,BASICO,PRIVADO,URBANA,ABIERTA,MONOLINGUE,MATUTINA,DIARIO(REGULAR),GUATEMALA SUR
00-21-0083-45,01-99-0154,CIUDAD CAPITAL,ZONA 21,CENTRO EDUCATIVO DEMOSOFT,3A. AVENIDA 7-33 COLONIA VASQUEZ,34310198,BYRON FERNANDO BÁMACA DE LA CRUZ,LORNA ESTEFANIA ABALONI ARMAS,BASICO,PRIVADO,URBANA,ABIERTA,MONOLINGUE,SIN JORNADA,SEMIPRESENCIAL (FIN DE SEMANA),GUATEMALA SUR
00-21-0084-46,01-99-0154,CIUDAD CAPITAL,ZONA 21,CENTRO EDUCATIVO DEMOSOFT,3A. AVENIDA 7-33 COLONIA VASQUEZ,34310198,BYRON FERNANDO BÁMACA DE LA CRUZ,LORNA ESTEFANIA ABALONI ARMAS,DIVERSIFICADO,PRIVADO,URBANA,ABIERTA,MONOLINGUE,SIN JORNADA,SEMIPRESENCIAL (FIN DE SEMANA),GUATEMALA SUR
00-21-0085-45,01-99-0154,CIUDAD CAPITAL,ZONA 21,INSTITUTO MIXTO PRIVADO INDUSTRIAL ISRAEL,"CALZADA JUSTO RUFINO BARRIOS, 13-35",59645008,BYRON FERNANDO BÁMACA DE LA CRUZ,OSCAR ENRIQUE SÁNCHEZ SIGÜENZA,BASICO,PRIVADO,URBANA,ABIERTA,MONOLINGUE,SIN JORNADA,SEMIPRESENCIAL (FIN DE SEMANA),GUATEMALA SUR
00-21-0086-45,01-641,CIUDAD CAPITAL,ZONA 21,IEEB INSTITUTO NACIONAL DE EDUCACION BASICA,19 AVENIDA B Y 12 CALLE FINAL,55102714,MILTON ALONSO ALVAREZ FUENTES,CLAUDIA FANNI BORRAYO LUCERO DE BARRIENTOS,BASICO,OFICIAL,URBANA,CERRADA TEMPORALMENTE,MONOLINGUE,NOCTURNA,DIARIO(REGULAR),GUATEMALA SUR
00-21-0087-46,01-99-0154,CIUDAD CAPITAL,ZONA 21,INSTITUTO NACIONAL DE EDUCACION DIVERSIFICADA,19 AVENIDA B Y 12 CALLE FINAL,54826160,BYRON FERNANDO BÁMACA DE LA CRUZ,CLAUDIA FANNI BORRAYO LUCERO,DIVERSIFICADO,OFICIAL,URBANA,ABIERTA,MONOLINGUE,NOCTURNA,DIARIO(REGULAR),GUATEMALA SUR
00-21-0088-46,01-99-0154,CIUDAD CAPITAL,ZONA 21,INSTITUTO MIXTO PRIVADO INDUSTRIAL ISRAEL,"CALZADA JUSTO RUFINO BARRIOS, 13-35",59645008,BYRON FERNANDO BÁMACA DE LA CRUZ,OSCAR ENRIQUE SÁNCHEZ SIGÜENZA,DIVERSIFICADO,PRIVADO,URBANA,ABIERTA,MONOLINGUE,DOBLE,FIN DE SEMANA,GUATEMALA SUR
00-21-0089-46,01-99-0154,CIUDAD CAPITAL,ZONA 21,INSTITUTO MIXTO PRIVADO INDUSTRIAL ISRAEL,"CALZADA JUSTO RUFINO BARRIOS, 13-35",59645008,BYRON FERNANDO BÁMACA DE LA CRUZ,OSCAR ENRIQUE SÁNCHEZ SIGÜENZA,DIVERSIFICADO,PRIVADO,URBANA,ABIERTA,MONOLINGUE,SIN JORNADA,SEMIPRESENCIAL (FIN DE SEMANA),GUATEMALA SUR
00-21-0090-46,01-99-0155,CIUDAD CAPITAL,ZONA 21,INSTITUTO MIXTO PRIVADO INDUSTRIAL ISRAEL,"CALZADA JUSTO RUFINO BARRIOS, 13-35",59645008,ADILIO RIVERA MELÉNDREZ,OSCAR ENRIQUE SÁNCHEZ SIGÜENZA,DIVERSIFICADO,PRIVADO,URBANA,ABIERTA,MONOLINGUE,MATUTINA,DIARIO(REGULAR),GUATEMALA SUR
00-21-0091-43,01-99-0155,CIUDAD CAPITAL,ZONA 21,"CENTRO DE APRENDIZAJE A DISTANCIA EDUCATIVO ""CADE""","8A. CALLE 10-30,  ZONA 21, COLONIA VÁSQUEZ GUATEMALA",57044487,ADILIO RIVERA MELÉNDREZ,MARCO TULIO ROBLERO OSORIO,PRIMARIA,PRIVADO,URBANA,ABIERTA,MONOLINGUE,MATUTINA,A DISTANCIA,GUATEMALA SUR
00-21-0092-44,01-99-0154,CIUDAD CAPITAL,ZONA 21,"CENTRO DE APRENDIZAJE A DISTANCIA EDUCATIVO ""CADE""","8A. CALLE 10-30, ZONA 21, COLONIA VÁSQUEZ",57044487,BYRON FERNANDO BÁMACA DE LA CRUZ,MARCO TULIO ROBLERO OSORIO,PRIMARIA DE ADULTOS,PRIVADO,URBANA,ABIERTA,MONOLINGUE,MATUTINA,A DISTANCIA,GUATEMALA SUR
00-21-0093-45,01-99-0155,CIUDAD CAPITAL,ZONA 21,"CENTRO DE APRENDIZAJE A DISTANCIA EDUCATIVO ""CADE""","8A. CALLE 10-30, ZONA 21, COLONIA VÁSQUEZ",57044487,ADILIO RIVERA MELÉNDREZ,MARCO TULIO ROBLERO OSORIO,BASICO,PRIVADO,URBANA,ABIERTA,MONOLINGUE,MATUTINA,A DISTANCIA,GUATEMALA SUR
00-21-0094-45,01-99-0154,CIUDAD CAPITAL,ZONA 21,"CENTRO DE APRENDIZAJE A DISTANCIA EDUCATIVO ""CADE""","8A. CALLE 10-30, ZONA 21, COLONIA VÁSQUEZ",57044487,BYRON FERNANDO BÁMACA DE LA CRUZ,MARCO TULIO ROBLERO OSORIO,BASICO,PRIVADO,URBANA,ABIERTA,MONOLINGUE,SIN JORNADA,A DISTANCIA,GUATEMALA SUR
00-21-0095-46,01-99-0155,CIUDAD CAPITAL,ZONA 21,"CENTRO DE APRENDIZAJE A DISTANCIA EDUCATIVO ""CADE""","8A. CALLE 10-30, ZONA 21, COLONIA VÁSQUEZ GUATEMALA",57044487,ADILIO RIVERA MELÉNDREZ,MARCO TULIO ROBLERO OSORIO,DIVERSIFICADO,PRIVADO,URBANA,ABIERTA,MONOLINGUE,MATUTINA,A DISTANCIA,GUATEMALA SUR
00-21-0096-46,01-99-0154,CIUDAD CAPITAL,ZONA 21,"CENTRO DE APRENDIZAJE A DISTANCIA EDUCATIVO ""CADE""","8A. CALLE 10-30, ZONA21, COLONIA VÁSQUEZ",57044487,BYRON FERNANDO BÁMACA DE LA CRUZ,MARCO TULIO ROBLERO OSORIO,DIVERSIFICADO,PRIVADO,URBANA,ABIERTA,MONOLINGUE,SIN JORNADA,A DISTANCIA,GUATEMALA SUR
00-21-0097-45,01-99-0154,CIUDAD CAPITAL,ZONA 21,LICEO MIXTO CRISTIANO ISRAEL,"10A. CALLE A 4-17 ZONA 21, RESIDENCIALES EUREKA",24487822,BYRON FERNANDO BÁMACA DE LA CRUZ,MARÍA REYNA GARCÍA OLIVA,BASICO,PRIVADO,URBANA,ABIERTA,MONOLINGUE,SIN JORNADA,A DISTANCIA,GUATEMALA SUR
00-21-0098-46,01-99-0154,CIUDAD CAPITAL,ZONA 21,LICEO MIXTO CRISTIANO ISRAEL,"10A. CALLE A 4-17 ZONA 21, RESIDENCIALES EUREKA",24487822,BYRON FERNANDO BÁMACA DE LA CRUZ,MARÍA REYNA GARCÍA OLIVA,DIVERSIFICADO,PRIVADO,URBANA,ABIERTA,MONOLINGUE,SIN JORNADA,A DISTANCIA,GUATEMALA SUR
00-21-0099-46,01-99-0155,CIUDAD CAPITAL,ZONA 21,COLEGIO MIXTO CIENTIFICO CRISTIANO EMANUEL,CALZADA JUSTO RUFINO BARRIOS 32-81,24497744,ADILIO RIVERA MELÉNDREZ,LAURA JOHANA GONZÁLEZ MEJÍA,DIVERSIFICADO,PRIVADO,URBANA,ABIERTA,MONOLINGUE,MATUTINA,DIARIO(REGULAR),GUATEMALA SUR
00-21-0100-45,01-99-0154,CIUDAD CAPITAL,ZONA 21,CENTRO EDUCATIVO PROYECTO 70/7,00 AVENIDA B 19-10 ASENTAMIENTO LA ARENERA,54912874,BYRON FERNANDO BÁMACA DE LA CRUZ,ROSA HERMINIA ESTUPE GONZÁLEZ,BASICO,PRIVADO,URBANA,ABIERTA,MONOLINGUE,DOBLE,A DISTANCIA,GUATEMALA SUR
00-21-0101-45,01-641,CIUDAD CAPITAL,ZONA 21,CENTRO EDUCATIVO PROYECTO 70/7,00 AVENIDA B 19-10 ASENTAMIENTO LA ARENERA,54912874,MILTON ALONSO ALVAREZ FUENTES,ROSA HERMINIA ESTUPE GONZÁLEZ,BASICO,PRIVADO,URBANA,ABIERTA,MONOLINGUE,SIN JORNADA,A DISTANCIA,GUATEMALA SUR
00-21-0102-46,01-99-0154,CIUDAD CAPITAL,ZONA 21,CENTRO EDUCATIVO PROYECTO 70/7,00 AVENIDA B 19-10 ASENTAMIENTO LA ARENERA,54912874,BYRON FERNANDO BÁMACA DE LA CRUZ,ROSA HERMINIA ESTUPE GONZÁLEZ,DIVERSIFICADO,PRIVADO,URBANA,ABIERTA,MONOLINGUE,SIN JORNADA,A DISTANCIA,GUATEMALA SUR
00-21-0103-42,01-99-0156,CIUDAD CAPITAL,ZONA 21,COLEGIO MIXTO JUAN MARCOS,16 CALLE (CALLE PRINCIPAL LOS OLIVOS) 06-72 ZONA 21 GUATEMALA,51128387,NATALY FABIOLA SOTO ESPAÑA,MÓNICA ALEJANDRA MURGA ESPINOZA,PARVULOS,PRIVADO,URBANA,ABIERTA,MONOLINGUE,MATUTINA,DIARIO(REGULAR),GUATEMALA SUR
00-21-0280-42,,CIUDAD CAPITAL,ZONA 21,EODP NO.24 'REPUBLICA DE GUATEMALA',"16 AV. 11-00 ZONA 21, COLONIA 'BELLOS HORIZONTES'",,,,PARVULOS,OFICIAL,URBANA,CERRADA TEMPORALMENTE,MONOLINGUE,MATUTINA,DIARIO(REGULAR),GUATEMALA SUR
00-21-0868-42,,CIUDAD CAPITAL,ZONA 21,EPDP ANEXA A 'JARDIN INFANTIL MONTE ALEGRE',14 AVE. 'B' 9-15 BELLO HORIZONTE ZONA 21,,,,PARVULOS,PRIVADO,URBANA,CERRADA DEFINITIVAMENTE,MONOLINGUE,MATUTINA,DIARIO(REGULAR),GUATEMALA SUR
00-21-1100-42,01-99-0155,CIUDAD CAPITAL,ZONA 21,EODP NO.51 'AURA ROSARIO ROSAL DE MEJIA VICTORES',33 AVE. 8A CALLE COLONIA JUSTO RUFINO BARRIOS,24498318,ADILIO RIVERA MELÉNDREZ,CARMEN ELOISA SURUY MARTÍNEZ,PARVULOS,OFICIAL,URBANA,ABIERTA,MONOLINGUE,MATUTINA,DIARIO(REGULAR),GUATEMALA SUR
00-21-1101-42,01-99-0157,CIUDAD CAPITAL,ZONA 21,COLEGIO 'MI VILLA ALEGRE',5A. CALLE 16-34 RESIDENCIALES EUREKA,24493283,LILIAN NINETH TEOS REYES,ADRIANA MARIBEL LÓPEZ BARRIENTOS,PARVULOS,PRIVADO,URBANA,ABIERTA,MONOLINGUE,MATUTINA,DIARIO(REGULAR),GUATEMALA SUR
00-21-1102-42,,CIUDAD CAPITAL,ZONA 21,EPDP 'JARDIN INFANTIL CARROUSEL',7A CALLE 15-98 'B' COLONIA BELLO HORIZONTE ZONA 21,,,,PARVULOS,PRIVADO,URBANA,CERRADA TEMPORALMENTE,MONOLINGUE,MATUTINA,DIARIO(REGULAR),GUATEMALA SUR
00-21-1103-42,,CIUDAD CAPITAL,ZONA 21,EPDP COLEGIO MIXTO INFANTIL 'MI CAJON DE JUGUETES',9A CALLE 'A' 14-43 COLONIA BELLO HORIZONTE ZONA 21,,,,PARVULOS,PRIVADO,URBANA,CERRADA DEFINITIVAMENTE,MONOLINGUE,MATUTINA,DIARIO(REGULAR),GUATEMALA SUR
00-21-1104-42,,CIUDAD CAPITAL,ZONA 21,EPDP COLEGIO 'GUATEMALTECO ARCO IRIS',MODULO 18-20 'D' APARTAMENTO 112 PROYECTO NIMAJUYU ZONA 21,,,,PARVULOS,PRIVADO,URBANA,CERRADA DEFINITIVAMENTE,MONOLINGUE,MATUTINA,DIARIO(REGULAR),GUATEMALA SUR
00-21-1105-42,01-99-0156,CIUDAD CAPITAL,ZONA 21,COLEGIO  LOS CAPULLOS,4A. CALLE 0-67 RESIDENCIALES GIRASOL III,24494136,NATALY FABIOLA SOTO ESPAÑA,OFELIA ILIANA VILLEDA PÉREZ,PARVULOS,PRIVADO,URBANA,ABIERTA,MONOLINGUE,MATUTINA,DIARIO(REGULAR),GUATEMALA SUR
00-21-1106-42,,CIUDAD CAPITAL,ZONA 21,EPDP ANEXA A COLEGIO 'CABRERA FERNANDEZ',33 AVE. 7-31 COLONIA JUSTO RUFINO BARRIOS,,,,PARVULOS,PRIVADO,URBANA,CERRADA TEMPORALMENTE,MONOLINGUE,MATUTINA,DIARIO(REGULAR),GUATEMALA SUR
00-21-1107-42,01-219,CIUDAD CAPITAL,ZONA 21,COLEGIO MIXTO BILINGUE SENDERO DE LUZ,CALZADA JUSTO RUFINO BARRIOS NO 6-63,24497980,DAVID SALOMON MEJIA SAMAYOA,,PARVULOS,PRIVADO,URBANA,CERRADA DEFINITIVAMENTE,MONOLINGUE,MATUTINA,DIARIO(REGULAR),GUATEMALA SUR
00-21-1108-42,,CIUDAD CAPITAL,ZONA 21,EPDP ANEXA A 'LICEO VENEZUELA',16 AVE. 'B' 11-49 APARTAMENTO 22 COLONIA VENEZUELA ZONA 21,,,,PARVULOS,PRIVADO,URBANA,CERRADA DEFINITIVAMENTE,MONOLINGUE,MATUTINA,DIARIO(REGULAR),GUATEMALA SUR
00-21-1109-42,01-99-0156,CIUDAD CAPITAL,ZONA 21,COLEGIO MIXTO BILINGUE 'JUVENIL AMERICANO',16 AVENIDA 12-29 NIMAJUYU 1,45893676,NATALY FABIOLA SOTO ESPAÑA,WERNER DANILO GONZÁLEZ GUZMÁN,PARVULOS,PRIVADO,URBANA,ABIERTA,MONOLINGUE,MATUTINA,DIARIO(REGULAR),GUATEMALA SUR
00-21-1110-42,01-99-0155,CIUDAD CAPITAL,ZONA 21,ANEXA A COLEGIO EVANGELICO  CANAAN,7A CALLE  B  33-76 COLONIA JUSTO RUFINO BARRIOS,24774703,ADILIO RIVERA MELÉNDREZ,VERÓNICA RAQUEL CUIN LÓPEZ,PARVULOS,PRIVADO,URBANA,ABIERTA,MONOLINGUE,MATUTINA,DIARIO(REGULAR),GUATEMALA SUR
00-21-1111-42,,CIUDAD CAPITAL,ZONA 21,EPDP ANEXA A COLEGIO BILINGUE 'VENEZOLANO',18 AVE. 10-15 APARTAMENTO 13 COLONIA VENEZUELA ZONA 21,,,,PARVULOS,PRIVADO,URBANA,CERRADA DEFINITIVAMENTE,MONOLINGUE,MATUTINA,DIARIO(REGULAR),GUATEMALA SUR
00-21-1113-43,01-99-0155,CIUDAD CAPITAL,ZONA 21,EOUM NO.125 'JUSTO RUFINO BARRIOS',34 AVE. 9-30 COLONIA JUSTO RUFINO BARRIOS,41908480,ADILIO RIVERA MELÉNDREZ,VELVET KARINA SOLARES GONZALEZ,PRIMARIA,OFICIAL,URBANA,ABIERTA,MONOLINGUE,MATUTINA,DIARIO(REGULAR),GUATEMALA SUR
00-21-1114-43,01-99-0155,CIUDAD CAPITAL,ZONA 21,EOUM 'ANDRES GILBERTO CUXIL TOC',14 CALLE  A  32-18 COLONIA JUSTO RUFINO BARRIOS,24498849,ADILIO RIVERA MELÉNDREZ,LADY AMALIA CACOJ PÉREZ,PRIMARIA,OFICIAL,URBANA,ABIERTA,MONOLINGUE,MATUTINA,DIARIO(REGULAR),GUATEMALA SUR
00-21-1115-43,01-99-0155,CIUDAD CAPITAL,ZONA 21,EOUM 'ANDRES GILBERTO CUXIL TOC',14 CALLE 'A' 32-18 COLONIA JUSTO RUFINO BARRIOS,35331387,ADILIO RIVERA MELÉNDREZ,LIDIA ISABEL AYALA BOLAÑOS,PRIMARIA,OFICIAL,URBANA,ABIERTA,MONOLINGUE,VESPERTINA,DIARIO(REGULAR),GUATEMALA SUR
00-21-1116-43,01-99-0155,CIUDAD CAPITAL,ZONA 21,EOUM NO.132 'ALEJANDRO MALDONADO AGUIRRE',34 AVE. 9-30 COLONIA JUSTO RUFINO BARRIOS,56903611,ADILIO RIVERA MELÉNDREZ,SELWIN VINICIO AREVALO SERAROLS,PRIMARIA,OFICIAL,URBANA,ABIERTA,MONOLINGUE,VESPERTINA,DIARIO(REGULAR),GUATEMALA SUR
00-21-1117-43,,CIUDAD CAPITAL,ZONA 21,COLEGIO 'INFANTIL BILINGUE VENEZOLANO',18 AVE. 1O-15 APARTAMENTO 13 COLONIA VENEZUELA ZONA 21,,,,PRIMARIA,PRIVADO,URBANA,CERRADA DEFINITIVAMENTE,MONOLINGUE,MATUTINA,DIARIO(REGULAR),GUATEMALA SUR
00-21-1118-43,01-208,CIUDAD CAPITAL,ZONA 21,COLEGIO 'CABRERA FERNANDEZ',2A.AV. 2-23 GUAJITOS,,LILIAN NINETH TEOS REYES,,PRIMARIA,PRIVADO,URBANA,CERRADA TEMPORALMENTE,MONOLINGUE,MATUTINA,DIARIO(REGULAR),GUATEMALA SUR
00-21-1119-43,,CIUDAD CAPITAL,ZONA 21,'LICEO VENEZUELA',16 AVE. 'B' 11-49 APARTAMENTO 22 COLONIA VENEZUELA ZONA 21,,,,PRIMARIA,PRIVADO,URBANA,CERRADA DEFINITIVAMENTE,MONOLINGUE,MATUTINA,DIARIO(REGULAR),GUATEMALA SUR
00-21-1120-43,,CIUDAD CAPITAL,ZONA 21,COLEGIO 'INFANTIL MI CAJON DE JUGUETES',9A CALLE 'A' 14-43 COLONIA BELLO HORIZONTE ZONA 21,,,,PRIMARIA,PRIVADO,URBANA,CERRADA DEFINITIVAMENTE,MONOLINGUE,MATUTINA,DIARIO(REGULAR),GUATEMALA SUR
00-21-1121-43,01-99-0156,CIUDAD CAPITAL,ZONA 21,COLEGIO  LOS CAPULLOS,4A. CALLE 0-67 RESID.GIRASOL III INMOBILIARIA LA ESMERALDA CERRO GORDO,24494136,NATALY FABIOLA SOTO ESPAÑA,MAYRA CONCEPCION PORTILLA GONZALEZ,PRIMARIA,PRIVADO,URBANA,ABIERTA,MONOLINGUE,MATUTINA,DIARIO(REGULAR),GUATEMALA SUR
00-21-1122-43,01-99-0157,CIUDAD CAPITAL,ZONA 21,"LICEO MIXTO CRISTIANO  ISRAEL, SOCIEDAD ANONIMA","10 CALLE A, 4-17 RESIDENCIALES EUREKA",24487822,LILIAN NINETH TEOS REYES,MARÍA REYNA GARCÍA OLIVA,PRIMARIA,PRIVADO,URBANA,ABIERTA,MONOLINGUE,MATUTINA,DIARIO(REGULAR),GUATEMALA SUR
00-21-1123-43,,CIUDAD CAPITAL,ZONA 21,COLEGIO 'GUATEMALTECO ARCO IRIS',MODULO 18-20 'D' APARTAMENTO 112 COLONIA NIMAJUYU ZONA 21,,,,PRIMARIA,PRIVADO,URBANA,CERRADA DEFINITIVAMENTE,MONOLINGUE,MATUTINA,DIARIO(REGULAR),GUATEMALA SUR
00-21-1124-43,01-219,CIUDAD CAPITAL,ZONA 21,COLEGIO BILINGUE SENDERO DE LUZ,CALZADA JUSTO RUFINO BARRIOS NO. 6-63,24497980,DAVID SALOMON MEJIA SAMAYOA,,PRIMARIA,PRIVADO,URBANA,CERRADA DEFINITIVAMENTE,MONOLINGUE,MATUTINA,DIARIO(REGULAR),GUATEMALA SUR
00-21-1125-43,01-99-0155,CIUDAD CAPITAL,ZONA 21,COLEGIO EVANGELICO  CANAAN,7A CALLE  B  33-76 COLONIA JUSTO RUFINO BARRIOS,24774703,ADILIO RIVERA MELÉNDREZ,VERONICA RAQUEL CUIN LOPEZ,PRIMARIA,PRIVADO,URBANA,ABIERTA,MONOLINGUE,MATUTINA,DIARIO(REGULAR),GUATEMALA SUR
00-21-1126-43,01-99-0156,CIUDAD CAPITAL,ZONA 21,COLEGIO MIXTO BILINGUE JUVENIL AMERICANO,16 AVE. 12-29 COLONIA NIMAJUYU,45893676,NATALY FABIOLA SOTO ESPAÑA,ELENA ESPERANZA GONZÁLEZ FERNÁNDEZ,PRIMARIA,PRIVADO,URBANA,ABIERTA,MONOLINGUE,MATUTINA,DIARIO(REGULAR),GUATEMALA SUR
00-21-1128-44,01-99-0154,CIUDAD CAPITAL,ZONA 21,EOPA NO.43,34 AVE. 9-30 COLONIA JUSTO RUFINO BARRIOS,55986660,BYRON FERNANDO BÁMACA DE LA CRUZ,BLANCA ELIZABETH JUAREZ MANCILLA,PRIMARIA DE ADULTOS,OFICIAL,URBANA,ABIERTA,MONOLINGUE,NOCTURNA,DIARIO(REGULAR),GUATEMALA SUR
00-21-1129-45,01-99-0155,CIUDAD CAPITAL,ZONA 21,INEB JUSTO RUFINO BARRIOS,14 CALLE FINAL Y 33 AVENIDA COLONIA JUSTO RUFINO BARRIOS,24498642,ADILIO RIVERA MELÉNDREZ,CELINA GRICELDA DÍAZ MENCHÚ,BASICO,OFICIAL,URBANA,ABIERTA,MONOLINGUE,MATUTINA,DIARIO(REGULAR),GUATEMALA SUR
00-21-1130-45,01-99-0155,CIUDAD CAPITAL,ZONA 21,INEB JUSTO RUFINO BARRIOS,"14 CALLE FINAL Y 34 AVENIDA, COLONIA JUSTO RUFINO BARRIOS",24497840,ADILIO RIVERA MELÉNDREZ,JONHY  MONTENEGRO BARRIOS,BASICO,OFICIAL,URBANA,ABIERTA,MONOLINGUE,VESPERTINA,DIARIO(REGULAR),GUATEMALA SUR
00-21-1131-45,01-99-0156,CIUDAD CAPITAL,ZONA 21,COLEGIO MIXTO BILINGUE  JUVENIL AMERICANO,16 AVENIDA 12-29 COLONIA NIMAJUYU 1,45893676,NATALY FABIOLA SOTO ESPAÑA,ROSARIO DEL CARMEN VASQUEZ VIDES,BASICO,PRIVADO,URBANA,ABIERTA,MONOLINGUE,MATUTINA,DIARIO(REGULAR),GUATEMALA SUR
00-21-2314-42,01-99-0157,CIUDAD CAPITAL,ZONA 21,"LICEO MIXTO CRISTIANO  ISRAEL, SOCIEDAD ANONIMA","10 CALLE A, 4-17 RESIDENCIALES EUREKA",24487822,LILIAN NINETH TEOS REYES,KERENN CLEMENCIA DURANTE GARCÍA,PARVULOS,PRIVADO,URBANA,ABIERTA,MONOLINGUE,MATUTINA,DIARIO(REGULAR),GUATEMALA SUR
00-21-2315-45,,CIUDAD CAPITAL,ZONA 21,IPMB 'CABRERA FERNANDEZ',33 AVE. 7-31 COLONIA JUSTO RUFINO BARIOS ZONA 21,,,,BASICO,PRIVADO,URBANA,CERRADA DEFINITIVAMENTE,MONOLINGUE,VESPERTINA,DIARIO(REGULAR),GUATEMALA SUR
00-21-2373-42,,CIUDAD CAPITAL,ZONA 21,EPDP ANEXA A COLEGIO 'LICEO NAZARENO',"16 AVE 9-10 COLONIA BELLO HORIZONTE, ZONA 21",,,,PARVULOS,PRIVADO,URBANA,CERRADA TEMPORALMENTE,MONOLINGUE,MATUTINA,DIARIO(REGULAR),GUATEMALA SUR
00-21-2374-43,,CIUDAD CAPITAL,ZONA 21,COLEGIO 'LICEO NAZARENO',16 AVE 9-10 COLONIA BELLO HORIZONTE ZONA 21,,,,PRIMARIA,PRIVADO,URBANA,CERRADA TEMPORALMENTE,MONOLINGUE,MATUTINA,DIARIO(REGULAR),GUATEMALA SUR
00-21-2593-42,01-208,CIUDAD CAPITAL,ZONA 21,EPDP 'CENTRO DE DESARROLLO INFANTIL LA CARITA FELIZ',17 AV 'D' 10-50 APTO. 4 COLONIA VENEZUELA,24491425,LILIAN NINETH TEOS REYES,,PARVULOS,PRIVADO,URBANA,CERRADA TEMPORALMENTE,MONOLINGUE,MATUTINA,DIARIO(REGULAR),GUATEMALA SUR
00-21-2594-45,01-99-0157,CIUDAD CAPITAL,ZONA 21,"LICEO MIXTO CRISTIANO  ISRAEL, SOCIEDAD ANONIMA","10 CALLE A, 4-17 RESIDENCIALES EUREKA",24487822,LILIAN NINETH TEOS REYES,MARÍA REYNA GARCÍA OLIVA,BASICO,PRIVADO,URBANA,ABIERTA,MONOLINGUE,MATUTINA,DIARIO(REGULAR),GUATEMALA SUR
00-21-2837-42,,CIUDAD CAPITAL,ZONA 21,JARDIN INFANTIL 'LA PEYITAS',12 CALLE MOD 16-08 EDIF. 'DÑ APTO. 112 NIMAJUYU,,,,PARVULOS,PRIVADO,URBANA,CERRADA DEFINITIVAMENTE,MONOLINGUE,MATUTINA,DIARIO(REGULAR),GUATEMALA SUR
00-21-2862-43,,CIUDAD CAPITAL,ZONA 21,JARDIN INFANTIL 'LA CASITA ENCANTADA',MODULO 16-11 EDIFICIO 'B' APARTAMENTO 106 PROYECTO NIMAJUYU,,,,PRIMARIA,PRIVADO,URBANA,CERRADA DEFINITIVAMENTE,MONOLINGUE,MATUTINA,DIARIO(REGULAR),GUATEMALA SUR
00-21-2863-43,01-99-0157,CIUDAD CAPITAL,ZONA 21,EOUM NIMAJUYU A,16 AV. A 12-95 COLONIA NIMAJUYU I,24493158,LILIAN NINETH TEOS REYES,NORMA MARIBEL SINCAL LÒPEZ,PRIMARIA,OFICIAL,URBANA,ABIERTA,MONOLINGUE,MATUTINA,DIARIO(REGULAR),GUATEMALA SUR
00-21-2927-44,01-99-0154,CIUDAD CAPITAL,ZONA 21,ESCUELA NOCTURNA NO. 59 NIMAJUYU,16 AV. A 12-95 COLONIA NIMAJUYU,31667263,BYRON FERNANDO BÁMACA DE LA CRUZ,ISMAEL ANTONIO BARRIOS VEGA,PRIMARIA DE ADULTOS,OFICIAL,URBANA,ABIERTA,MONOLINGUE,NOCTURNA,DIARIO(REGULAR),GUATEMALA SUR
00-21-3012-42,01-635,CIUDAD CAPITAL,ZONA 21,COLEGIO MIXTO IMIDEO  GIUSEPPE NERICI,13 AVENIDA  A  11-80 COLONIA BELLO HORIZONTE,51165732,NATALY FABIOLA SOTO ESPAÑA DE TURCIOS,ELVIA PATRICIA COLOCHO RAMIREZ,PARVULOS,PRIVADO,URBANA,CERRADA DEFINITIVAMENTE,MONOLINGUE,MATUTINA,DIARIO(REGULAR),GUATEMALA SUR
00-21-3012-43,01-635,CIUDAD CAPITAL,ZONA 21,COLEGIO MIXTO  IMIDEO GIUSEPPE NERICI,13 AVE  A  11-80-8 BELLO HORIZONTE,51165732,NATALY FABIOLA SOTO ESPAÑA DE TURCIOS,ELVIA PATRICIA COLOCHO RAMIREZ,PRIMARIA,PRIVADO,URBANA,CERRADA DEFINITIVAMENTE,MONOLINGUE,MATUTINA,DIARIO(REGULAR),GUATEMALA SUR
00-21-3013-43,,CIUDAD CAPITAL,ZONA 21,EPUM BELLOS HORIZONTES,"4a. AV. 'A' 4-36 ZONA 12, GUATEMALA",,,,PRIMARIA,OFICIAL,URBANA,CERRADA DEFINITIVAMENTE,MONOLINGUE,MATUTINA,DIARIO(REGULAR),GUATEMALA SUR
00-21-3021-42,,CIUDAD CAPITAL,ZONA 21,JARDIN INFANTIL MONTE ALEGRE,"16 AVE. 'B' 11-49 APTO.#22 COL. VENEZUELA, ZONA 21",,,,PARVULOS,PRIVADO,URBANA,CERRADA DEFINITIVAMENTE,MONOLINGUE,MATUTINA,DIARIO(REGULAR),GUATEMALA SUR
00-21-3140-45,01-208,CIUDAD CAPITAL,ZONA 21,CENTRO MIXTO EDUCATIVO 'EMILENO',3A. AV. 7-33 COLONIA VASQUEZ,24488335,LILIAN NINETH TEOS REYES,,BASICO,PRIVADO,URBANA,CERRADA TEMPORALMENTE,MONOLINGUE,VESPERTINA,DIARIO(REGULAR),GUATEMALA SUR
00-21-3140-46,01-208,CIUDAD CAPITAL,ZONA 21,CENTRO MIXTO EDUCATIVO 'EMILENO',3A. AVE. 7-33 COL. VASQUEZ,24488335,LILIAN NINETH TEOS REYES,MYNOR ENRIQUE GUERRA LÓPEZ,DIVERSIFICADO,PRIVADO,URBANA,CERRADA TEMPORALMENTE,MONOLINGUE,VESPERTINA,DIARIO(REGULAR),GUATEMALA SUR
00-21-3141-42,01-99-0157,CIUDAD CAPITAL,ZONA 21,"COLEGIO MIXTO Y JARDIN INFANTIL ""GUATEMALA""",2A. CALLE 18-50 RESIDENCIALES EUREKA,24490903,LILIAN NINETH TEOS REYES,EDNA ELISA BONILLA MARTÍNEZ,PARVULOS,PRIVADO,URBANA,ABIERTA,MONOLINGUE,MATUTINA,DIARIO(REGULAR),GUATEMALA SUR
00-21-4074-42,,CIUDAD CAPITAL,ZONA 21,COLEGIO PRIVADO DE PARVULOS 'PANORAMA INFANTIL EDUCATIVO GUATEMALTECO',"EDIFICIO 16-11 'B' APTO. 106 ZONA 21, NIMAJUYU",,,,PARVULOS,PRIVADO,URBANA,CERRADA TEMPORALMENTE,MONOLINGUE,MATUTINA,DIARIO(REGULAR),GUATEMALA SUR
00-21-4304-42,01-99-0157,CIUDAD CAPITAL,ZONA 21,EODP NO.24  REPUBLICA DE GUATEMALA,16 AV. 11-00 COL. BELLOS HORIZONTES,24486499,LILIAN NINETH TEOS REYES,ELIZA MARIELA SÁNCHEZ PADILLA,PARVULOS,OFICIAL,URBANA,ABIERTA,MONOLINGUE,MATUTINA,DIARIO(REGULAR),GUATEMALA SUR
00-21-4550-43,01-99-0156,CIUDAD CAPITAL,ZONA 21,EOUN NO.27 'REPUBLICA DE VENEZUELA',12 CALLE 18-09 COLONIA NIMAJUYU,30151138,NATALY FABIOLA SOTO ESPAÑA,CLAUDIA LUCRECIA SOTO LÓPEZ,PRIMARIA,OFICIAL,URBANA,ABIERTA,MONOLINGUE,MATUTINA,DIARIO(REGULAR),GUATEMALA SUR
00-21-4667-43,,CIUDAD CAPITAL,ZONA 21,LICEO MIXTO PRE-UNIVERSITARIO 'SAN CARLOS',"4A. AVENIDA 9-69 ZONA 21, COLONIA VASQUEZ.",,,,PRIMARIA,PRIVADO,URBANA,CERRADA DEFINITIVAMENTE,MONOLINGUE,MATUTINA,DIARIO(REGULAR),GUATEMALA SUR
00-21-4668-43,01-99-0157,CIUDAD CAPITAL,ZONA 21,COLEGIO 'MI VILLA ALEGRE',5A. AVENIDA  A  10-70 RESIDENCIALES EUREKA,24493283,LILIAN NINETH TEOS REYES,CLAUDIA PATRICIA BÁRCENAS JORDÁN,PRIMARIA,PRIVADO,URBANA,ABIERTA,MONOLINGUE,MATUTINA,DIARIO(REGULAR),GUATEMALA SUR
00-21-4752-43,01-99-0157,CIUDAD CAPITAL,ZONA 21,"COLEGIO MIXTO Y JARDIN INFANTIL ""GUATEMALA""","2DA CALLE 18-50, RESIDENCIALES EUREKA",24490903,LILIAN NINETH TEOS REYES,EDNA ELISA BONILLA MARTÍNEZ,PRIMARIA,PRIVADO,URBANA,ABIERTA,MONOLINGUE,MATUTINA,DIARIO(REGULAR),GUATEMALA SUR
00-21-6838-42,01-208,CIUDAD CAPITAL,ZONA 21,LICEO NUEVA JUVENTUD ADSCRITO AL INSTITUTO Y ACADEMIA PRACTICA COMERCIAL,34 AVE 7-60 COL. JUSTO RUFINO BARRIOS,24497046,LILIAN NINETH TEOS REYES,,PARVULOS,PRIVADO,URBANA,CERRADA TEMPORALMENTE,MONOLINGUE,MATUTINA,DIARIO(REGULAR),GUATEMALA SUR
00-21-6839-43,01-208,CIUDAD CAPITAL,ZONA 21,LICEO NUEVA JUVENTUD ADSCRITO AL INSTITUTO Y ACADEMIA PRACTICA COMERCIAL,34 AVE 7-60 COL. JUSTO RUFINO BARRIOS,,LILIAN NINETH TEOS REYES,,PRIMARIA,PRIVADO,URBANA,ABIERTA,MONOLINGUE,MATUTINA,DIARIO(REGULAR),GUATEMALA SUR
00-21-6969-45,,CIUDAD CAPITAL,ZONA 21,CENTRO MIXTO EDUCATIVO EMILENO,3A. AV. 7-33 ZONA 21 COLONIA VASQUEZ,,,,BASICO,PRIVADO,URBANA,CERRADA TEMPORALMENTE,MONOLINGUE,NOCTURNA,DIARIO(REGULAR),GUATEMALA SUR
00-21-7007-42,01-208,CIUDAD CAPITAL,ZONA 21,COLEGIO LAS ABEJITAS DEL JARDIN INFANTIL,6A. CALLE 33-17 ZONA 21,,LILIAN NINETH TEOS REYES,,PARVULOS,PRIVADO,URBANA,CERRADA DEFINITIVAMENTE,MONOLINGUE,MATUTINA,DIARIO(REGULAR),GUATEMALA SUR
00-21-7018-43,01-208,CIUDAD CAPITAL,ZONA 21,COLEGIO 'LAS ABEJITAS DEL JARDIN INFANTIL',6A. CALLE 33-17 COLONIA JUSTO RUFINO BARRIOS,24497972,LILIAN NINETH TEOS REYES,,PRIMARIA,PRIVADO,URBANA,CERRADA DEFINITIVAMENTE,MONOLINGUE,MATUTINA,DIARIO(REGULAR),GUATEMALA SUR
00-21-7066-43,,CIUDAD CAPITAL,ZONA 21,CENTRO INDUSTRIAL 'JOSE FELIPE FLORES' ANEXO A EOUN 'REPUBLICA DE VENEZUELA',12 CALLE 18-09 ZONA 21 COLONIA NIMAJUYU II,,,,PRIMARIA,OFICIAL,URBANA,CERRADA TEMPORALMENTE,MONOLINGUE,DOBLE,DIARIO(REGULAR),GUATEMALA SUR
00-21-7067-46,,CIUDAD CAPITAL,ZONA 21,CENTRO INDUSTRIAL 'JOSE FELIPE FLORES' ANEXO A EOUN 'REPUBLICA DE VENEZUELA',"12 CALLE 18-09 ZONA 21, COLONIA NIMAJUYU II",,,,DIVERSIFICADO,OFICIAL,URBANA,CERRADA DEFINITIVAMENTE,MONOLINGUE,DOBLE,DIARIO(REGULAR),GUATEMALA SUR
00-21-7121-42,01-99-0156,CIUDAD CAPITAL,ZONA 21,EODP ANEXA A EOUM  ASENTAMIENTO RAMIRO DE LEON CARPIO,"19 AVENIDA B, FINAL, COLONIA VENEZUELA",54959823,NATALY FABIOLA SOTO ESPAÑA,MANUEL DE JESUS HERNANDEZ SACTIC,PARVULOS,OFICIAL,URBANA,ABIERTA,MONOLINGUE,MATUTINA,DIARIO(REGULAR),GUATEMALA SUR
00-21-7136-43,01-99-0156,CIUDAD CAPITAL,ZONA 21,EOUM ASENTAMIENTO RAMIRO DE LEON CARPIO,"19 AVENIDA B, FINAL, COLONIA VENEZUELA",54959823,NATALY FABIOLA SOTO ESPAÑA,MANUEL DE JESUS HERNANDEZ SACTIC,PRIMARIA,OFICIAL,URBANA,ABIERTA,MONOLINGUE,MATUTINA,DIARIO(REGULAR),GUATEMALA SUR
00-21-7158-43,,CIUDAD CAPITAL,ZONA 21,EOUM,9A. CALLE 1A. AVENIDA ASENTAMIENTO RAMIRO DEL LEON CARPIO,,,,PRIMARIA,OFICIAL,URBANA,CERRADA DEFINITIVAMENTE,MONOLINGUE,MATUTINA,DIARIO(REGULAR),GUATEMALA SUR
00-21-7159-42,,CIUDAD CAPITAL,ZONA 21,EODP ANEXA A EOUM,9A CALLE 1A AVENIDA ASENTAMIENTO DE LEON CARPIO,,,,PARVULOS,OFICIAL,URBANA,CERRADA TEMPORALMENTE,MONOLINGUE,MATUTINA,DIARIO(REGULAR),GUATEMALA SUR
00-21-7172-45,,CIUDAD CAPITAL,ZONA 21,COLEGIO MIXTO BILINGUE SENDERO DE LUZ,CALZADA JUSTO RUFINO BARRIOS 6-63 ZONA 21,24497980,,,BASICO,PRIVADO,URBANA,CERRADA TEMPORALMENTE,MONOLINGUE,NOCTURNA,DIARIO(REGULAR),GUATEMALA SUR
00-21-7173-45,01-219,CIUDAD CAPITAL,ZONA 21,COLEGIO MIXTO BILINGUE SENDERO DE LUZ,CALZADA JUSTO RUFINO BARRIOS 6-63,24497980,DAVID SALOMON MEJIA SAMAYOA,,BASICO,PRIVADO,URBANA,CERRADA DEFINITIVAMENTE,MONOLINGUE,MATUTINA,DIARIO(REGULAR),GUATEMALA SUR
00-21-7196-45,,CIUDAD CAPITAL,ZONA 21,INSTITUTO Y ACADEMIA 'PRACTICA COMERCIAL',34 AV. 7-60 ZONA 21 COLONIA JUSTO RUFINO BARRIOS,24497046,,,BASICO,PRIVADO,URBANA,CERRADA DEFINITIVAMENTE,MONOLINGUE,VESPERTINA,DIARIO(REGULAR),GUATEMALA SUR
00-21-7214-46,,CIUDAD CAPITAL,ZONA 21,INSTITUTO Y ACADEMIA 'PRACTICA COMERCIAL',34 AV. 7-60 ZONA 21 COLONIA JUSTO RUFINO BARRIOS,24497046,,,DIVERSIFICADO,PRIVADO,URBANA,CERRADA DEFINITIVAMENTE,MONOLINGUE,VESPERTINA,DIARIO(REGULAR),GUATEMALA SUR
00-21-7335-43,,CIUDAD CAPITAL,ZONA 21,COLEGIO 'LOS CAPULLOS',4A. CALLE 0-67 RESID. GIRASOL III INMOB. LA ESMERALDA CERRO GORDO,24490071,,,PRIMARIA,PRIVADO,URBANA,CERRADA DEFINITIVAMENTE,MONOLINGUE,VESPERTINA,DIARIO(REGULAR),GUATEMALA SUR
00-21-7511-43,01-99-0156,CIUDAD CAPITAL,ZONA 21,EOUM NO.105 NIMAJUYU C,16 AVENIDA 19-49 COLONIA NIMAJUYU,50777482,NATALY FABIOLA SOTO ESPAÑA,JOSÉ LUIS AGUIRRE RIVERA,PRIMARIA,OFICIAL,URBANA,ABIERTA,MONOLINGUE,MATUTINA,DIARIO(REGULAR),GUATEMALA SUR
00-21-7552-42,01-635,CIUDAD CAPITAL,ZONA 21,COLEGIO PANORAMA INFANTIL EDUCATIVO GUATEMALTECO,"LOTE 4 SECCION  D , COLONIA MONTE SAN PABLO",41719605,NATALY FABIOLA SOTO ESPAÑA DE TURCIOS,GLADYS CAROLA VILLATORO LÓPEZ,PARVULOS,PRIVADO,URBANA,ABIERTA,MONOLINGUE,MATUTINA,DIARIO(REGULAR),GUATEMALA SUR
00-21-7553-43,01-99-0156,CIUDAD CAPITAL,ZONA 21,COLEGIO PANORAMA INFANTIL EDUCATIVO GUATEMALTECO,"LOTE 4 SECCION  D , COLONIA MONTE SAN PABLO",41719606,NATALY FABIOLA SOTO ESPAÑA,LORENA CONSUELO GÓMEZ REYES,PRIMARIA,PRIVADO,URBANA,ABIERTA,MONOLINGUE,MATUTINA,DIARIO(REGULAR),GUATEMALA SUR
00-21-7555-42,01-208,CIUDAD CAPITAL,ZONA 21,COLEGIO MIXTO EVANGELICO 'GLORIA PINELO FRANCO',16 AVE. 9-10 COLONIA BELLO HORIZONTE,24488021,LILIAN NINETH TEOS REYES,,PARVULOS,PRIVADO,URBANA,CERRADA TEMPORALMENTE,MONOLINGUE,MATUTINA,DIARIO(REGULAR),GUATEMALA SUR
00-21-7556-43,01-208,CIUDAD CAPITAL,ZONA 21,COLEGIO MIXTO EVANGELICO 'GLORIA PINELO FRANCO',16 AVE. 9-10 COLONIA BELLO HORIZONTE,24494433,LILIAN NINETH TEOS REYES,,PRIMARIA,PRIVADO,URBANA,CERRADA TEMPORALMENTE,MONOLINGUE,MATUTINA,DIARIO(REGULAR),GUATEMALA SUR
00-21-7557-45,01-208,CIUDAD CAPITAL,ZONA 21,COLEGIO MIXTO EVANGELICO 'GLORIA PINELO FRANCO',16 AVE. 9-10 COLONIA BELLO HORIZONTE,24494433,LILIAN NINETH TEOS REYES,,BASICO,PRIVADO,URBANA,CERRADA TEMPORALMENTE,MONOLINGUE,MATUTINA,DIARIO(REGULAR),GUATEMALA SUR
00-21-7578-42,,CIUDAD CAPITAL,ZONA 21,JARDIN CRISTIANO 'LAS PEYITAS',"CALZADA JUSTO RUFINO BARRIOS 16-68, COLONIA MORSE",24774253,,,PARVULOS,PRIVADO,URBANA,CERRADA TEMPORALMENTE,MONOLINGUE,MATUTINA,DIARIO(REGULAR),GUATEMALA SUR
00-21-7609-45,01-99-0156,CIUDAD CAPITAL,ZONA 21,COLEGIO LOS CAPULLOS,4A. CALLE 0-67 RESIDENCIALES GIRASOL III CERRO GORDO,24494136,NATALY FABIOLA SOTO ESPAÑA,PATRICIA  OVANDO PÉREZ,BASICO,PRIVADO,URBANA,ABIERTA,MONOLINGUE,MATUTINA,DIARIO(REGULAR),GUATEMALA SUR
00-21-7610-45,01-635,CIUDAD CAPITAL,ZONA 21,COLEGIO LOS CAPULLOS,4A. CALLE 0-67 RESIDENCIALES GIRASOL III CERRO GORDO,24490070-71,NATALY FABIOLA SOTO ESPAÑA DE TURCIOS,,BASICO,PRIVADO,URBANA,CERRADA TEMPORALMENTE,MONOLINGUE,VESPERTINA,DIARIO(REGULAR),GUATEMALA SUR
00-21-7785-43,01-208,CIUDAD CAPITAL,ZONA 21,COLEGIO MIXTO INTEGRAL 'SABIO Y PRUDENTE',19 AVENIDA 'B' 10-20 COLONIA VENEZUELA,24493523,LILIAN NINETH TEOS REYES,,PRIMARIA,PRIVADO,URBANA,CERRADA DEFINITIVAMENTE,MONOLINGUE,MATUTINA,DIARIO(REGULAR),GUATEMALA SUR
00-21-7787-42,01-208,CIUDAD CAPITAL,ZONA 21,COLEGIO MIXTO JARDIN PICOLINO,6A. AVENIDA 'A' 10-47 RESIDENCIALES EUREKA,,LILIAN NINETH TEOS REYES,,PARVULOS,PRIVADO,URBANA,CERRADA TEMPORALMENTE,MONOLINGUE,MATUTINA,DIARIO(REGULAR),GUATEMALA SUR
00-21-7788-45,01-208,CIUDAD CAPITAL,ZONA 21,LICEO NUEVA JUVENTUD,34 AVENIDA 7-60 COLONIA JUSTO RUFINO BARRIOS,24497046,LILIAN NINETH TEOS REYES,,BASICO,PRIVADO,URBANA,ABIERTA,MONOLINGUE,MATUTINA,DIARIO(REGULAR),GUATEMALA SUR
00-21-7865-42,01-208,CIUDAD CAPITAL,ZONA 21,EL MUNDO DE LOS NIÑOS (KIDS WORLD),3ERA. AVE. 'C' 7-68 COLONIA VASQUEZ,4493721-4490990,LILIAN NINETH TEOS REYES,,PARVULOS,PRIVADO,URBANA,CERRADA DEFINITIVAMENTE,MONOLINGUE,MATUTINA,DIARIO(REGULAR),GUATEMALA SUR
00-21-7866-43,01-208,CIUDAD CAPITAL,ZONA 21,EL MUNDO DE LOS NIÑOS (KIDS WORLD),3ERA. AVE. 'C' 7-68 COLONIA VASQUEZ,449-3721 449-0990,LILIAN NINETH TEOS REYES,,PRIMARIA,PRIVADO,URBANA,CERRADA DEFINITIVAMENTE,MONOLINGUE,MATUTINA,DIARIO(REGULAR),GUATEMALA SUR
00-21-7888-42,01-208,CIUDAD CAPITAL,ZONA 21,COLEGIO MIXTO INTEGRAL SABIO Y PRUDENTE,19AV. B 10-20 COLONIA VENEZUELA,24493523,LILIAN NINETH TEOS REYES,,PARVULOS,PRIVADO,URBANA,CERRADA DEFINITIVAMENTE,MONOLINGUE,MATUTINA,DIARIO(REGULAR),GUATEMALA SUR
00-21-7969-44,01-408,CIUDAD CAPITAL,ZONA 21,COLEGIO  OSORIO SANDOVAL,4TA. AVE. 6-30 COLONIA VASQUEZ,24493119-24493733,MANUEL MARIA CANO CASTRO,MARCO TULIO ROBLERO OSORIO,PRIMARIA DE ADULTOS,PRIVADO,URBANA,CERRADA TEMPORALMENTE,MONOLINGUE,NOCTURNA,DIARIO(REGULAR),GUATEMALA SUR
00-21-7970-42,01-99-0155,CIUDAD CAPITAL,ZONA 21,CENTRO DOCENTE  OSORIO SANDOVAL,4TA. AVE. 6-30 COLONIA VASQUEZ,24493119,ADILIO RIVERA MELÉNDREZ,MARCO TULIO ROBLERO OSORIO,PARVULOS,PRIVADO,URBANA,ABIERTA,MONOLINGUE,MATUTINA,DIARIO(REGULAR),GUATEMALA SUR
00-21-7971-43,01-99-0155,CIUDAD CAPITAL,ZONA 21,CENTRO DOCENTE  OSORIO SANDOVAL,4TA. AVE. 6-30 COLONIA VASQUEZ,24493119,ADILIO RIVERA MELÉNDREZ,MARCO TULIO ROBLERO OSORIO,PRIMARIA,PRIVADO,URBANA,ABIERTA,MONOLINGUE,MATUTINA,DIARIO(REGULAR),GUATEMALA SUR
00-21-7972-45,01-408,CIUDAD CAPITAL,ZONA 21,CENTRO DOCENTE  OSORIO SANDOVAL,4TA. AVE. 6-30 COLONIA VASQUEZ,24493119-24493733,MANUEL MARIA CANO CASTRO,MARCO TULIO ROBLERO OSORIO,BASICO,PRIVADO,URBANA,CERRADA TEMPORALMENTE,MONOLINGUE,NOCTURNA,DIARIO(REGULAR),GUATEMALA SUR
00-21-7973-46,01-99-0155,CIUDAD CAPITAL,ZONA 21,COLEGIO  OSORIO SANDOVAL,4TA. AVE. 6-30 COLONIA VASQUEZ,24493119,ADILIO RIVERA MELÉNDREZ,MARCO TULIO ROBLERO OSORIO,DIVERSIFICADO,PRIVADO,URBANA,ABIERTA,MONOLINGUE,MATUTINA,DIARIO(REGULAR),GUATEMALA SUR
00-21-7974-46,01-408,CIUDAD CAPITAL,ZONA 21,COLEGIO 'OSORIO SANDOVAL',4TA. AVE. 6-30 COLONIA VASQUEZ,24493119-24493733,MANUEL MARIA CANO CASTRO,,DIVERSIFICADO,PRIVADO,URBANA,CERRADA TEMPORALMENTE,MONOLINGUE,INTERMEDIA,DIARIO(REGULAR),GUATEMALA SUR
00-21-7975-46,01-408,CIUDAD CAPITAL,ZONA 21,COLEGIO  OSORIO SANDOVAL,4TA. AVE. 6-30 COLONIA VASQUEZ,24493119-24493733,MANUEL MARIA CANO CASTRO,MARCO TULIO ROBLERO OSORIO,DIVERSIFICADO,PRIVADO,URBANA,CERRADA TEMPORALMENTE,MONOLINGUE,NOCTURNA,DIARIO(REGULAR),GUATEMALA SUR
00-21-7976-45,01-635,CIUDAD CAPITAL,ZONA 21,COLEGIO  OSORIO SANDOVAL,4TA. AVE. 6-30 COLONIA VASQUEZ,24493119,NATALY FABIOLA SOTO ESPAÑA DE TURCIOS,MARCO TULIO ROBLERO OSORIO,BASICO,PRIVADO,URBANA,ABIERTA,MONOLINGUE,VESPERTINA,DIARIO(REGULAR),GUATEMALA SUR
00-21-7977-45,01-99-0155,CIUDAD CAPITAL,ZONA 21,COLEGIO  OSORIO SANDOVAL,4TA. AVE. 6-30 COLONIA VASQUEZ,24493119,ADILIO RIVERA MELÉNDREZ,MARCO TULIO ROBLERO OSORIO,BASICO,PRIVADO,URBANA,ABIERTA,MONOLINGUE,MATUTINA,DIARIO(REGULAR),GUATEMALA SUR
00-21-8088-42,01-99-0157,CIUDAD CAPITAL,ZONA 21,EODP ANEXA A EOUM  PROFESORA MARITZA HURTARTE GUILLEN,SECTOR I MANZANA 82 ASENTAMIENTO NUEVO AMANECER,31326551,LILIAN NINETH TEOS REYES,SILVELYN ANABELLA RUIZ HURTARTE,PARVULOS,OFICIAL,URBANA,ABIERTA,MONOLINGUE,MATUTINA,DIARIO(REGULAR),GUATEMALA SUR
00-21-8089-43,01-99-0157,CIUDAD CAPITAL,ZONA 21,EOUM PROFESORA MARITZA HURTARTE GUILLEN,SECTOR I MANZANA 82 ASENTAMIENTO NUEVO AMANECER,31326551,LILIAN NINETH TEOS REYES,SILVELYN ANABELLA RUIZ HURTARTE,PRIMARIA,OFICIAL,URBANA,ABIERTA,MONOLINGUE,MATUTINA,DIARIO(REGULAR),GUATEMALA SUR
00-21-8092-42,01-99-0156,CIUDAD CAPITAL,ZONA 21,EODP ANEXA A EORM NO.105 'NIMAJUYU C',16 AV. 19-49 COLONIA NIMAJUYU,42207703,NATALY FABIOLA SOTO ESPAÑA,JOSÉ LUIS AGUIRRE RIVERA,PARVULOS,OFICIAL,URBANA,ABIERTA,MONOLINGUE,MATUTINA,DIARIO(REGULAR),GUATEMALA SUR
00-21-8135-46,01-99-0156,CIUDAD CAPITAL,ZONA 21,COLEGIO MIXTO BILINGUE 'JUVENIL AMERICANO',16 AVE. 12-29 NIMAJUYU I,45893676,NATALY FABIOLA SOTO ESPAÑA,ROSARIO DEL CARMEN VASQUEZ VIDES,DIVERSIFICADO,PRIVADO,URBANA,ABIERTA,MONOLINGUE,MATUTINA,DIARIO(REGULAR),GUATEMALA SUR
00-21-8141-46,01-641,CIUDAD CAPITAL,ZONA 21,"LICEO MIXTO CRISTIANO ISRAEL, SOCIEDAD ANONIMA",11 CALLE 4-17 RESIDENCIALES EUREKA,24487822,MILTON ALONSO ALVAREZ FUENTES,MARÍA REYNA GARCÍA OLIVA,DIVERSIFICADO,PRIVADO,URBANA,CERRADA TEMPORALMENTE,MONOLINGUE,DOBLE,FIN DE SEMANA,GUATEMALA SUR
00-21-8142-42,01-99-0156,CIUDAD CAPITAL,ZONA 21,COLEGIO LOS PROCERES,17AV. A 10-15 APTO. #2 COL. VENEZUELA,58425070,NATALY FABIOLA SOTO ESPAÑA,BRENDA ARCELY RIOS VARELA,PARVULOS,PRIVADO,URBANA,ABIERTA,MONOLINGUE,MATUTINA,DIARIO(REGULAR),GUATEMALA SUR
00-21-8166-43,,CIUDAD CAPITAL,ZONA 21,COLEGIO GUARDIANES ECOLOGICOS,5TA. CALLE 16-66 RESIDENCIALES EUREKA,,,,PRIMARIA,PRIVADO,URBANA,CERRADA TEMPORALMENTE,MONOLINGUE,MATUTINA,DIARIO(REGULAR),GUATEMALA SUR
00-21-8181-46,01-402,CIUDAD CAPITAL,ZONA 21,COLEGIO MIXTO BILINGUE SENDERO DE LUZ,CALZADA JUSTO RUFINO BARRIOS 6-63,24497980,CARLOS HUMBERTO GONZALEZ DE LEON,,DIVERSIFICADO,PRIVADO,URBANA,CERRADA TEMPORALMENTE,MONOLINGUE,NOCTURNA,DIARIO(REGULAR),GUATEMALA SUR
00-21-8182-45,,CIUDAD CAPITAL,ZONA 21,COLEGIO MIXTO BILINGUE SENDERO DE LUZ,CALZADA JUSTO RUFINO BARRIOS 6-63,24497980,,,BASICO,PRIVADO,URBANA,CERRADA TEMPORALMENTE,MONOLINGUE,VESPERTINA,DIARIO(REGULAR),GUATEMALA SUR
00-21-8183-46,,CIUDAD CAPITAL,ZONA 21,COLEGIO MIXTO BILINGUE SENDERO DE LUZ,CALZADA JUSTO RUFINO BARRIOS 6-63,24497980,,,DIVERSIFICADO,PRIVADO,URBANA,CERRADA TEMPORALMENTE,MONOLINGUE,VESPERTINA,DIARIO(REGULAR),GUATEMALA SUR
00-21-8184-45,,CIUDAD CAPITAL,ZONA 21,COLEGIO MIXTO BILINGUE SENDERO DE LUZ,CALZADA JUSTO RUFINO BARRIOS 6-63,24497980,,,BASICO,PRIVADO,URBANA,CERRADA DEFINITIVAMENTE,MONOLINGUE,DOBLE,FIN DE SEMANA,GUATEMALA SUR
00-21-8185-46,,CIUDAD CAPITAL,ZONA 21,COLEGIO MIXTO BILINGUE SENDERO DE LUZ,CALZADA JUSTO RUFINO BARRIOS 6-63,24497980,,,DIVERSIFICADO,PRIVADO,URBANA,CERRADA DEFINITIVAMENTE,MONOLINGUE,DOBLE,FIN DE SEMANA,GUATEMALA SUR
00-21-8218-45,01-99-0157,CIUDAD CAPITAL,ZONA 21,INEB 14 DE JULIO DE 1789,"4A. AVENIDA 10-82, COLONIA BELLO HORIZONTE",24491846,LILIAN NINETH TEOS REYES,IRENE PAULA MUÑOZ PÉREZ,BASICO,OFICIAL,URBANA,ABIERTA,MONOLINGUE,VESPERTINA,DIARIO(REGULAR),GUATEMALA SUR
00-21-8232-46,01-99-0157,CIUDAD CAPITAL,ZONA 21,ESCUELA NACIONAL DE FORMACION SECRETARIAL NO. 4,"4A. AVENIDA 10-82, COLONIA BELLO HORIZONTE",24486221,LILIAN NINETH TEOS REYES,GLENNDA IVONNE ESCOBAR MORALES,DIVERSIFICADO,OFICIAL,URBANA,ABIERTA,MONOLINGUE,MATUTINA,DIARIO(REGULAR),GUATEMALA SUR
00-21-8324-46,01-635,CIUDAD CAPITAL,ZONA 21,COLEGIO  OSORIO SANDOVAL,4A. AVENIDA 6-30 COLONIA VASQUEZ,24493119,NATALY FABIOLA SOTO ESPAÑA DE TURCIOS,MARCO TULIO ROBLERO OSORIO,DIVERSIFICADO,PRIVADO,URBANA,ABIERTA,MONOLINGUE,VESPERTINA,DIARIO(REGULAR),GUATEMALA SUR
00-21-8358-42,,CIUDAD CAPITAL,ZONA 21,COLEGIO MIXTO LOS CEDROS,6A. CALLE 33-17 ZONA 21 COLONIA JUSTO RUFINO BARRIOS,,,,PARVULOS,PRIVADO,URBANA,CERRADA DEFINITIVAMENTE,MONOLINGUE,MATUTINA,DIARIO(REGULAR),GUATEMALA SUR
00-21-8359-43,,CIUDAD CAPITAL,ZONA 21,COLEGIO MIXTO LOS CEDROS,6A. CALLE 33-17 ZONA 21 COLONIA JUSTO FURINO BARRIOS,,,,PRIMARIA,PRIVADO,URBANA,CERRADA DEFINITIVAMENTE,MONOLINGUE,MATUTINA,DIARIO(REGULAR),GUATEMALA SUR
00-21-8403-42,01-635,CIUDAD CAPITAL,ZONA 21,CENTRO EDUCATIVO  EL MILENIO,"13 AVENIDA  E  11-96 APTO 7, COLONIA BELLOS HORIZONTES",24492579,NATALY FABIOLA SOTO ESPAÑA DE TURCIOS,SILVIA ROSSANA CANO DE CORDOVA,PARVULOS,PRIVADO,URBANA,CERRADA DEFINITIVAMENTE,MONOLINGUE,MATUTINA,DIARIO(REGULAR),GUATEMALA SUR
00-21-8404-43,01-635,CIUDAD CAPITAL,ZONA 21,CENTRO EDUCATIVO  EL MILENIO,"13 AVENIDA  E  11-96 APTO 7, COLONIA BELLOS HORIZONTES",24492579,NATALY FABIOLA SOTO ESPAÑA DE TURCIOS,SILVIA ROSSANA CANO DE CORDOVA,PRIMARIA,PRIVADO,URBANA,CERRADA DEFINITIVAMENTE,MONOLINGUE,MATUTINA,DIARIO(REGULAR),GUATEMALA SUR
00-21-8502-43,01-99-0156,CIUDAD CAPITAL,ZONA 21,COLEGIO 'LOS PROCERES',"17 AVENIDA 'A' 10-15 APTO. 2, COLONIA VENEZUELA",58425070,NATALY FABIOLA SOTO ESPAÑA,MARÍA OLGA LÓPEZ VÁSQUEZ,PRIMARIA,PRIVADO,URBANA,ABIERTA,MONOLINGUE,MATUTINA,DIARIO(REGULAR),GUATEMALA SUR
00-21-8548-45,01-208,CIUDAD CAPITAL,ZONA 21,COLEGIO 'CAN EK ITZA',15 CALLE 32-85 COLONIA JUSTO RUFINO BARRIOS,24498141,LILIAN NINETH TEOS REYES,,BASICO,PRIVADO,URBANA,CERRADA DEFINITIVAMENTE,MONOLINGUE,MATUTINA,DIARIO(REGULAR),GUATEMALA SUR
00-21-8549-46,01-208,CIUDAD CAPITAL,ZONA 21,COLEGIO 'CAN EK ITZA',15 CALLE 32-85 COLONIA JUSTO RUFINO BARRIOS,24498141,LILIAN NINETH TEOS REYES,,DIVERSIFICADO,PRIVADO,URBANA,CERRADA TEMPORALMENTE,MONOLINGUE,MATUTINA,DIARIO(REGULAR),GUATEMALA SUR
00-21-8617-43,01-99-0156,CIUDAD CAPITAL,ZONA 21,LICEO CRISTIANO CIUDAD SANTA,1AV. 2A. CALLE LOTE 11 COLONIA ESMERALDA LOMA BLANCA,51255292,NATALY FABIOLA SOTO ESPAÑA,SANDRA MARLENE LUARCA OBREGON,PRIMARIA,PRIVADO,URBANA,ABIERTA,MONOLINGUE,MATUTINA,DIARIO(REGULAR),GUATEMALA SUR
00-21-8775-42,01-635,CIUDAD CAPITAL,ZONA 21,CEIN -PAIN-,"0 AV. 0 CALLE L. 38 MANZANA 1, NUEVO AMANECER",,NATALY FABIOLA SOTO ESPAÑA DE TURCIOS,INGRID ASTRID FLORIAN MENDEZ,PARVULOS,OFICIAL,URBANA,ABIERTA,MONOLINGUE,MATUTINA,DIARIO(REGULAR),GUATEMALA SUR
00-21-8957-43,01-208,CIUDAD CAPITAL,ZONA 21,COLEGIO MARIA GUADALUPE,54 CALLE A 25-06 COL. MORSE,24492253,LILIAN NINETH TEOS REYES,,PRIMARIA,PRIVADO,URBANA,CERRADA DEFINITIVAMENTE,MONOLINGUE,MATUTINA,DIARIO(REGULAR),GUATEMALA SUR
00-21-8959-42,01-99-0156,CIUDAD CAPITAL,ZONA 21,CEIN -PAIN-,1A. AVENIDA LOTE 24 CERRO GORDO,54955139,NATALY FABIOLA SOTO ESPAÑA,JOSELYN DINETH ARREDONDO SALAZAR,PARVULOS,OFICIAL,URBANA,ABIERTA,MONOLINGUE,MATUTINA,DIARIO(REGULAR),GUATEMALA SUR
00-21-9066-42,01-208,CIUDAD CAPITAL,ZONA 21,COLEGIO COLORES MAGICOS,13 CALLE 33-53 COL. JUSTO RUFINO BARRIOS,24499413,LILIAN NINETH TEOS REYES,,PARVULOS,PRIVADO,URBANA,CERRADA TEMPORALMENTE,MONOLINGUE,MATUTINA,DIARIO(REGULAR),GUATEMALA SUR
00-21-9118-45,01-641,CIUDAD CAPITAL,ZONA 21,"LICEO MIXTO CRISTIANO ISRAEL, SOCIEDAD ANONIMA",11 CALLE 4-17 RESIDENCIALES EUREKA,24487822,MILTON ALONSO ALVAREZ FUENTES,MARÍA REYNA GARCÍA OLIVA,BASICO,PRIVADO,URBANA,CERRADA TEMPORALMENTE,MONOLINGUE,DOBLE,FIN DE SEMANA,GUATEMALA SUR
00-21-9150-45,01-635,CIUDAD CAPITAL,ZONA 21,CENTRO EDUCATIVO EL MILENIO,13AV. E 11-96 APTO 7 A BELLOS HORIZONTES,24492579,NATALY FABIOLA SOTO ESPAÑA DE TURCIOS,SILVIA ROSSANA CANO DE CORDOVA,BASICO,PRIVADO,URBANA,CERRADA DEFINITIVAMENTE,MONOLINGUE,MATUTINA,DIARIO(REGULAR),GUATEMALA SUR
00-21-9151-45,01-99-0157,CIUDAD CAPITAL,ZONA 21,COLEGIO MI VILLA ALEGRE,5A. CALLE 16-34 RESIDENCIALES EUREKA,24493283,LILIAN NINETH TEOS REYES,EVA JUDITH ZETINA PUGA,BASICO,PRIVADO,URBANA,ABIERTA,MONOLINGUE,MATUTINA,DIARIO(REGULAR),GUATEMALA SUR
00-21-9157-42,01-208,CIUDAD CAPITAL,ZONA 21,COLEGIO 'MARIA GUADALUPE',"54 CALLE 'A' 25-06, COLONIA MORSE",24492253,LILIAN NINETH TEOS REYES,,PARVULOS,PRIVADO,URBANA,CERRADA DEFINITIVAMENTE,MONOLINGUE,MATUTINA,DIARIO(REGULAR),GUATEMALA SUR
00-21-9334-42,01-208,CIUDAD CAPITAL,ZONA 21,CENTRO EDUCATIVO FUTURA GENERACION C.E.F.G.,"15 AVENIDA ""B""  9-15, APARTAMENTO 8, COLONIA BELLO HORIZONTE",24485805,LILIAN NINETH TEOS REYES,IRMA TEODOLINDA CHACON MARROQUIN,PARVULOS,PRIVADO,URBANA,CERRADA DEFINITIVAMENTE,MONOLINGUE,MATUTINA,DIARIO(REGULAR),GUATEMALA SUR
00-21-9335-43,01-208,CIUDAD CAPITAL,ZONA 21,CENTRO EDUCATIVO FUTURA GENERACION C.E.F.G,"15 AVENIDA ""B"" 9-15, APARTAMENTO 8, COLONIA BELLO HORIZONTE",24485805,LILIAN NINETH TEOS REYES,ROSA MARIA MEDRANO MOINO DE MORALES,PRIMARIA,PRIVADO,URBANA,CERRADA DEFINITIVAMENTE,MONOLINGUE,MATUTINA,DIARIO(REGULAR),GUATEMALA SUR
00-21-9443-45,01-208,CIUDAD CAPITAL,ZONA 21,COLEGIO MIXTO AMANECER JUVENIL,2A. AV. 2-23 ZONA 21 COLONIA GUAJITOS,24792050,LILIAN NINETH TEOS REYES,,BASICO,PRIVADO,URBANA,CERRADA TEMPORALMENTE,MONOLINGUE,MATUTINA,DIARIO(REGULAR),GUATEMALA SUR
00-21-9444-42,01-210,CIUDAD CAPITAL,ZONA 21,COLEGIO MIXTO AMANECER JUVENIL,2AV. 2-23 COLONIA GUAJITOS,24792050,DINIZ ORALIA MORALES MUÑOZ,,PARVULOS,PRIVADO,URBANA,CERRADA DEFINITIVAMENTE,MONOLINGUE,MATUTINA,DIARIO(REGULAR),GUATEMALA SUR
00-21-9445-43,01-210,CIUDAD CAPITAL,ZONA 21,COLEGIO MIXTO AMANECER JUVENIL,2AV. 2-23 COLONIA GUAJITOS,24792050,DINIZ ORALIA MORALES MUÑOZ,,PRIMARIA,PRIVADO,URBANA,CERRADA DEFINITIVAMENTE,MONOLINGUE,MATUTINA,DIARIO(REGULAR),GUATEMALA SUR
00-21-9487-42,01-99-0156,CIUDAD CAPITAL,ZONA 21,EODP ANEXA A EOUM 4 DE ABRIL,"16 AVENIDA FINAL 19-76, CERRO GORDO",58153168,NATALY FABIOLA SOTO ESPAÑA,ELIEZER ENOC ALONZO HERNÁNDEZ,PARVULOS,OFICIAL,URBANA,ABIERTA,MONOLINGUE,VESPERTINA,DIARIO(REGULAR),GUATEMALA SUR
00-21-9488-43,01-99-0156,CIUDAD CAPITAL,ZONA 21,EOUM 4 DE ABRIL,"16 AVENIDA FINAL 19-76, CERRO GORDO",58153168,NATALY FABIOLA SOTO ESPAÑA,ELIEZER ENOC ALONZO HERNÁNDEZ,PRIMARIA,OFICIAL,URBANA,ABIERTA,MONOLINGUE,VESPERTINA,DIARIO(REGULAR),GUATEMALA SUR
00-21-9490-42,01-99-0156,CIUDAD CAPITAL,ZONA 21,EODP ANEXA A EOUM,COLONIA LA ARENERA,36845173,NATALY FABIOLA SOTO ESPAÑA,MELVA CORINA MARROQUÍN VÁSQUEZ,PARVULOS,OFICIAL,URBANA,ABIERTA,MONOLINGUE,MATUTINA,DIARIO(REGULAR),GUATEMALA SUR
00-21-9491-43,01-99-0156,CIUDAD CAPITAL,ZONA 21,EOUM,COLONIA LA ARENERA,36845173,NATALY FABIOLA SOTO ESPAÑA,MELVA CORINA MARROQUÍN VÁSQUEZ,PRIMARIA,OFICIAL,URBANA,ABIERTA,MONOLINGUE,MATUTINA,DIARIO(REGULAR),GUATEMALA SUR
00-21-9497-42,01-99-0155,CIUDAD CAPITAL,ZONA 21,EODP ANEXA A EOUM 'ANDRES GILBERTO CUXIL TOC',"14 CALLE 'A' 32-18, COLONIA JUSTO RUFINO BARRIOS",35331387,ADILIO RIVERA MELÉNDREZ,LIDIA ISABEL AYALA BOLAÑOS,PARVULOS,OFICIAL,URBANA,ABIERTA,MONOLINGUE,VESPERTINA,DIARIO(REGULAR),GUATEMALA SUR
00-21-9498-42,01-99-0156,CIUDAD CAPITAL,ZONA 21,EODP NUESTRA REALIDAD,17 CALLE 6-15,56342843,NATALY FABIOLA SOTO ESPAÑA,EDA KATHERINE MARROQUÍN VÁSQUEZ,PARVULOS,OFICIAL,URBANA,ABIERTA,MONOLINGUE,MATUTINA,DIARIO(REGULAR),GUATEMALA SUR
00-21-9499-43,01-99-0156,CIUDAD CAPITAL,ZONA 21,EOUM NUESTRA REALIDAD,17 CALLE 06-15,56342843,NATALY FABIOLA SOTO ESPAÑA,EDA KATHERINE MARROQUÍN VÁSQUEZ,PRIMARIA,OFICIAL,URBANA,ABIERTA,MONOLINGUE,MATUTINA,DIARIO(REGULAR),GUATEMALA SUR
00-21-9500-42,01-99-0156,CIUDAD CAPITAL,ZONA 21,EODP ANEXA A EOUM '14 DE ENERO DE 2004',16 AVENIDA FINAL NIMAJUYU II COMUNIDAD ESQUIPULAS,47484778,NATALY FABIOLA SOTO ESPAÑA,GLENDA SUSANA SALAZAR TUJT,PARVULOS,OFICIAL,URBANA,ABIERTA,MONOLINGUE,MATUTINA,DIARIO(REGULAR),GUATEMALA SUR
00-21-9501-43,01-99-0157,CIUDAD CAPITAL,ZONA 21,EOUM '14 DE ENERO DE 2004',16 AVENIDA A 12-95 CONDOMINIO NIMAJUYU I ZONA 21,24485553,LILIAN NINETH TEOS REYES,NORMA RAQUEL HERNÁNDEZ ORTIZ,PRIMARIA,OFICIAL,URBANA,ABIERTA,MONOLINGUE,VESPERTINA,DIARIO(REGULAR),GUATEMALA SUR
00-21-9502-42,01-208,CIUDAD CAPITAL,ZONA 21,EODP ANEXA A EOUM 14 DE ENERO DE 2004,16AV. FINAL COMUNIDAD ESQUIPULAS ZONA 21,52937026,LILIAN NINETH TEOS REYES,,PARVULOS,OFICIAL,URBANA,CERRADA DEFINITIVAMENTE,MONOLINGUE,MATUTINA,DIARIO(REGULAR),GUATEMALA SUR
00-21-9544-42,01-001,CIUDAD CAPITAL,ZONA 21,CEIN PAIN,1A. AVENIDA LOTE 24 CERRO GORDO B ZONA 21,,SANDRA LIZZETH CRUZ IZAGUIRRE,,PARVULOS,OFICIAL,URBANA,CERRADA TEMPORALMENTE,MONOLINGUE,MATUTINA,DIARIO(REGULAR),GUATEMALA SUR
00-21-9654-42,01-99-0155,CIUDAD CAPITAL,ZONA 21,JARDIN INFANTIL CRISTIANO  EL ARCA DE NOE,33 AVENIDA 7-53 COLONIA JUSTO RUFINO BARRIOS,24496874,ADILIO RIVERA MELÉNDREZ,BRENDA AZUCENA GONÓN ARDÓN,PARVULOS,PRIVADO,URBANA,ABIERTA,MONOLINGUE,MATUTINA,DIARIO(REGULAR),GUATEMALA SUR
00-21-9655-42,01-99-0155,CIUDAD CAPITAL,ZONA 21,COLEGIO LA CASA DE LU,2A. CALLE A 09-26 COLONIA GUAJITOS,24776001,ADILIO RIVERA MELÉNDREZ,BRENDA MARISELA VELÁSQUEZ HERNÁNDEZ,PARVULOS,PRIVADO,URBANA,ABIERTA,MONOLINGUE,MATUTINA,DIARIO(REGULAR),GUATEMALA SUR
00-21-9656-42,01-99-0155,CIUDAD CAPITAL,ZONA 21,JARDIN INFANTIL MUNICIPALIDAD GUAJITOS,4A. CALLE 4-09 COLONIA GUAJITOS,24792351,ADILIO RIVERA MELÉNDREZ,YESENIA ELIZABET GALINDO,PARVULOS,MUNICIPAL,URBANA,ABIERTA,MONOLINGUE,DOBLE,DIARIO(REGULAR),GUATEMALA SUR
00-21-9692-43,01-208,CIUDAD CAPITAL,ZONA 21,COLEGIO INTEGRAL LUCERO,LOTE NO. 1 MANZANA 'B' LA ARENERA,24776041,LILIAN NINETH TEOS REYES,,PRIMARIA,PRIVADO,URBANA,CERRADA TEMPORALMENTE,MONOLINGUE,MATUTINA,DIARIO(REGULAR),GUATEMALA SUR
00-21-9693-45,01-208,CIUDAD CAPITAL,ZONA 21,COLEGIO INTEGRAL LUCERO,LOTE NO. 1 MANZANA 'B' LA ARENERA,24776041,LILIAN NINETH TEOS REYES,,BASICO,PRIVADO,URBANA,CERRADA TEMPORALMENTE,MONOLINGUE,MATUTINA,DIARIO(REGULAR),GUATEMALA SUR
00-21-9805-42,01-635,CIUDAD CAPITAL,ZONA 21,CENTRO EDUCATIVO FORONDA OVALLE,"8A. CALLE 2-40, COLONIA VASQUEZ",24488294,NATALY FABIOLA SOTO ESPAÑA DE TURCIOS,,PARVULOS,PRIVADO,URBANA,CERRADA TEMPORALMENTE,MONOLINGUE,MATUTINA,DIARIO(REGULAR),GUATEMALA SUR
00-21-9806-43,01-635,CIUDAD CAPITAL,ZONA 21,CENTRO EDUCATIVO FORONDA OVALLE,"8A. CALLE 2-40, COLONIA VASQUEZ",24488294,NATALY FABIOLA SOTO ESPAÑA DE TURCIOS,,PRIMARIA,PRIVADO,URBANA,CERRADA TEMPORALMENTE,MONOLINGUE,MATUTINA,DIARIO(REGULAR),GUATEMALA SUR
00-21-9807-43,01-208,CIUDAD CAPITAL,ZONA 21,COLEGIO COLORES MAGICOS,"14 CALLE 'A' 32-55, COLONIA JUSTO RUFINO BARRIOS",24499413,LILIAN NINETH TEOS REYES,,PRIMARIA,PRIVADO,URBANA,CERRADA TEMPORALMENTE,MONOLINGUE,MATUTINA,DIARIO(REGULAR),GUATEMALA SUR
00-21-9834-42,01-99-0157,CIUDAD CAPITAL,ZONA 21,EODP ANEXA A EOUM NUEVO AMANECER,MANZANA 35 LOTE 5 SECTOR TRES ASENTAMIENTO NUEVO AMANECER,45776316,LILIAN NINETH TEOS REYES,JULIETA SIOMARA ARCHILA GARCÍA,PARVULOS,OFICIAL,URBANA,ABIERTA,MONOLINGUE,MATUTINA,DIARIO(REGULAR),GUATEMALA SUR
00-21-9835-43,01-99-0157,CIUDAD CAPITAL,ZONA 21,EOUM NUEVO AMANECER,MANZANA 35 LOTE 5 SECTOR TRES ASENTAMIENTO NUEVO AMANECER,45776316,LILIAN NINETH TEOS REYES,JULIETA SIOMARA ARCHILA GARCÍA,PRIMARIA,OFICIAL,URBANA,ABIERTA,MONOLINGUE,MATUTINA,DIARIO(REGULAR),GUATEMALA SUR
00-21-9845-45,01-218,CIUDAD CAPITAL,ZONA 21,INSTITUTO BASICO DE ENSEÑANZA POR COOPERATIVA  RAMIRO DE LEON CARPIO,"CALZADA JUSTO RUFINO BARRIOS, 3-38, COLONIA GUAJITOS COLONIA SAN JUAN BAUTISTA II",24795038,BENIGNO ISAIAS DE LEON OROZCO,EDGAR ROLANDO SAZO MARTINEZ,BASICO,COOPERATIVA,URBANA,ABIERTA,MONOLINGUE,VESPERTINA,DIARIO(REGULAR),GUATEMALA SUR
00-24-0001-42,01-01-0003,CIUDAD CAPITAL,ZONA 24,COLEGIO CRISTIANO HASKEL,"LOTE 2, MANZANA 49, CANTÓN CENTRAL CANALITOS",42646509,YAMILET VERSALI AGUILAR PEREZ,ELENA  AMEZQUITA MORALES,PARVULOS,PRIVADO,URBANA,ABIERTA,MONOLINGUE,MATUTINA,DIARIO(REGULAR),GUATEMALA NORTE
00-24-0002-43,01-01-0003,CIUDAD CAPITAL,ZONA 24,COLEGIO CRISTIANO HASKEL,"LOTE 2, MANZANA 49, CANTÓN CENTRAL CANALITOS",41512152,YAMILET VERSALI AGUILAR PEREZ,ELENA  AMEZQUITA MORALES,PRIMARIA,PRIVADO,URBANA,ABIERTA,MONOLINGUE,MATUTINA,DIARIO(REGULAR),GUATEMALA NORTE
00-24-0003-43,01-01-0003,CIUDAD CAPITAL,ZONA 24,ESCUELA OFICIAL RURAL MIXTA SAN ISIDRO LAS HUERTAS,"CANTÓN SAN ISIDRO LAS HUERTAS, CANALITOS",44599284,YAMILET VERSALI AGUILAR PEREZ,ELMER JOAQUIN LÓPEZ CHEN,PRIMARIA,OFICIAL,RURAL,ABIERTA,MONOLINGUE,MATUTINA,DIARIO(REGULAR),GUATEMALA NORTE
00-24-0004-42,01-01-0003,CIUDAD CAPITAL,ZONA 24,EODP ANEXA A EORM,"CANTÓN SAN ISIDRO LAS HUERTAS, CANALITOS",,YAMILET VERSALI AGUILAR PEREZ,ELMER JOAQUIN LÓPEZ CHEN,PARVULOS,OFICIAL,RURAL,ABIERTA,MONOLINGUE,MATUTINA,DIARIO(REGULAR),GUATEMALA NORTE
00-24-0005-45,01-110,CIUDAD CAPITAL,ZONA 24,IEBC DE ENSEÑANZA MARCO ANTONIO ORDOÑEZ MADRID Y MARIANO OLIVA MAZARIEGOS,LOTE 8 MANZANA 53 CANTON CENTRAL CANALITOS,44716567,ZUHILEM YESENIA ESTRADA ORTIZ,MIRNA LISSETTE LOPEZ LOPEZ,BASICO,COOPERATIVA,URBANA,CERRADA DEFINITIVAMENTE,MONOLINGUE,MATUTINA,DIARIO(REGULAR),GUATEMALA NORTE
00-24-0006-45,01-01-0003,CIUDAD CAPITAL,ZONA 24,"INEB ""PROFESOR MARIANO RICARDO OLIVA MAZARIEGOS""","LOTE 8, MANZANA 53 CANTON CENTRAL CANALITOS",56938221,YAMILET VERSALI AGUILAR PEREZ,BLANCA AZUCENA MOSCOSO CULAJAY,BASICO,OFICIAL,URBANA,ABIERTA,MONOLINGUE,MATUTINA,DIARIO(REGULAR),GUATEMALA NORTE
00-24-0007-45,01-01-0003,CIUDAD CAPITAL,ZONA 24,"INEB ""LAS PILAS""","LOTE 15, MANZANA 6, CANTON LAS PILAS CANALITOS",54799363,YAMILET VERSALI AGUILAR PEREZ,JUAN CARLOS GONZÁLEZ NÁJERA,BASICO,OFICIAL,URBANA,ABIERTA,MONOLINGUE,MATUTINA,DIARIO(REGULAR),GUATEMALA NORTE
00-24-0008-46,01-01-0003,CIUDAD CAPITAL,ZONA 24,INSTITUTO NACIONAL DIVERSIFICADO LICENCIADA CELIA MARGARITA BALLESTEROS SOLARES,"LOTE 8, MANZANA 53, CANTON CENTRAL CANALITOS",30321335,YAMILET VERSALI AGUILAR PEREZ,ISMENIA JUDITH RIVERA MALDONADO,DIVERSIFICADO,OFICIAL,URBANA,ABIERTA,MONOLINGUE,VESPERTINA,DIARIO(REGULAR),GUATEMALA NORTE
00-24-0009-43,01-01-0003,CIUDAD CAPITAL,ZONA 24,"ESCUELA OFICIAL RURAL MIXTA NO. 610 ""HÉCTOR NUILA ARREAGA""","LOTE 5, MANZANA 78 CANTON EL PORVENIR, CANALITOS",55639457,YAMILET VERSALI AGUILAR PEREZ,ZOILA ESPERANZA ALVAREZ LUNA,PRIMARIA,OFICIAL,RURAL,ABIERTA,MONOLINGUE,VESPERTINA,DIARIO(REGULAR),GUATEMALA NORTE
00-24-0010-43,01-01-0003,CIUDAD CAPITAL,ZONA 24,ESCUELA OFICIAL RURAL  MIXTA  NO. 615,LOTE 20 MANZA 3 CANTN LAS PILAS CANALITOS,55719573,YAMILET VERSALI AGUILAR PEREZ,ANDREA LISBETH CARDONA GUERRA,PRIMARIA,OFICIAL,URBANA,ABIERTA,MONOLINGUE,MATUTINA,DIARIO(REGULAR),GUATEMALA NORTE
00-24-0011-43,01-105,CIUDAD CAPITAL,ZONA 24,EORM NO. 615,LOTE 20 MANZANA 3 CANTON LAS PILAS DE CANALITOS ZONA 24,30178525,YAMILET VERSALÍ AGUÍLAR PÉREZ,MARIA OFELIA MERIDA DE MORATAYA,PRIMARIA,OFICIAL,RURAL,CERRADA DEFINITIVAMENTE,MONOLINGUE,MATUTINA,DIARIO(REGULAR),GUATEMALA NORTE
00-24-0012-42,01-01-0003,CIUDAD CAPITAL,ZONA 24,ESCUELA OFICIAL DE PARVULOS ANEXA  A ESCUELA OFICIAL RURAL MIXTA NO. 615,LOTE 20 MANZANA 3 CANTON LAS PILAS  CANALITOS,55719573,YAMILET VERSALI AGUILAR PEREZ,ANDREA LISBETH CARDONA GUERRA,PARVULOS,OFICIAL,RURAL,ABIERTA,MONOLINGUE,MATUTINA,DIARIO(REGULAR),GUATEMALA NORTE
00-24-0013-43,01-105,CIUDAD CAPITAL,ZONA 24,"EORM NO. 610  ""HECTOR NUILA ARREAGA""","LOTE 5 MANZANA 78, CANTON EL PORVENIR DE CANALITOS",22067425,YAMILET VERSALÍ AGUÍLAR PÉREZ,ZOILA ESPERANZA ALVAREZ LUNA,PRIMARIA,OFICIAL,RURAL,CERRADA DEFINITIVAMENTE,MONOLINGUE,VESPERTINA,DIARIO(REGULAR),GUATEMALA NORTE
00-24-0014-42,01-01-0003,CIUDAD CAPITAL,ZONA 24,"EODP ANEXA  A  EORM NO. 610 ""HECTOR NUILA ARREAGA""","LOTE 5 ""A"" MANZANA 78, CANTON EL PORVENIR DE CANALITOS",51497855,YAMILET VERSALI AGUILAR PEREZ,ZOILA ESPERANZA ALVAREZ LUNA,PARVULOS,OFICIAL,RURAL,ABIERTA,MONOLINGUE,VESPERTINA,DIARIO(REGULAR),GUATEMALA NORTE
00-24-9551-42,01-105,CIUDAD CAPITAL,ZONA 24,COLEGIO CANALITOS DE LA ASUNCION,LOTE 4 MANZ. 46 CANTON JAGUEY CANALITOS,2256-4875,YAMILET VERSALÍ AGUÍLAR PÉREZ,,PARVULOS,PRIVADO,RURAL,CERRADA DEFINITIVAMENTE,MONOLINGUE,MATUTINA,DIARIO(REGULAR),GUATEMALA NORTE
00-24-9618-42,01-01-0003,CIUDAD CAPITAL,ZONA 24,EODP LICENCIADA MIRIAM AZUCENA RECINOS CONTRERAS DE DE LEON,26 CALLE  01-18 CANTON  EL  PORVENIR,47141556,YAMILET VERSALI AGUILAR PEREZ,TANYA MARLENY SAZO DÍAZ,PARVULOS,OFICIAL,RURAL,ABIERTA,MONOLINGUE,MATUTINA,DIARIO(REGULAR),GUATEMALA NORTE
00-24-9619-43,01-01-0003,CIUDAD CAPITAL,ZONA 24,ESCUELA NACIONAL RURAL MIXTA NO.618 'HECTOR NUILA ARREAGA',26 CALLE 01-50 CANTON EL PORVENIR,52995456,YAMILET VERSALI AGUILAR PEREZ,CARMEN ALICIA MUÑOZ BALLESTEROS,PRIMARIA,OFICIAL,RURAL,ABIERTA,MONOLINGUE,MATUTINA,DIARIO(REGULAR),GUATEMALA NORTE
00-24-9631-45,01-407,CIUDAD CAPITAL,ZONA 24,CENTRO EDUCATIVO EN COMPUTACION 'GENESIS',"LOTE 3, MANZANA 88, CANTON EL PORVENIR, CANALITOS",22868188-52069210,LILIAN YOLANDA RODRIGUEZ PINTO DE CASTRO,,BASICO,PRIVADO,URBANA,CERRADA TEMPORALMENTE,MONOLINGUE,MATUTINA,FIN DE SEMANA,GUATEMALA NORTE
00-24-9632-46,01-407,CIUDAD CAPITAL,ZONA 24,CENTRO EDUCATIVO EN COMPUTACION GENESIS,"LOTE 3, MANZANA 88, CANTON EL PORVENIR, CANALITOS",22868188-52069210,LILIAN YOLANDA RODRIGUEZ PINTO DE CASTRO,,DIVERSIFICADO,PRIVADO,URBANA,TEMPORAL TITULOS,MONOLINGUE,MATUTINA,FIN DE SEMANA,GUATEMALA NORTE
00-25-0001-45,01-01-0146,CIUDAD CAPITAL,ZONA 25,INEB,KM. 16.5 RUTA ATLANTICO COLONIA SANTA DELFINA,22578453,CESAR ARNOLDO MARTINEZ GARCIA,MARITZA MARLÉN ALVARADO MEJÍA,BASICO,OFICIAL,URBANA,ABIERTA,MONOLINGUE,VESPERTINA,DIARIO(REGULAR),GUATEMALA NORTE
00-25-0002-42,01-106,CIUDAD CAPITAL,ZONA 25,COLEGIO MIXTO ABC,26 AVENIDA 91-82 A COLONIA SANTA LUCIA LOS OCOTES,59791931,CESAR ARNOLDO MARTINEZ GARCIA,MÓNICA LUCRECIA LÓPEZ ESCOBAR,PARVULOS,PRIVADO,URBANA,CERRADA DEFINITIVAMENTE,MONOLINGUE,MATUTINA,DIARIO(REGULAR),GUATEMALA NORTE
00-25-0003-43,01-106,CIUDAD CAPITAL,ZONA 25,COLEGIO MIXTO ABC,26 AVENIDA 91-82 A COLONIA SANTA LUCIA LOS OCOTES,59791931,CESAR ARNOLDO MARTINEZ GARCIA,JOSÉ LINO MONZÓN HERNÁNDEZ,PRIMARIA,PRIVADO,URBANA,CERRADA DEFINITIVAMENTE,MONOLINGUE,MATUTINA,DIARIO(REGULAR),GUATEMALA NORTE
00-25-0004-45,01-403,CIUDAD CAPITAL,ZONA 25,"LICEO PREUNIVERSITARIO ""DR. NELSON MANDELA""",26 AVENIDA 91-82 A COLONIA SANTA LUCIA LOS OCOTES,59791931,CARLOS HUMBERTO GONZÁLEZ DE LEÓN,ELSIA ENELDINA MORALES ALARCÓN,BASICO,PRIVADO,URBANA,CERRADA DEFINITIVAMENTE,MONOLINGUE,MATUTINA,DIARIO(REGULAR),GUATEMALA NORTE
00-25-0005-46,01-403,CIUDAD CAPITAL,ZONA 25,COLEGIO MIXTO ABC II,"26 AVENIDA 91-82 ""A"", COLONIA SANTA LUCIA LOS OCOTES",59791931,CARLOS HUMBERTO GONZÁLEZ DE LEÓN,ELSIA ENELDINA MORALES ALARCÓN DE RAMÍREZ,DIVERSIFICADO,PRIVADO,RURAL,CERRADA DEFINITIVAMENTE,MONOLINGUE,DOBLE,FIN DE SEMANA,GUATEMALA NORTE
00-25-0006-46,01-106,CIUDAD CAPITAL,ZONA 25,COLEGIO MIXTO ABC II,"26 AVENIDA 91-82 ""A"", COLONIA SANTA LUCIA LOS OCOTES",59791931,CESAR ARNOLDO MARTINEZ GARCIA,ELSIA ENELDINA MORALES ALARCÓN,DIVERSIFICADO,PRIVADO,RURAL,CERRADA DEFINITIVAMENTE,MONOLINGUE,MATUTINA,DIARIO(REGULAR),GUATEMALA NORTE
00-25-0007-46,01-403,CIUDAD CAPITAL,ZONA 25,COLEGIO MIXTO ABC II,"26 AVENIDA 91-82 ""A"", COLONIA SANTA LUCIA LOS OCOTES",59791931,CARLOS HUMBERTO GONZÁLEZ DE LEÓN,ELSIA ENELDINA MORALES ALARCON DE RAMIREZ,DIVERSIFICADO,PRIVADO,RURAL,CERRADA DEFINITIVAMENTE,MONOLINGUE,DOBLE,FIN DE SEMANA,GUATEMALA NORTE
00-25-0008-46,01-403,CIUDAD CAPITAL,ZONA 25,"LICEO PREUNIVERSITARIO ""DR. NELSON MANDELA""","26A. AVE. 91-82 ""A"" COLONIA SANTA LUCIA LOS OCOTES",22607420,CARLOS HUMBERTO GONZÁLEZ DE LEÓN,ELSIA ENELDINA MORALES ALARCÓN,DIVERSIFICADO,PRIVADO,URBANA,CERRADA DEFINITIVAMENTE,MONOLINGUE,DOBLE,FIN DE SEMANA,GUATEMALA NORTE
00-25-0009-46,01-403,CIUDAD CAPITAL,ZONA 25,"LICEO PREUNIVERSITARIO ""DR. NELSON MANDELA""","26A. AVE. 91-82 ""A"", COLONIA SANTA LUCIA LOS OCOTES",22607420,CARLOS HUMBERTO GONZÁLEZ DE LEÓN,ELSIA ENELDINA MORALES ALARCÓN,DIVERSIFICADO,PRIVADO,URBANA,CERRADA DEFINITIVAMENTE,MONOLINGUE,MATUTINA,DIARIO(REGULAR),GUATEMALA NORTE
00-25-0010-46,01-403,CIUDAD CAPITAL,ZONA 25,"LICEO PREUNIVERSITARIO ""DR. NELSON MANDELA""","26A. AVENIDA 91-82 ""A"", COLONIA SANTA LUCIA LOS OCOTES",22607420,CARLOS HUMBERTO GONZÁLEZ DE LEÓN,ELSIA ENELDINA MORALES ALARCÓN,DIVERSIFICADO,PRIVADO,URBANA,CERRADA DEFINITIVAMENTE,MONOLINGUE,DOBLE,FIN DE SEMANA,GUATEMALA NORTE
00-25-0011-45,01-01-0145,CIUDAD CAPITAL,ZONA 25,INSTITUTO NACIONAL DE EDUCACIÓN BÁSICA DE TELESECUNDARIA,SECTOR 2 COLONIA LAS CONCHAS,53391776,CESAR ARNOLDO MARTINEZ GARCIA,BRENDA LISSETH ESTRADA RAMOS,BASICO,OFICIAL,URBANA,ABIERTA,MONOLINGUE,VESPERTINA,DIARIO(REGULAR),GUATEMALA NORTE
00-25-0012-45,01-01-0145,CIUDAD CAPITAL,ZONA 25,INSTITUTO NACIONAL DE EDUCACIÓN BÁSICA DE TELESECUNDARIA LA CEBADILLA,"19 AVENIDA 42-50, COLONIA LA CEBADILLA",44773643,CESAR ARNOLDO MARTINEZ GARCIA,ELADIO DE JESÚS ALBIZURES PAZ,BASICO,OFICIAL,RURAL,ABIERTA,MONOLINGUE,VESPERTINA,DIARIO(REGULAR),GUATEMALA NORTE
00-25-0013-45,01-01-0145,CIUDAD CAPITAL,ZONA 25,INSTITUTO NACIONAL DE EDUCACIÓN BÁSICA POR COOPERATIVA,SECTOR CENTRAL LOTE 32 ALDEA LAS CANOAS,50148003,CESAR ARNOLDO MARTINEZ GARCIA,ORFA DALILA GUTIÉRREZ GUZMÁN,BASICO,COOPERATIVA,RURAL,ABIERTA,MONOLINGUE,VESPERTINA,DIARIO(REGULAR),GUATEMALA NORTE
00-25-0014-42,01-01-0145,CIUDAD CAPITAL,ZONA 25,EODP ANEXA A EORM NO. 605,14 AVENIDA 52-91 ALDEA LAS CANOAS,58552143,CESAR ARNOLDO MARTINEZ GARCIA,LINO ISRAEL MONZÓN MURALLES,PARVULOS,OFICIAL,RURAL,ABIERTA,MONOLINGUE,MATUTINA,DIARIO(REGULAR),GUATEMALA NORTE
00-25-0015-43,01-01-0145,CIUDAD CAPITAL,ZONA 25,EORM NO. 605,14 AVENIDA  52-91  ALDEA LAS CANOAS,58552143,CESAR ARNOLDO MARTINEZ GARCIA,LINO ISRAEL MONZÓN MURALLES,PRIMARIA,OFICIAL,RURAL,ABIERTA,MONOLINGUE,MATUTINA,DIARIO(REGULAR),GUATEMALA NORTE
00-25-0016-45,01-01-0146,CIUDAD CAPITAL,ZONA 25,INSTITUTO NACIONAL DE EDUCACIÓN BÁSICA DE TELESECUNDARIA EL BUEN PASTOR,"KM. 12.5. RUTA AL ATLANTICO, COLONIA BUEN PASTOR",34853013,CESAR ARNOLDO MARTINEZ GARCIA,SILVIA PAOLA CASTILLO ORDÓÑEZ,BASICO,OFICIAL,URBANA,ABIERTA,MONOLINGUE,VESPERTINA,DIARIO(REGULAR),GUATEMALA NORTE
00-25-0017-45,01-01-0145,CIUDAD CAPITAL,ZONA 25,"COLEGIO MIXTO ""CENTROAMERICANO BILINGUE""","MANZANA ""L"" LOTE 6 Y 7 COLONIA LOS ÁNGELES",55237788,CESAR ARNOLDO MARTINEZ GARCIA,LISSETTE HAYDEE ROMÁN CRUZ,BASICO,PRIVADO,URBANA,ABIERTA,MONOLINGUE,MATUTINA,DIARIO(REGULAR),GUATEMALA NORTE
00-25-0018-45,01-01-0145,CIUDAD CAPITAL,ZONA 25,INSTITUTO DE EDUCACIÓN BÁSICA POR COOPERATIVA DE ENSEÑANZA LOS ÁNGELES,"2A. AVENIDA C, 64-69, COLONIA LOS ÁNGELES",59791628,CESAR ARNOLDO MARTINEZ GARCIA,BRENDA PAHOLA PACHECO CASTILLO,BASICO,COOPERATIVA,URBANA,ABIERTA,MONOLINGUE,VESPERTINA,DIARIO(REGULAR),GUATEMALA NORTE
00-25-0019-43,,CIUDAD CAPITAL,ZONA 25,COLEGIO BOSQUE DEL QUETZAL,"KM. 17.5 RUTA AL ATLÁNTICO, LOTE 1, SECCIÓN A, COLONIA SANTA DELFINA",22596263,,DERBY RANDY RUANO LÓPEZ,PRIMARIA,PRIVADO,URBANA,ABIERTA,MONOLINGUE,MATUTINA,DIARIO(REGULAR),GUATEMALA NORTE
